0.0004980000000003315,1.4929614,0
0.010410900000000112,1.4929614,0
0.02560339999999961,1.4929614,0
0.03029199999999932,1.4929614,0
0.04018600000000028,1.4929614,0
0.05041390000000057,1.4929614,0
0.06034280000000081,1.4929614,0
0.07037090000000035,1.4929614,0
0.08035169999999958,1.4929614,0
0.09022509999999961,1.4929614,0
0.10022539999999935,1.4929614,0
0.11028229999999972,1.4929614,0
0.1201673999999997,1.4929614,0
0.13036259999999977,1.4929614,0
0.1402272,1.4929614,0
0.15033720000000095,1.4929614,0
0.16053149999999938,1.4929614,0
0.1702168000000004,1.4929614,0
0.1803202000000006,1.4929614,0
0.19020369999999964,1.4929614,0
0.2001766000000007,1.4929614,0
0.21023899999999962,1.4929614,0
0.2201613000000009,1.4929614,0
0.23029580000000038,1.4929614,0
0.24020960000000002,1.4929614,0
0.25027110000000086,1.4929614,0
0.2601905000000002,1.4929614,0
0.27024120000000096,1.4929614,0
0.28035730000000036,1.4929614,0
0.29017789999999977,1.4929614,0
0.30029970000000006,1.4929614,0
0.31040259999999975,1.4929614,0
0.32017880000000076,1.4929614,0
0.33023260000000043,1.4929614,0
0.3402303999999994,1.4929614,0
0.3502503000000008,1.4929614,0
0.3603324000000008,1.4929614,0
0.37012400000000056,1.4929614,0
0.3803113000000007,1.4929614,0
0.3901526999999998,1.4929614,0
0.4002244000000008,1.4929614,0
0.4102340000000009,1.4929614,0
0.42016030000000093,1.4929614,0
0.4304003000000005,1.4929614,0
0.44011839999999935,1.4929614,0
0.4502580999999992,1.4929614,0
0.46033040000000014,1.4929614,0
0.47021780000000035,1.4929614,0
0.4803115000000009,1.4929614,0
0.49019179999999984,1.4929614,0
0.5002273000000006,1.4929614,0
0.5103103999999998,1.4929614,0
0.5202334000000004,1.4929614,0
0.5303009999999997,1.4929614,0
0.5402673,1.4929614,0
0.5503295000000001,1.4929614,0
0.5604577000000006,1.4929614,0
0.5702382000000004,1.4929614,0
0.5803303,1.4929614,0
0.5903089999999995,1.4929614,0
0.6003597000000003,1.4929614,0
0.6105228999999994,1.4929614,0
0.6204043000000006,1.4929614,0
0.6302599000000004,1.4929614,0
0.6403583000000008,1.4929614,0
0.6504989000000005,1.4929614,0
0.6603765999999993,1.4929614,0
0.6702963999999998,1.4929614,0
0.6804158999999999,1.4929614,0
0.6902314,1.4929614,0
0.7001980000000003,1.4929614,0
0.7103365999999998,1.4929614,0
0.7201724000000009,1.4929614,0
0.7302149,1.4929614,0
0.7402365,1.4929614,0
0.7502749000000009,1.4929614,0
0.7604194,1.4929614,0
0.7701460000000004,1.4929614,0
0.7803164000000002,1.4929614,0
0.7901859000000009,1.4929614,0
0.8003189000000006,1.4929614,0
0.8103522999999999,1.4929614,0
0.8202107000000005,1.4929614,0
0.8303696000000009,1.4929614,0
0.8402320000000003,1.4929614,0
0.8504106999999994,1.4929614,0
0.8602950000000007,1.4929614,0
0.8701729999999994,1.4929614,0
0.8802886999999995,1.4929614,0
0.8902023000000003,1.4929614,0
0.9002143,1.4929614,0
0.9103691999999999,1.4929614,0
0.9201589000000006,1.4929614,0
0.9302910999999998,1.4929614,0
0.9401899999999994,1.4929614,0
0.9503648000000009,1.4929614,0
0.9605543999999995,1.4929614,0
0.9702655,1.4929614,0
0.9802272999999992,1.4929614,0
0.9902548000000007,1.4929614,0
1.000311,1.4929614,0
1.0135194999999992,1.4929614,0
1.0201752000000006,1.4929614,0
1.0303304999999998,1.4929614,0
1.040267,1.4929614,0
1.0504721999999997,1.4929614,0
1.0602593999999996,1.4929614,0
1.0703043999999995,1.4929614,0
1.0803352999999998,1.4929614,0
1.0902247999999997,1.4929614,0
1.100431200000001,1.4929614,0
1.1103684999999999,1.4929614,0
1.1202068999999995,1.4929614,0
1.1303263000000001,1.4929614,0
1.1402570999999995,1.4929614,0
1.1501310999999994,1.4929614,0
1.1602821999999993,1.4929614,0
1.1702724999999994,1.4929614,0
1.1804023000000008,1.4929614,0
1.1902635999999998,1.4929614,0
1.2002121,1.4929614,0
1.210526100000001,1.4929614,0
1.2204577000000008,1.4929614,0
1.2303712000000004,1.4929614,0
1.2405492000000002,1.4929614,0
1.2505129999999998,1.4929614,0
1.2604401999999997,1.4929614,0
1.2702658000000007,1.4929614,0
1.2803778000000001,1.4929614,0
1.2905356000000001,1.4929614,0
1.3004218000000005,1.4929614,0
1.3103777,1.4929614,0
1.3201990000000006,1.4929614,0
1.3303566999999994,1.4929614,0
1.3401831000000008,1.4929614,0
1.3501411,1.4929614,0
1.3602720000000001,1.4929614,0
1.3702237999999998,1.4929614,0
1.3804149,1.4929614,0
1.3902941000000002,1.4929614,0
1.4001645000000007,1.4929614,0
1.4103445000000008,1.4929614,0
1.4202451000000007,1.4929614,0
1.4303726999999995,1.4929614,0
1.4401855999999995,1.4929614,0
1.4502605000000006,1.4929614,0
1.4603298000000002,1.4929614,0
1.4703055000000003,1.4929614,0
1.4803092000000007,1.4929614,0
1.490298600000001,1.4929614,0
1.5002428000000005,1.4929614,0
1.510275,1.4929614,0
1.5202057,1.4929614,0
1.5302957,1.4929614,0
1.5402529000000005,1.4929614,0
1.5502769999999995,1.4929614,0
1.5601821000000005,1.4929614,0
1.570253300000001,1.4929614,0
1.5802665000000005,1.4929614,0
1.590178400000001,1.4929614,0
1.600188600000001,1.4929614,0
1.610294999999999,1.4929614,0
1.6202468999999997,1.4929614,0
1.6303293000000014,1.4929614,0
1.640158099999999,1.4929614,0
1.6502579999999991,1.4929614,0
1.6603048000000005,1.4929614,0
1.6702667999999985,1.4929614,0
1.6803727000000013,1.4929614,0
1.6903503000000004,1.4929614,0
1.7002785000000014,1.4929614,0
1.7102264000000016,1.4929614,0
1.7201809999999984,1.4929614,0
1.7303753000000004,1.4929614,0
1.7402831999999986,1.4929614,0
1.7501589000000006,1.4929614,0
1.7603428999999995,1.4929614,0
1.7701352000000004,1.4929614,0
1.7802406999999985,1.4929614,0
1.7903414999999985,1.4929614,0
1.8003228000000018,1.4929614,0
1.8102935999999996,1.4929614,0
1.8203994999999988,1.4929614,0
1.8303488000000012,1.4929614,0
1.8401264000000008,1.4929614,0
1.8502439000000006,1.4929614,0
1.8602405000000015,1.4929614,0
1.8701849,1.4929614,0
1.8803943000000007,1.4929614,0
1.8901792000000004,1.4929614,0
1.9001816000000016,1.4929614,0
1.9102344999999996,1.4929614,0
1.920236300000001,1.4929614,0
1.9302697999999996,1.4929614,0
1.9402796999999996,1.4929614,0
1.9503165000000013,1.4929614,0
1.9602008000000009,1.4929614,0
1.9703044000000016,1.4929614,0
1.9803183999999998,1.4929614,0
1.9902941999999992,1.4929614,0
2.0002045000000006,1.4929614,0
2.0102347,1.4929614,0
2.0203802,1.4929614,0
2.0302802000000018,1.4929614,0
2.040230899999999,1.4929614,0
2.0502677999999985,1.4929614,0
2.0604511,1.4929614,0
2.070172600000001,1.4929614,0
2.080338899999999,1.4929614,0
2.090239800000001,1.4929614,0
2.1001762000000017,1.4929614,0
2.1102822999999997,1.4929614,0
2.120268600000001,1.4929614,0
2.1303558999999996,1.4929614,0
2.1401996000000008,1.4929614,0
2.150392300000002,1.4929614,0
2.1602732000000007,1.4929614,0
2.170294499999999,1.4929614,0
2.180261100000001,1.4929614,0
2.190434699999999,1.4929614,0
2.2002311000000017,1.4929614,0
2.2103209999999986,1.4929614,0
2.2203326000000008,1.4929614,0
2.2303169,1.4929614,0
2.240222000000001,1.4929614,0
2.2504167000000006,1.4929614,0
2.2603649999999984,1.4929614,0
2.2703165999999992,1.4929614,0
2.2803227999999987,1.4929614,0
2.290141,1.4929614,0
2.300403900000001,1.4929614,0
2.310372899999999,1.4929614,0
2.3201918000000017,1.4929614,0
2.3303893999999996,1.4929614,0
2.3402192999999993,1.4929614,0
2.3501381000000006,1.4929614,0
2.360225999999999,1.4929614,0
2.3702810000000003,1.4929614,0
2.3803286000000003,1.4929614,0
2.3903526000000017,1.4929614,0
2.4002757,1.4929614,0
2.4103005,1.4929614,0
2.4203284999999983,1.4929614,0
2.4303176000000004,1.4929614,0
2.440166800000002,1.4929614,0
2.4502036,1.4929614,0
2.4602942000000017,1.4929614,0
2.4702213000000004,1.4929614,0
2.4803428000000007,1.4929614,0
2.4903166000000017,1.4929614,0
2.5001373000000005,1.4929614,0
2.510264900000001,1.4929614,0
2.5201948000000005,1.4929614,0
2.5302835000000012,1.4929614,0
2.5402286000000007,1.4929614,0
2.550139400000001,1.4929614,0
2.5602101999999984,1.4929614,0
2.570301200000001,1.4929614,0
2.580331599999999,1.4929614,0
2.5904837999999994,1.4929614,0
2.6004048000000015,1.4929614,0
2.6103331,1.4929614,0
2.6203985999999997,1.4929614,0
2.6302846000000013,1.4929614,0
2.640233799999999,1.4929614,0
2.6502716999999993,1.4929614,0
2.6602286999999993,1.4929614,0
2.6702828000000007,1.4929614,0
2.6803572000000013,1.4929614,0
2.690262500000001,1.4929614,0
2.7003652999999996,1.4929614,0
2.710345200000001,1.4929614,0
2.720245199999999,1.4929614,0
2.7302228999999993,1.4929614,0
2.7402420000000003,1.4929614,0
2.7502569999999995,1.4929614,0
2.7602555000000013,1.4929614,0
2.7702416000000003,1.4929614,0
2.7803206000000014,1.4929614,0
2.790294900000001,1.4929614,0
2.8002413000000015,1.4929614,0
2.8102552999999997,1.4929614,0
2.8202744000000006,1.4929614,0
2.830285999999999,1.4929614,0
2.840154199999999,1.4929614,0
2.850185099999999,1.4929614,0
2.8602413,1.4929614,0
2.8701695999999988,1.4929614,0
2.8803430999999993,1.4929614,0
2.890212400000001,1.4929614,0
2.9001685000000013,1.4929614,0
2.910323,1.4929614,0
2.920188099999999,1.4929614,0
2.9302994999999985,1.4929614,0
2.9402808999999994,1.4929614,0
2.9502395000000003,1.4929614,0
2.960342299999999,1.4929614,0
2.9702293000000015,1.4929614,0
2.980310300000001,1.4929614,0
2.990365800000001,1.4929614,0
3.000200600000001,1.4929614,0
3.0103168,1.4929614,0
3.0203010000000017,1.4929614,0
3.0303008999999985,1.4929614,0
3.0401814,1.4929614,0
3.0502346000000014,1.4929614,0
3.0602091,1.4929614,0
3.0704376,1.4929614,0
3.080419000000001,1.4929614,0
3.0903617000000008,1.4929614,0
3.1003947000000007,1.4929614,0
3.1104274000000007,1.4929614,0
3.1203965,1.4929614,0
3.1302873999999985,1.4929614,0
3.1403584999999996,1.4929614,0
3.1503864000000004,1.4929614,0
3.1603259999999995,1.4929614,0
3.1703481,1.4929614,0
3.1802776999999995,1.4929614,0
3.190164600000001,1.4929614,0
3.200222600000002,1.4929614,0
3.210333799999999,1.4929614,0
3.220290799999999,1.4929614,0
3.2302473000000003,1.4929614,0
3.2402759999999997,1.4929614,0
3.250183399999999,1.4929614,0
3.2602083000000004,1.4929614,0
3.2701873999999993,1.4929614,0
3.2802285000000015,1.4929614,0
3.2901524999999996,1.4929614,0
3.3002753999999985,1.4929614,0
3.310297799999999,1.4929614,0
3.320180500000001,1.4929614,0
3.3303236000000016,1.4929614,0
3.3401940999999997,1.4929614,0
3.3502148000000016,1.4929614,0
3.3602876000000013,1.4929614,0
3.3702415000000006,1.4929614,0
3.380332600000001,1.4929614,0
3.3902164999999993,1.4929614,0
3.4001679000000014,1.4929614,0
3.4103140000000014,1.4929614,0
3.4204339999999984,1.4929614,0
3.4305035999999998,1.4929614,0
3.4403066000000013,1.4929614,0
3.4501606999999996,1.4929614,0
3.460337000000001,1.4929614,0
3.4702122000000006,1.4929614,0
3.4804399999999998,1.4929614,0
3.4901982,1.4929614,0
3.500123799999999,1.4929614,0
3.5102911999999993,1.4929614,0
3.5202706999999993,1.4929614,0
3.5303504000000014,1.4929614,0
3.5402514000000007,1.4929614,0
3.5502161999999995,1.4929614,0
3.5602248999999997,1.4929614,0
3.5702641999999987,1.4929614,0
3.5803683000000017,1.4929614,0
3.590183099999999,1.4929614,0
3.6001563,1.4929614,0
3.6102422,1.4929614,0
3.6203103000000016,1.4929614,0
3.6303095999999986,1.4929614,0
3.640242200000001,1.4929614,0
3.6501977000000014,1.4929614,0
3.6603303,1.4929614,0
3.6702908999999995,1.4929614,0
3.680336200000001,1.4929614,0
3.690216099999999,1.4929614,0
3.7001930000000005,1.4929614,0
3.7102576000000003,1.4929614,0
3.720140599999999,1.4929614,0
3.730309499999999,1.4929614,0
3.7402648000000003,1.4929614,0
3.7502207000000016,1.4929614,0
3.7603551,1.4929614,0
3.7702481999999993,1.4929614,0
3.7803485000000006,1.4929614,0
3.790265400000001,1.4929614,0
3.8002173999999993,1.4929614,0
3.810314400000001,1.4929614,0
3.8203282000000005,1.4929614,0
3.8304919,1.4929614,0
3.8402352000000004,1.4929614,0
3.8501768999999992,1.4929614,0
3.8603678000000006,1.4929614,0
3.870306900000001,1.4929614,0
3.8803561999999996,1.4929614,0
3.8902304999999995,1.4929614,0
3.9002870000000005,1.4929614,0
3.9103204000000016,1.4929614,0
3.920187799999999,1.4929614,0
3.9302463999999997,1.4929614,0
3.940377100000001,1.4929614,0
3.950342300000001,1.4929614,0
3.960358300000001,1.4929614,0
3.9701758000000016,1.4929614,0
3.9803440000000005,1.4929614,0
3.9901028000000007,1.4929614,0
4.0002519,1.4929614,0
4.010366800000002,1.4929614,0
4.020351400000001,1.4929614,0
4.030543100000001,1.4929614,0
4.040451800000001,1.4929614,0
4.0501556999999995,1.4929614,0
4.060227800000002,1.4929614,0
4.0702194999999985,1.4929614,0
4.0803505,1.4929614,0
4.0903054,1.4929614,0
4.100471700000002,1.4929614,0
4.110238600000001,1.4929614,0
4.120225800000002,1.4929614,0
4.1302527000000016,1.4929614,0
4.140174799999999,1.4929614,0
4.150191999999999,1.4929614,0
4.160434100000002,1.4929614,0
4.170230699999999,1.4929614,0
4.180402800000001,1.4929614,0
4.190106600000002,1.4929614,0
4.200291099999999,1.4929614,0
4.210420600000001,1.4929614,0
4.220345799999999,1.4929614,0
4.230314300000002,1.4929614,0
4.240267900000001,1.4929614,0
4.2504118,1.4929614,0
4.260399000000001,1.4929614,0
4.270247100000001,1.4929614,0
4.2803618,1.4929614,0
4.290200499999999,1.4929614,0
4.3002148999999985,1.4929614,0
4.310260600000001,1.4929614,0
4.320127900000001,1.4929614,0
4.3302521999999986,1.4929614,0
4.3402364,1.4929614,0
4.350309000000001,1.4929614,0
4.3603188,1.4929614,0
4.370196399999999,1.4929614,0
4.3802495,1.4929614,0
4.390145200000001,1.4929614,0
4.4002681,1.4929614,0
4.4102722,1.4929614,0
4.4201619999999995,1.4929614,0
4.430236599999999,1.4929614,0
4.440243100000002,1.4929614,0
4.450276000000001,1.4929614,0
4.460273899999999,1.4929614,0
4.470149600000001,1.4929614,0
4.480314099999999,1.4929614,0
4.4902189,1.4929614,0
4.5001495999999985,1.4929614,0
4.510348200000001,1.4929614,0
4.520203799999999,1.4929614,0
4.530230999999999,1.4929614,0
4.540161200000002,1.4929614,0
4.550262900000002,1.4929614,0
4.5603269000000015,1.4929614,0
4.570193999999999,1.4929614,0
4.5802785,1.4929614,0
4.5901385,1.4929614,0
4.6002405,1.4929614,0
4.6103583,1.4929614,0
4.6203369,1.4929614,0
4.630297700000002,1.4929614,0
4.640231900000002,1.4929614,0
4.650266400000001,1.4929614,0
4.660261,1.4929614,0
4.670113599999999,1.4929614,0
4.680301999999999,1.4929614,0
4.6901697,1.4929614,0
4.700286,1.4929614,0
4.710280800000001,1.4929614,0
4.720163699999999,1.4929614,0
4.730307399999999,1.4929614,0
4.740189899999999,1.4929614,0
4.750237400000001,1.4929614,0
4.7605637000000005,1.4929614,0
4.7702005,1.4929614,0
4.780301700000001,1.4929614,0
4.790097999999999,1.4929614,0
4.800159500000001,1.4929614,0
4.810316599999998,1.4929614,0
4.820162699999999,1.4929614,0
4.8302578,1.4929614,0
4.840204399999999,1.4929614,0
4.8503372,1.4929614,0
4.860530200000001,1.4929614,0
4.870384100000001,1.4929614,0
4.880674699999998,1.4929614,0
4.8903382,1.4929614,0
4.900418799999999,1.4929614,0
4.9102841,1.4929614,0
4.920204799999999,1.4929614,0
4.9304094,1.4929614,0
4.940194100000001,1.4929614,0
4.950381699999999,1.4929614,0
4.960281,1.4929614,0
4.970208000000001,1.4929614,0
4.9802544000000015,1.4929614,0
4.990098600000001,1.4929614,0
5.000161499999999,1.4929614,0
5.010331200000001,1.4929614,0
5.020228300000001,1.4929614,0
5.030287599999999,1.4929614,0
5.0402083000000015,1.4929614,0
5.050303399999999,1.4929614,0
5.0602474,1.4929614,0
5.070317300000001,1.4929614,0
5.0803107,1.4929614,0
5.090299100000001,1.4929614,0
5.100095000000001,1.4929614,0
5.1103322,1.4929614,0
5.120225100000001,1.4929614,0
5.1303407,1.4929614,0
5.1402412,1.4929614,0
5.1502444,1.4929614,0
5.160220499999999,1.4929614,0
5.1703153,1.4929614,0
5.180238600000001,1.4929614,0
5.1902895000000004,1.4929614,0
5.200158499999999,1.4929614,0
5.210207500000001,1.4929614,0
5.220204400000002,1.4929614,0
5.2304857999999985,1.4929614,0
5.2402645,1.4929614,0
5.2502860999999985,1.4929614,0
5.260282300000002,1.4929614,0
5.2702282,1.4929614,0
5.280310000000002,1.4929614,0
5.290271500000001,1.4929614,0
5.300221599999999,1.4929614,0
5.310355700000001,1.4929614,0
5.3202117,1.4929614,0
5.3303113,1.4929614,0
5.3403496000000015,1.4929614,0
5.350164099999999,1.4929614,0
5.360272700000001,1.4929614,0
5.3702621,1.4929614,0
5.380291699999999,1.4929614,0
5.390220999999999,1.4929614,0
5.400378699999999,1.4929614,0
5.4102993,1.4929614,0
5.420239400000002,1.4929614,0
5.430380300000001,1.4929614,0
5.440189299999998,1.4929614,0
5.450296700000001,1.4929614,0
5.460226100000002,1.4929614,0
5.470273499999999,1.4929614,0
5.480411999999999,1.4929614,0
5.490123200000001,1.4929614,0
5.5001926,1.4929614,0
5.510320600000002,1.4929614,0
5.5202194,1.4929614,0
5.5303515,1.4929614,0
5.540251800000002,1.4929614,0
5.5502455999999984,1.4929614,0
5.560245400000001,1.4929614,0
5.570210600000001,1.4929614,0
5.580339199999999,1.4929614,0
5.5901923,1.4929614,0
5.600295300000001,1.4929614,0
5.610345700000002,1.4929614,0
5.620138200000001,1.4929614,0
5.630315600000001,1.4929614,0
5.6401454,1.4929614,0
5.650322900000001,1.4929614,0
5.660393699999998,1.4929614,0
5.670170700000002,1.4929614,0
5.6803173000000005,1.4929614,0
5.6901709,1.4929614,0
5.700248100000001,1.4929614,0
5.710335599999999,1.4929614,0
5.7201331,1.4929614,0
5.730284599999999,1.4929614,0
5.740179800000002,1.4929614,0
5.750204900000002,1.4929614,0
5.760613900000001,1.4929614,0
5.770183699999999,1.4929614,0
5.780256199999998,1.4929614,0
5.7902070000000005,1.4929614,0
5.800190800000001,1.4929614,0
5.8103356,1.4929614,0
5.8201768000000005,1.4929614,0
5.8302216,1.4929614,0
5.840196799999999,1.4929614,0
5.8503168,1.4929614,0
5.860332999999999,1.4929614,0
5.870196399999999,1.4929614,0
5.880585099999999,1.4929614,0
5.8904306,1.4929614,0
5.900372800000001,1.4929614,0
5.910461,1.4929614,0
5.920188999999999,1.4929614,0
5.930447599999999,1.4929614,0
5.9402515000000005,1.4929614,0
5.950474699999999,1.4929614,0
5.9603412,1.4929614,0
5.9703327999999996,1.4929614,0
5.980372300000001,1.4929614,0
5.9902153999999985,1.4929614,0
6.000182100000002,1.4929614,0
6.010245299999999,1.4929614,0
6.020196199999999,1.4929614,0
6.030325800000002,1.4929614,0
6.0402094,1.4929614,0
6.0501412000000006,1.4929614,0
6.0602868999999995,1.4929614,0
6.070114200000001,1.4929614,0
6.080446100000001,1.4929614,0
6.090166900000002,1.4929614,0
6.100155800000001,1.4929614,0
6.110285599999999,1.4929614,0
6.120203000000002,1.4929614,0
6.130333899999998,1.4929614,0
6.140246899999999,1.4929614,0
6.150237200000001,1.4929614,0
6.1602266,1.4929614,0
6.170188000000001,1.4929614,0
6.180291200000001,1.4929614,0
6.190096500000001,1.4929614,0
6.2001975,1.4929614,0
6.2103631,1.4929614,0
6.220117400000001,1.4929614,0
6.230266800000001,1.4929614,0
6.2401836,1.4929614,0
6.2501643,1.4929614,0
6.2603566,1.4929614,0
6.2702884,1.4929614,0
6.280345599999999,1.4929614,0
6.290164800000001,1.4929614,0
6.300203900000001,1.4929614,0
6.3102988,1.4929614,0
6.320286399999999,1.4929614,0
6.3303294999999995,1.4929614,0
6.3402031999999995,1.4929614,0
6.350194,1.4929614,0
6.3603212,1.4929614,0
6.3701843,1.4929614,0
6.380254500000001,1.4929614,0
6.390173299999999,1.4929614,0
6.400229399999999,1.4929614,0
6.4102832,1.4929614,0
6.420213200000001,1.4929614,0
6.4302537,1.4929614,0
6.4402032999999985,1.4929614,0
6.4501483,1.4929614,0
6.460439899999999,1.4929614,0
6.470200700000001,1.4929614,0
6.480353800000001,1.4929614,0
6.490111000000001,1.4929614,0
6.5002361,1.4929614,0
6.510231599999999,1.4929614,0
6.520319599999999,1.4929614,0
6.530475900000001,1.4929614,0
6.5403071000000015,1.4929614,0
6.550301599999999,1.4929614,0
6.560497700000001,1.4929614,0
6.5701893999999985,1.4929614,0
6.580318100000001,1.4929614,0
6.590215500000001,1.4929614,0
6.600119300000001,1.4929614,0
6.610290900000001,1.4929614,0
6.620423400000002,1.4929614,0
6.6303614,1.4929614,0
6.640276600000002,1.4929614,0
6.650234800000002,1.4929614,0
6.660238000000001,1.4929614,0
6.670210599999999,1.4929614,0
6.680349399999999,1.4929614,0
6.690185600000001,1.4929614,0
6.700284999999999,1.4929614,0
6.7103215999999986,1.4929614,0
6.720295800000001,1.4929614,0
6.7302342,1.4929614,0
6.740199299999999,1.4929614,0
6.750183399999999,1.4929614,0
6.760374100000002,1.4929614,0
6.770368100000001,1.4929614,0
6.780373500000001,1.4929614,0
6.790350200000001,1.4929614,0
6.8004713,1.4929614,0
6.8106971000000005,1.49567606664878,0
6.821001000000001,1.5068249265693032,0
6.8306649,1.5722287393358731,0
6.840645199999999,1.7563621810643448,0
6.850540700000002,2.0172100946764293,0
6.864153199999999,2.552076256643414,0
6.870598899999999,3.074628320318088,0
6.886339600000001,3.743365278995631,0
6.8904350999999995,4.366180536100056,0
6.9036004,4.989037617526732,0
6.9106915,5.596228086525299,0
6.923513000000002,6.019057951718768,7.999999986907369e-07
6.9372351000000005,6.435714282503059,0.013768899999998752
6.940424999999999,6.762614839982228,0.017008399999998147
6.950571900000002,7.293918879685199,0.027082699999997573
6.963226100000002,7.567153771952609,0.03970950000000073
6.970427200000001,8.08651605131745,0.04697230000000019
6.985352799999999,8.424747169969082,0.06189879999999803
6.9904229,8.621675420423669,0.0670012999999976
7.0004528,8.838879453474007,0.076993599999998
7.010581799999999,9.09305139310744,0.08707499999999868
7.023511000000001,9.340296664120023,0.10007560000000026
7.0305596999999995,9.482888682273867,0.10707889999999765
7.0404298,9.57938597223622,0.11700409999999906
7.0506148,9.138809237726493,0.12713390000000047
7.0605338,9.89271335666411,0.1370913999999992
7.070455699999998,9.435072542049229,0.14701579999999836
7.080516099999999,9.977166049925785,0.15706209999999743
7.090729600000001,10.57439625326279,0
7.1049001,10.394505234710364,0
7.110861099999999,10.592584027480942,0
7.120529800000002,10.665699973533705,0
7.130656700000001,10.757921311448747,0
7.140699400000001,10.869811163624185,0
7.150751699999999,11.097659474669772,0
7.1639815,11.194222077744826,0
7.170602799999999,11.31137907880348,0
7.1806152,11.390268448168516,0
7.1906388,11.549953214879066,0
7.200781300000001,11.69178869158578,0
7.210817400000002,11.509792177642064,0
7.2207551,11.87709080391526,0
7.230666699999999,11.44985102784893,0
7.2405813000000006,11.350744874221816,0
7.2511458000000015,11.69178869158578,0
7.260662999999999,11.91872397796814,0
7.2705673000000015,12.27941112926496,0
7.285780000000001,12.129406257628279,0
7.290504199999999,12.086932037669948,0
7.300759600000001,12.150707163949544,0
7.310808400000001,12.044627375250313,0
7.3205261,12.387850533920684,0
7.330724200000001,12.193436995294954,0
7.340798600000001,12.150707163949544,0
7.3508221,12.150707163949544,0
7.360641800000002,12.585795201058353,0
7.370729899999999,12.431530838424981,0
7.380599299999998,12.475386214056142,0
7.390605800000001,12.431530838424981,0
7.400720999999999,12.431530838424981,0
7.4108249,12.497379772711708,0
7.420617200000001,12.497379772711708,0
7.4307411000000005,12.787335132511705,0
7.4406588,12.497379772711708,0
7.4506864,12.923724654563829,0
7.460687500000001,12.519417362501068,0
7.4709068,12.301012345539366,0
7.480875500000002,12.563624988259097,0
7.490860100000001,13.178062858988072,0
7.5078297,12.563624988259097,0
7.5238733,12.83261657555261,0
7.524805200000001,12.71975167483992,0
7.5309784,12.787335132511705,0
7.5405985,12.764762242660842,0
7.5507021000000005,12.652572503841265,0
7.560772699999999,12.652572503841265,0
7.570606100000001,12.787335132511705,0
7.5805828,12.563624988259097,0
7.590583499999999,12.855325309868437,0
7.6007403,12.67492078968535,0
7.610726699999999,12.809953213318185,0
7.620626,12.787335132511705,0
7.6306543000000016,12.563624988259097,0
7.640667800000001,12.83261657555261,0
7.650706099999999,12.497379772711708,0
7.660789800000002,12.83261657555261,0
7.670637000000001,12.83261657555261,0
7.6806185,12.923724654563829,0
7.6905625,12.900879258266142,0
7.700729300000001,13.201463177224186,0
7.7164673,12.74223445347396,0
7.7308454000000015,12.855325309868437,0
7.731568099999999,12.809953213318185,0
7.740641999999999,12.855325309868437,0
7.7506295000000005,12.83261657555261,0
7.760881200000002,12.764762242660842,0
7.770723599999998,12.900879258266142,0
7.7806668000000005,12.992535628981665,0
7.790626999999999,12.697313816827531,0
7.800688800000001,12.946615787375396,0
7.8107244,12.878079507100683,0
7.8205671,12.630268869902059,0
7.830815299999999,12.923724654563829,0
7.840593100000001,12.787335132511705,0
7.850775400000002,12.630268869902059,0
7.860691300000001,12.787335132511705,0
7.870713799999999,12.787335132511705,0
7.880652100000001,13.201463177224186,0
7.894747100000002,13.061760710324467,0
7.900723699999999,13.015564521455813,0
7.910909900000002,12.878079507100683,0
7.926790800000001,12.764762242660842,0
7.930831800000002,12.787335132511705,0
7.940712899999999,12.787335132511705,0
7.950813200000001,12.764762242660842,0
7.960743599999999,12.74223445347396,0
7.970677700000001,12.74223445347396,0
7.9805881,12.697313816827531,0
7.990605,12.71975167483992,0
8.000695299999999,12.497379772711708,0
8.0107966,12.652572503841265,0
8.0205876,12.608009798653184,0
8.0306974,12.608009798653184,0
8.040656199999999,12.497379772711708,0
8.050720799999999,12.431530838424981,0
8.060779900000002,12.497379772711708,0
8.0706315,12.34434460165743,0
8.0806488,12.453436598560057,0
8.090631799999999,12.497379772711708,0
8.100751099999998,12.497379772711708,0
8.1108782,12.193436995294954,0
8.1206594,12.453436598560057,0
8.1306986,12.366075814830186,0
8.140596400000002,12.497379772711708,0
8.1507463,12.431530838424981,0
8.160701099999999,12.431530838424981,0
8.1706624,12.257853072249457,0
8.180670099999999,12.257853072249457,0
8.190541000000001,11.897886574361623,0
8.2035584,12.129406257628279,0
8.2190827,11.91872397796814,0
8.232522099999999,11.939603098084492,0
8.2333591,11.814952460536821,0
8.240727000000001,11.794322392560423,0
8.250813599999999,11.753185830962098,0
8.260783000000002,11.814952460536821,0
8.270560300000001,11.529852615748647,0
8.280627999999998,11.509792177642064,0
8.290602999999999,11.489771820317557,0
8.3007319,11.489771820317557,0
8.310750700000002,11.44985102784893,0
8.3205957,11.390268448168516,0
8.3307075,11.174832229900465,0
8.340693700000001,11.272170432059934,0
8.3506995,11.370486899414773,0
8.360617199999998,11.078462559035042,0
8.3705792,11.194222077744826,0
8.380703500000001,11.174832229900465,0
8.390670900000002,11.136168679632782,0
8.4007369,10.484001020187893,0
8.414892799999999,11.059303998863323,0
8.4296652,10.92626161260162,0
8.4306781,10.869811163624185,0
8.445366600000002,10.851069489218567,0
8.450736099999999,10.684070537921636,0
8.4607257,10.412332866869404,0
8.470648899999999,10.684070537921636,0
8.4806118,10.538129649812095,0
8.4906263,10.412332866869404,0
8.5006486,10.341235771500035,0
8.5107218,10.305899947177094,0
8.520757300000001,10.323550191432286,0
8.530754199999999,10.23565091837597,0
8.5407678,10.165961639818944,0
8.5507231,10.305899947177094,0
8.560761900000001,10.25316052398179,0
8.5706021,10.376713222184142,0
8.580627000000002,10.305899947177094,0
8.5906769,10.323550191432286,0
8.6007363,10.25316052398179,0
8.610850399999999,10.09682765136841,0
8.620855700000002,10.062467506865458,0
8.6308259,10.23565091837597,0
8.640775,10.484001020187893,0
8.6507521,10.165961639818944,0
8.661005099999999,10.218176296985487,0
8.6706944,10.200736589911823,0
8.680806800000001,10.2707051838414,0
8.690882100000001,10.288284968133446,0
8.700755500000001,10.288284968133446,0
8.710894399999999,10.305899947177094,0
8.720572800000001,10.218176296985487,0
8.7307739,10.045338906161959,0
8.7406737,10.165961639818944,0
8.7506675,10.288284968133446,0
8.7606217,10.011184305278535,0
8.770552700000001,10.165961639818944,0
8.7806454,10.2707051838414,0
8.790527899999999,10.18333172739613,0
8.800742999999999,10.305899947177094,0
8.810721899999999,10.323550191432286,0
8.8205556,10.394505234710364,0
8.8306305,10.2707051838414,0
8.8405231,10.200736589911823,0
8.8506871,10.341235771500035,0
8.860723600000002,10.131325511697408,0
8.8705661,10.2707051838414,0
8.880554600000002,10.218176296985487,0
8.890586099999998,10.288284968133446,0
8.9007457,10.341235771500035,0
8.910692500000001,10.25316052398179,0
8.9206241,10.341235771500035,0
8.930612600000002,10.341235771500035,0
8.940610699999999,10.466030194963013,0
8.9507983,10.412332866869404,0
8.9607944,10.341235771500035,0
8.9706453,10.57439625326279,0
8.9806063,10.2707051838414,0
8.990542,10.323550191432286,0
9.000695899999998,10.376713222184142,0
9.010788199999999,10.376713222184142,0
9.020462199999999,10.323550191432286,0
9.030643199999998,10.484001020187893,0
9.040633399999999,10.448095275470884,0
9.050659399999999,10.376713222184142,0
9.060684700000001,10.323550191432286,0
9.0705656,10.18333172739613,0
9.0806178,10.323550191432286,0
9.0905353,10.23565091837597,0
9.100741600000001,10.114059332608491,0
9.110686500000002,11.69178869158578,0
9.1241058,9.909536400813906,1.5999999973814738e-06
9.1388653,9.909536400813906,0.014752899999997737
9.140446200000001,9.994158168480158,0.016368199999998723
9.150531800000001,9.926393124720537,0.026395399999998403
9.1605659,9.89271335666411,0.03642449999999897
9.1705208,9.70986358518506,0.04641089999999792
9.1804698,9.74281048940505,0.05633669999999924
9.1905604,10.011184305278535,0
9.2044299,9.74281048940505,1.6999999985500835e-06
9.219011,10.011184305278535,0
9.233282699999998,9.74281048940505,1.8999999973345894e-06
9.233958,9.74281048940505,0.0007029000000002839
9.2471263,9.74281048940505,0.013840800000000542
9.2506717,9.677048205357805,0.017297700000000304
9.260542599999999,9.74281048940505,0.02724449999999834
9.2704526,9.693439487586987,0.037203200000000436
9.2804828,9.792478607692077,0.04721149999999952
9.290506299999999,9.842445630505686,0.057237600000000555
9.3004488,9.77588944516893,0.0671520000000001
9.3106293,9.62807059588681,0.07726539999999815
9.320559399999999,9.809100981740718,0.08725149999999715
9.3305733,9.77588944516893,0.09728279999999856
9.3405826,9.74281048940505,0.10729639999999918
9.350705499999998,9.77588944516893,0.11740359999999939
9.360682599999999,9.94328359581091,0.12738229999999717
9.370465900000001,9.72632056384844,0.1371937999999986
9.3805305,9.530992581754338,0.14724670000000017
9.390401800000001,9.403354130994348,0.15714339999999893
9.4005286,9.403354130994348,0.1671958999999994
9.4104972,7.727242302704185,0.17720680000000044
9.4229812,8.751215137895052,0.1896874000000004
9.439291599999999,8.466483135678205,0.20597019999999944
9.440557799999999,8.522522057577296,0.20724560000000025
9.450471599999998,8.494446557780574,0.21718609999999927
9.460459900000002,8.452543313875262,0.22718419999999995
9.470394700000002,8.383260870307085,0.2371315999999979
9.480538099999999,8.707775895113674,0.2472019000000003
9.490435499999998,8.564846436085226,0.25712259999999887
9.5005395,8.536601976918485,0.26724499999999907
9.510611899999999,8.424747169969082,0.2772991999999981
9.5204927,8.751215137895052,0.2872325999999994
9.5305403,8.522522057577296,0.2972198999999982
9.540514199999999,8.751215137895052,0.3072614999999992
9.550469099999999,8.536601976918485,0.3171906
9.560486299999999,8.66459650744409,0.3271733999999995
9.570489199999999,8.522522057577296,0.33720579999999956
9.5805974,8.707775895113674,0.3472422999999978
9.590385800000002,8.508470269933717,0.35713819999999785
9.6004904,8.722226692884746,0.3672033999999975
9.6104413,8.693353970055812,0.3771743000000001
9.6203838,8.607425524228983,0.3871186999999985
9.6306177,8.621675420423669,0.39728049999999726
9.640486999999998,8.522522057577296,0.40719389999999933
9.650454000000002,8.508470269933717,0.41718369999999894
9.6604808,8.438631343854855,0.4272135000000006
9.670459800000001,8.342022743180927,0.43718630000000047
9.6804963,8.166155927514222,0.44724339999999785
9.6904694,7.917206792001785,0.45719330000000014
9.7031492,8.007826142431599,0.4698962999999985
9.7191381,7.878756617124858,0.4858621999999997
9.7323556,7.677540237620285,0.4991060999999988
9.732898100000002,7.6159692035057525,0.4996709999999993
9.740414200000002,7.506681101523312,0.5071568999999982
9.7505021,7.434907630411287,0.5172169999999987
9.760581,7.375750831076357,0.5272024000000002
9.770461899999999,7.591512672362713,0.5371509000000003
9.7805014,7.802544922425701,0.5472140000000003
9.7904134,7.802544922425701,0.557147999999998
9.800444,8.152816159873417,0.5671632999999972
9.813803600000002,8.383260870307085,0.5805381999999994
9.820528900000001,8.11295656128866,0.5872207999999972
9.830514899999999,8.522522057577296,0.5972448999999997
9.8405233,8.593204099345877,0.6072191999999994
9.850492099999999,8.722226692884746,0.6171661999999998
9.860536999999999,8.987344746665283,0.6271759999999986
9.870495100000001,8.927602077993871,0.6372140000000002
9.8805624,9.123526107475662,0.6472777000000001
9.893753899999998,9.077859687091145,0.6602336999999991
9.9004974,8.987344746665283,0.6671787999999985
9.9155849,9.047567273559713,0.6822832000000005
9.9295724,9.032466444874892,0.696228099999999
9.930454,9.293333514473604,0.6971774999999987
9.9406184,9.154122964824467,0.7073037999999983
9.9507891,9.16946735002452,0.7174237999999988
9.960588,9.30895659937976,0.7272678999999975
9.9705912,9.482888682273867,0.7372966999999981
9.9805039,9.371762340174383,0.7472223999999983
9.990401400000001,9.466918080834294,0.7571452999999977
10.0004336,9.450979388677672,0.7671706999999977
10.010530999999999,9.482888682273867,0.7772112
10.020439699999999,9.792478607692077,0.7871728000000004
10.030571100000001,9.563222569082706,0.7972836000000001
10.0405052,9.563222569082706,0.8072720999999987
10.050365300000001,9.61180992079036,0.8171044999999992
10.060510200000001,9.62807059588681,0.8272189999999995
10.070521600000001,9.660689672932362,0.8372356999999973
10.080449499999999,9.51492586865949,0.8471800999999992
10.090446900000002,9.74281048940505,0.8572024999999996
10.100444300000001,9.89271335666411,0.8671626000000003
10.110424,9.792478607692077,0.8771574999999991
10.120586000000001,9.825756633804376,0.8873122999999978
10.130495600000001,9.89271335666411,0.8971990999999981
10.1405199,9.644363824876494,0.9072479999999992
10.1505517,9.792478607692077,0.9172565999999982
10.160749399999998,10.165961639818944,0
10.175312,10.0282445284255,0
10.180670600000001,10.09682765136841,0
10.190518500000001,10.09682765136841,0
10.200632,10.131325511697408,0
10.2106118,10.200736589911823,0
10.2205983,10.341235771500035,0
10.230716500000002,10.448095275470884,0
10.2405196,10.200736589911823,0
10.250770300000001,10.412332866869404,0
10.2606755,10.57439625326279,0
10.270672,10.57439625326279,0
10.2806662,10.430196189971806,0
10.2905566,10.629068884658762,0
10.300743500000001,10.57439625326279,0
10.3107426,10.684070537921636,0
10.3206297,10.629068884658762,0
10.330674799999999,10.57439625326279,0
10.3406662,10.757921311448747,0
10.350594500000001,10.57439625326279,0
10.360621799999999,10.647366113557899,0
10.370791500000001,10.665699973533705,0
10.3808198,10.776476503078216,0
10.3905552,10.57439625326279,0
10.400660100000001,10.665699973533705,0
10.4107401,10.92626161260162,0
10.4204742,10.79506884222607,0
10.4306237,10.851069489218567,0
10.4405345,10.888590358886962,0
10.450641800000001,10.869811163624185,0
10.4607598,10.92626161260162,0
10.4709412,11.059303998863323,0
10.499013499999998,10.739403193116889,0
10.5005206,10.964083853103384,0
10.5013311,11.174832229900465,0
10.5189531,11.078462559035042,0
10.5208,10.739403193116889,0
10.5382065,11.116894822555212,0
10.5547397,10.983051782416258,0
10.5559,11.059303998863323,0
10.5733649,10.983051782416258,0
10.574249700000001,11.194222077744826,0
10.589883500000001,11.174832229900465,0
10.5907425,11.136168679632782,0
10.600574700000001,11.078462559035042,0
10.6105921,10.869811163624185,0
10.6242827,11.174832229900465,0
10.638223000000002,11.04018371752037,0
10.640479999999998,11.174832229900465,0
10.650782600000001,11.136168679632782,0
10.6607879,11.272170432059934,0
10.670717699999999,10.062467506865458,0
10.6855095,11.155481122997937,0
10.699716100000002,11.233118306652,0
10.7006565,11.174832229900465,0
10.710773999999999,11.233118306652,0
10.7206006,12.630268869902059,0
10.7363272,11.155481122997937,0
10.749885399999998,11.174832229900465,0
10.750605900000002,11.174832229900465,0
10.7606984,11.174832229900465,0
10.7707499,10.813698403261705,0
10.784813900000001,11.059303998863323,0
10.799053299999999,11.194222077744826,0
10.8005039,11.174832229900465,0
10.8107168,11.174832229900465,0
10.8205574,11.097659474669772,0
10.8307385,11.213650744090437,0
10.8406067,11.272170432059934,0
10.850597500000001,11.174832229900465,0
10.8606346,11.174832229900465,0
10.8705844,11.155481122997937,0
10.880706900000002,11.059303998863323,0
10.890712200000001,11.174832229900465,0
10.900739,11.194222077744826,0
10.9105148,11.291755151114865,0
10.9206214,11.174832229900465,0
10.9305739,11.370486899414773,0
10.940575099999998,11.213650744090437,0
10.950711499999999,11.174832229900465,0
10.960578100000001,11.213650744090437,0
10.9706307,11.233118306652,0
10.9806191,11.272170432059934,0
10.990621899999999,11.272170432059934,0
11.0007189,11.25262484329977,0
11.0107701,11.213650744090437,0
11.0206349,11.272170432059934,0
11.0306634,11.31137907880348,0
11.0405818,11.174832229900465,0
11.0507251,11.174832229900465,0
11.060592999999999,11.174832229900465,0
11.070597099999999,11.856336583445986,0
11.0806037,11.116894822555212,0
11.090574600000002,10.945153821738554,0
11.104797199999998,11.002057685548928,0
11.1191641,10.92626161260162,0
11.1357454,11.097659474669772,0
11.136509599999998,10.869811163624185,0
11.1531471,10.57439625326279,0
11.1537505,10.832365260703382,0
11.1607504,10.341235771500035,0
11.170867,10.739403193116889,0
11.180797700000001,10.70247788020399,0
11.1907528,10.57439625326279,0
11.2007836,10.520050675513097,0
11.2106512,10.538129649812095,0
11.2207368,10.520050675513097,0
11.2307483,10.592584027480942,0
11.2405944,10.466030194963013,0
11.2506769,10.18333172739613,0
11.260738300000002,10.556244818241767,0
11.270521700000002,10.592584027480942,0
11.2805919,10.57439625326279,0
11.290545700000001,10.23565091837597,0
11.3007248,10.2707051838414,0
11.310633900000001,10.23565091837597,0
11.320623200000002,10.869811163624185,0
11.3305983,10.114059332608491,0
11.3404853,10.131325511697408,0
11.3507156,10.18333172739613,0
11.3604827,9.875923924978945,2.099999999671809e-06
11.3739611,10.011184305278535,0
11.389218099999999,10.25316052398179,0
11.390567500000001,10.131325511697408,0
11.4006475,10.09682765136841,0
11.410685299999999,10.079630399050409,0
11.420594200000002,10.079630399050409,0
11.4306787,10.57439625326279,0
11.4405314,10.09682765136841,0
11.450472500000002,9.74281048940505,1.4999999997655777e-06
11.4646822,10.23565091837597,0
11.4791467,10.09682765136841,0
11.4806085,10.079630399050409,0
11.4905897,10.062467506865458,0
11.5005495,10.09682765136841,0
11.510437099999999,9.926393124720537,1.900000000887303e-06
11.5254955,9.94328359581091,0.01500430000000108
11.5304813,9.792478607692077,0.02004039999999918
11.5405037,9.57938597223622,0.030045300000001163
11.5505175,9.466918080834294,0.04007400000000061
11.560472200000001,9.26218092712718,0.05001719999999921
11.5705231,9.231152701241395,0.06005920000000131
11.580577499999999,8.94249296807631,0.07005730000000199
11.594275900000001,8.912740939929662,0.08385200000000026
11.600490200000001,9.482888682273867,0.0900028000000006
11.614637799999999,9.26218092712718,0.10418110000000169
11.6203861,9.138809237726493,0.10994069999999923
11.630572299999999,9.077859687091145,0.12007490000000232
11.6405045,9.047567273559713,0.13001159999999956
11.650356799999999,8.927602077993871,0.13994070000000036
11.663862499999999,9.123526107475662,0.15340360000000075
11.677764699999999,8.621675420423669,0.16727619999999987
11.69109,8.809541051581752,0.1806681999999995
11.691652800000002,8.883107682196407,0.18127349999999964
11.700430500000001,8.853592720743801,0.18997540000000157
11.710507999999999,8.794915799605649,0.20004190000000222
11.7205718,8.972364242669451,0.2100939000000004
11.730571,9.017395787665905,0.2200659999999992
11.743750100000002,9.017395787665905,0.23323700000000258
11.750529599999998,9.002355241650097,0.2400354
11.7605403,9.450979388677672,0.25006400000000184
11.7703748,9.200248340363991,0.2599525000000007
11.7804914,9.154122964824467,0.2700674999999997
11.790432999999998,9.017395787665905,0.28000310000000184
11.8006866,9.123526107475662,0.290171100000002
11.8106247,9.387542439694219,0.30014110000000116
11.820438300000001,8.927602077993871,0.3100202000000003
11.8338965,9.09305139310744,0.3234111000000013
11.847677899999999,9.047567273559713,0.3372191000000022
11.850483500000001,8.67896086002344,0.340016600000002
11.867234900000001,9.09305139310744,0.3567600000000013
11.8814786,9.123526107475662,0.37097530000000134
11.8820854,8.957413669740566,0.37166970000000177
11.896678,9.047567273559713,0.38614630000000005
11.9104291,8.736706421172222,0.39996849999999995
11.911110500000001,8.522522057577296,0.40068020000000004
11.9246167,8.301031304013586,0.41409980000000246
11.930510700000001,8.273839997665297,0.4200417999999999
11.9404537,7.802544922425701,0.4300265000000003
11.9542236,7.482660849647961,0.4437582000000013
11.960644799999999,7.213224593376143,0.45015590000000216
11.9707138,6.934080128015318,0.4602126999999996
11.9866784,6.923202049463866,0.4762459999999997
11.9904043,6.27994423832014,0.4799691000000017
12.0005787,6.1198102381647095,0.49011840000000007
12.010537099999999,5.704400565352053,0
12.0235897,5.3185946485283795,0
12.030514299999998,5.198006519845759,0
12.0404408,4.94729532080311,0
12.0535458,5.220323843985317,0
12.0694562,5.175822698741421,0
12.0703261,5.081216123496028,0
12.080469299999999,5.295689464903592,0
12.090421399999999,5.017145399687578,0
12.100411800000002,5.017145399687578,0
12.110495299999998,4.961153800567885,0
12.125027600000001,4.778661530106355,0
12.130540300000002,4.899224864653134,0
12.140408800000001,4.687845169568926,0
12.150488300000001,4.851822705892051,0
12.1605951,4.605762493882691,0
12.1705622,4.630791777478766,0
12.1805282,4.525786462712617,0
12.1904384,4.447863009215968,0
12.200644599999999,4.556300643961566,0
12.2104682,4.4537854557067424,0
12.2204082,4.366180536100056,0
12.230470899999998,4.3604331243554055,0
12.2404888,4.587121497830505,0
12.2505011,4.48956995878066,0
12.2605315,4.537955530473567,0
12.270682899999999,4.580932645749876,0
12.2806561,4.71998806789923,0
12.290701,4.649695582848366,0
12.3006319,4.75245400772832,0
12.3106542,4.785246235677236,0
12.3205683,4.872056683357902,0
12.3305046,4.77208998078598,0
12.3407547,5.010097359277957,0
12.3559578,5.124575150834932,0
12.360809099999999,5.183202521501721,0
12.370492700000002,5.349349460940765,0
12.380519900000001,5.419453999270351,0
12.390422,5.482837378116464,0
12.4004816,5.458949688579403,0
12.410618600000001,5.579834383443626,0
12.4204894,5.729765387115033,0
12.4306414,5.982966845017518,0
12.440403600000002,5.7981536807136225,0
12.450423800000001,5.780953888508232,0
12.460481499999998,5.956087363031768,0
12.4703925,5.89399222016673,0
12.480459699999999,6.019057951718768,6.999999975221272e-07
12.493269,6.110559071938329,0.0127929999999985
12.50041,6.0463163929775785,0.01994659999999726
12.510531299999998,6.073738876518667,0.030054399999997372
12.520427799999998,6.129079925238219,0.03997790000000023
12.5305674,6.27994423832014,0.050082099999997354
12.540495300000002,6.4061264490717855,0.06002870000000016
12.550444,6.27994423832014,0.06998249999999828
12.560550300000001,6.347480709865341,0.08003479999999996
12.570435600000001,6.376715611123658,0.0899657999999981
12.5806071,6.2228036367552635,0.10007279999999952
12.5904209,6.396303222674444,0.10997279999999776
12.6004166,6.366951147619736,0.11992899999999906
12.610580100000002,6.415969341581473,0.1301282999999991
12.6204628,6.299143989175471,0.1399739999999987
12.630542499999999,6.435714282503059,0.15002780000000016
12.640427399999998,6.308772702657734,0.15998739999999856
12.6505576,6.27994423832014,0.17007149999999882
12.6606289,6.49542520288607,0.18005059999999773
12.670500899999999,6.415969341581473,0.19000089999999759
12.6806057,6.435714282503059,0.2001238999999977
12.6904211,6.525550439437387,0.20996229999999727
12.700510500000002,6.386499623096539,0.21996539999999953
12.7104747,6.505446871620019,0.2299465999999981
12.7204413,6.337774657733094,0.24000569999999755
12.730590900000001,6.4061264490717855,0.2501035999999992
12.740401400000001,6.435714282503059,0.2599576999999975
12.750419899999999,6.465480176582687,0.2699594999999988
12.7605248,6.4061264490717855,0.2800241999999997
12.770500799999999,6.318420692837231,0.29004739999999885
12.780609799999999,6.175707473670507,0.30014519999999933
12.790341100000001,6.028125932580405,0.30991519999999895
12.80043,5.867644987585125,0
12.814172300000001,5.956087363031768,0
12.820409499999998,5.729765387115033,0
12.8305819,5.850167785342203,0
12.840421000000001,5.850167785342203,0
12.8504442,5.738254203876421,0
12.860518,5.850167785342203,0
12.870417900000001,5.876409839490586,0
12.8804885,5.947163315328091,0
12.8904588,6.0009763073095606,7.999999986907369e-07
12.903866200000001,5.991962571435397,0
12.918954099999999,5.956087363031768,0
12.9203889,6.028125932580405,8.999999998593466e-07
12.935759500000001,6.138368170237612,0.015331599999999668
12.9403283,6.15700048270041,0.019915799999999706
12.950565500000002,6.241774367469408,0.030088200000001564
12.9604968,6.27994423832014,0.03998470000000154
12.9704104,6.308772702657734,0.04997780000000063
12.980501899999998,6.5965495799240745,0.06008790000000275
12.9904125,6.425831939575096,0.07001840000000215
13.000461,6.366951147619736,0.0800333000000002
13.010472300000002,6.347480709865341,0.0900349000000027
13.0204799,6.299143989175471,0.10003460000000075
13.030562000000002,6.138368170237612,0.11009080000000182
13.0404794,6.2228036367552635,0.11997390000000152
13.050432299999999,6.073738876518667,0.1300106999999997
13.060479200000001,6.028125932580405,0.14005250000000302
13.0704002,5.89399222016673,0
13.083258599999999,6.0009763073095606,7.000000010748408e-07
13.0967873,5.982966845017518,0
13.110293,6.010008088694971,1.1999999998124622e-06
13.111042500000002,5.97398909207301,0
13.124177600000001,6.0645797609342535,8.999999998593466e-07
13.137641700000001,6.0645797609342535,0.013439899999998062
13.140356599999999,6.073738876518667,0.016175699999998017
13.150395600000001,6.251288226892488,0.026193100000000413
13.1605747,6.0829163286647,0.036304799999999915
13.170409300000001,5.982966845017518,0
13.183928199999999,6.092112154082174,8.000000022434506e-07
13.198095,5.9293686750734675,0
13.2120197,5.920498011343938,0
13.2128417,5.902809819266964,0
13.220472299999999,5.982966845017518,0
13.2306248,5.920498011343938,0
13.240441500000001,6.260821133074819,8.999999998593466e-07
13.25333,5.97398909207301,0
13.267016799999999,6.175707473670507,7.999999986907369e-07
13.2810139,5.991962571435397,0
13.281591,6.260821133074819,7.999999986907369e-07
13.2976488,6.092112154082174,0.015897599999998846
13.300559900000001,6.1198102381647095,0.018839700000000903
13.3108439,6.010008088694971,0.029032900000000694
13.3206702,5.920498011343938,0
13.336433000000001,5.729765387115033,0
13.3404537,5.806779410930027,0
13.3506004,5.982966845017518,0
13.360459,5.885192238641251,0
13.370424600000002,5.97398909207301,0
13.380512399999999,5.982966845017518,0
13.390372300000001,5.947163315328091,0
13.4004648,5.850167785342203,0
13.4105532,5.956087363031768,0
13.420435200000002,5.78954518471769,0
13.4305769,5.850167785342203,0
13.4404059,5.712838601706433,0
13.4504502,5.637500384947417,0
13.460430400000002,5.5880230381356535,0
13.470567699999998,5.514911402176358,0
13.480528300000001,5.395945471383927,0
13.490439100000001,5.235276624986227,0
13.5005017,5.326260300922612,0
13.510443100000002,5.364819377992077,0
13.5204726,5.3185946485283795,0
13.5304974,5.3185946485283795,0
13.5405186,5.198006519845759,0
13.550503,5.220323843985317,0
13.560644900000002,5.220323843985317,0
13.5704507,5.227792758097766,0
13.5805192,5.250289336893039,0
13.5903671,5.095611359267912,0
13.6006531,5.310944312117843,0
13.610487399999998,5.288084893080466,0
13.6204898,5.357076684510473,0
13.630650900000001,5.095611359267912,0
13.6404969,5.654125213978834,0
13.6504964,5.6458044870513815,0
13.6604735,5.629212874450519,0
13.670371699999999,5.596228086525299,0
13.680425600000001,5.704400565352053,0
13.690383599999999,5.679187476864623,0
13.7004797,5.704400565352053,0
13.7104831,5.89399222016673,0
13.720402000000002,5.938257097883617,0
13.7304951,5.97398909207301,0
13.740427599999999,5.982966845017518,0
13.7504632,6.037212067551826,8.000000022434506e-07
13.764218600000001,6.092112154082174,0.013736600000001431
13.770360900000002,6.138368170237612,0.01990520000000018
13.7805886,7.088679867569163,0.030056099999999475
13.793007699999999,6.27994423832014,0.042522900000001584
13.806284,6.328087998305943,0.055836299999999284
13.8104961,6.289534513875581,0.0600151000000011
13.8205103,6.299143989175471,0.07003219999999999
13.830528500000002,6.27994423832014,0.08001739999999913
13.8404577,6.328087998305943,0.08998180000000033
13.850406000000001,6.27994423832014,0.09994359999999958
13.860439099999999,6.415969341581473,0.10997040000000169
13.870555300000001,6.260821133074819,0.1201118000000001
13.880539100000002,6.318420692837231,0.13002679999999955
13.8904917,6.260821133074819,0.14003650000000079
13.9004296,6.445616409894751,0.1499902000000013
13.9104945,6.5965495799240745,0.1600223000000014
13.920464399999998,6.435714282503059,0.17001769999999894
13.9305227,6.617018288369059,0.18004550000000208
13.940414800000001,6.465480176582687,0.1899772999999989
13.9504595,6.5965495799240745,0.19999510000000242
13.960457700000001,6.386499623096539,0.2099726000000004
13.970529,6.485423557459608,0.22004689999999982
13.980582799999999,6.535632418935098,0.23008959999999945
13.990385300000002,6.455538361358687,0.23995280000000108
14.000466699999999,6.49542520288607,0.24995990000000035
14.010491400000001,6.49542520288607,0.26000919999999894
14.020495200000001,6.347480709865341,0.2700394999999993
14.0305214,6.175707473670507,0.28004290000000154
14.040427,6.318420692837231,0.28995240000000067
14.050596400000002,6.475441895334031,0.3000380000000007
14.060746199999999,6.435714282503059,0.3101959000000001
14.070581200000001,6.396303222674444,0.32007280000000193
14.0806336,5.965029276690851,0
14.0970487,6.366951147619736,1.4000000021496817e-06
14.1141561,6.435714282503059,0.01714150000000103
14.1148903,6.606773699795757,0.01793140000000193
14.1205804,6.465480176582687,0.023598500000002076
14.130536000000001,6.586345887857524,0.03353270000000208
14.140578199999998,6.535632418935098,0.04362210000000033
14.1505153,6.565999623962232,0.0535242000000018
14.1606227,6.425831939575096,0.06357510000000133
14.170386899999999,6.647875276492737,0.07342020000000105
14.1805319,6.565999623962232,0.08357790000000165
14.1904265,6.435714282503059,0.09341560000000015
14.200415099999999,6.565999623962232,0.10342720000000227
14.2105585,6.545734582569215,0.11353380000000257
14.2204775,6.525550439437387,0.12348210000000037
14.230532599999998,6.386499623096539,0.13352550000000107
14.240431599999999,6.475441895334031,0.14346060000000094
14.250465799999999,6.435714282503059,0.15348430000000235
14.260490200000001,6.4061264490717855,0.16349420000000237
14.270444800000002,6.435714282503059,0.17347679999999954
14.2804716,6.475441895334031,0.18349700000000269
14.2904131,6.535632418935098,0.19347150000000113
14.3005334,6.5965495799240745,0.20353100000000168
14.3105208,6.668549698877585,0.21353510000000142
14.3203874,6.773171422726079,0.22344269999999966
14.330547099999999,6.879906645592216,0.23353030000000174
14.340393700000002,7.077492898532053,0.24345590000000072
14.352507999999998,7.24766957253901,0.25547750000000136
14.3604966,6.9998074648463415,0.26350710000000177
14.373535500000001,7.144951555755833,0.27655419999999964
14.386553099999999,7.293918879685199,0.2895935000000023
14.3904346,7.282321842828364,0.2934683000000007
14.400503200000001,7.1789856653167865,0.3035186000000003
14.410453299999999,7.213224593376143,0.3134951000000008
14.420386800000001,7.111121039461668,0.32341590000000053
14.430509899999999,7.122375332081784,0.3335296000000021
14.4404354,7.224683297447398,0.34349180000000246
14.450524,7.122375332081784,0.3535387000000014
14.4605479,7.111121039461668,0.36358470000000054
14.4703872,7.167618265175428,0.37343369999999965
14.4804877,7.111121039461668,0.3834899000000007
14.4904569,7.190375823008391,0.39351620000000054
14.500510199999999,7.144951555755833,0.4035338000000017
14.5104208,7.09988923293321,0.41345440000000266
14.520604700000002,6.901511052181899,0.42364140000000106
14.5339379,7.1336521558107355,0.43695530000000105
14.5466928,7.055185970536476,0.449641500000002
14.550350100000001,6.988798062988308,0.4534136000000011
14.5663262,6.9449799844945455,0.46931020000000245
14.570401200000001,6.79434803340286,0.47345570000000237
14.5806166,6.934080128015318,0.48355049999999977
14.5904714,6.783749139762662,0.493470300000002
14.6005461,6.858388484023861,0.5035458000000013
14.610545400000001,6.752079349304772,0.5135743000000019
14.620478100000001,6.606773699795757,0.5234693000000021
14.630451500000001,6.74156490855173,0.5334998000000013
14.640417999999999,6.86913680573084,0.5434614000000018
14.6505527,6.815609520161351,0.5535126000000012
14.6607036,6.79434803340286,0.5636556000000006
14.6704986,6.617018288369059,0.5734948000000024
14.680541700000001,6.6272833866223495,0.5835356000000012
14.6904135,6.710147465681302,0.5934719000000008
14.700379700000001,6.668549698877585,0.6034305000000018
14.710510099999999,6.731071475665324,0.6135252000000015
14.7204337,6.762614839982228,0.6234482999999997
14.730560599999999,6.901511052181899,0.6335175
14.7403672,7.144951555755833,0.6434218999999999
14.752553400000002,7.224683297447398,0.6555817000000026
14.760567100000001,7.399342586455758,0.663533300000001
14.770370000000002,7.482660849647961,0.6734220999999998
14.7805023,7.677540237620285,0.6835249000000019
14.790477699999999,7.652837914252965,0.6934854000000001
14.8005042,7.7522428396548655,0.7035040000000023
14.810427800000001,7.677540237620285,0.7134811000000028
14.820375100000001,7.840536452576179,0.7234362000000019
14.8304214,7.764780658974222,0.7334589999999999
14.8403775,7.802544922425701,0.7434341000000018
14.850427300000002,7.840536452576179,0.753433900000001
14.860584099999999,8.007826142431599,0.7635962999999997
14.8747694,7.994802717912391,0.7778033999999998
14.8882895,8.179522401387631,0.7913159000000007
14.9027169,8.08651605131745,0.8057413000000011
14.903364600000002,8.152816159873417,0.8064377
14.910649000000001,8.11295656128866,0.8135823000000002
14.920406000000002,8.152816159873417,0.8234689000000017
14.9304869,8.02087563986406,0.8335059000000022
14.940460799999999,8.11295656128866,0.8434525000000015
14.950643699999999,8.08651605131745,0.8535865999999999
14.960465600000001,8.20633568180298,0.8634360000000001
14.970360600000001,8.139503045106144,0.8734144000000015
14.980486699999998,8.08651605131745,0.8835373000000004
14.9904402,8.126216529959919,0.8934568000000027
15.0008186,8.179522401387631,0.9037451000000019
15.0107671,8.152816159873417,0.913678100000002
15.020629099999999,8.099723086052473,0.9235700000000016
15.0305093,8.126216529959919,0.9334920000000011
15.040549,8.08651605131745,0.9435300000000026
15.050602,8.152816159873417,0.9535896000000008
15.0605813,8.166155927514222,0.9635469000000008
15.070472700000002,8.166155927514222,0.9735243000000011
15.0804925,8.152816159873417,0.9835232000000005
15.090362400000002,8.08651605131745,0.9934082000000011
15.100423699999999,8.328331593408056,1.0034519999999993
15.110628,8.152816159873417,1.0034519999999993
15.122005499999998,8.328331593408056,1.0034519999999993
15.137223,8.301031304013586,1.0034519999999993
15.140516400000001,8.287422055190799,1.0034519999999993
15.1506488,8.438631343854855,1.0034519999999993
15.160703700000001,8.452543313875262,1.0034519999999993
15.170599300000001,8.480450865022997,1.0034519999999993
15.1805951,8.522522057577296,1.0034519999999993
15.1905895,8.099723086052473,1.0034519999999993
15.2005997,8.369487326701252,1.0034519999999993
15.2106196,8.650260854860331,1.0034519999999993
15.220553,8.522522057577296,1.0034519999999993
15.2306456,8.650260854860331,1.0034519999999993
15.240552,8.987344746665283,1.0034519999999993
15.2507043,8.707775895113674,1.0034519999999993
15.2606449,8.809541051581752,1.0034519999999993
15.2707836,8.838879453474007,1.0034519999999993
15.280587899999999,8.868335443994296,1.0034519999999993
15.2906216,9.108273512939446,1.0034519999999993
15.300499199999999,8.987344746665283,1.0034519999999993
15.3105833,8.987344746665283,1.0034519999999993
15.3206273,9.09305139310744,1.0034519999999993
15.3306275,9.032466444874892,1.0034519999999993
15.340549399999999,8.987344746665283,1.0034519999999993
15.3507591,9.184842454704212,1.0034519999999993
15.360582599999999,9.371762340174383,1.0034519999999993
15.3706033,9.26218092712718,1.0034519999999993
15.380687100000001,9.387542439694219,1.0034519999999993
15.390630100000001,9.51492586865949,1.0034519999999993
15.4005895,9.466918080834294,1.0034519999999993
15.410641,9.482888682273867,1.0034519999999993
15.4205746,9.450979388677672,1.0034519999999993
15.430639000000001,9.482888682273867,1.0034519999999993
15.440614900000002,9.57938597223622,1.0034519999999993
15.450465,9.62807059588681,1.0034519999999993
15.4605582,9.72632056384844,1.0034519999999993
15.4706736,9.693439487586987,1.0034519999999993
15.480683099999998,9.825756633804376,1.0034519999999993
15.4906834,9.70986358518506,1.0034519999999993
15.500529599999998,9.977166049925785,1.0034519999999993
15.5108141,9.77588944516893,1.0034519999999993
15.5206486,10.011184305278535,1.0034519999999993
15.5306202,10.14862625769989,1.0034519999999993
15.5405265,10.412332866869404,1.0034519999999993
15.550595800000002,10.200736589911823,1.0034519999999993
15.560670199999999,10.218176296985487,1.0034519999999993
15.5706647,10.2707051838414,1.0034519999999993
15.580794299999999,10.288284968133446,1.0034519999999993
15.590630500000001,10.288284968133446,1.0034519999999993
15.6007357,10.25316052398179,1.0034519999999993
15.610619000000002,10.288284968133446,1.0034519999999993
15.620931,10.556244818241767,1.0034519999999993
15.630596599999999,10.2707051838414,1.0034519999999993
15.640524399999999,10.556244818241767,1.0034519999999993
15.650646199999999,10.358956758122659,1.0034519999999993
15.660782800000002,10.341235771500035,1.0034519999999993
15.6706652,10.538129649812095,1.0034519999999993
15.680838800000002,10.592584027480942,1.0034519999999993
15.6907145,10.50200782302884,1.0034519999999993
15.700558500000001,10.484001020187893,1.0034519999999993
15.7106187,10.57439625326279,1.0034519999999993
15.7206581,10.376713222184142,1.0034519999999993
15.730762100000002,10.466030194963013,1.0034519999999993
15.7404779,10.412332866869404,1.0034519999999993
15.750623800000001,10.376713222184142,1.0034519999999993
15.760587200000002,10.776476503078216,1.0034519999999993
15.7705049,10.412332866869404,1.0034519999999993
15.7805823,10.376713222184142,1.0034519999999993
15.790506899999999,9.660689672932362,1.0034519999999993
15.8006364,10.358956758122659,1.0034519999999993
15.8106429,10.376713222184142,1.0034519999999993
15.820538,10.448095275470884,1.0034519999999993
15.8305877,10.323550191432286,1.0034519999999993
15.8405686,11.509792177642064,1.0034519999999993
15.8505604,10.2707051838414,1.0034519999999993
15.8606407,10.323550191432286,1.0034519999999993
15.870688,10.305899947177094,1.0034519999999993
15.880647399999999,10.218176296985487,1.0034519999999993
15.890642600000001,10.09682765136841,1.0034519999999993
15.900590500000002,10.448095275470884,1.0034519999999993
15.9105601,10.323550191432286,1.0034519999999993
15.920629199999999,10.011184305278535,1.0034519999999993
15.930721400000001,10.323550191432286,1.0034519999999993
15.940679399999999,10.323550191432286,1.0034519999999993
15.950785900000001,9.994158168480158,1.0034519999999993
15.9607589,10.394505234710364,1.0034519999999993
15.970781,10.466030194963013,1.0034519999999993
15.980826599999999,10.341235771500035,1.0034519999999993
15.990714500000001,10.288284968133446,1.0034519999999993
16.001005399999997,9.89271335666411,1.0034519999999993
16.0107791,9.498891256878826,1.0034519999999993
16.0208959,9.403354130994348,1.0034519999999993
16.0308195,8.912740939929662,1.0034519999999993
16.040639,8.67896086002344,1.0034519999999993
16.050702800000003,8.314667798570671,1.0034519999999993
16.0607156,8.08651605131745,1.0034519999999993
16.070605,7.399342586455758,1.0034519999999993
16.0805339,6.762614839982228,1.0034519999999993
16.090626899999997,6.028125932580405,1.0034519999999993
16.100724300000003,5.095611359267912,1.0034519999999993
