0.00044150000000087175,1.4929614,0
0.009984900000000962,1.4929614,0
0.024906400000000772,1.4929614,0
0.029919800000000052,1.4929614,0
0.03985529999999926,1.4929614,0
0.049946600000000174,1.4929614,0
0.060135799999999406,1.4929614,0
0.07023850000000031,1.4929614,0
0.08011499999999927,1.4929614,0
0.09011689999999994,1.4929614,0
0.10006820000000083,1.4929614,0
0.1100709000000002,1.4929614,0
0.1199192,1.4929614,0
0.13001679999999993,1.4929614,0
0.14007699999999979,1.4929614,0
0.15008710000000036,1.4929614,0
0.15995159999999942,1.4929614,0
0.1699035000000002,1.4929614,0
0.17981080000000027,1.4929614,0
0.18992219999999982,1.4929614,0
0.20000669999999943,1.4929614,0
0.20985669999999956,1.4929614,0
0.22007269999999934,1.4929614,0
0.22986610000000063,1.4929614,0
0.2398732999999993,1.4929614,0
0.25005589999999955,1.4929614,0
0.25983910000000066,1.4929614,0
0.26981959999999994,1.4929614,0
0.2799068000000009,1.4929614,0
0.28996019999999945,1.4929614,0
0.3000915000000006,1.4929614,0
0.30985700000000094,1.4929614,0
0.3199836000000005,1.4929614,0
0.3298728999999998,1.4929614,0
0.33993450000000003,1.4929614,0
0.3499452999999999,1.4929614,0
0.3598929999999996,1.4929614,0
0.3698612000000008,1.4929614,0
0.37983660000000086,1.4929614,0
0.38997610000000016,1.4929614,0
0.3999825999999995,1.4929614,0
0.40992660000000036,1.4929614,0
0.4199785000000009,1.4929614,0
0.42991240000000097,1.4929614,0
0.43990999999999936,1.4929614,0
0.4500205000000008,1.4929614,0
0.45991800000000005,1.4929614,0
0.47000500000000045,1.4929614,0
0.4798512000000006,1.4929614,0
0.4899999000000008,1.4929614,0
0.5002607000000001,1.4929614,0
0.5099350000000005,1.4929614,0
0.5199042000000009,1.4929614,0
0.5299159000000007,1.4929614,0
0.5400155000000009,1.4929614,0
0.5500808999999993,1.4929614,0
0.5599352999999994,1.4929614,0
0.5699921000000003,1.4929614,0
0.5798497000000005,1.4929614,0
0.5900742000000001,1.4929614,0
0.6000151000000002,1.4929614,0
0.6098283999999996,1.4929614,0
0.6201471000000005,1.4929614,0
0.6298966999999998,1.4929614,0
0.6398945999999999,1.4929614,0
0.6500710999999999,1.4929614,0
0.6598748000000008,1.4929614,0
0.6698699999999995,1.4929614,0
0.6798747000000009,1.4929614,0
0.6899987999999997,1.4929614,0
0.7000556000000007,1.4929614,0
0.7098521000000009,1.4929614,0
0.7205653999999999,1.4929614,0
0.7299173000000003,1.4929614,0
0.7400584000000006,1.4929614,0
0.749924,1.4929614,0
0.7598494000000002,1.4929614,0
0.7700890999999999,1.4929614,0
0.7800852000000003,1.4929614,0
0.7899198999999992,1.4929614,0
0.7999972,1.4929614,0
0.8100065999999995,1.4929614,0
0.8199485000000006,1.4929614,0
0.8298927000000003,1.4929614,0
0.8399383999999994,1.4929614,0
0.8499333999999994,1.4929614,0
0.8598476999999995,1.4929614,0
0.8699566000000001,1.4929614,0
0.8801378999999994,1.4929614,0
0.8900062999999996,1.4929614,0
0.9001409999999996,1.4929614,0
0.9098881999999993,1.4929614,0
0.9200315000000003,1.4929614,0
0.9300463000000008,1.4929614,0
0.9398780999999996,1.4929614,0
0.9500118999999998,1.4929614,0
0.9598958999999994,1.4929614,0
0.9699781999999999,1.4929614,0
0.9799161999999999,1.4929614,0
0.9900161000000001,1.4929614,0
1.0003284000000008,1.4929614,0
1.0099739000000003,1.4929614,0
1.0228333000000003,1.4929614,0
1.0299542000000006,1.4929614,0
1.0400159999999996,1.4929614,0
1.0501629000000001,1.4929614,0
1.059864600000001,1.4929614,0
1.0701020000000003,1.4929614,0
1.0799596999999999,1.4929614,0
1.0900721000000004,1.4929614,0
1.1001116999999994,1.4929614,0
1.1099133000000005,1.4929614,0
1.1199122,1.4929614,0
1.1301080999999993,1.4929614,0
1.1399995999999994,1.4929614,0
1.1500328,1.4929614,0
1.1599356000000007,1.4929614,0
1.1698894000000006,1.4929614,0
1.1800075999999997,1.4929614,0
1.1899343000000009,1.4929614,0
1.2000457000000004,1.4929614,0
1.2098437999999998,1.4929614,0
1.2199521000000004,1.4929614,0
1.2298609999999996,1.4929614,0
1.2399079000000004,1.4929614,0
1.2500061999999996,1.4929614,0
1.2598623,1.4929614,0
1.2700656000000006,1.4929614,0
1.2800083000000004,1.4929614,0
1.2900574999999996,1.4929614,0
1.3001103,1.4929614,0
1.3099048,1.4929614,0
1.3201771000000004,1.4929614,0
1.3301615000000009,1.4929614,0
1.3398699999999995,1.4929614,0
1.3500367999999998,1.4929614,0
1.3598789,1.4929614,0
1.3699405000000002,1.4929614,0
1.3799126000000008,1.4929614,0
1.3899331000000004,1.4929614,0
1.4000184000000004,1.4929614,0
1.4099372,1.4929614,0
1.4200107000000006,1.4929614,0
1.4298452000000008,1.4929614,0
1.4398973999999995,1.4929614,0
1.4501013999999994,1.4929614,0
1.4599293000000007,1.4929614,0
1.4699272000000008,1.4929614,0
1.479905500000001,1.4929614,0
1.489904600000001,1.4929614,0
1.5000453999999994,1.4929614,0
1.5099050999999992,1.4929614,0
1.5199706000000006,1.4929614,0
1.5299776000000005,1.4929614,0
1.5399823000000001,1.4929614,0
1.5500618,1.4929614,0
1.5600477999999995,1.4929614,0
1.570106000000001,1.4929614,0
1.5799369999999993,1.4929614,0
1.5899520000000003,1.4929614,0
1.6000253999999998,1.4929614,0
1.6099218999999998,1.4929614,0
1.6199732999999998,1.4929614,0
1.6298505999999993,1.4929614,0
1.6398886000000008,1.4929614,0
1.6500705,1.4929614,0
1.6598744000000014,1.4929614,0
1.6700223000000012,1.4929614,0
1.6798546000000005,1.4929614,0
1.6899831999999986,1.4929614,0
1.7000457999999998,1.4929614,0
1.7098679999999984,1.4929614,0
1.7199171000000018,1.4929614,0
1.7299437000000015,1.4929614,0
1.7400277000000006,1.4929614,0
1.7500923000000004,1.4929614,0
1.7601895999999986,1.4929614,0
1.7700587000000017,1.4929614,0
1.7800943,1.4929614,0
1.7900165999999995,1.4929614,0
1.8002275,1.4929614,0
1.810034,1.4929614,0
1.8201063999999985,1.4929614,0
1.8300408999999984,1.4929614,0
1.8401237000000013,1.4929614,0
1.8500853000000017,1.4929614,0
1.8599267000000008,1.4929614,0
1.8699692000000017,1.4929614,0
1.8799620999999984,1.4929614,0
1.8898302000000005,1.4929614,0
1.8999870000000012,1.4929614,0
1.9098814000000015,1.4929614,0
1.9200083999999986,1.4929614,0
1.930041000000001,1.4929614,0
1.9399147999999986,1.4929614,0
1.9499633999999997,1.4929614,0
1.9598816999999986,1.4929614,0
1.9700261000000001,1.4929614,0
1.9799571999999994,1.4929614,0
1.989858,1.4929614,0
1.9999863999999992,1.4929614,0
2.0098287999999993,1.4929614,0
2.0199520999999994,1.4929614,0
2.0299238000000006,1.4929614,0
2.0398227,1.4929614,0
2.0500327999999985,1.4929614,0
2.059989700000001,1.4929614,0
2.0701327000000003,1.4929614,0
2.0798970999999984,1.4929614,0
2.089838200000001,1.4929614,0
2.0999789999999994,1.4929614,0
2.109878799999999,1.4929614,0
2.1199576999999987,1.4929614,0
2.1298432000000016,1.4929614,0
2.1399898000000004,1.4929614,0
2.1499848000000004,1.4929614,0
2.159982000000001,1.4929614,0
2.1700642000000006,1.4929614,0
2.1799783,1.4929614,0
2.190052100000001,1.4929614,0
2.200108600000002,1.4929614,0
2.2098539000000006,1.4929614,0
2.2199791000000015,1.4929614,0
2.2299393,1.4929614,0
2.2399575999999985,1.4929614,0
2.2501888999999995,1.4929614,0
2.2598784,1.4929614,0
2.2700663000000016,1.4929614,0
2.2799269000000013,1.4929614,0
2.2898666000000016,1.4929614,0
2.3000881999999994,1.4929614,0
2.309897000000001,1.4929614,0
2.319906999999999,1.4929614,0
2.3298457999999993,1.4929614,0
2.3399324000000004,1.4929614,0
2.3500002999999996,1.4929614,0
2.3599340999999985,1.4929614,0
2.3698512999999988,1.4929614,0
2.3798732000000005,1.4929614,0
2.389947900000001,1.4929614,0
2.399955199999999,1.4929614,0
2.4098814000000015,1.4929614,0
2.419922099999999,1.4929614,0
2.429941900000001,1.4929614,0
2.4400227999999995,1.4929614,0
2.4501410000000003,1.4929614,0
2.4599230999999993,1.4929614,0
2.4699127,1.4929614,0
2.4798400999999988,1.4929614,0
2.4899268999999986,1.4929614,0
2.4999756999999985,1.4929614,0
2.5099593000000002,1.4929614,0
2.5199593999999994,1.4929614,0
2.5298657,1.4929614,0
2.5399082999999987,1.4929614,0
2.5499384000000003,1.4929614,0
2.559934199999999,1.4929614,0
2.5699038000000005,1.4929614,0
2.579842300000001,1.4929614,0
2.5899553000000015,1.4929614,0
2.5999931000000007,1.4929614,0
2.6099413999999985,1.4929614,0
2.620012300000001,1.4929614,0
2.6298803999999993,1.4929614,0
2.6398725999999986,1.4929614,0
2.6499246000000003,1.4929614,0
2.6599152999999998,1.4929614,0
2.669841,1.4929614,0
2.6799000999999993,1.4929614,0
2.6899490000000004,1.4929614,0
2.6999118000000006,1.4929614,0
2.7099436999999984,1.4929614,0
2.720163099999999,1.4929614,0
2.7299211000000003,1.4929614,0
2.739934700000001,1.4929614,0
2.749992400000002,1.4929614,0
2.7599712000000007,1.4929614,0
2.7699833000000016,1.4929614,0
2.7798719000000016,1.4929614,0
2.7899683,1.4929614,0
2.8001366,1.4929614,0
2.810062499999999,1.4929614,0
2.8200583000000012,1.4929614,0
2.829898000000002,1.4929614,0
2.8399948000000013,1.4929614,0
2.8500455999999996,1.4929614,0
2.8599081,1.4929614,0
2.870113999999999,1.4929614,0
2.8798876999999994,1.4929614,0
2.8901121000000014,1.4929614,0
2.9000870999999986,1.4929614,0
2.9099763999999997,1.4929614,0
2.919921799999999,1.4929614,0
2.9298760999999995,1.4929614,0
2.939913299999999,1.4929614,0
2.949888800000002,1.4929614,0
2.9600674000000016,1.4929614,0
2.9699566000000015,1.4929614,0
2.9799251999999985,1.4929614,0
2.9899343,1.4929614,0
2.9999982999999997,1.4929614,0
3.0099037000000006,1.4929614,0
3.0200318,1.4929614,0
3.029836399999999,1.4929614,0
3.0399228999999988,1.4929614,0
3.050212199999999,1.4929614,0
3.0598992999999997,1.4929614,0
3.0699553999999996,1.4929614,0
3.0799673999999992,1.4929614,0
3.089865999999999,1.4929614,0
3.099984900000001,1.4929614,0
3.1099221000000004,1.4929614,0
3.1199120999999987,1.4929614,0
3.129874599999999,1.4929614,0
3.140218299999999,1.4929614,0
3.150060999999999,1.4929614,0
3.1600012000000017,1.4929614,0
3.170098000000001,1.4929614,0
3.1800870999999997,1.4929614,0
3.189936300000001,1.4929614,0
3.2001992999999995,1.4929614,0
3.2101373000000013,1.4929614,0
3.2199542999999995,1.4929614,0
3.2298872999999997,1.4929614,0
3.2399420999999986,1.4929614,0
3.2499592999999987,1.4929614,0
3.2598991,1.4929614,0
3.2700970000000016,1.4929614,0
3.2798390999999985,1.4929614,0
3.2899495000000005,1.4929614,0
3.3000843,1.4929614,0
3.3100493999999987,1.4929614,0
3.3199008999999986,1.4929614,0
3.3298439999999996,1.4929614,0
3.339872999999999,1.4929614,0
3.350028700000001,1.4929614,0
3.359941900000001,1.4929614,0
3.3699823999999996,1.4929614,0
3.3799109000000005,1.4929614,0
3.3899007,1.4929614,0
3.3999527999999994,1.4929614,0
3.4098927999999997,1.4929614,0
3.4199946999999984,1.4929614,0
3.4299188999999988,1.4929614,0
3.4398441,1.4929614,0
3.449939800000001,1.4929614,0
3.4598484000000003,1.4929614,0
3.469954800000002,1.4929614,0
3.4798792999999986,1.4929614,0
3.4898535000000006,1.4929614,0
3.5000663999999997,1.4929614,0
3.5098445000000016,1.4929614,0
3.520045099999999,1.4929614,0
3.5300063999999995,1.4929614,0
3.5398601000000003,1.4929614,0
3.549972500000001,1.4929614,0
3.5598545999999995,1.4929614,0
3.5700117000000002,1.4929614,0
3.5801084999999997,1.4929614,0
3.5901274999999995,1.4929614,0
3.6002421999999985,1.4929614,0
3.6100179999999984,1.4929614,0
3.620084199999999,1.4929614,0
3.6300219999999985,1.4929614,0
3.6400947000000006,1.4929614,0
3.6501132999999992,1.4929614,0
3.660170899999999,1.4929614,0
3.6699329999999986,1.4929614,0
3.6799139000000007,1.4929614,0
3.6898497000000017,1.4929614,0
3.6999696999999987,1.4929614,0
3.709947999999999,1.4929614,0
3.719890600000001,1.4929614,0
3.729909000000001,1.4929614,0
3.7398618999999993,1.4929614,0
3.7499814999999987,1.4929614,0
3.7599135000000015,1.4929614,0
3.769987200000001,1.4929614,0
3.779904,1.4929614,0
3.7899034999999994,1.4929614,0
3.7999242000000013,1.4929614,0
3.8097978,1.4929614,0
3.8198831,1.4929614,0
3.8298983000000018,1.4929614,0
3.8398763999999996,1.4929614,0
3.8499718000000005,1.4929614,0
3.859876699999999,1.4929614,0
3.870129799999999,1.4929614,0
3.8799256999999994,1.4929614,0
3.889903200000001,1.4929614,0
3.8999429999999986,1.4929614,0
3.9098972000000014,1.4929614,0
3.9199398,1.4929614,0
3.929925899999999,1.4929614,0
3.9399031000000004,1.4929614,0
3.9499382,1.4929614,0
3.9599075000000017,1.4929614,0
3.970047299999999,1.4929614,0
3.9799410999999996,1.4929614,0
3.9900064000000004,1.4929614,0
3.999994899999999,1.4929614,0
4.0099556,1.4929614,0
4.019934000000001,1.4929614,0
4.029913200000001,1.4929614,0
4.039873999999999,1.4929614,0
4.049936499999999,1.4929614,0
4.0598896,1.4929614,0
4.069967700000001,1.4929614,0
4.0798657999999985,1.4929614,0
4.089968799999999,1.4929614,0
4.099855199999999,1.4929614,0
4.109858600000001,1.4929614,0
4.1198608,1.4929614,0
4.1299905,1.4929614,0
4.139920600000002,1.4929614,0
4.1499264,1.4929614,0
4.1600102,1.4929614,0
4.170056300000001,1.4929614,0
4.179922800000002,1.4929614,0
4.190011100000001,1.4929614,0
4.200002199999998,1.4929614,0
4.209832799999999,1.4929614,0
4.220087000000001,1.4929614,0
4.2298366000000005,1.4929614,0
4.2398517999999985,1.4929614,0
4.2499913,1.4929614,0
4.259895200000001,1.4929614,0
4.269965900000001,1.4929614,0
4.2798853999999995,1.4929614,0
4.289927799999999,1.4929614,0
4.299975999999999,1.4929614,0
4.3099376,1.4929614,0
4.319934600000002,1.4929614,0
4.329853399999999,1.4929614,0
4.3401218,1.4929614,0
4.3501235000000005,1.4929614,0
4.359923100000001,1.4929614,0
4.369939100000002,1.4929614,0
4.3798817,1.4929614,0
4.390129400000001,1.4929614,0
4.3999207999999985,1.4929614,0
4.4098691,1.4929614,0
4.419896700000001,1.4929614,0
4.429877899999999,1.4929614,0
4.439881600000001,1.4929614,0
4.449943299999999,1.4929614,0
4.459914599999999,1.4929614,0
4.4702386,1.4929614,0
4.479904100000001,1.4929614,0
4.4899125999999985,1.4929614,0
4.4999251000000005,1.4929614,0
4.509889899999999,1.4929614,0
4.5201081,1.4929614,0
4.529964399999999,1.4929614,0
4.539969399999999,1.4929614,0
4.549894499999999,1.4929614,0
4.559941400000001,1.4929614,0
4.569936400000001,1.4929614,0
4.5799039,1.4929614,0
4.5900871,1.4929614,0
4.600004400000001,1.4929614,0
4.6098181,1.4929614,0
4.6200662999999995,1.4929614,0
4.629880900000002,1.4929614,0
4.6398980000000005,1.4929614,0
4.6500714,1.4929614,0
4.659897599999999,1.4929614,0
4.669966499999999,1.4929614,0
4.679951399999998,1.4929614,0
4.6900204,1.4929614,0
4.699875400000002,1.4929614,0
4.709889200000001,1.4929614,0
4.7199262000000015,1.4929614,0
4.729837300000002,1.4929614,0
4.739862199999999,1.4929614,0
4.749937900000001,1.4929614,0
4.7598863,1.4929614,0
4.7699272,1.4929614,0
4.7797988,1.4929614,0
4.789828000000002,1.4929614,0
4.799931899999999,1.4929614,0
4.8098431,1.4929614,0
4.820207999999999,1.4929614,0
4.829933500000001,1.4929614,0
4.839886300000002,1.4929614,0
4.849908099999999,1.4929614,0
4.859782900000001,1.4929614,0
4.869954000000002,1.4929614,0
4.879880999999999,1.4929614,0
4.8898351999999985,1.4929614,0
4.900009899999999,1.4929614,0
4.909951399999999,1.4929614,0
4.920052400000001,1.4929614,0
4.9299583999999985,1.4929614,0
4.940153400000002,1.4929614,0
4.950059399999999,1.4929614,0
4.959881699999999,1.4929614,0
4.970073699999999,1.4929614,0
4.979826900000001,1.4929614,0
4.989892800000002,1.4929614,0
4.999943400000001,1.4929614,0
5.0098454000000014,1.4929614,0
5.020120700000001,1.4929614,0
5.030095399999999,1.4929614,0
5.040062900000001,1.4929614,0
5.050223099999998,1.4929614,0
5.0599364,1.4929614,0
5.0700151999999985,1.4929614,0
5.080009500000001,1.4929614,0
5.089869200000001,1.4929614,0
5.099914,1.4929614,0
5.109882600000001,1.4929614,0
5.1201755,1.4929614,0
5.129826700000001,1.4929614,0
5.139941200000001,1.4929614,0
5.149962199999999,1.4929614,0
5.159864000000001,1.4929614,0
5.169994399999998,1.4929614,0
5.1798562000000015,1.4929614,0
5.189802599999998,1.4929614,0
5.1999480999999985,1.4929614,0
5.209863199999999,1.4929614,0
5.2202036,1.4929614,0
5.230017300000002,1.4929614,0
5.239838700000002,1.4929614,0
5.249901299999999,1.4929614,0
5.2598365000000005,1.4929614,0
5.2699324,1.4929614,0
5.2798614,1.4929614,0
5.2899607,1.4929614,0
5.3003254,1.4929614,0
5.309825999999999,1.4929614,0
5.3199781999999995,1.4929614,0
5.3299325,1.4929614,0
5.3398363,1.4929614,0
5.349926399999999,1.4929614,0
5.359885799999999,1.4929614,0
5.3699441,1.4929614,0
5.379897999999999,1.4929614,0
5.389802900000001,1.4929614,0
5.3998945,1.4929614,0
5.409877,1.4929614,0
5.420144200000001,1.4929614,0
5.429868700000002,1.4929614,0
5.439841400000001,1.4929614,0
5.449898599999999,1.4929614,0
5.459858200000001,1.4929614,0
5.4700738,1.4929614,0
5.4799071,1.4929614,0
5.4898766000000006,1.4929614,0
5.4998381,1.4929614,0
5.5098264,1.4929614,0
5.519999499999999,1.4929614,0
5.529842,1.4929614,0
5.540135600000001,1.4929614,0
5.550088100000002,1.4929614,0
5.560083199999999,1.4929614,0
5.570157499999999,1.4929614,0
5.5800816000000015,1.4929614,0
5.5900124999999985,1.4929614,0
5.599994199999999,1.4929614,0
5.6099473,1.4929614,0
5.620192300000001,1.4929614,0
5.6298844,1.4929614,0
5.639832,1.4929614,0
5.649885200000002,1.4929614,0
5.659847300000001,1.4929614,0
5.6701606999999985,1.4929614,0
5.6798834,1.4929614,0
5.689845799999999,1.4929614,0
5.699935000000002,1.4929614,0
5.7100360000000006,1.4929614,0
5.7200036,1.4929614,0
5.729916699999999,1.4929614,0
5.739985500000001,1.4929614,0
5.749924600000002,1.4929614,0
5.7598514000000005,1.4929614,0
5.7699131999999995,1.4929614,0
5.779988399999999,1.4929614,0
5.789879900000001,1.4929614,0
5.800212,1.4929614,0
5.809892100000001,1.4929614,0
5.8200115000000014,1.4929614,0
5.829865700000001,1.4929614,0
5.839923499999999,1.4929614,0
5.850254000000001,1.4929614,0
5.859929899999999,1.4929614,0
5.869895600000001,1.4929614,0
5.879869300000001,1.4929614,0
5.889816600000001,1.4929614,0
5.900002599999999,1.4929614,0
5.909967799999999,1.4929614,0
5.9199985,1.4929614,0
5.9299140999999995,1.4929614,0
5.939852199999999,1.4929614,0
5.9500051,1.4929614,0
5.959911700000001,1.4929614,0
5.9701654999999985,1.4929614,0
5.979835500000002,1.4929614,0
5.989944899999999,1.4929614,0
5.9999199,1.4929614,0
6.009940899999998,1.4929614,0
6.0199798,1.4929614,0
6.029895699999999,1.4929614,0
6.039937700000001,1.4929614,0
6.050054600000001,1.4929614,0
6.059823400000001,1.4929614,0
6.070044600000001,1.4929614,0
6.079829300000002,1.4929614,0
6.089949299999999,1.4929614,0
6.0999959000000015,1.4929614,0
6.110038000000001,1.4929614,0
6.119957399999999,1.4929614,0
6.1298032,1.4929614,0
6.139850000000001,1.4929614,0
6.150008900000001,1.4929614,0
6.159951099999999,1.4929614,0
6.1699825000000015,1.4929614,0
6.179816799999999,1.4929614,0
6.1900207,1.4929614,0
6.199919500000002,1.4929614,0
6.209819999999999,1.4929614,0
6.220065400000001,1.4929614,0
6.229894100000001,1.4929614,0
6.239884099999999,1.4929614,0
6.250046800000002,1.4929614,0
6.259881699999999,1.4929614,0
6.269872399999999,1.4929614,0
6.279894499999999,1.4929614,0
6.289843899999999,1.4929614,0
6.2998905999999995,1.4929614,0
6.309854100000001,1.4929614,0
6.319931800000001,1.4929614,0
6.330012300000002,1.4929614,0
6.3399014000000005,1.4929614,0
6.349913299999999,1.4929614,0
6.3599643,1.4929614,0
6.3704047,1.4957617298249357,0
6.380179700000001,1.5054688418389026,0
6.3901115000000015,1.5319664829793078,0
6.4003758999999985,1.5183419449938511,0
6.410180599999999,1.5200582701158643,0
6.4202245000000016,1.5204259711510637,0
6.430243599999999,1.5141413034663496,0
6.4403281,1.530714364179428,0
6.450359100000002,1.5331695082600336,0
6.4601545,1.5373680761716606,0
6.470306500000001,1.547479169549335,0
6.4802515,1.5699472248936557,0
6.490189899999999,1.6066214854028256,0
6.500173500000001,1.7041102566683013,0
6.5102186,1.803903020455368,0
6.520361800000002,1.8947905919672672,0
6.5301724,2.001616859833846,0
6.5438767,2.094073332348656,0
6.5501649,2.2488700823783345,0
6.5603012,2.3735120386173914,0
6.570405599999999,2.452892933350321,0
6.5801927,2.5542033355265574,0
6.590206100000001,2.789909450358654,0
6.600218700000001,3.030863099727831,0
6.6144914,3.1558944600878465,0
6.620547499999999,3.357103056826146,0
6.6302471,3.5452709168378425,0
6.640394800000001,3.7120324069624946,0
6.650366700000001,3.9556120097847174,0
6.660399499999999,4.102869906370529,0
6.676467199999999,4.204085071688536,0
6.680506800000002,3.9164697904135815,0
6.6963904,4.113343920058039,0
6.710120099999999,3.9213283869714335,0
6.7108374999999985,3.7120324069624946,0
6.727172000000001,3.5952038168863396,0
6.7301483000000015,3.6463496029502154,0
6.740156000000001,3.743365278995631,0
6.750223499999999,3.7209399397792713,0
6.760325700000001,3.8589182958239516,0
6.770354599999999,4.010465449431882,0
6.785291599999999,3.863661674212862,0
6.799158100000001,4.182455823463794,0
6.812970900000002,4.20951947442318,0
6.8135174,4.134418055565263,0
6.8201906999999995,4.177075493939835,0
6.830140699999999,4.4537854557067424,0
6.840237100000001,4.193248818356781,0
6.850520300000001,4.155661460330809,0
6.860190300000001,4.182455823463794,0
6.870314599999999,4.171705914321434,0
6.880377099999999,4.102869906370529,0
6.890122400000001,4.150334665980098,0
6.900228100000001,4.182455823463794,0
6.910165099999999,4.198661526897799,0
6.9204779,4.459719758943291,0
6.930249300000002,4.41257599861211,0
6.940160100000002,4.8250322290347345,0
6.9502243,5.038374295085245,0
6.963555999999999,5.78954518471769,0
6.970312099999999,6.055438945274984,1.1999999998124622e-06
6.983815300000002,6.396303222674444,0.013527899999999704
6.990126300000002,6.49542520288607,0.01991740000000064
7.000294800000001,6.435714282503059,0.030018000000001877
7.010158800000001,6.637569035616036,0.03986980000000173
7.020359300000001,6.710147465681302,0.050047200000001624
7.030151999999999,6.86913680573084,0.05989310000000003
7.040162799999999,6.731071475665324,0.06995369999999923
7.050390600000002,6.617018288369059,0.0801279000000008
7.060162,6.879906645592216,0.08994570000000124
7.0703546,6.934080128015318,0.10004950000000079
7.080436700000002,6.901511052181899,0.11005760000000109
7.090174500000002,6.9778106579298536,0.11995369999999994
7.1001470000000015,7.01083890754158,0.12992009999999965
7.112558600000002,6.9449799844945455,0.14232970000000122
7.126837799999999,6.658202150477414,0.15649120000000138
7.1304688999999986,5.982966845017518,0
7.143661199999999,6.79434803340286,7.999999986907369e-07
7.159710200000001,6.934080128015318,0.016098299999999455
7.160302799999998,6.783749139762662,0.01674110000000084
7.1703437999999995,6.815609520161351,0.026635100000000023
7.180232999999999,7.032968092035166,0.03655700000000195
7.192575799999998,6.9449799844945455,0.04897100000000165
7.205959300000002,7.144951555755833,0.06235120000000194
7.218662100000001,7.088679867569163,0.07500190000000018
7.2201532,7.088679867569163,0.07653279999999896
7.230183899999998,7.09988923293321,0.08659460000000152
7.240225400000002,7.055185970536476,0.09661760000000186
7.2501511999999995,6.9449799844945455,0.10655859999999961
7.2637892,6.955901662500982,0.1201143000000009
7.270428300000001,7.032968092035166,0.12660310000000052
7.2834904,7.111121039461668,0.1396720000000009
7.290145399999998,7.032968092035166,0.14656940000000063
7.300191199999999,7.088679867569163,0.1565948000000006
7.310212900000002,7.144951555755833,0.16658220000000057
7.3203479,7.055185970536476,0.1767183999999986
7.330105900000001,7.111121039461668,0.18651720000000083
7.340152099999999,7.224683297447398,0.19656360000000106
7.350135,7.111121039461668,0.20650739999999956
7.360193400000002,7.144951555755833,0.21662050000000121
7.3702719000000005,7.09988923293321,0.22659009999999924
7.380182800000002,7.144951555755833,0.2365534000000018
7.390105100000001,7.111121039461668,0.24652610000000053
7.4002615999999986,7.111121039461668,0.25662810000000036
7.410209199999999,7.167618265175428,0.26657880000000134
7.420248500000001,7.363990293871589,0.2765726000000015
7.4302323999999995,7.122375332081784,0.28661650000000094
7.440406099999999,7.190375823008391,0.2966686000000003
7.450136599999999,7.190375823008391,0.30652960000000107
7.4601196000000005,6.9778106579298536,0.31652890000000156
7.4731875,7.066328281073982,0.32960860000000025
7.4858357999999985,7.09988923293321,0.3422306000000006
7.490213899999999,7.09988923293321,0.3466109000000017
7.500401900000002,6.9449799844945455,0.3567198000000005
7.5169419999999985,7.167618265175428,0.37296620000000047
7.532106799999999,7.044065922350272,0.3884231000000007
7.532856600000001,7.09988923293321,0.38921470000000014
7.5403535,7.055185970536476,0.3966838000000017
7.5503634,7.01083890754158,0.4067292000000009
7.5603313,7.032968092035166,0.4166761000000001
7.5702959,7.032968092035166,0.4265964000000011
7.5802575,8.424747169969082,0.4366191000000015
7.597735800000001,6.9778106579298536,0.4540948
7.6132626000000005,6.9778106579298536,0.46965279999999865
7.613938599999999,6.966845205721355,0.4703361000000008
7.6202524,6.8476616374779695,0.47658300000000153
7.6302517000000005,6.858388484023861,0.4865707999999991
7.6401759999999985,6.773171422726079,0.49658760000000157
7.650145799999999,6.879906645592216,0.5065263999999985
7.6601397,6.934080128015318,0.5165545000000016
7.670315400000002,6.804968146042268,0.5265984999999986
7.6803094000000005,6.2228036367552635,0.5366925000000009
7.6902098,6.858388484023861,0.5466255000000011
7.700142000000001,6.966845205721355,0.5565333999999993
7.7101752,6.9778106579298536,0.5665268000000019
7.720380199999999,6.923202049463866,0.5766899999999993
7.730264100000001,6.912345705327855,0.5866046999999988
7.7401325,6.731071475665324,0.596547000000001
7.7501488,6.5965495799240745,0.6065253000000013
7.7602809,6.6272833866223495,0.6166610000000006
7.7702592,6.606773699795757,0.626627899999999
7.780227600000002,6.5965495799240745,0.6365966000000007
7.790130800000002,6.485423557459608,0.6465347000000001
7.800407699999999,6.5965495799240745,0.6567657000000011
7.810173600000001,6.485423557459608,0.666550400000002
7.8203030999999985,6.435714282503059,0.6766214000000019
7.830193400000001,6.435714282503059,0.6865597000000001
7.840187900000002,6.396303222674444,0.6966080999999988
7.850191700000002,6.328087998305943,0.7065505999999999
7.860143800000001,6.366951147619736,0.7165320000000008
7.870487200000001,6.27994423832014,0.7267632000000006
7.880517299999999,6.308772702657734,0.7367670000000004
7.8901685,6.110559071938329,0.7465873999999992
7.9001439000000016,5.991962571435397,0
7.913067700000001,5.876409839490586,0
7.920386500000001,5.571662089694587,0
7.9300744000000005,5.024207550283497,0
7.940204499999998,5.303309261089653,0
7.950175,5.265362219909473,0
7.9602021999999995,5.4273215722193155,0
7.970325399999998,5.242775474586181,0
7.980220000000001,5.242775474586181,0
7.990163600000001,5.364819377992077,0
8.0003258,5.303309261089653,0
8.010205399999998,5.44310400232517,0
8.020250500000001,5.482837378116464,0
8.030210299999998,4.989037617526732,0
8.0443458,5.3185946485283795,0
8.0596439,5.333941299963164,0
8.0602845,5.474858884513335,0
8.070319199999998,5.2729213009106,0
8.080221,5.3185946485283795,0
8.0901692,5.3185946485283795,0
8.1002183,5.295689464903592,0
8.110195200000001,5.349349460940765,0
8.120432200000002,5.44310400232517,0
8.130150299999999,5.326260300922612,0
8.140213999999999,5.364819377992077,0
8.1501264,5.341637676374042,0
8.1602296,5.280495515201974,0
8.170293599999999,5.295689464903592,0
8.180158400000002,5.198006519845759,0
8.190152800000002,5.250289336893039,0
8.2002993,5.074040069694855,0
8.210200500000001,5.074040069694855,0
8.220425100000002,4.989037617526732,0
8.233944800000002,4.872056683357902,0
8.2402617,4.872056683357902,0
8.250387900000002,4.649695582848366,0
8.260245800000002,4.519720158113891,0
8.2702288,4.4656659426628345,0
8.2802414,4.436053591759902,0
8.290237800000002,4.48956995878066,0
8.300236700000001,4.377709901602981,0
8.310169100000001,4.2533881999560625,0
8.3203211,4.182455823463794,0
8.330239400000002,4.220420940718179,0
8.340600700000001,4.046005767460161,0
8.3503718,4.000402127695384,0
8.360387900000001,3.9116209013381265,0
8.3763384,3.901952168090908,0
8.380294999999998,3.830656386869883,0
8.390324600000001,3.788894357737117,0
8.4005064,3.7254070853153176,0
8.410112799999999,3.7120324069624946,0
8.4203964,3.7797155501597306,0
8.4302628,3.650667418532425,0
8.440347399999999,3.698737736416347,0
8.450201900000001,3.830656386869883,0
8.4601399,4.0054287569044424,0
8.4740855,3.8589182958239516,0
8.4880281,4.264465492571399,0
8.5017707,4.41257599861211,0
8.502374099999999,4.447863009215968,0
8.5102262,4.587121497830505,0
8.5203392,4.618252106430505,0
8.5301357,4.732935497767326,0
8.540196499999999,4.805079553544985,0
8.550295400000001,4.785246235677236,0
8.560284699999999,4.778661530106355,0
8.570222500000002,4.818368030996101,0
8.5801495,4.926611263103525,0
8.5901114,5.1100642912984755,0
8.602844800000002,5.198006519845759,0
8.610139900000002,5.212869852773224,0
8.620393900000002,5.288084893080466,0
8.630226500000001,5.3185946485283795,0
8.6401901,5.419453999270351,0
8.6502298,5.604449561432766,0
8.660146200000002,5.547243047539965,0
8.6702718,5.539135871323494,0
8.6803145,5.687575036582215,0
8.690125,5.7723797577200475,0
8.700210100000001,5.738254203876421,0
8.7102339,5.982966845017518,0
8.7204021,5.498842316165114,0
8.7301184,6.0829163286647,7.999999986907369e-07
8.742992899999999,6.194489442460147,0.01288239999999874
8.750123799999999,6.213346689581242,0.019988999999998924
8.76029,6.260821133074819,0.030144999999997424
8.770285200000002,6.175707473670507,0.04007389999999944
8.7805585,6.415969341581473,0.05041259999999781
8.790269499999999,6.586345887857524,0.060114499999997406
8.8003436,6.879906645592216,0.0702317999999984
8.8101969,6.9778106579298536,0.08008079999999751
8.820296700000002,7.24766957253901,0.09010929999999817
8.832440400000001,7.282321842828364,0.10230189999999695
8.8403544,7.270747976866626,0.11013789999999801
8.850105999999998,7.111121039461668,0.11999179999999754
8.8601562,7.144951555755833,0.13005649999999847
8.8703354,7.09988923293321,0.14010299999999987
8.880346600000001,7.01083890754158,0.1501821999999997
8.8901527,7.270747976866626,0.16005939999999796
8.9001963,7.317182651729675,0.17001989999999978
8.9102221,7.47068670608361,0.18010130000000046
8.920399300000001,7.399342586455758,0.19022839999999874
8.9302409,7.665176724779058,0.2000815999999972
8.9403007,7.591512672362713,0.21011939999999996
8.950229900000002,7.665176724779058,0.22004609999999758
8.960200899999998,7.815183446581865,0.2301158999999977
8.970230800000001,8.166155927514222,0.24006799999999728
8.9835692,8.060181092143798,0.25338079999999863
8.990126900000002,8.260285077108826,0.2599938999999978
9.000354799999998,8.260285077108826,0.2701300999999994
9.0102588,8.301031304013586,0.2800893000000002
9.020259099999999,8.342022743180927,0.2901121999999994
9.0301293,8.536601976918485,0.3000370999999973
9.0402672,8.550710084276984,0.3100910999999975
9.050210000000002,8.522522057577296,0.32004349999999704
9.060167999999999,8.693353970055812,0.33004629999999935
9.070502500000002,10.851069489218567,0
9.085545900000001,8.883107682196407,2.9000000019152594e-06
9.0990852,9.017395787665905,0.013553999999999178
9.113025500000001,9.215685068627405,0.02752050000000139
9.113637200000001,9.450979388677672,0.028142299999998954
9.1203685,9.403354130994348,0.034774299999998703
9.1301671,9.435072542049229,0.04462210000000155
9.140174499999999,9.387542439694219,0.05471070000000111
9.1501462,9.51492586865949,0.06464770000000186
9.160186900000001,9.450979388677672,0.07470789999999994
9.1702636,9.356013769314421,0.08474329999999952
9.1801109,9.595581734544421,0.09462699999999913
9.1902034,9.70986358518506,0.10469379999999973
9.200261200000002,9.62807059588681,0.11476850000000027
9.210142500000002,9.74281048940505,0.1246557000000017
9.220291600000001,9.825756633804376,0.1347629000000019
9.2301707,9.809100981740718,0.14469629999999967
9.2402773,9.960207881646939,0.15472899999999967
9.250139500000001,9.842445630505686,0.16461909999999946
9.2601636,9.809100981740718,0.1747014
9.2702546,9.89271335666411,0.18469419999999914
9.280144300000002,9.809100981740718,0.19467060000000203
9.290140599999999,9.994158168480158,0.20465150000000065
9.300503399999998,10.011184305278535,0
9.3150119,10.0282445284255,0
9.320595899999999,10.011184305278535,0
9.3305412,10.011184305278535,0
9.340556600000001,10.011184305278535,0
9.3505241,10.045338906161959,0
9.3604751,9.595581734544421,2.500000000793534e-06
9.376793900000001,10.062467506865458,0
9.394156100000002,10.114059332608491,0
9.395000999999999,10.114059332608491,0
9.400528199999998,10.011184305278535,0
9.4105568,10.062467506865458,0
9.4205479,10.045338906161959,0
9.4304593,10.131325511697408,0
9.4402992,10.0282445284255,0
9.4503228,10.045338906161959,0
9.460347,10.23565091837597,0
9.470456400000002,10.045338906161959,0
9.480437199999999,10.011184305278535,0
9.4902767,10.18333172739613,0
9.5003775,10.09682765136841,0
9.5104041,10.218176296985487,0
9.520545100000001,10.2707051838414,0
9.5302861,10.25316052398179,0
9.540340200000001,10.323550191432286,0
9.550335299999999,10.305899947177094,0
9.5601946,9.994158168480158,2.099999999671809e-06
9.5741769,10.466030194963013,0
9.588813,10.305899947177094,0
9.5902443,10.305899947177094,0
9.6005117,10.466030194963013,0
9.6102559,10.50200782302884,0
9.620540499999999,10.200736589911823,0
9.6303964,10.200736589911823,0
9.6403479,10.466030194963013,0
9.6502225,10.358956758122659,0
9.6604355,10.288284968133446,0
9.670513699999999,10.665699973533705,0
9.6803635,10.538129649812095,0
9.6903414,10.592584027480942,0
9.700285599999999,10.2707051838414,0
9.71034,10.538129649812095,0
9.720501100000002,10.684070537921636,0
9.730323799999999,10.592584027480942,0
9.7404846,10.592584027480942,0
9.7504003,10.341235771500035,0
9.7603788,10.288284968133446,0
9.770443599999998,10.556244818241767,0
9.7802518,10.305899947177094,0
9.7903642,10.200736589911823,0
9.800427699999998,10.430196189971806,0
9.810259799999999,10.610808213647339,0
9.8204179,10.394505234710364,0
9.8302618,10.448095275470884,0
9.8404401,10.50200782302884,0
9.850435899999999,10.538129649812095,0
9.8603817,10.57439625326279,0
9.8704071,10.484001020187893,0
9.880376199999999,10.484001020187893,0
9.8902926,10.520050675513097,0
9.9006639,10.57439625326279,0
9.910259900000002,10.50200782302884,0
9.9205576,10.50200782302884,0
9.930349000000001,10.538129649812095,0
9.9403263,10.57439625326279,0
9.9502729,10.592584027480942,0
9.960364700000001,10.665699973533705,0
9.970528499999999,10.25316052398179,0
9.980331699999999,10.592584027480942,0
9.9902623,10.851069489218567,0
10.0005112,10.341235771500035,0
10.0102502,10.323550191432286,0
10.020528700000002,10.09682765136841,0
10.0304968,10.0282445284255,0
10.040199,9.94328359581091,2.099999999671809e-06
10.0534205,9.77588944516893,0.013140899999999789
10.0601502,9.792478607692077,0.019925799999999327
10.0703437,9.660689672932362,0.03001939999999692
10.0801876,9.70986358518506,0.03998849999999976
10.090144,9.57938597223622,0.049952499999999844
10.1001667,9.482888682273867,0.05992469999999983
10.110188200000001,9.660689672932362,0.0699577999999974
10.120421599999998,9.215685068627405,0.08010349999999988
10.130180699999999,9.138809237726493,0.08993069999999648
10.1402612,9.06269833412371,0.10001399999999805
10.150266799999999,8.912740939929662,0.11001779999999783
10.165139300000002,8.780319768902485,0.12492229999999793
10.170208,8.751215137895052,0.12996649999999832
10.1803,8.508470269933717,0.14002939999999953
10.1902855,8.166155927514222,0.15000639999999876
10.2003881,8.02087563986406,0.16010599999999897
10.2102995,7.677540237620285,0.1699982999999996
10.2253888,7.677540237620285,0.18513289999999927
10.2302227,7.122375332081784,0.19000539999999688
10.2405655,6.752079349304772,0.20012849999999816
10.256039,6.328087998305943,0.2158251999999976
10.260181900000001,5.982966845017518,0
10.273819099999999,5.670816675502524,0
10.280192300000001,5.3185946485283795,0
10.2903097,4.926611263103525,0
10.304329000000001,4.858553880234452,0
10.310153399999999,4.649695582848366,0
10.3205704,4.525786462712617,0
10.3302049,4.441952395781175,0
10.340287600000002,4.3950906511189265,0
10.3503433,4.41257599861211,0
10.360253600000002,4.286753449470591,0
10.37025,4.331867857489674,0
10.380139000000002,4.242355128010889,0
10.390126400000002,4.015512225424479,0
10.400306200000001,3.770573384480001,0
10.4136446,3.7614677144230857,0
10.420371900000001,3.6377398355528943,0
10.430255,3.6078754165719364,0
10.440287499999998,3.603643099466671,0
10.450121099999999,3.578426186353979,0
10.460287500000002,3.7120324069624946,0
10.470239900000001,3.5826080191655536,0
10.4802205,3.650667418532425,0
10.4901891,3.516692042906382,0
10.5003632,3.464666907270373,0
10.510214800000002,3.570087569959503,0
10.520380699999999,3.464666907270373,0
10.530355900000002,3.445014663186515,0
10.540361299999999,3.383431971990317,0
10.5503063,3.283877214583242,0
10.5602529,3.301910000385119,0
10.570229800000002,3.2695802609315208,0
10.580183700000001,3.2910686968174017,0
10.590190300000001,3.3164666292684615,0
10.600316300000001,3.3201240186972973,0
10.6101336,3.33114017823965,0
10.620269899999998,3.4101320842838274,0
10.630125900000001,3.3274607785093675,0
10.640212199999999,3.383431971990317,0
10.650198600000001,3.312816547308579,0
10.6602433,3.3201240186972973,0
10.670288900000001,3.387223426124615,0
10.6802547,3.345931586410826,0
10.6902277,3.4294337526213847,0
10.700152699999999,3.5288911559055007,0
10.710191799999999,3.468620993853467,0
10.720305300000001,3.541163683606475,0
10.7301387,3.570087569959503,0
10.7403189,3.6206232744013063,0
10.7502138,3.6943238762749417,0
10.760228199999998,3.8589182958239516,0
10.770254,3.8684145488516366,0
10.7801451,3.788894357737117,0
10.7901559,4.015512225424479,0
10.802924200000001,3.901952168090908,0
10.816316299999999,4.155661460330809,0
10.8299224,4.286753449470591,0
10.8304861,4.331867857489674,0
10.8402246,4.377709901602981,0
10.8501466,4.507623886153713,0
10.8601878,4.320521493915344,0
10.8702716,4.447863009215968,0
10.8801595,4.424291317624163,0
10.890183899999998,4.550173371988041,0
10.900197700000001,4.681455071457933,0
10.910402200000002,4.694248060664865,0
10.9203882,4.580932645749876,0
10.9302708,4.605762493882691,0
10.940305700000001,4.537955530473567,0
10.950274599999998,4.348972727931358,0
10.9602256,4.4537854557067424,0
10.9701975,4.568592012886777,0
10.980132,4.441952395781175,0
10.9901867,4.550173371988041,0
11.000315500000001,4.507623886153713,0
11.010143900000001,4.544058342312084,0
11.0203012,4.47162403065012,0
11.0301323,4.41257599861211,0
11.0402447,4.331867857489674,0
11.050148300000002,4.366180536100056,0
11.0601216,4.371939454170687,0
11.0702217,4.3604331243554055,0
11.0802158,4.3950906511189265,0
11.090161799999999,4.377709901602981,0
11.100207200000002,4.354697195947081,0
11.1101032,4.337558081531954,0
11.120289600000001,4.389285476925941,0
11.1301325,4.275587183093811,0
11.140238000000002,4.275587183093811,0
11.150228499999999,4.320521493915344,0
11.160225800000001,4.214964756839351,0
11.170303899999999,4.383491901478728,0
11.180136899999999,4.4656659426628345,0
11.190387500000002,4.668713152000239,0
11.2005426,5.038374295085245,0
11.217193,4.982045736503327,0
11.2342758,5.547243047539965,0
11.236845400000002,5.876409839490586,0
11.255861000000001,6.251288226892488,1.1999999998124622e-06
11.2566549,6.617018288369059,0.0008661999999972636
11.2712603,6.505446871620019,0.015448699999996762
11.271924799999999,7.1336521558107355,0.016194099999999878
11.288556900000001,7.111121039461668,0.032785899999996815
11.2900665,7.375750831076357,0.03434299999999979
11.300243,7.236164941859489,0.04441659999999814
11.3101407,7.055185970536476,0.05436009999999669
11.320438900000001,7.282321842828364,0.06454049999999967
11.330158599999999,7.270747976866626,0.07436409999999682
11.340116799999999,7.363990293871589,0.0843480999999997
11.350177400000002,7.542892112532513,0.09442549999999983
11.3602431,7.628234202823747,0.10446489999999997
11.370277100000001,7.764780658974222,0.1143780999999997
11.380171899999999,7.840536452576179,0.124383899999998
11.390112400000001,7.878756617124858,0.13436399999999793
11.400259400000001,8.03395126240779,0.14447589999999977
11.4136638,7.994802717912391,0.1579147999999968
11.427308300000002,8.099723086052473,0.1715648999999999
11.443823700000001,7.968833879342992,0.1879932999999987
11.4444948,8.260285077108826,0.18875469999999694
11.459809600000002,8.047053062365295,0.20402919999999725
11.460371499999999,8.126216529959919,0.20466679999999826
11.470316299999999,8.273839997665297,0.2144416999999983
11.4801977,8.410890736681248,0.22443929999999668
11.490131,8.233256430132531,0.23437470000000005
11.5002278,8.67896086002344,0.24447550000000007
11.5102274,8.780319768902485,0.2543799999999976
11.520428700000002,8.328331593408056,0.264507499999997
11.5302235,8.466483135678205,0.2744233999999999
11.540219200000001,8.550710084276984,0.28443679999999816
11.5501502,8.794915799605649,0.2944023999999992
11.5602349,8.67896086002344,0.3044413999999982
11.5703002,8.853592720743801,0.31445659999999975
11.5800788,8.912740939929662,0.32432389999999955
11.590128000000002,8.809541051581752,0.33438319999999777
11.6002691,8.260285077108826,0.34449929999999895
11.6101193,8.233256430132531,0.3543506999999977
11.620295700000002,8.621675420423669,0.36444809999999705
11.630193700000001,8.780319768902485,0.37443209999999993
11.640301,9.16946735002452,0.3845156999999979
11.654472400000001,9.693439487586987,0.3986851999999992
11.660185499999999,9.047567273559713,0.4044199999999982
11.670265899999999,8.765752901088112,0.4144351999999998
11.6840384,9.387542439694219,0.42827279999999845
11.697208300000002,8.824195583331818,0.44140809999999675
11.710928999999998,8.722226692884746,0.455136999999997
11.7115426,8.824195583331818,0.4557789999999997
11.720508,9.017395787665905,0.464611399999999
11.734331200000002,9.231152701241395,0.47843269999999904
11.7401201,9.215685068627405,0.48433319999999824
11.7503874,9.387542439694219,0.4944028999999972
11.760328800000002,9.340296664120023,0.5045501999999971
11.770257299999999,9.340296664120023,0.5144346999999989
11.780098100000002,9.138809237726493,0.5243562999999973
11.7904574,9.246651300076511,0.5346410999999982
11.8005594,9.032466444874892,0.5446513999999993
11.810367300000001,9.30895659937976,0.554494799999997
11.8204179,9.30895659937976,0.5645288999999991
11.8302378,9.231152701241395,0.5744264999999977
11.840557500000001,9.51492586865949,0.5846997999999992
11.8505442,9.54709146043023,0.5944714999999974
11.860271500000001,9.74281048940505,0.6044248999999979
11.8702125,9.792478607692077,0.6143709999999984
11.880233200000001,9.563222569082706,0.6244863999999986
11.890115499999999,9.482888682273867,0.6343692999999995
11.900370400000002,10.200736589911823,0
11.9148039,9.644363824876494,2.099999999671809e-06
11.9295022,9.75933342781462,0.014573500000000905
11.9302424,9.530992581754338,0.015418600000000282
11.940132,9.660689672932362,0.025316499999998854
11.950146600000002,9.70986358518506,0.035329300000000785
11.9601913,9.419197477321548,0.04536549999999906
11.9706037,10.011184305278535,0
11.984913,9.70986358518506,2.7000000031307536e-06
11.998883999999999,9.89271335666411,0.014003999999999905
12.0002729,9.842445630505686,0.015409100000002951
12.0107409,10.200736589911823,0
12.0252852,10.18333172739613,0
12.030147600000001,9.926393124720537,1.7999999997186933e-06
12.044491599999999,9.77588944516893,0.0143129999999978
12.0504904,11.856336583445986,0
12.064013600000001,9.74281048940505,1.900000000887303e-06
12.077747400000002,9.825756633804376,0.013641799999998483
12.0801982,9.909536400813906,0.016182900000000444
12.090272,9.960207881646939,0.026253000000000526
12.100276,9.825756633804376,0.036155900000000685
12.1103644,10.0282445284255,0
12.125724199999999,9.909536400813906,2.2000000008404186e-06
12.140439599999999,10.011184305278535,0
12.141254300000002,10.09682765136841,0
12.155682700000002,10.079630399050409,0
12.1604874,10.011184305278535,0
12.1703743,10.200736589911823,0
12.1803854,10.376713222184142,0
12.190384799999999,10.520050675513097,0
12.200325300000001,10.484001020187893,0
12.2101947,10.045338906161959,0
12.220338499999999,10.218176296985487,0
12.2303142,10.218176296985487,0
12.240444900000002,10.394505234710364,0
12.250575800000002,10.556244818241767,0
12.2602308,10.484001020187893,0
12.270334400000001,10.57439625326279,0
12.2803512,10.665699973533705,0
12.290453000000001,10.57439625326279,0
12.300516700000001,10.57439625326279,0
12.3102733,10.629068884658762,0
12.3205455,10.57439625326279,0
12.3303195,10.57439625326279,0
12.340321999999999,10.394505234710364,0
12.350536799999999,10.757921311448747,0
12.360433899999999,10.776476503078216,0
12.3703938,10.92626161260162,0
12.380248400000001,10.92626161260162,0
12.390294299999999,10.964083853103384,0
12.4006129,11.174832229900465,0
12.4146013,11.097659474669772,0
12.420432199999999,11.078462559035042,0
12.430349399999999,11.078462559035042,0
12.440430999999998,11.116894822555212,0
12.4503988,10.964083853103384,0
12.466115199999999,11.174832229900465,0
12.481324299999999,11.136168679632782,0
12.4819625,11.233118306652,0
12.4902943,11.174832229900465,0
12.500435900000001,11.078462559035042,0
12.5103044,11.04018371752037,0
12.520532000000001,11.174832229900465,0
12.5303427,11.174832229900465,0
12.5402802,11.41008959960924,0
12.550469399999999,11.174832229900465,0
12.5603633,11.25262484329977,0
12.5704425,11.174832229900465,0
12.580395000000001,11.194222077744826,0
12.5902281,10.92626161260162,0
12.604479500000002,11.136168679632782,0
12.617837199999999,11.059303998863323,0
12.620351999999999,11.174832229900465,0
12.630352400000001,11.194222077744826,0
12.640364499999999,11.370486899414773,0
12.650286,10.869811163624185,0
12.664431800000001,11.174832229900465,0
12.6785665,11.213650744090437,0
12.6803325,11.097659474669772,0
12.690271099999999,11.390268448168516,0
12.700245700000002,11.174832229900465,0
12.7103554,11.116894822555212,0
12.720549700000001,11.174832229900465,0
12.730338699999999,11.002057685548928,0
12.7403019,11.136168679632782,0
12.750376699999999,11.002057685548928,0
12.7604202,10.964083853103384,0
12.774676600000001,10.888590358886962,0
12.780268900000001,10.888590358886962,0
12.7903285,10.907407150123706,0
12.800440499999999,10.776476503078216,0
12.8103256,10.757921311448747,0
12.8204199,10.57439625326279,0
12.8303076,10.757921311448747,0
12.840460299999998,10.70247788020399,0
12.8503876,10.813698403261705,0
12.8602884,10.907407150123706,0
12.870296999999999,10.869811163624185,0
12.8804091,10.851069489218567,0
12.890401299999999,10.813698403261705,0
12.9003797,10.610808213647339,0
12.910216199999999,10.757921311448747,0
12.920498700000001,10.70247788020399,0
12.9302996,10.556244818241767,0
12.9405643,10.466030194963013,0
12.950577099999999,10.520050675513097,0
12.960482,10.57439625326279,0
12.970337500000001,10.341235771500035,0
12.980287800000001,10.376713222184142,0
12.990387199999999,10.200736589911823,0
13.000514399999998,10.2707051838414,0
13.0102518,10.131325511697408,0
13.020403199999999,9.909536400813906,2.4999999972408204e-06
13.0339863,10.062467506865458,0
13.0497529,9.89271335666411,2.500000000793534e-06
13.050615599999999,10.079630399050409,0
13.0651584,9.859168038600663,2.099999999671809e-06
13.0795802,9.74281048940505,0.014387299999999215
13.080239400000002,9.74281048940505,0.015092100000000386
13.0903249,9.75933342781462,0.025099300000000824
13.1005451,9.74281048940505,0.03507210000000072
13.110380600000001,9.70986358518506,0.045145299999997945
13.1203931,9.859168038600663,0.05525730000000095
13.130390199999999,9.825756633804376,0.0650985999999989
13.140341399999999,9.94328359581091,0.0751053000000006
13.150722799999999,10.200736589911823,0
13.166430199999999,10.218176296985487,0
13.1705248,10.2707051838414,0
13.1806279,10.448095275470884,0
13.1903257,10.556244818241767,0
13.2005505,10.57439625326279,0
13.210230699999999,10.448095275470884,0
13.220472899999999,10.629068884658762,0
13.230328000000002,10.647366113557899,0
13.240361300000002,10.629068884658762,0
13.2503133,10.57439625326279,0
13.260320600000002,10.739403193116889,0
13.270387300000001,10.851069489218567,0
13.280508,10.592584027480942,0
13.290371899999998,10.57439625326279,0
13.300221200000001,10.832365260703382,0
13.3102386,10.813698403261705,0
13.3207058,10.983051782416258,0
13.3304065,10.869811163624185,0
13.3405753,10.964083853103384,0
13.350326099999998,10.907407150123706,0
13.360299500000002,10.57439625326279,0
13.3703858,10.869811163624185,0
13.3804165,10.92626161260162,0
13.390335899999998,10.869811163624185,0
13.4005365,10.869811163624185,0
13.4102756,10.757921311448747,0
13.4203767,10.832365260703382,0
13.430356000000002,10.79506884222607,0
13.4403883,10.869811163624185,0
13.4503656,11.04018371752037,0
13.4634087,10.832365260703382,0
13.477760000000002,10.813698403261705,0
13.4803598,10.851069489218567,0
13.490245,10.869811163624185,0
13.500229800000001,10.684070537921636,0
13.510287199999999,10.776476503078216,0
13.5206203,10.776476503078216,0
13.530295400000002,10.757921311448747,0
13.5404705,10.684070537921636,0
13.5503664,10.813698403261705,0
13.5604088,10.851069489218567,0
13.570402,11.097659474669772,0
13.584643000000002,10.851069489218567,0
13.5987235,10.629068884658762,0
13.6003409,11.116894822555212,0
13.6144612,11.04018371752037,0
13.6204303,10.888590358886962,0
13.6356101,10.92626161260162,0
13.6403312,11.021101638525018,0
13.655027299999999,10.79506884222607,0
13.670358299999998,10.888590358886962,0
13.671252,10.92626161260162,0
13.680358400000001,10.869811163624185,0
13.6902572,11.116894822555212,0
13.703723000000002,11.002057685548928,0
13.710227999999999,11.155481122997937,0
13.720707899999999,11.136168679632782,0
13.7303752,11.116894822555212,0
13.740235499999999,11.059303998863323,0
13.750291200000001,11.021101638525018,0
13.7604034,10.983051782416258,0
13.774572699999998,11.116894822555212,0
13.788137400000002,11.155481122997937,0
13.790227199999999,11.136168679632782,0
13.800506,10.629068884658762,0
13.816412099999999,11.097659474669772,0
13.830643199999999,11.078462559035042,0
13.8313379,11.059303998863323,0
13.8403659,11.155481122997937,0
13.8503852,11.078462559035042,0
13.860256399999999,11.213650744090437,0
13.870379300000002,11.116894822555212,0
13.8807883,11.155481122997937,0
13.8906252,11.097659474669772,0
13.9006213,11.213650744090437,0
13.910554200000002,11.213650744090437,0
13.9205393,10.964083853103384,0
13.937122400000002,11.002057685548928,0
13.955012900000002,11.174832229900465,0
13.9559436,11.078462559035042,0
13.960505500000002,11.489771820317557,0
13.970514199999998,11.194222077744826,0
13.9803361,11.174832229900465,0
13.990499999999999,11.116894822555212,0
14.0004848,11.155481122997937,0
14.010266199999998,11.002057685548928,0
14.020405299999998,11.116894822555212,0
14.0303952,11.002057685548928,0
14.0403991,11.002057685548928,0
14.050304899999999,10.869811163624185,0
14.0648185,10.92626161260162,0
14.070623200000002,10.869811163624185,0
14.0803533,11.174832229900465,0
14.0939681,10.869811163624185,0
14.110566400000002,10.813698403261705,0
14.1112323,10.610808213647339,0
14.1205883,10.538129649812095,0
14.1302121,9.77588944516893,2.3000000020090283e-06
14.143030699999999,10.218176296985487,0
14.158222799999999,10.50200782302884,0
14.160269300000001,10.18333172739613,0
14.1702423,9.94328359581091,2.4999999972408204e-06
14.1831807,9.977166049925785,0.012980299999998834
14.190119900000001,9.859168038600663,0.019932600000000633
14.2001702,9.74281048940505,0.02996830000000017
14.210178699999998,9.57938597223622,0.03996349999999893
14.2202127,9.792478607692077,0.049921699999998737
14.2302531,9.57938597223622,0.059962999999999766
14.2402159,9.809100981740718,0.07004669999999891
14.250139599999999,9.693439487586987,0.07996919999999719
14.260115099999998,9.72632056384844,0.08993620000000035
14.270259699999999,9.54709146043023,0.09996559999999732
14.280260799999999,9.595581734544421,0.11007640000000052
14.290171599999999,9.563222569082706,0.12000229999999945
14.300172900000002,9.70986358518506,0.12998259999999817
14.310184999999999,9.72632056384844,0.13997129999999913
14.3203646,9.89271335666411,0.15007739999999714
14.3301568,9.435072542049229,0.15993800000000036
14.340197900000001,9.693439487586987,0.1700064999999995
14.3501442,9.825756633804376,0.1799724999999981
14.360259399999999,9.62807059588681,0.19005359999999882
14.370289099999999,9.693439487586987,0.20001229999999737
14.380248100000001,9.792478607692077,0.2100100999999981
14.390106999999999,9.75933342781462,0.21992810000000063
14.400224199999998,9.644363824876494,0.2300274999999985
14.410118200000001,9.677048205357805,0.2399357999999978
14.4202079,9.51492586865949,0.2499885000000006
14.4301905,9.482888682273867,0.25997319999999746
14.4401797,9.530992581754338,0.2700055999999975
14.450144799999999,9.371762340174383,0.2799397999999975
14.4602147,9.482888682273867,0.2900263999999986
14.470211699999998,9.184842454704212,0.29992919999999756
14.4801913,8.868335443994296,0.3100246999999996
14.493192200000001,8.751215137895052,0.32302299999999917
14.500217600000001,8.707775895113674,0.3300321000000004
14.510150999999999,8.452543313875262,0.33994009999999975
14.520373099999999,8.369487326701252,0.35008399999999895
14.5301813,8.08651605131745,0.3599587999999976
14.540247200000001,7.955888361417405,0.37001479999999987
14.552819000000001,7.94296870865388,0.38263650000000027
14.560169700000001,7.652837914252965,0.3899848999999982
14.570295199999999,7.47068670608361,0.4000521999999975
14.580308,7.6159692035057525,0.4100476999999998
14.590131999999999,7.259197235504502,0.41992099999999866
14.6003277,6.934080128015318,0.4301517999999973
14.613303799999999,6.606773699795757,0.4431283999999991
14.620256500000002,6.147675010315886,0.4500101999999977
14.630253699999999,6.028125932580405,0.46002049999999883
14.640188499999999,5.712838601706433,0
14.6533283,5.712838601706433,0
14.660155000000001,5.612687495743965,0
14.670234599999999,5.364819377992077,0
14.6802264,5.146450562348289,0
14.6901734,5.031283839314333,0
14.700127100000001,4.858553880234452,0
14.712865800000001,4.507623886153713,0
14.720443600000001,4.3604331243554055,0
14.730120699999999,3.8589182958239516,0
14.743007,3.4845166596908506,0
14.750169699999999,3.2273692923985986,0
14.7601964,3.003368557164441,0
14.770304600000001,2.8953940100655817,0
14.782744500000002,2.8511207517960258,0
14.7901841,2.74895826141214,0
14.8002604,2.7821309524856006,0
14.8101641,2.912365161441296,0
14.8202282,3.1861593270248654,0
14.8347992,3.445014663186515,0
14.8402728,4.000402127695384,0
14.855002400000002,4.643381707662481,0
14.860149900000001,5.357076684510473,0
14.874069,6.019057951718768,6.999999975221272e-07
14.889498399999999,6.27994423832014,0.015306599999998838
14.922212499999999,6.586345887857524,0.047889599999997756
14.929264300000002,6.8262721983256105,0.05510229999999794
14.9408273,6.836956223185779,0.06644919999999743
14.945951899999999,6.74156490855173,0.07176149999999737
14.946709700000001,6.505446871620019,0.07262139999999917
14.9474349,6.5154886037481425,0.07339430000000036
14.9501869,6.425831939575096,0.07612989999999797
14.960383599999998,6.376715611123658,0.08624969999999976
14.9705028,6.475441895334031,0.09630029999999934
14.980419,6.4061264490717855,0.10626789999999886
14.990203500000002,6.86913680573084,0.11606999999999701
15.0002871,7.09988923293321,0.12616259999999713
15.012863399999999,7.144951555755833,0.13878369999999762
15.020318399999999,7.387534912892297,0.14613609999999966
15.0302247,7.47068670608361,0.1561129000000001
15.0402237,7.677540237620285,0.1661640999999996
15.0502083,7.677540237620285,0.17613219999999785
15.0601215,7.689928502230714,0.18606679999999898
15.0702309,7.789931650057636,0.1960677000000004
15.080179,7.802544922425701,0.20613320000000002
15.0900902,7.7023415681634235,0.21603359999999938
15.100122100000002,7.9818053142127345,0.22604329999999706
15.110252699999998,8.073335404255426,0.2361348999999997
15.1244463,8.287422055190799,0.25028099999999753
15.130171500000001,8.08651605131745,0.25608199999999925
15.140138599999998,8.751215137895052,0.2660720999999988
15.150108900000001,8.736706421172222,0.2760587000000001
15.160206400000002,8.972364242669451,0.28614280000000036
15.1702879,8.957413669740566,0.2961729999999996
15.1801413,8.972364242669451,0.30606249999999946
15.1901925,9.032466444874892,0.3160937999999973
15.2062671,9.123526107475662,0.33220589999999817
15.210136199999999,9.293333514473604,0.3360866999999992
15.220195299999999,9.123526107475662,0.34608300000000014
15.2302843,9.693439487586987,0.3561993000000001
15.240187700000002,9.482888682273867,0.3661348999999987
15.2501552,9.482888682273867,0.37605920000000026
15.260242,9.482888682273867,0.3861387999999977
15.2702194,9.595581734544421,0.3960524999999997
15.2802569,9.72632056384844,0.4061136999999988
15.2902039,9.74281048940505,0.4160915000000003
15.300159500000001,9.74281048940505,0.4260491000000002
15.310145700000001,9.77588944516893,0.43606459999999814
15.320390300000001,9.27774164451191,0.44621880000000047
15.330235199999999,9.89271335666411,0.45609529999999765
15.340313100000001,10.011184305278535,0
15.357027700000002,10.011184305278535,0
15.360301300000001,10.2707051838414,0
15.370515,10.09682765136841,0
15.3803979,10.045338906161959,0
15.3903139,10.062467506865458,0
15.4004216,10.131325511697408,0
15.410267800000002,10.011184305278535,0
15.420417599999999,10.288284968133446,0
15.430351100000001,10.114059332608491,0
15.4404318,10.25316052398179,0
15.450259999999998,10.2707051838414,0
15.460326400000001,10.288284968133446,0
15.470395600000002,10.412332866869404,0
15.4806343,10.394505234710364,0
15.4905794,10.288284968133446,0
15.500568200000002,10.484001020187893,0
15.510606999999998,10.50200782302884,0
15.520513800000002,10.25316052398179,0
15.530408199999998,10.448095275470884,0
15.540316800000001,10.520050675513097,0
15.5503047,10.484001020187893,0
15.5603788,10.466030194963013,0
15.5704604,10.323550191432286,0
15.580310899999999,10.610808213647339,0
15.5902704,10.484001020187893,0
15.600340999999998,10.394505234710364,0
15.610214399999998,10.610808213647339,0
15.620503699999999,10.776476503078216,0
15.6302933,10.484001020187893,0
15.640487599999998,10.57439625326279,0
15.6503462,10.520050675513097,0
15.660443899999999,10.50200782302884,0
15.670340000000001,10.757921311448747,0
15.6803617,10.50200782302884,0
15.6904236,10.57439625326279,0
15.700789200000001,10.592584027480942,0
15.710172300000002,10.484001020187893,0
15.720503800000001,10.647366113557899,0
15.7302007,10.2707051838414,0
15.7403068,10.556244818241767,0
15.7504036,10.57439625326279,0
15.7603706,10.466030194963013,0
15.770521100000002,10.592584027480942,0
15.780314500000001,10.57439625326279,0
15.7902532,10.629068884658762,0
15.800372699999999,10.520050675513097,0
15.8103463,10.520050675513097,0
15.820439899999998,10.556244818241767,0
15.830290100000001,10.739403193116889,0
15.840341100000002,10.57439625326279,0
15.8504062,10.57439625326279,0
15.8603249,10.629068884658762,0
15.870434099999999,10.448095275470884,0
15.8803428,10.556244818241767,0
15.890178400000002,10.592584027480942,0
15.9002013,10.57439625326279,0
15.9102427,10.629068884658762,0
15.920713099999999,10.665699973533705,0
15.930388599999999,10.556244818241767,0
15.940293599999999,10.57439625326279,0
15.9503295,10.629068884658762,0
15.960351600000001,10.57439625326279,0
15.970437299999999,10.57439625326279,0
15.980277800000001,10.888590358886962,0
15.9902846,10.610808213647339,0
16.0003428,10.92626161260162,0
16.0102871,10.665699973533705,0
16.0204295,10.665699973533705,0
16.0301994,10.57439625326279,0
16.0403234,10.57439625326279,0
16.0502738,10.684070537921636,0
16.0603556,10.592584027480942,0
16.0704385,10.57439625326279,0
16.080312499999998,10.484001020187893,0
16.090388500000003,10.556244818241767,0
16.1002613,10.57439625326279,0
16.110342099999997,10.394505234710364,0
16.1205626,10.288284968133446,0
16.130316800000003,10.25316052398179,0
16.140201500000003,9.825756633804376,1.900000000887303e-06
16.1531441,10.0282445284255,0
16.1683326,9.960207881646939,2.3999999996249244e-06
16.1818162,9.74281048940505,0.013505999999999574
16.1824662,9.595581734544421,0.014134099999999705
16.1900745,9.677048205357805,0.0217763999999967
16.200365499999997,9.482888682273867,0.032001399999998625
16.210162599999997,9.482888682273867,0.04182619999999915
16.2203745,9.435072542049229,0.051951199999997755
16.2301772,9.27774164451191,0.06184149999999988
16.240169799999997,9.450979388677672,0.07186169999999947
16.2502014,9.16946735002452,0.08188939999999789
16.260379999999998,9.123526107475662,0.09200889999999973
16.2703474,8.912740939929662,0.10196959999999677
16.2853584,9.154122964824467,0.1170240999999983
16.298868,9.06269833412371,0.1305160999999977
16.300173,8.987344746665283,0.1318520999999997
16.314089799999998,8.987344746665283,0.1457254999999975
16.3203945,8.794915799605649,0.15198339999999888
16.3301954,8.751215137895052,0.16183479999999761
16.340012799999997,8.897909494439109,0.17171229999999937
16.350137600000004,8.67896086002344,0.18182049999999705
16.360243500000003,8.564846436085226,0.19188319999999948
16.370286300000004,8.314667798570671,0.20187409999999772
16.380105399999998,8.452543313875262,0.21180559999999815
16.3901233,8.342022743180927,0.22179379999999682
16.4001441,8.438631343854855,0.23180249999999702
16.410110699999997,8.522522057577296,0.24180269999999737
16.420163700000003,8.707775895113674,0.25175539999999685
16.430197399999997,8.809541051581752,0.2618623999999983
16.440319600000002,8.707775895113674,0.27198619999999707
16.450222699999998,8.912740939929662,0.2818531999999969
16.4602497,8.809541051581752,0.2919343999999988
16.470230899999997,9.017395787665905,0.3018761999999988
16.483072200000002,8.987344746665283,0.3147223999999973
16.4972506,8.868335443994296,0.328813499999999
16.500085300000002,8.912740939929662,0.3317871999999973
16.5101322,8.912740939929662,0.3417911999999994
16.5204459,8.897909494439109,0.35202959999999806
16.530121200000004,8.957413669740566,0.3617689999999989
16.5401915,9.30895659937976,0.3718486999999975
16.553590200000002,8.987344746665283,0.3852083999999998
16.567051999999997,9.154122964824467,0.39871750000000006
16.5811529,9.123526107475662,0.4128381999999995
16.5817155,8.987344746665283,0.4134259
16.596550200000003,9.154122964824467,0.4281916999999993
16.611626100000002,8.883107682196407,0.4432577000000002
16.6124207,9.077859687091145,0.44408039999999716
16.627313299999997,8.987344746665283,0.45899289999999837
16.643405,9.123526107475662,0.4751069000000001
16.6440154,9.138809237726493,0.47573719999999753
16.657677900000003,9.27774164451191,0.489312199999997
16.660117,9.482888682273867,0.49179019999999696
16.6702971,9.215685068627405,0.5018745999999972
16.6802571,9.693439487586987,0.5118981999999974
16.6900313,9.154122964824467,0.5217284999999983
16.700403,9.26218092712718,0.5320666999999979
16.710121,9.89271335666411,0.5418263999999979
16.7202665,9.498891256878826,0.5519052000000002
16.7301394,9.482888682273867,0.5618428999999985
16.740341800000003,9.077859687091145,0.5719113999999976
16.750398099999998,9.017395787665905,0.5819677999999975
16.760438200000003,8.94249296807631,0.5920119999999969
16.7770243,9.450979388677672,0.6086341999999973
16.7951767,9.482888682273867,0.6267591999999986
16.796107900000003,9.154122964824467,0.6275846999999999
16.800350299999998,9.450979388677672,0.6320073999999991
16.810226399999998,9.387542439694219,0.641912099999999
16.820481700000002,9.30895659937976,0.6519951999999982
16.8301837,9.450979388677672,0.6617484999999981
16.840314499999998,9.530992581754338,0.6719262999999991
16.850143000000003,9.482888682273867,0.6817801999999986
16.860155400000004,9.215685068627405,0.6918144999999996
16.870236300000002,9.644363824876494,0.7018611999999997
16.880282299999998,9.644363824876494,0.7118693
16.8901398,9.74281048940505,0.7218109999999989
16.900249000000002,10.218176296985487,0
16.914341999999998,9.809100981740718,2.099999999671809e-06
16.928084400000003,9.75933342781462,0.013788300000001641
16.9300864,9.75933342781462,0.015828200000001402
16.940263899999998,10.011184305278535,0
16.9549089,10.011184305278535,0
16.960181,9.825756633804376,1.8999999973345894e-06
16.9748095,10.011184305278535,0
16.991590100000003,9.825756633804376,2.600000001962144e-06
16.9923309,9.977166049925785,0.0007885000000023012
17.0063575,10.011184305278535,0
17.021559000000003,9.994158168480158,1.8999999973345894e-06
17.022309800000002,10.23565091837597,0
17.036654,9.825756633804376,1.999999998503199e-06
17.050607900000003,9.89271335666411,0.01395469999999932
17.051380899999998,9.859168038600663,0.014791999999999916
17.0601256,9.644363824876494,0.02355919999999756
17.070636899999997,10.09682765136841,0
17.085479900000003,9.859168038600663,2.0000000020559128e-06
17.099049100000002,9.75933342781462,0.0136162000000013
17.1001226,9.926393124720537,0.014721999999999014
17.110180300000003,9.89271335666411,0.02473540000000085
17.1203754,9.977166049925785,0.03484979999999993
17.1301373,9.89271335666411,0.04469930000000133
17.1401446,9.926393124720537,0.05472830000000073
17.150108600000003,9.926393124720537,0.06470270000000156
17.1601949,9.77588944516893,0.0747719999999994
17.170237,9.154122964824467,0.08475269999999924
17.180391200000003,10.011184305278535,0
17.1944528,9.792478607692077,1.999999998503199e-06
17.210227099999997,10.011184305278535,0
17.210844100000003,9.792478607692077,1.900000000887303e-06
17.224133600000002,9.825756633804376,0.013247899999999646
17.2301487,9.960207881646939,0.019263099999999866
17.2402186,9.792478607692077,0.029343300000000738
17.250145600000003,9.809100981740718,0.03924389999999889
17.2601727,9.660689672932362,0.04927430000000044
17.270230400000003,9.825756633804376,0.05925900000000084
17.280268200000002,9.89271335666411,0.06935430000000053
17.290141300000002,9.89271335666411,0.07921740000000099
17.300069800000003,9.74281048940505,0.08918549999999925
17.310209999999998,9.75933342781462,0.09927520000000101
17.3203398,9.909536400813906,0.10939019999999999
17.330052600000002,9.89271335666411,0.11916949999999815
17.340120400000004,9.435072542049229,0.12925849999999883
17.350160000000002,9.70986358518506,0.13929479999999828
17.3604445,9.825756633804376,0.1494642000000006
17.370480299999997,9.94328359581091,0.15942169999999933
17.380386899999998,9.94328359581091,0.1694004999999983
17.390341999999997,9.825756633804376,0.17935819999999936
17.400248599999998,9.74281048940505,0.18936009999999825
17.410549500000002,10.0282445284255,0
17.4265725,9.792478607692077,1.999999998503199e-06
17.440499600000003,9.89271335666411,0.01387269999999674
17.4412192,9.825756633804376,0.014569099999999224
17.450158700000003,9.842445630505686,0.02352279999999851
17.460222,9.859168038600663,0.03361919999999685
17.4701904,9.859168038600663,0.04356499999999741
17.4801723,10.045338906161959,0
17.494948200000003,9.89271335666411,2.8000000007466497e-06
17.510572099999997,9.792478607692077,0.015640100000002377
17.5111231,9.660689672932362,0.016252100000002656
17.5207111,9.89271335666411,0.0256842000000006
17.530107299999997,9.89271335666411,0.03518280000000118
17.540239200000002,9.72632056384844,0.04529160000000232
17.550213,9.72632056384844,0.05519920000000056
17.5602887,9.926393124720537,0.06531570000000286
17.570086099999997,9.859168038600663,0.07513580000000175
17.580114799999997,9.644363824876494,0.08520500000000197
17.590168499999997,9.62807059588681,0.09523760000000081
17.6002156,9.498891256878826,0.10528080000000273
17.610202700000002,9.530992581754338,0.11524160000000094
17.6201843,9.30895659937976,0.12523510000000115
17.630220900000005,9.231152701241395,0.13528510000000082
17.6402935,9.246651300076511,0.14536529999999814
17.6501206,9.371762340174383,0.155172799999999
17.6601455,9.27774164451191,0.16523100000000213
17.670226200000002,9.466918080834294,0.17524359999999817
17.680264200000003,9.530992581754338,0.18529320000000027
17.690426200000005,9.387542439694219,0.1954031000000036
17.700249,9.466918080834294,0.20528750000000073
17.7102146,9.26218092712718,0.21524390000000082
17.7202494,9.154122964824467,0.225313400000001
17.7301018,9.231152701241395,0.23519270000000247
17.7401427,9.09305139310744,0.24519230000000292
17.750237400000003,9.047567273559713,0.2552649000000038
17.760224,8.987344746665283,0.2652797999999983
17.773923100000005,9.06269833412371,0.2790125000000039
17.788393300000003,8.794915799605649,0.29346299999999914
17.8023332,8.593204099345877,0.30733970000000355
17.803044800000002,8.550710084276984,0.3081505
17.810207300000002,8.466483135678205,0.31523800000000435
17.820262,8.179522401387631,0.32529940000000224
17.830152400000003,8.08651605131745,0.33522530000000117
17.8402472,7.840536452576179,0.3453398000000014
17.8526295,7.840536452576179,0.3576777
17.8601538,7.739730070915215,0.36518739999999994
17.870258400000004,7.764780658974222,0.37524279999999877
17.880296700000002,7.640523756686739,0.3853258000000004
17.8901399,7.652837914252965,0.3952239000000013
17.900217600000005,7.293918879685199,0.40531389999999945
17.9101554,9.74281048940505,0.4152106999999994
17.923603800000002,7.09988923293321,0.42870250000000354
17.936329300000004,7.144951555755833,0.4413464999999981
17.9400719,6.988798062988308,0.4451708000000032
17.953492000000004,6.923202049463866,0.4584967000000013
17.9601786,6.773171422726079,0.46525250000000185
17.9702536,6.565999623962232,0.4752673000000023
17.9801321,6.435714282503059,0.4852099000000045
17.9901621,6.260821133074819,0.49525850000000204
18.000370000000004,6.1198102381647095,0.5053924000000016
18.010068000000004,6.073738876518667,0.5151292000000005
18.0202368,5.938257097883617,0
18.033013000000004,5.755282855289889,0
18.040231,5.885192238641251,0
18.0502064,5.7981536807136225,0
18.0601311,5.704400565352053,0
18.070233300000005,5.704400565352053,0
18.080169500000004,5.763822758056602,0
18.0902593,5.920498011343938,0
18.100171600000003,6.27994423832014,8.99999996306633e-07
18.113471100000005,6.15700048270041,0.013342600000001426
18.120360000000005,6.49542520288607,0.02014870000000002
18.130095500000003,6.6893069845681055,0.029950399999997046
18.140162700000005,6.934080128015318,0.03999679999999728
18.150150000000004,7.111121039461668,0.049997499999996364
18.162482700000005,7.259197235504502,0.0623162999999991
18.170364300000003,7.3055391338252935,0.07013959999999742
18.1801467,7.446810144218417,0.08000220000000269
18.190132400000003,7.328849479972434,0.08994510000000133
18.2002459,7.270747976866626,0.10007420000000167
18.210107700000002,8.08651605131745,0.1099174000000005
18.2245328,7.328849479972434,0.1243210000000019
18.2383984,7.47068670608361,0.1382103999999984
18.2403104,7.45873648687406,0.1401145000000028
18.2502476,7.677540237620285,0.1501092999999969
18.2602459,7.917206792001785,0.1600358999999969
18.270220700000003,7.9818053142127345,0.1700207999999961
18.280204500000004,8.099723086052473,0.18004700000000184
18.294934500000004,8.21978259559808,0.1947694999999996
18.300248100000005,8.438631343854855,0.20006279999999776
18.310119,8.126216529959919,0.20995609999999942
18.320644100000003,8.273839997665297,0.22044059999999632
18.3301352,8.21978259559808,0.22997010000000273
18.340194600000004,8.126216529959919,0.24000480000000124
18.350216100000004,8.126216529959919,0.2500043000000005
18.360354300000004,7.891547717195478,0.26016440000000074
18.3726233,8.11295656128866,0.27246929999999736
18.3866528,8.342022743180927,0.2864620000000002
18.390116300000003,8.369487326701252,0.2899706999999978
18.4000312,9.387542439694219,0.29986929999999745
18.4136964,8.67896086002344,0.3135460000000023
18.427346900000003,8.536601976918485,0.3271678999999992
18.430127300000002,8.853592720743801,0.32999420000000157
18.440199,8.765752901088112,0.3400615999999985
18.4500052,8.751215137895052,0.34986699999999615
18.460264600000002,8.550710084276984,0.36005079999999623
18.470156800000005,8.650260854860331,0.3699465999999987
18.480049700000002,8.67896086002344,0.3798698000000016
18.4903056,8.736706421172222,0.39007809999999665
18.500178000000005,8.751215137895052,0.3999878999999993
18.510331200000003,8.987344746665283,0.4100816999999992
18.5399738,9.246651300076511,0.4396131999999966
18.5563473,9.435072542049229,0.45607009999999804
18.557125400000004,9.231152701241395,0.45697359999999776
18.5579295,9.563222569082706,0.45770089999999897
18.560307200000004,9.435072542049229,0.4601503999999963
18.570293400000004,9.644363824876494,0.47007599999999883
18.5801904,9.498891256878826,0.48002710000000093
18.590236500000003,9.51492586865949,0.4899906999999999
18.600332700000003,9.62807059588681,0.5001352000000026
18.6101753,9.57938597223622,0.5099937999999966
18.620275,9.530992581754338,0.5200437999999963
18.6300285,9.693439487586987,0.5298435999999995
18.6402213,9.825756633804376,0.5400908000000015
18.650042400000004,9.94328359581091,0.5499038000000027
18.660186500000002,9.89271335666411,0.5600201999999967
18.6705093,10.200736589911823,0
18.6868646,10.0282445284255,0
18.690355700000005,10.305899947177094,0
18.700339200000002,10.305899947177094,0
18.710305400000003,10.09682765136841,0
18.7205012,10.165961639818944,0
18.730094800000003,9.994158168480158,2.2000000043931323e-06
18.7439545,10.18333172739613,0
18.760497800000003,10.341235771500035,0
18.7612345,10.412332866869404,0
18.7704362,10.341235771500035,0
18.780301200000004,10.520050675513097,0
18.7901848,10.629068884658762,0
18.8003335,10.684070537921636,0
18.810222100000004,10.57439625326279,0
18.8203988,10.610808213647339,0
18.8301679,10.629068884658762,0
18.840307200000005,10.57439625326279,0
18.8502803,10.114059332608491,0
18.8602665,10.394505234710364,0
18.870403700000004,10.448095275470884,0
18.880362000000005,10.520050675513097,0
18.890305500000004,10.57439625326279,0
18.9002665,10.776476503078216,0
18.9101663,11.155481122997937,0
18.923877400000002,11.174832229900465,0
18.930273,11.174832229900465,0
18.9401899,11.25262484329977,0
18.9501991,11.429950433021594,0
18.9602183,11.3310422936215,0
18.970410700000002,11.213650744090437,0
18.9802947,11.429950433021594,0
18.990859,11.233118306652,0
19.0004889,11.370486899414773,0
19.0102287,11.41008959960924,0
19.020460800000002,11.174832229900465,0
19.0302169,11.233118306652,0
19.040394,11.489771820317557,0
19.0503023,11.549953214879066,0
19.060361900000004,11.630758832104176,0
19.070412600000004,11.370486899414773,0
19.080381800000005,11.233118306652,0
19.090253600000004,11.213650744090437,0
19.1004059,11.469791463693667,0
19.110235200000005,11.41008959960924,0
19.120625100000005,11.610496783242837,0
19.130557100000004,11.429950433021594,0
19.140529300000004,11.469791463693667,0
19.150409600000003,11.529852615748647,0
19.1605908,11.509792177642064,0
19.1703615,11.590275217982127,0
19.1803254,11.835623829936845,0
19.190754000000005,11.570094055435773,0
19.200214700000004,11.509792177642064,0
19.2104281,11.69178869158578,0
19.2204275,11.390268448168516,0
19.230135700000005,11.489771820317557,0
19.240408800000004,11.370486899414773,0
19.250299400000003,11.69178869158578,0
19.2602094,11.509792177642064,0
19.270395300000004,11.429950433021594,0
19.280152100000002,11.350744874221816,0
19.290161000000005,11.350744874221816,0
19.3003737,10.200736589911823,0
19.3164151,11.429950433021594,0
19.330181000000003,11.272170432059934,0
19.3307627,11.370486899414773,0
19.340314,11.370486899414773,0
19.3502285,10.739403193116889,0
19.3641463,11.174832229900465,0
19.377573600000005,11.078462559035042,0
19.3801718,11.04018371752037,0
19.3901391,11.002057685548928,0
19.400349300000002,10.907407150123706,0
19.4143215,10.888590358886962,0
19.420396700000005,11.136168679632782,0
19.4345443,11.155481122997937,0
19.4402076,11.155481122997937,0
19.450190500000005,10.983051782416258,0
19.4657842,11.174832229900465,0
19.479964200000005,11.116894822555212,0
19.4807956,11.078462559035042,0
19.490274300000003,10.610808213647339,0
19.5054582,11.059303998863323,0
19.518650100000002,11.097659474669772,0
19.520511900000002,11.059303998863323,0
19.530136,11.174832229900465,0
19.5403145,10.983051782416258,0
19.554825200000003,10.92626161260162,0
19.5603123,10.869811163624185,0
19.570540800000003,10.945153821738554,0
19.580345700000002,11.002057685548928,0
19.593461500000004,10.776476503078216,0
19.607997500000003,10.757921311448747,0
19.610196100000003,10.556244818241767,0
19.6205025,10.629068884658762,0
19.6301445,10.610808213647339,0
19.6404821,10.70247788020399,0
19.6503174,10.57439625326279,0
19.6602777,10.592584027480942,0
19.670452600000004,10.629068884658762,0
19.6804184,10.57439625326279,0
19.690238700000002,10.341235771500035,0
19.700367800000002,10.57439625326279,0
19.7102049,10.556244818241767,0
19.7204708,10.376713222184142,0
19.730142800000003,10.412332866869404,0
19.7403232,10.412332866869404,0
19.750538400000003,10.50200782302884,0
19.7602945,10.520050675513097,0
19.7703574,10.57439625326279,0
19.780321200000003,10.592584027480942,0
19.7904088,10.592584027480942,0
19.800420100000004,10.684070537921636,0
19.810378900000003,10.484001020187893,0
19.820405700000002,10.665699973533705,0
19.830615100000003,10.647366113557899,0
19.840371000000005,10.556244818241767,0
19.850279200000003,10.592584027480942,0
19.860250900000004,10.79506884222607,0
19.870440000000002,10.739403193116889,0
19.8804102,10.92626161260162,0
19.890177900000005,10.869811163624185,0
19.900303,11.078462559035042,0
19.913573,11.04018371752037,0
19.920456200000004,10.92626161260162,0
19.9355416,10.869811163624185,0
19.9403049,10.851069489218567,0
19.950219000000004,10.832365260703382,0
19.960418700000005,10.79506884222607,0
19.970574500000005,10.684070537921636,0
19.980372700000004,10.851069489218567,0
19.9900958,10.57439625326279,0
20.0003483,11.078462559035042,0
20.014759600000005,10.684070537921636,0
20.029692400000002,10.776476503078216,0
20.030454400000004,10.813698403261705,0
20.040671000000003,10.79506884222607,0
20.050415300000004,10.888590358886962,0
20.060233500000002,10.92626161260162,0
20.0703947,10.79506884222607,0
20.080350700000004,10.665699973533705,0
20.090407400000004,10.647366113557899,0
20.100391800000004,10.757921311448747,0
20.110361400000002,10.556244818241767,0
20.1204308,10.610808213647339,0
20.1301743,10.57439625326279,0
20.140324200000002,10.79506884222607,0
20.150395000000003,10.813698403261705,0
20.1603735,10.70247788020399,0
20.1703227,10.592584027480942,0
20.180197800000002,10.57439625326279,0
20.1902909,10.448095275470884,0
20.2002157,10.57439625326279,0
20.210257500000004,10.448095275470884,0
20.2204319,10.520050675513097,0
20.230230500000005,10.305899947177094,0
20.240393400000002,10.629068884658762,0
20.2503813,10.23565091837597,0
20.2602476,10.2707051838414,0
20.2703018,10.466030194963013,0
20.280178500000005,10.305899947177094,0
20.2902002,10.200736589911823,0
20.3004247,10.011184305278535,0
20.310208200000005,9.94328359581091,2.5999999948567165e-06
20.3241223,9.926393124720537,0.013963499999995577
20.3304958,10.288284968133446,0
20.3535628,9.77588944516893,2.8000000042993634e-06
20.3664039,9.693439487586987,0.012864300000003936
20.370430400000004,9.677048205357805,0.016860399999998776
20.3724146,9.693439487586987,0.018836000000000297
20.3889882,9.57938597223622,0.035445299999999236
20.3923766,9.644363824876494,0.038778000000000645
20.4003158,9.293333514473604,0.04678570000000093
20.410331900000003,9.215685068627405,0.056718500000002336
20.420593600000004,9.387542439694219,0.06689279999999798
20.430179800000005,8.972364242669451,0.07659650000000084
20.444684200000005,8.21978259559808,0.09121420000000313
20.450072300000002,8.794915799605649,0.09657659999999879
20.4601386,9.06269833412371,0.10666410000000326
20.473298200000002,8.780319768902485,0.11977139999999764
20.4870314,9.108273512939446,0.13347000000000264
20.5015029,9.994158168480158,0.14795480000000083
20.502489000000004,8.927602077993871,0.1489957000000004
20.516860800000003,8.94249296807631,0.16334669999999818
20.5201419,8.972364242669451,0.1665479999999988
20.5301141,8.650260854860331,0.17660980000000137
20.540108000000004,8.650260854860331,0.18662069999999886
20.5501992,8.508470269933717,0.19670750000000226
20.560206100000002,8.342022743180927,0.20670570000000055
20.5702225,8.452543313875262,0.21663699999999864
20.5800505,8.480450865022997,0.22655220000000043
20.590124000000003,8.383260870307085,0.23659100000000421
20.600020900000004,8.508470269933717,0.24653330000000295
20.6101995,8.355741302653907,0.2567005000000009
20.620413900000003,8.314667798570671,0.26678520000000105
20.6300629,8.369487326701252,0.2765369000000035
20.6402133,8.438631343854855,0.2867231999999973
20.6501314,8.287422055190799,0.29664439999999814
20.660122700000002,8.438631343854855,0.3066012000000029
20.6702643,8.179522401387631,0.3167213999999987
20.680275200000004,8.02087563986406,0.3267218000000014
20.690018600000002,8.08651605131745,0.3365393999999995
20.700128,8.08651605131745,0.34664699999999726
20.710079900000004,8.233256430132531,0.35657640000000157
20.7202633,8.126216529959919,0.36668550000000266
20.730105300000005,7.955888361417405,0.37660319999999814
20.7428872,7.94296870865388,0.3893801000000039
20.7502135,7.739730070915215,0.39667980000000114
20.760112300000003,7.7023415681634235,0.4065411999999995
20.770244500000004,7.446810144218417,0.4166438000000028
20.7800364,7.518727305915347,0.4265517999999986
20.7901928,7.35225325423583,0.43670380000000364
20.800244900000003,7.375750831076357,0.44674220000000275
20.810141900000005,7.363990293871589,0.45665120000000314
20.820197900000004,7.317182651729675,0.466630600000002
20.830274000000003,7.167618265175428,0.4767001000000022
20.8401968,7.167618265175428,0.48671170000000075
20.850085900000003,7.213224593376143,0.49661760000000044
20.8601035,7.111121039461668,0.5065851000000023
20.870117200000003,7.446810144218417,0.5165638000000001
20.8804958,7.591512672362713,0.5270027999999982
20.890107400000005,7.45873648687406,0.5366090999999997
20.900069700000003,7.789931650057636,0.5465677999999983
20.9100381,7.9300748693738,0.5565117000000015
20.9203732,8.11295656128866,0.5668016999999992
20.9341509,8.08651605131745,0.580621800000003
20.940088700000004,8.301031304013586,0.5865533999999997
20.950052200000002,8.328331593408056,0.5965677000000014
20.960189200000002,8.494446557780574,0.6067135999999991
20.970348100000002,8.494446557780574,0.6167356999999996
20.980203000000003,8.536601976918485,0.6266475000000042
20.9901349,8.650260854860331,0.6366131999999993
21.000231300000003,8.751215137895052,0.6466934999999978
21.010205500000005,8.751215137895052,0.656661800000002
21.020247000000005,8.927602077993871,0.6666384000000036
21.0302205,9.660689672932362,0.6766993000000028
21.043414,8.972364242669451,0.6898792
21.0608023,9.06269833412371,0.7072678000000039
21.0614006,9.200248340363991,0.7079535000000021
21.0772957,9.200248340363991,0.7238090000000028
21.080231400000002,9.371762340174383,0.7267174999999995
21.0901597,9.74281048940505,0.7365978999999996
21.1001202,9.466918080834294,0.7465893999999977
21.1101619,9.403354130994348,0.7566825000000037
21.1203443,9.387542439694219,0.7667681000000002
21.1301553,9.482888682273867,0.7766695999999982
21.140101300000005,9.371762340174383,0.7865988000000002
21.150235700000003,9.387542439694219,0.7966999000000001
21.160225600000004,9.57938597223622,0.8067467999999991
21.170106000000004,9.482888682273867,0.8165410000000008
21.1803039,8.824195583331818,0.8266872000000021
21.196575800000005,9.498891256878826,0.843013599999999
21.212312000000004,9.482888682273867,0.8586827000000028
21.213,9.32461096172274,0.8595007999999993
21.2203954,9.340296664120023,0.8668341999999996
21.2301632,9.215685068627405,0.8766518999999988
21.240271800000002,9.435072542049229,0.8867665000000002
21.2501758,9.482888682273867,0.8966555000000014
21.260113600000004,9.435072542049229,0.9066125000000014
21.2701847,9.51492586865949,0.9166367999999991
21.280235600000005,9.54709146043023,0.926696800000002
21.2901314,9.340296664120023,0.9365251999999984
21.3000853,9.450979388677672,0.9466013999999987
21.3100599,9.435072542049229,0.9565788000000026
21.3203179,9.403354130994348,0.9667248000000015
21.3302179,9.26218092712718,0.9766881000000041
21.3400691,9.482888682273867,0.9865441000000033
21.3502248,9.09305139310744,0.9967000000000041
21.360146200000003,9.231152701241395,1.0065688000000037
21.370277,9.30895659937976,1.0065688000000037
21.381537,9.435072542049229,1.0065688000000037
21.398237800000004,9.644363824876494,1.0065688000000037
21.400191500000005,9.466918080834294,1.0065688000000037
21.410303,9.530992581754338,1.0065688000000037
21.4204954,9.693439487586987,1.0065688000000037
21.4301709,9.994158168480158,1.0065688000000037
21.4403388,9.77588944516893,1.0065688000000037
21.4502406,9.809100981740718,1.0065688000000037
21.460136,9.994158168480158,1.0065688000000037
21.470483300000005,9.70986358518506,1.0065688000000037
21.4803875,10.011184305278535,1.0065688000000037
21.490168000000004,9.77588944516893,1.0065688000000037
21.500201000000004,9.926393124720537,1.0065688000000037
21.510268000000003,9.909536400813906,1.0065688000000037
21.520447400000002,9.595581734544421,1.0065688000000037
21.530433000000002,10.079630399050409,1.0065688000000037
21.540312,10.18333172739613,1.0065688000000037
21.550252900000004,9.994158168480158,1.0065688000000037
21.5604491,10.011184305278535,1.0065688000000037
21.5704549,10.011184305278535,1.0065688000000037
21.5802891,10.0282445284255,1.0065688000000037
21.5901735,10.484001020187893,1.0065688000000037
21.600375400000004,9.994158168480158,1.0065688000000037
21.6102962,10.114059332608491,1.0065688000000037
21.6204673,10.011184305278535,1.0065688000000037
21.630180000000003,10.0282445284255,1.0065688000000037
21.640401700000005,10.131325511697408,1.0065688000000037
21.6502275,10.412332866869404,1.0065688000000037
21.6602683,10.0282445284255,1.0065688000000037
21.6703379,10.114059332608491,1.0065688000000037
21.6802547,9.77588944516893,1.0065688000000037
21.6902665,9.926393124720537,1.0065688000000037
21.7003866,10.114059332608491,1.0065688000000037
21.7101612,10.062467506865458,1.0065688000000037
21.7203344,10.18333172739613,1.0065688000000037
21.7303737,10.2707051838414,1.0065688000000037
21.740096100000002,10.011184305278535,1.0065688000000037
21.750285600000005,10.2707051838414,1.0065688000000037
21.760403000000004,10.011184305278535,1.0065688000000037
21.770359,10.079630399050409,1.0065688000000037
21.7803521,10.25316052398179,1.0065688000000037
21.79023,10.045338906161959,1.0065688000000037
21.800153100000003,10.131325511697408,1.0065688000000037
21.810392800000002,10.448095275470884,1.0065688000000037
21.820278800000004,10.114059332608491,1.0065688000000037
21.830219900000003,10.062467506865458,1.0065688000000037
21.8401285,10.045338906161959,1.0065688000000037
21.850357000000002,10.200736589911823,1.0065688000000037
21.860185900000005,9.825756633804376,1.0065688000000037
21.8705122,10.011184305278535,1.0065688000000037
21.880379500000004,10.011184305278535,1.0065688000000037
21.890171600000002,9.89271335666411,1.0065688000000037
21.900330600000004,10.011184305278535,1.0065688000000037
21.910260200000003,9.960207881646939,1.0065688000000037
21.9204534,10.0282445284255,1.0065688000000037
21.9303356,9.62807059588681,1.0065688000000037
21.9402591,9.89271335666411,1.0065688000000037
21.950241,9.75933342781462,1.0065688000000037
21.9604006,9.74281048940505,1.0065688000000037
21.9704507,9.74281048940505,1.0065688000000037
21.980260700000002,9.70986358518506,1.0065688000000037
21.9901785,9.563222569082706,1.0065688000000037
22.000330600000005,9.482888682273867,1.0065688000000037
22.010236,9.466918080834294,1.0065688000000037
22.020400200000005,9.482888682273867,1.0065688000000037
22.0303022,9.51492586865949,1.0065688000000037
22.0401595,9.340296664120023,1.0065688000000037
22.050171900000002,9.435072542049229,1.0065688000000037
22.060372300000004,9.371762340174383,1.0065688000000037
22.070436700000002,9.792478607692077,1.0065688000000037
22.080411000000005,9.530992581754338,1.0065688000000037
22.090236000000004,9.563222569082706,1.0065688000000037
22.1002583,9.644363824876494,1.0065688000000037
22.1102857,9.482888682273867,1.0065688000000037
22.120534500000005,9.563222569082706,1.0065688000000037
22.1304152,9.677048205357805,1.0065688000000037
22.140205700000003,9.563222569082706,1.0065688000000037
22.1501546,9.482888682273867,1.0065688000000037
22.160609800000003,9.482888682273867,1.0065688000000037
22.170473900000005,9.340296664120023,1.0065688000000037
22.180351700000003,8.736706421172222,1.0065688000000037
22.1904696,8.987344746665283,1.0065688000000037
22.2003829,8.751215137895052,1.0065688000000037
22.210513300000002,8.452543313875262,1.0065688000000037
22.2204002,8.494446557780574,1.0065688000000037
22.2303019,8.166155927514222,1.0065688000000037
22.240586200000003,8.047053062365295,1.0065688000000037
22.2504244,7.677540237620285,1.0065688000000037
22.260253,7.3405396652208985,1.0065688000000037
22.270425200000005,6.617018288369059,1.0065688000000037
22.280110800000003,6.15700048270041,1.0065688000000037
22.2902726,5.514911402176358,1.0065688000000037
22.300404400000005,4.587121497830505,1.0065688000000037
22.3103015,3.743365278995631,1.0065688000000037
22.3204292,2.498239380766767,1.0065688000000037
22.3301892,1.9473657332778151,1.0065688000000037
22.3403676,1.78678580636911,1.0065688000000037
22.3503045,1.4954964917408515,1.0065688000000037
22.360034500000005,1.4929614,1.0065688000000037
22.370144100000005,1.4929614,1.0065688000000037
