0.0009395999999988192,[-1.0253396   0.31559706 -1.14939249],[ 0.8329497  -0.01605427 -1.37994373]
0.009383399999997266,[-1.02504396  0.31547827 -1.14921331],[ 0.8329376  -0.01603946 -1.37992001]
0.01775819999999939,[-1.02487397  0.31530148 -1.14916241],[ 0.83291823 -0.01601261 -1.37989581]
0.027295799999997428,[-1.02471292  0.31512284 -1.14909291],[ 0.83291155 -0.01600734 -1.37986422]
0.03462639999999695,[-1.02455318  0.31496704 -1.14902973],[ 0.83288389 -0.01599076 -1.37983894]
0.042697199999999214,[-1.02442205  0.31483674 -1.14898396],[ 0.83284491 -0.01594867 -1.37981057]
0.051009999999998,[-1.02429092  0.31470475 -1.1489377 ],[ 0.83281368 -0.01591662 -1.37978947]
0.05945119999999804,[-1.02415812  0.31457102 -1.14888918],[ 0.83277643 -0.01589049 -1.37976313]
0.0677821999999999,[-1.02401733  0.31445482 -1.14882326],[ 0.83274931 -0.0158684  -1.37973237]
0.07610879999999653,[-1.02388334  0.31433228 -1.14877689],[ 0.83271998 -0.01582537 -1.37970483]
0.08436739999999787,[-1.02377653  0.3142243  -1.14875436],[ 0.83268464 -0.01579139 -1.37968004]
0.09271359999999973,[-1.02366531  0.31409395 -1.14872384],[ 0.83266133 -0.0157624  -1.37965274]
0.10107909999999976,[-1.02355909  0.31396118 -1.1486901 ],[ 0.83264089 -0.01573787 -1.37963068]
0.10922989999999899,[-1.02357006  0.31381166 -1.14878666],[ 0.83261639 -0.01570253 -1.37960958]
0.11724359999999834,[-1.02346027  0.31369269 -1.14875782],[ 0.83259577 -0.0156744  -1.37959504]
0.12454009999999727,[-1.02342248  0.31363317 -1.14874637],[ 0.83258063 -0.01565138 -1.3795836 ]
0.13283119999999826,[-1.02330267  0.31351095 -1.14869571],[ 0.83256739 -0.01563922 -1.37955558]
0.1410033999999989,[-1.023103    0.31340495 -1.14856899],[ 0.83255029 -0.01562637 -1.37953675]
0.1491714999999978,[-1.02295029  0.31332096 -1.1485033 ],[ 0.83254647 -0.01561108 -1.37951279]
0.15757059999999967,[-1.02285707  0.31321108 -1.14850152],[ 0.83255035 -0.01559765 -1.37949491]
0.16588379999999958,[-1.02274072  0.31314132 -1.14846456],[ 0.83256245 -0.01561088 -1.37947893]
0.17397279999999782,[-1.02263844  0.3130872  -1.14844143],[ 0.83256316 -0.01560113 -1.37946105]
0.18240419999999702,[-1.02253067  0.31305048 -1.14841998],[ 0.83257341 -0.01559004 -1.37945437]
0.19069829999999754,[-1.02242315  0.31301266 -1.14841127],[ 0.83260143 -0.01558811 -1.37944901]
0.19920349999999942,[-1.02231288  0.31296739 -1.14840007],[ 0.83261877 -0.01558879 -1.37943947]
0.20757270000000005,[-1.02219939  0.31293908 -1.14839411],[ 0.83264267 -0.01559048 -1.37943161]
0.2162159999999993,[-1.02208602  0.3129257  -1.14838457],[ 0.83267337 -0.01559367 -1.37942767]
0.22471479999999744,[-1.02196288  0.31290928 -1.1483537 ],[ 0.83270282 -0.01559477 -1.37941527]
0.2326032999999974,[-1.02196836  0.31285569 -1.14845884],[ 0.83273226 -0.01560297 -1.37939954]
0.24082209999999904,[-1.02185059  0.3128567  -1.14843762],[ 0.83275348 -0.01561497 -1.37938607]
0.24906459999999697,[-1.02173364  0.31284365 -1.14842963],[ 0.83278322 -0.01561891 -1.37937081]
0.25773069999999976,[-1.02161622  0.31284845 -1.14840961],[ 0.83279932 -0.0156295  -1.37935603]
0.2659944999999979,[-1.02150857  0.31286234 -1.14838135],[ 0.83281952 -0.01562604 -1.37933815]
0.27419149999999703,[-1.02140558  0.31287575 -1.14835048],[ 0.83284074 -0.01564259 -1.379318  ]
0.28106619999999793,[-1.0212909   0.31287363 -1.14832342],[ 0.83286214 -0.01565226 -1.37930298]
0.28861269999999806,[-1.02118695  0.31291372 -1.14827979],[ 0.83288521 -0.01566308 -1.37928319]
0.2967720999999983,[-1.02108228  0.31293303 -1.14823329],[ 0.83291644 -0.01567947 -1.37927306]
0.3034969999999966,[-1.02102935  0.31294924 -1.1482079 ],[ 0.83293074 -0.01569628 -1.37926304]
0.3117775999999992,[-1.02093184  0.31298199 -1.14814901],[ 0.83295012 -0.01571494 -1.37925434]
0.3201919999999987,[-1.02076197  0.31305125 -1.14798224],[ 0.83298105 -0.01573391 -1.37924981]
0.3283175999999983,[-1.02067959  0.31309357 -1.14792228],[ 0.8330006  -0.01573885 -1.37924528]
0.33696709999999896,[-1.02057493  0.31313425 -1.14783537],[ 0.83302879 -0.01575913 -1.37923145]
0.3452940999999967,[-1.02052689  0.31316659 -1.14779341],[ 0.83306575 -0.01577476 -1.3792218 ]
0.35341239999999985,[-1.02047396  0.31321317 -1.14773047],[ 0.83309966 -0.01580092 -1.37921357]
0.36174729999999755,[-1.02042389  0.31326491 -1.14766717],[ 0.83313984 -0.01581727 -1.37920356]
0.3705576999999991,[-1.02038825  0.31329542 -1.14760554],[ 0.83316594 -0.01584512 -1.37919569]
0.37862579999999824,[-1.0203476   0.31332836 -1.14754784],[ 0.83320451 -0.01589441 -1.37918413]
0.3870408999999988,[-1.02031898  0.31337121 -1.14749217],[ 0.83322406 -0.01594223 -1.37916982]
0.39534929999999946,[-1.02027571  0.31343266 -1.14741766],[ 0.83324409 -0.01600665 -1.37915003]
0.40321449999999714,[-1.02022719  0.31349909 -1.14732468],[ 0.83326286 -0.01607917 -1.37913263]
0.41091309999999837,[-1.02018523  0.31357282 -1.1472441 ],[ 0.833278   -0.01618793 -1.37910318]
0.4184028999999967,[-1.02014196  0.31365752 -1.14713502],[ 0.83328992 -0.01628248 -1.37907124]
0.42687419999999676,[-1.02010453  0.31375572 -1.14704978],[ 0.83330941 -0.01638626 -1.37904215]
0.43455149999999776,[-1.02008533  0.31385976 -1.14694834],[ 0.83332336 -0.01648791 -1.37900579]
0.47691449999999946,[-1.02022123  0.3141242  -1.14633715],[ 0.83335966 -0.01724109 -1.37875319]
0.4845928999999991,[-1.02023721  0.31408876 -1.14617121],[ 0.83338296 -0.01744703 -1.37868857]
0.49280379999999724,[-1.02028406  0.31407022 -1.14601266],[ 0.83339614 -0.01763559 -1.37861729]
0.5010755999999965,[-1.02035165  0.31402963 -1.14585972],[ 0.83340365 -0.01783127 -1.37855136]
0.5092824,[-1.02048814  0.31399655 -1.14571404],[ 0.83340752 -0.01802449 -1.37849188]
0.5178205999999967,[-1.02060378  0.31393996 -1.14554989],[ 0.83342069 -0.01824843 -1.37840021]
0.526867499999998,[-1.02058709  0.31375915 -1.14529526],[ 0.83343846 -0.01844866 -1.37833357]
0.5348942999999977,[-1.02043641  0.31362402 -1.14485753],[ 0.83344913 -0.01866312 -1.37824857]
0.5426430999999994,[-1.02054119  0.31347251 -1.14468503],[ 0.83347136 -0.01892598 -1.37814856]
0.5509739999999965,[-1.02079272  0.31337413 -1.14459693],[ 0.83348894 -0.01919542 -1.37803543]
0.5590298999999987,[-1.02077723  0.31321105 -1.14433992],[ 0.83349627 -0.0194564  -1.37793052]
0.5676347999999969,[-1.02079952  0.31300929 -1.14410913],[ 0.83350712 -0.01973875 -1.37780166]
0.575946799999997,[-1.02087045  0.31283528 -1.14389312],[ 0.83351123 -0.02006293 -1.3776648 ]
0.5843867999999972,[-1.020944    0.31262305 -1.14365768],[ 0.83351165 -0.02045501 -1.3775034 ]
0.5933667999999983,[-1.02100337  0.31239283 -1.14342844],[ 0.83351213 -0.02091166 -1.37732506]
0.6009436999999984,[-1.02105653  0.31214538 -1.14323175],[ 0.83350527 -0.02138545 -1.37714243]
0.6090472999999967,[-1.02110386  0.31190023 -1.14303136],[ 0.83350897 -0.02187707 -1.37694132]
0.6160286999999975,[-1.02112198  0.31177947 -1.14293706],[ 0.8334983  -0.02212735 -1.37683594]
0.6247386999999982,[-1.02113819  0.31150779 -1.14275253],[ 0.83347875 -0.02262905 -1.37663853]
0.6325826999999968,[-1.02116048  0.31125268 -1.14256418],[ 0.83345956 -0.02318472 -1.37644124]
0.6407747999999991,[-1.02128029  0.3109633  -1.14249098],[ 0.8334465  -0.02377935 -1.37624252]
0.6481911999999994,[-1.02119851  0.31068331 -1.14220965],[ 0.8334493  -0.02437184 -1.37604797]
0.6553063999999971,[-1.02116084  0.31039724 -1.14198196],[ 0.83345217 -0.02504382 -1.375844  ]
0.6634323999999978,[-1.0211488   0.31006819 -1.14182031],[ 0.83345377 -0.02576221 -1.37562382]
0.6720016999999991,[-1.02111697  0.30974689 -1.14165235],[ 0.83344156 -0.02638046 -1.37543774]
0.6802332999999976,[-1.02108026  0.30941558 -1.14148831],[ 0.83344364 -0.02702636 -1.37524617]
0.6885714999999983,[-1.02104616  0.3090696  -1.1413157 ],[ 0.83345217 -0.0277707  -1.37505984]
0.6967861999999982,[-1.02101302  0.30869636 -1.14112866],[ 0.83343875 -0.0284801  -1.37486851]
0.7052557999999998,[-1.0209744   0.30832985 -1.14095831],[ 0.83340335 -0.02917434 -1.37471759]
0.7136579999999988,[-1.02103186  0.30795443 -1.1409173 ],[ 0.83336663 -0.02988426 -1.37454593]
0.7220643999999972,[-1.02096856  0.30757225 -1.14073706],[ 0.83334756 -0.03064444 -1.37437439]
0.7303615999999984,[-1.02091527  0.30715495 -1.1405648 ],[ 0.83333111 -0.03140621 -1.37417924]
0.738609499999999,[-1.02084899  0.30675131 -1.14038682],[ 0.83328938 -0.03215574 -1.3740114 ]
0.7468800999999985,[-1.02066171  0.30635476 -1.14007938],[ 0.83327478 -0.03294424 -1.37382925]
0.7561576999999993,[-1.02060163  0.30592078 -1.1399219 ],[ 0.83325183 -0.03370554 -1.37365961]
0.7635913999999993,[-1.02054918  0.30548859 -1.13974571],[ 0.83323485 -0.03444752 -1.37348461]
0.7718870999999972,[-1.02051783  0.30508077 -1.1395843 ],[ 0.83320481 -0.03520203 -1.37331557]
0.780164899999999,[-1.02045178  0.30467334 -1.13940501],[ 0.8331666  -0.03596218 -1.37315118]
0.7884699999999967,[-1.02049303  0.30420327 -1.13935411],[ 0.83312994 -0.03670941 -1.37299347]
0.8266957999999995,[-1.0200597   0.3025606  -1.13865221],[ 0.833013   -0.03964001 -1.37236488]
0.8450550999999997,[-1.02003253  0.30148694 -1.13844073],[ 0.83292043 -0.04130425 -1.37198138]
0.8553687999999973,[-1.01983464  0.3009119  -1.13815641],[ 0.83290994 -0.04232067 -1.37176394]
0.8650462999999995,[-1.01973832  0.30054036 -1.13802516],[ 0.83288431 -0.04299762 -1.37162709]
0.8767815999999975,[-1.01963902  0.29996267 -1.13784611],[ 0.8328259  -0.04407261 -1.37147295]
0.8846067999999967,[-1.01955724  0.29962492 -1.13772345],[ 0.83283973 -0.04457868 -1.37125838]
0.892942399999999,[-1.01951516  0.29931131 -1.13762009],[ 0.83284247 -0.0451718  -1.37111962]
0.9016217999999974,[-1.01949179  0.29897502 -1.13750756],[ 0.83282411 -0.04578093 -1.37097394]
0.9093541999999992,[-1.01947582  0.2986047  -1.13742554],[ 0.83281821 -0.04637964 -1.37081969]
0.9176513999999969,[-1.01941395  0.29826429 -1.13726723],[ 0.83281344 -0.04698615 -1.37066746]
0.926070799999998,[-1.01938105  0.29791123 -1.13717091],[ 0.8328287  -0.04757242 -1.37050045]
0.934338099999998,[-1.01933777  0.29757339 -1.13705552],[ 0.83283544 -0.04816734 -1.37033594]
0.9426664999999979,[-1.01932895  0.29726902 -1.13693845],[ 0.83282179 -0.04873132 -1.37018168]
0.9514625999999993,[-1.01942086  0.29698342 -1.13694346],[ 0.83281553 -0.04928327 -1.37003934]
0.959481199999999,[-1.01941609  0.29672864 -1.13683498],[ 0.83279973 -0.0498284  -1.36988533]
0.9676455999999973,[-1.01944208  0.29647931 -1.13672209],[ 0.83278805 -0.05040394 -1.36971176]
0.975734499999998,[-1.0194521   0.29619735 -1.13659978],[ 0.83275801 -0.05109815 -1.36958325]
0.9829313999999982,[-1.01945341  0.29604015 -1.13653576],[ 0.83276105 -0.05136328 -1.36948943]
0.9907734999999995,[-1.01947355  0.29574889 -1.13640094],[ 0.83281392 -0.05177138 -1.36925375]
0.9976864999999968,[-1.01941645  0.29550487 -1.13619328],[ 0.83282077 -0.0522952  -1.36908722]
1.0052734999999977,[-1.01944065  0.29524216 -1.1360395 ],[ 0.8328163  -0.05277686 -1.36890101]
1.0140117999999987,[-1.01948929  0.29498777 -1.13592279],[ 0.83280385 -0.05329621 -1.36871624]
1.023071899999998,[-1.01954114  0.29475835 -1.1357981 ],[ 0.83278805 -0.05377197 -1.36855543]
1.0311984999999986,[-1.0196079   0.29455605 -1.13567138],[ 0.83280152 -0.05427532 -1.36839509]
1.0386549999999986,[-1.01968634  0.29432297 -1.13555586],[ 0.83281088 -0.05480458 -1.36823106]
1.0469623999999982,[-1.01975381  0.29408827 -1.1353966 ],[ 0.83283097 -0.05534301 -1.36804509]
1.055420699999999,[-1.01980007  0.29386425 -1.13525236],[ 0.83283836 -0.05583391 -1.3678782 ]
1.0638872999999975,[-1.01982474  0.29366159 -1.13511813],[ 0.83287024 -0.05631938 -1.36771238]
1.0719756999999994,[-1.01987016  0.29348326 -1.13497138],[ 0.83288169 -0.05681423 -1.36754513]
1.080182899999997,[-1.02002525  0.29330119 -1.13493276],[ 0.83285421 -0.05741234 -1.36743963]
1.0900484999999982,[-1.02009344  0.29317147 -1.13480628],[ 0.83292884 -0.05784383 -1.3672235 ]
1.0999896999999983,[-1.02018774  0.29306006 -1.13467884],[ 0.83295608 -0.05827943 -1.36708486]
1.1106748999999994,[-1.02022183  0.2928718  -1.13439631],[ 0.8330729  -0.05909561 -1.36678743]
1.1186767999999994,[-1.02026212  0.29271957 -1.13424087],[ 0.83311152 -0.05953239 -1.36663783]
1.1268095999999979,[-1.0203054   0.29259688 -1.13408089],[ 0.83313853 -0.06000416 -1.36650038]
1.1350708999999988,[-1.02034545  0.29248238 -1.13393533],[ 0.83317429 -0.06046763 -1.36636317]
1.142805899999999,[-1.02039647  0.29239085 -1.13379967],[ 0.83319604 -0.06090845 -1.36624503]
1.1511286999999975,[-1.02048504  0.29230282 -1.13370824],[ 0.83325207 -0.06136683 -1.36608946]
1.1597676999999997,[-1.0205766   0.29223138 -1.13362396],[ 0.83328092 -0.06176702 -1.36594498]
1.1676351999999994,[-1.02064538  0.29214934 -1.13351297],[ 0.83332193 -0.06214608 -1.36578858]
1.1762122999999995,[-1.02069139  0.29206389 -1.13338733],[ 0.83336014 -0.06253237 -1.36563587]
1.1843468999999978,[-1.02072442  0.29197043 -1.13326573],[ 0.83339959 -0.06292795 -1.36547983]
1.1928579999999975,[-1.02075708  0.29189637 -1.13313687],[ 0.83341736 -0.06332617 -1.36532342]
1.2011594999999993,[-1.02079666  0.29183143 -1.13299751],[ 0.83341175 -0.06371605 -1.36517322]
1.209199599999998,[-1.02076936  0.29182598 -1.13275301],[ 0.83342022 -0.06411148 -1.36502826]
1.2176021999999982,[-1.02082598  0.29173988 -1.13265252],[ 0.8333813  -0.06451696 -1.3648895 ]
1.226212499999999,[-1.02087784  0.2916452  -1.13253534],[ 0.83336878 -0.06484403 -1.36474538]
1.2346160999999967,[-1.02092874  0.2915509  -1.13242126],[ 0.83333659 -0.06519027 -1.36460721]
1.2429844999999986,[-1.02096319  0.29143453 -1.13234043],[ 0.83331329 -0.06556579 -1.36445224]
1.2511481999999994,[-1.02100277  0.29132235 -1.13224673],[ 0.83328432 -0.06590521 -1.36430562]
1.2601732999999982,[-1.02102876  0.29121464 -1.1321584 ],[ 0.8332684  -0.06623313 -1.36416268]
1.2677936999999986,[-1.02107394  0.29112211 -1.13207567],[ 0.83325088 -0.06654736 -1.36401546]
1.2759298999999977,[-1.02111471  0.29104146 -1.13199723],[ 0.83321947 -0.06684595 -1.36388659]
1.283082799999999,[-1.02113521  0.29098737 -1.13196492],[ 0.83319044 -0.06698847 -1.36382854]
1.2912523999999976,[-1.02118874  0.29088056 -1.13189721],[ 0.83313042 -0.06730994 -1.36369932]
1.2993854999999996,[-1.02124369  0.29074186 -1.13182116],[ 0.8330605  -0.0676562  -1.36356759]
1.3076403999999968,[-1.021294    0.29059112 -1.13175428],[ 0.83299947 -0.06796764 -1.36343277]
1.3159526999999969,[-1.02134621  0.29040986 -1.13167632],[ 0.83284581 -0.0683767  -1.36336517]
1.324251199999999,[-1.02141035  0.29023215 -1.13161659],[ 0.8327632  -0.06864078 -1.3632338 ]
1.3324992999999985,[-1.02146769  0.2900613  -1.13155401],[ 0.83280975 -0.06883035 -1.36303723]
1.340786099999999,[-1.02153766  0.28991213 -1.13149476],[ 0.83274227 -0.06902069 -1.36291051]
1.3482215999999987,[-1.02167809  0.28971586 -1.13152242],[ 0.83264947 -0.06925503 -1.36279941]
1.3551777999999999,[-1.02172542  0.28954086 -1.13147008],[ 0.83257926 -0.06949183 -1.36269283]
1.3635734,[-1.02176046  0.28937483 -1.13143837],[ 0.83251351 -0.06973758 -1.36257124]
1.371953099999999,[-1.02178299  0.28919891 -1.13139653],[ 0.83245558 -0.06999726 -1.36244738]
1.3801396999999973,[-1.02182424  0.28903589 -1.13136506],[ 0.83240318 -0.07025032 -1.3623246 ]
1.388446499999997,[-1.02185786  0.28887573 -1.13132298],[ 0.83234066 -0.07047507 -1.36220241]
1.3967905999999992,[-1.02190936  0.28872171 -1.13128126],[ 0.83228278 -0.07066189 -1.36209118]
1.404073799999999,[-1.02193153  0.28864884 -1.13125455],[ 0.83226216 -0.07076062 -1.36203945]
1.4118420999999977,[-1.02199113  0.28851029 -1.13122392],[ 0.8321923  -0.07092058 -1.3619473 ]
1.4199692999999982,[-1.02206051  0.28834984 -1.13119972],[ 0.83212405 -0.07110321 -1.36185288]
1.4302542999999979,[-1.02214086  0.28806537 -1.13114798],[ 0.83202279 -0.07141629 -1.36171579]
1.438640999999997,[-1.02210593  0.28792194 -1.13102067],[ 0.83196002 -0.07164395 -1.36162496]
1.446816799999997,[-1.02215397  0.28775349 -1.13101768],[ 0.8318854  -0.07185827 -1.36153758]
1.4552237999999988,[-1.0221734   0.28759295 -1.13100684],[ 0.83181679 -0.07204451 -1.36145675]
1.463443299999998,[-1.02221334  0.28748003 -1.13097394],[ 0.8317526  -0.07219437 -1.36138451]
1.471898399999997,[-1.02225578  0.28737548 -1.13095522],[ 0.83169073 -0.07231803 -1.36130714]
1.4801572999999983,[-1.0222826   0.28729078 -1.13094139],[ 0.83163196 -0.07243484 -1.36124122]
1.4891712999999989,[-1.02228522  0.28718677 -1.13092613],[ 0.83158731 -0.07254671 -1.36116576]
1.4967346,[-1.0222795   0.28708562 -1.1309191 ],[ 0.83149934 -0.07268664 -1.36114383]
1.5051752,[-1.02228594  0.28701636 -1.13088083],[ 0.83144671 -0.07278279 -1.36106467]
1.5136876999999984,[-1.0223      0.28694496 -1.1308682 ],[ 0.83138651 -0.07286602 -1.36101151]
1.5220943999999967,[-1.02231181  0.28688028 -1.13085997],[ 0.83134276 -0.07295054 -1.3609755 ]
1.530529399999999,[-1.02232671  0.28683108 -1.13083875],[ 0.83129489 -0.07300045 -1.3609345 ]
1.538682099999999,[-1.02235007  0.28677988 -1.13081014],[ 0.83124757 -0.07303556 -1.36087668]
1.5469209,[-1.02238059  0.28673041 -1.13079727],[ 0.83121473 -0.07305954 -1.36083376]
1.5552012999999967,[-1.02239931  0.28667322 -1.13077569],[ 0.8311981  -0.0730689  -1.36078739]
1.5636471999999983,[-1.02242565  0.28660685 -1.13077891],[ 0.83119273 -0.07308001 -1.36073565]
1.5720851999999965,[-1.02245927  0.28653616 -1.13075602],[ 0.83119351 -0.07306398 -1.36068821]
1.5802987999999978,[-1.02248645  0.28648934 -1.13074243],[ 0.83118564 -0.07304157 -1.36063492]
1.5884623999999974,[-1.02250993  0.28645808 -1.13073969],[ 0.83117068 -0.07300904 -1.360587  ]
1.5967582999999976,[-1.02252543  0.28643155 -1.13071752],[ 0.83115184 -0.07295339 -1.36054993]
1.6036506999999993,[-1.02254331  0.28641543 -1.1307056 ],[ 0.83115023 -0.07293577 -1.36052358]
1.6119357999999977,[-1.02256322  0.2863819  -1.13070142],[ 0.83112878 -0.07288705 -1.36047184]
1.6199233999999976,[-1.02258348  0.28633708 -1.13068783],[ 0.83112973 -0.07285173 -1.3604064 ]
1.6286971999999977,[-1.02260816  0.28628242 -1.13067067],[ 0.8311286  -0.07282077 -1.36037683]
1.6369064999999985,[-1.02264142  0.28621691 -1.13065648],[ 0.83113164 -0.07279958 -1.36033261]
1.6449918999999973,[-1.02269185  0.28615254 -1.13063371],[ 0.83115506 -0.07276972 -1.36029804]
1.652489799999998,[-1.02274466  0.28607059 -1.13061321],[ 0.83117753 -0.07274583 -1.36024272]
1.660050199999997,[-1.02280104  0.2859804  -1.13058209],[ 0.83120668 -0.07271732 -1.36019111]
1.667911199999999,[-1.0228647   0.28587553 -1.13055813],[ 0.83123183 -0.07267641 -1.3601321 ]
1.675956099999997,[-1.02294159  0.28575704 -1.13052619],[ 0.83125943 -0.07264519 -1.36006856]
1.6830450999999975,[-1.02296412  0.2857005  -1.13051975],[ 0.83126962 -0.07263144 -1.3600322 ]
1.6912067999999998,[-1.02303135  0.28556854 -1.13049948],[ 0.83128184 -0.07263085 -1.35997641]
1.6991656999999982,[-1.02309084  0.28543398 -1.13047957],[ 0.8312875  -0.07263214 -1.35992479]
1.743686799999999,[-1.02340591  0.28475815 -1.13037968],[ 0.83121926 -0.07267507 -1.3596096 ]
1.7516082999999973,[-1.02346241  0.28462285 -1.13035536],[ 0.83122051 -0.07269628 -1.35954452]
1.7597226,[-1.02351427  0.28449485 -1.13033056],[ 0.83122051 -0.07274225 -1.35947585]
1.7676621999999966,[-1.02356482  0.28435224 -1.13029635],[ 0.83124161 -0.07276323 -1.35939705]
1.7761483999999967,[-1.02362895  0.28419393 -1.13026738],[ 0.8312692  -0.07279412 -1.35934639]
1.784294899999999,[-1.02370012  0.28405154 -1.13024783],[ 0.83128035 -0.0728169  -1.3592993 ]
1.7922978999999977,[-1.02371061  0.28389922 -1.13018501],[ 0.83128148 -0.07282452 -1.35925388]
1.7992633999999974,[-1.02372456  0.28384882 -1.13011205],[ 0.83128065 -0.07284267 -1.35923481]
1.8080470999999996,[-1.0237155   0.28376448 -1.12998867],[ 0.83128101 -0.07287806 -1.35920858]
1.8162682999999973,[-1.02375603  0.28365028 -1.12993753],[ 0.8312763  -0.07293774 -1.3591696 ]
1.8244435999999986,[-1.02382159  0.28349268 -1.12996471],[ 0.83127296 -0.07300451 -1.35913992]
1.8323879999999981,[-1.02389205  0.2833567  -1.12997258],[ 0.8312785  -0.07309262 -1.35909891]
1.8409766999999988,[-1.0239439   0.28324214 -1.12995505],[ 0.83127391 -0.07315858 -1.359061  ]
1.8490789999999997,[-1.02398288  0.28315091 -1.12992227],[ 0.83126855 -0.07320656 -1.35902452]
1.8576679999999968,[-1.02403343  0.28305733 -1.12991428],[ 0.83125615 -0.07325428 -1.35899472]
1.8657112999999974,[-1.02410674  0.28295717 -1.12991595],[ 0.83125293 -0.07331644 -1.35897195]
1.873783699999997,[-1.02417338  0.28284934 -1.12992632],[ 0.83124256 -0.07337712 -1.35894251]
1.880997899999997,[-1.02422929  0.28273839 -1.12994123],[ 0.83121943 -0.0734397  -1.35892415]
1.8884234999999983,[-1.02428687  0.28259268 -1.12996829],[ 0.83119595 -0.07351089 -1.35890639]
1.8968700999999974,[-1.02451372  0.28238657 -1.1302098 ],[ 0.83118093 -0.07359403 -1.35889661]
1.9051544999999983,[-1.02455449  0.28226495 -1.13022089],[ 0.83113909 -0.07364389 -1.35888422]
1.9133007999999982,[-1.02451444  0.28227574 -1.13005173],[ 0.83109868 -0.0736943  -1.35888779]
1.9219677999999973,[-1.02454793  0.28220534 -1.13002753],[ 0.8310535  -0.07373769 -1.35887742]
1.9306558999999979,[-1.02463889  0.28208262 -1.13008356],[ 0.83102    -0.07378404 -1.35887837]
1.9392090999999994,[-1.02469373  0.28198132 -1.13012445],[ 0.83100098 -0.07381874 -1.35886621]
1.9475206999999983,[-1.0247488   0.28189191 -1.13015687],[ 0.83099335 -0.07384158 -1.3588531 ]
1.9552798999999972,[-1.02479041  0.28180075 -1.13019967],[ 0.83098733 -0.07384358 -1.3588531 ]
1.9634682999999988,[-1.02483749  0.28171837 -1.13024175],[ 0.83098626 -0.07383762 -1.35885584]
1.9717880999999977,[-1.02490747  0.2816585  -1.13027728],[ 0.83098364 -0.07382333 -1.35885608]
1.9807387999999975,[-1.02496803  0.28158829 -1.13030529],[ 0.83095527 -0.07377755 -1.35887706]
1.989494599999997,[-1.02503586  0.28153047 -1.13032699],[ 0.83094436 -0.073728   -1.35888553]
1.997504099999997,[-1.02512026  0.28143221 -1.13036764],[ 0.8309471  -0.07371238 -1.35889745]
2.0054894999999995,[-1.02521825  0.28134295 -1.13038719],[ 0.83092642 -0.07364842 -1.35889864]
2.0142640999999983,[-1.02530861  0.28122666 -1.13040531],[ 0.83093107 -0.07360427 -1.35889554]
2.0221918999999993,[-1.0253948   0.28111422 -1.13041568],[ 0.83090961 -0.07355371 -1.35890234]
2.030919299999997,[-1.02549052  0.28099635 -1.13042498],[ 0.83087534 -0.07348718 -1.35890245]
2.039598099999999,[-1.02557945  0.28088963 -1.13044214],[ 0.83084887 -0.07342443 -1.35890067]
2.0483598999999977,[-1.0256871   0.28075966 -1.13046646],[ 0.83081716 -0.07335118 -1.35889018]
2.057771599999999,[-1.02580011  0.28062296 -1.1305027 ],[ 0.83079875 -0.07329413 -1.35887277]
2.0662784999999992,[-1.02590454  0.28047323 -1.13052058],[ 0.83077788 -0.07325831 -1.35885537]
2.075589299999997,[-1.02604985  0.28027943 -1.13055038],[ 0.83072364 -0.07319244 -1.35885203]
2.0831056999999973,[-1.0260824   0.28021288 -1.13055229],[ 0.83070976 -0.07317571 -1.35884869]
2.0928413,[-1.02619815  0.28002861 -1.13057661],[ 0.83066595 -0.07313564 -1.35887408]
2.1011463999999975,[-1.02627611  0.27991384 -1.13059056],[ 0.83063549 -0.07311477 -1.3588891 ]
2.110501599999999,[-1.02634752  0.27979177 -1.13060629],[ 0.83060253 -0.07305461 -1.35891736]
2.1181158999999994,[-1.02642763  0.27966669 -1.13062382],[ 0.83057851 -0.07300466 -1.3589505 ]
2.1260515999999967,[-1.02652109  0.27954093 -1.13062882],[ 0.83057165 -0.07294621 -1.35898423]
2.134848499999997,[-1.02660584  0.27940643 -1.13065219],[ 0.83057374 -0.07290282 -1.35901439]
2.1424164999999995,[-1.02668154  0.2792643  -1.13067913],[ 0.83057195 -0.07281696 -1.35905373]
2.151824099999999,[-1.02674055  0.27910292 -1.13071692],[ 0.83058339 -0.07273724 -1.35909557]
2.1596763999999986,[-1.02682221  0.27895239 -1.13074791],[ 0.83059603 -0.07263906 -1.35914361]
2.1685267999999986,[-1.02690172  0.2788136  -1.13079202],[ 0.83061177 -0.07252676 -1.35918891]
2.1767198999999984,[-1.02696335  0.27865872 -1.13082695],[ 0.83062732 -0.07239446 -1.35922587]
2.1848636999999975,[-1.02701271  0.27851599 -1.13086581],[ 0.83064634 -0.07226284 -1.35927093]
2.192659299999999,[-1.02703536  0.2783505  -1.13091493],[ 0.83072048 -0.07209308 -1.35926592]
2.2011506999999995,[-1.02705657  0.27819178 -1.13095629],[ 0.83073479 -0.07196059 -1.35931456]
2.2108675999999967,[-1.02706814  0.27803975 -1.13101137],[ 0.83075154 -0.07179913 -1.35936368]
2.218217099999997,[-1.0270915   0.27789307 -1.13107204],[ 0.83077818 -0.0716398  -1.35940731]
2.2260795999999985,[-1.02712309  0.27775851 -1.13111448],[ 0.8307963  -0.07147559 -1.3594538 ]
2.2342999999999975,[-1.02715838  0.27760988 -1.13117743],[ 0.83082503 -0.07129162 -1.3594867 ]
2.2431974999999973,[-1.02720213  0.2774514  -1.13121808],[ 0.83084846 -0.0710991  -1.35951293]
2.2510759,[-1.0273062   0.27732748 -1.13134706],[ 0.83087373 -0.07086578 -1.35955203]
2.2598139999999987,[-1.02735019  0.27717423 -1.1314007 ],[ 0.83089954 -0.07062338 -1.35958254]
2.2680371999999984,[-1.02742314  0.2770136  -1.13143849],[ 0.83094621 -0.07036997 -1.35960495]
2.2767051999999985,[-1.02746916  0.27683726 -1.13151479],[ 0.83099598 -0.07009163 -1.35962391]
2.284929299999998,[-1.02750921  0.27666718 -1.13158274],[ 0.83105111 -0.06978618 -1.3596276 ]
2.293530099999998,[-1.02750742  0.27653661 -1.13156748],[ 0.83110994 -0.06947246 -1.35964024]
2.302538199999997,[-1.02750611  0.27637467 -1.13158906],[ 0.83116239 -0.0691463  -1.35965419]
2.310034999999999,[-1.0275532   0.27624604 -1.13164389],[ 0.83122349 -0.06877328 -1.35966074]
2.318225299999998,[-1.02759099  0.27611578 -1.1317029 ],[ 0.83128971 -0.06839783 -1.35967767]
2.3260555999999966,[-1.02762604  0.27600268 -1.13176453],[ 0.83137316 -0.06798851 -1.35967779]
2.334904799999997,[-1.02768588  0.27588624 -1.13185334],[ 0.83144444 -0.0675323  -1.35967898]
2.342832699999999,[-1.02774417  0.2757802  -1.1319263 ],[ 0.83152783 -0.06707557 -1.3596586 ]
2.3519948999999976,[-1.02779138  0.2756823  -1.13200915],[ 0.83159953 -0.06661081 -1.35963762]
2.3601545999999978,[-1.02782905  0.27557853 -1.13209665],[ 0.83167225 -0.06611493 -1.35962045]
2.3681538999999994,[-1.02785456  0.27546129 -1.1321919 ],[ 0.83175784 -0.06559332 -1.35957551]
2.3760946999999994,[-1.02795148  0.27534652 -1.1323489 ],[ 0.83185095 -0.06503543 -1.35950041]
2.384149999999998,[-1.02798271  0.27524811 -1.1324228 ],[ 0.83194721 -0.0644815  -1.35942852]
2.3928667999999966,[-1.028       0.27514437 -1.13251543],[ 0.83202618 -0.06395746 -1.35937202]
2.401041599999999,[-1.02800918  0.27505076 -1.13262451],[ 0.83209229 -0.06342923 -1.35931337]
2.4094260999999975,[-1.02800608  0.2749725  -1.13272047],[ 0.83215004 -0.06286949 -1.35924339]
2.4175901999999994,[-1.02799904  0.274921   -1.13281453],[ 0.83221334 -0.06231808 -1.35915279]
2.4263104999999996,[-1.02796102  0.27490464 -1.13292861],[ 0.83228284 -0.0617239  -1.35903442]
2.4343157999999967,[-1.02792156  0.27490422 -1.13305056],[ 0.83234477 -0.06112486 -1.35891616]
2.4428821999999997,[-1.02786565  0.2749086  -1.13316572],[ 0.83241808 -0.06055264 -1.35880351]
2.451135599999997,[-1.02781057  0.27492303 -1.13327777],[ 0.83250678 -0.0599514  -1.35868406]
2.459943599999999,[-1.02775347  0.27495295 -1.13339448],[ 0.83257157 -0.05936689 -1.35857069]
2.467869399999998,[-1.02770019  0.27499592 -1.13351071],[ 0.83265495 -0.05878657 -1.35843682]
2.4760120999999984,[-1.02755451  0.27504697 -1.13354921],[ 0.83271319 -0.05821923 -1.35832059]
2.484609599999999,[-1.02745283  0.27511838 -1.13364446],[ 0.83278346 -0.05764389 -1.35819089]
2.493346299999999,[-1.02736807  0.27521163 -1.13376629],[ 0.83288777 -0.05704078 -1.3580426 ]
2.5029822999999993,[-1.02727461  0.27531224 -1.1338774 ],[ 0.83299428 -0.05643202 -1.35789144]
2.5115178,[-1.02716255  0.27543467 -1.13399696],[ 0.83310139 -0.05583482 -1.3577491 ]
2.5215143999999974,[-1.02699649  0.27564889 -1.13418353],[ 0.83324933 -0.05500218 -1.35753751]
2.5306095999999982,[-1.02688742  0.27579424 -1.13430846],[ 0.83335942 -0.05442993 -1.35739541]
2.539083299999998,[-1.02678597  0.27595004 -1.13443661],[ 0.83349937 -0.0538426  -1.35723782]
2.548393899999997,[-1.02668643  0.27610737 -1.13456416],[ 0.83364123 -0.05322297 -1.35706615]
2.556223799999998,[-1.02657592  0.27627814 -1.13470542],[ 0.833781   -0.05260846 -1.35690355]
2.563810799999999,[-1.02646887  0.27648529 -1.13483477],[ 0.83393168 -0.05202178 -1.35673892]
2.571794399999998,[-1.02635741  0.27670357 -1.13495696],[ 0.83406639 -0.05142597 -1.35657895]
2.581311099999997,[-1.02626288  0.27693179 -1.1350739 ],[ 0.83421284 -0.05082649 -1.35642695]
2.588693399999997,[-1.02618408  0.27715653 -1.13519835],[ 0.83436716 -0.05024625 -1.35627806]
2.5981316999999997,[-1.02610576  0.27741337 -1.13531053],[ 0.83447349 -0.04957266 -1.35618842]
2.608364799999997,[-1.0260253   0.27771065 -1.13544035],[ 0.83461362 -0.04898703 -1.3560468 ]
2.618861899999999,[-1.02593327  0.27819973 -1.1356324 ],[ 0.8348369  -0.04810771 -1.35582459]
2.6579789,[-1.02573586  0.27948821 -1.13612533],[ 0.83537108 -0.04603004 -1.35530472]
2.6743349999999992,[-1.02555013  0.28068435 -1.13645065],[ 0.83591306 -0.04434441 -1.35480762]
2.683253599999997,[-1.02547884  0.28111193 -1.13647103],[ 0.83611023 -0.04381458 -1.35466075]
2.694876299999997,[-1.02544296  0.28175685 -1.136603  ],[ 0.83637458 -0.04302611 -1.35445762]
2.7058989999999987,[-1.02540207  0.28242487 -1.13673377],[ 0.83669615 -0.04221398 -1.35419178]
2.714405199999998,[-1.02541351  0.28287366 -1.13680804],[ 0.83690017 -0.04166602 -1.35404694]
2.7265713,[-1.02540684  0.28347233 -1.13689041],[ 0.83718771 -0.04089542 -1.35381961]
2.7357195999999995,[-1.0254283   0.28386661 -1.13696146],[ 0.83736527 -0.04036947 -1.3536588 ]
2.744907699999999,[-1.0254761   0.28427324 -1.13705933],[ 0.83757395 -0.03984084 -1.35347676]
2.7552699999999994,[-1.02552462  0.28489128 -1.13716757],[ 0.8378756  -0.0390622  -1.35324335]
2.7636385999999966,[-1.0255214   0.28529927 -1.13723481],[ 0.83807588 -0.03857952 -1.35307884]
2.7722206999999983,[-1.02551126  0.28572315 -1.1373055 ],[ 0.83827221 -0.03812056 -1.35290873]
2.7806957999999966,[-1.02551901  0.28615874 -1.1373862 ],[ 0.83845097 -0.0377163  -1.35276139]
2.7887777999999983,[-1.02555394  0.28656992 -1.13744724],[ 0.83864218 -0.0373138  -1.35260522]
2.797857799999999,[-1.02559042  0.28696516 -1.13750303],[ 0.83883107 -0.03693439 -1.35244668]
2.8062255999999977,[-1.025617    0.28734192 -1.13758147],[ 0.83901983 -0.03659285 -1.35229123]
2.8144566999999974,[-1.02568567  0.28770816 -1.13776016],[ 0.83920646 -0.03625426 -1.35212719]
2.8224063999999984,[-1.02573824  0.28805995 -1.13782728],[ 0.8394115  -0.03596698 -1.35196388]
2.8302958999999994,[-1.02578747  0.28837404 -1.13790035],[ 0.83960271 -0.03571239 -1.35182571]
2.8391497999999977,[-1.02584577  0.28867158 -1.13797188],[ 0.83979177 -0.03551197 -1.35168755]
2.8474041999999997,[-1.02591014  0.28895321 -1.13805485],[ 0.83997101 -0.0353217  -1.35156512]
2.855867,[-1.02598131  0.28920731 -1.13814414],[ 0.84015274 -0.03518176 -1.3514384 ]
2.863487099999997,[-1.02600873  0.28947142 -1.13813639],[ 0.84033114 -0.03507772 -1.3513155 ]
2.8723113,[-1.02606273  0.28968778 -1.13824749],[ 0.84049428 -0.03499345 -1.35121214]
2.8805023,[-1.02608299  0.28990582 -1.13837731],[ 0.84064484 -0.03492675 -1.35110748]
2.8895861999999966,[-1.0260855   0.29013103 -1.1385113 ],[ 0.84079456 -0.03489558 -1.35101187]
2.8969318999999984,[-1.02604985  0.29034773 -1.13866127],[ 0.84092963 -0.03490127 -1.3509239 ]
2.9051170999999982,[-1.02599978  0.29055089 -1.13882899],[ 0.84107316 -0.03490666 -1.3508544 ]
2.912258999999999,[-1.02596843  0.29065493 -1.13890421],[ 0.84115064 -0.03492042 -1.35081995]
2.922832699999997,[-1.02587175  0.29094699 -1.13920557],[ 0.84138358 -0.03498264 -1.3507272 ]
2.930563799999998,[-1.02580786  0.29110524 -1.13941073],[ 0.84153193 -0.03506546 -1.35067606]
2.939436899999997,[-1.02575386  0.29126662 -1.1396066 ],[ 0.84165627 -0.03517238 -1.35063362]
2.9486662999999993,[-1.02575076  0.29140946 -1.1399138 ],[ 0.84176409 -0.03528984 -1.35060561]
2.9576727999999974,[-1.02567887  0.29155657 -1.14013326],[ 0.84188157 -0.03542125 -1.35057521]
2.9662985999999982,[-1.02559757  0.29170257 -1.14037633],[ 0.84200543 -0.03554878 -1.35055578]
2.974454899999998,[-1.0255239   0.29183763 -1.14060795],[ 0.84214747 -0.03569981 -1.35052991]
2.9841903999999992,[-1.02541006  0.29204309 -1.14098859],[ 0.84235996 -0.03590909 -1.35050738]
2.9912360999999983,[-1.02537382  0.29211342 -1.14111173],[ 0.84243065 -0.03598293 -1.35050261]
3.001042799999997,[-1.02521491  0.29232827 -1.1414125 ],[ 0.84263325 -0.03621586 -1.35048974]
3.0093672999999974,[-1.02511764  0.29245993 -1.14166403],[ 0.84276426 -0.0363699  -1.35048735]
3.0176083999999967,[-1.02503526  0.29257986 -1.14192069],[ 0.84289765 -0.03654993 -1.35049462]
3.026133899999998,[-1.02494156  0.2926845  -1.1421802 ],[ 0.84302521 -0.03672007 -1.35050821]
3.0343560999999966,[-1.02484369  0.29276925 -1.14243579],[ 0.8431682  -0.03690376 -1.35051775]
3.0435814999999984,[-1.02478755  0.29284266 -1.14278364],[ 0.84330249 -0.03710044 -1.35052419]
3.051252899999998,[-1.02468562  0.29293519 -1.14304197],[ 0.84345287 -0.03727687 -1.35052645]
3.0602748999999996,[-1.02459526  0.29303652 -1.14329183],[ 0.84360737 -0.03745916 -1.3505342 ]
3.067952499999997,[-1.02448547  0.29313451 -1.14355135],[ 0.84377098 -0.03763134 -1.35053194]
3.076984999999997,[-1.02438986  0.29324713 -1.14379644],[ 0.84394276 -0.03781194 -1.35052645]
3.0853260999999996,[-1.0242312   0.29336256 -1.1439575 ],[ 0.84411377 -0.03798838 -1.35052645]
3.0933418999999986,[-1.02413082  0.29347089 -1.14417744],[ 0.84430563 -0.03818087 -1.35052264]
3.1016211999999967,[-1.02403343  0.29355603 -1.14441359],[ 0.8445195  -0.03836718 -1.35051131]
3.1101079999999968,[-1.02395034  0.29366559 -1.14462888],[ 0.84474522 -0.03855932 -1.35048759]
3.1192278999999985,[-1.02384901  0.29376969 -1.14487171],[ 0.84497041 -0.03873765 -1.3504554 ]
3.1289859,[-1.0237534   0.29387701 -1.14509916],[ 0.84519243 -0.03887957 -1.35042095]
3.1389063999999998,[-1.02360666  0.29405385 -1.14544916],[ 0.84557277 -0.03908074 -1.35035586]
3.1481897999999973,[-1.02350533  0.29421508 -1.14566636],[ 0.84585559 -0.039207   -1.35030675]
3.155915799999999,[-1.02339625  0.29442349 -1.14589643],[ 0.84616894 -0.03930759 -1.35025358]
3.164050699999997,[-1.02328849  0.29463857 -1.14613104],[ 0.84648067 -0.03943164 -1.35019982]
3.1718158999999986,[-1.0231818   0.2948671  -1.14637363],[ 0.84681809 -0.03954258 -1.35012066]
3.1804914999999987,[-1.02306533  0.29509038 -1.14663017],[ 0.84718341 -0.03965107 -1.35002744]
3.188884699999999,[-1.02293897  0.29535002 -1.14686823],[ 0.84756452 -0.03975848 -1.34992647]
3.1975559999999987,[-1.0227797   0.29561195 -1.14712203],[ 0.84798849 -0.03986585 -1.34983194]
3.2052258999999985,[-1.02262437  0.29588351 -1.14738035],[ 0.84838164 -0.03995254 -1.34971976]
3.2140397999999983,[-1.02247274  0.29614371 -1.1476469 ],[ 0.84875679 -0.04009007 -1.34965396]
3.2225918999999976,[-1.02232528  0.29643559 -1.14792812],[ 0.84916955 -0.04013741 -1.34952283]
3.230764699999998,[-1.02216601  0.29671913 -1.14820647],[ 0.84965008 -0.0400739  -1.34936547]
3.2395444999999974,[-1.02203941  0.29700893 -1.1485846 ],[ 0.85017413 -0.04010914 -1.3492229 ]
3.247822499999998,[-1.02184296  0.29733413 -1.14886451],[ 0.85064369 -0.04013054 -1.34908974]
3.2563435999999975,[-1.02163303  0.29768738 -1.14915824],[ 0.85115713 -0.04013686 -1.34894419]
3.2649061999999986,[-1.02141786  0.29805717 -1.14945304],[ 0.8516745  -0.0401449  -1.34877336]
3.2755021999999983,[-1.02104139  0.29864433 -1.14979696],[ 0.8524856  -0.0401906  -1.34849954]
3.282816499999999,[-1.02090752  0.298832   -1.14994037],[ 0.85276484 -0.04021371 -1.34841061]
3.291414999999997,[-1.02063215  0.29916552 -1.15025306],[ 0.85330695 -0.04024838 -1.34822154]
3.3009344999999968,[-1.02024221  0.2996881  -1.15073144],[ 0.85415357 -0.04024876 -1.34794879]
3.3093804999999996,[-1.01998305  0.30001667 -1.15104914],[ 0.85478336 -0.04030202 -1.3477298 ]
3.3179204999999996,[-1.01973796  0.30032748 -1.15136981],[ 0.85536528 -0.04030927 -1.34751642]
3.326037999999997,[-1.01945436  0.30067101 -1.15165925],[ 0.85592222 -0.04032958 -1.34729886]
3.334548399999999,[-1.01918101  0.30100381 -1.15196252],[ 0.85651815 -0.0404068  -1.34708691]
3.342815599999998,[-1.01889741  0.30136144 -1.15225899],[ 0.85712844 -0.0404643  -1.34687698]
3.3517909999999986,[-1.01861346  0.3017163  -1.15255666],[ 0.85772598 -0.04051368 -1.34665346]
3.3597126999999993,[-1.01829302  0.30208546 -1.15283442],[ 0.85834157 -0.04058852 -1.34641445]
3.3675837999999985,[-1.01794672  0.30243561 -1.1531148 ],[ 0.85895312 -0.04064068 -1.34619248]
3.376686699999997,[-1.01761115  0.30277386 -1.15338981],[ 0.85953444 -0.04068999 -1.34596074]
3.384300699999997,[-1.01728737  0.30308503 -1.15368712],[ 0.86009055 -0.04074197 -1.34571731]
3.3933018999999973,[-1.01697063  0.30336943 -1.15395629],[ 0.86069733 -0.04082167 -1.34545326]
3.401125499999999,[-1.01668096  0.30362192 -1.15422034],[ 0.86131108 -0.04089331 -1.34520864]
3.4102740999999988,[-1.01635361  0.30388612 -1.15446258],[ 0.86190969 -0.04098152 -1.34495068]
3.4182533,[-1.01603007  0.30408093 -1.15472293],[ 0.86250091 -0.04104221 -1.34468353]
3.428906399999999,[-1.01573753  0.30428448 -1.15509665],[ 0.86311585 -0.0411028  -1.34440875]
3.4371074999999998,[-1.01539528  0.30448976 -1.15537238],[ 0.86369234 -0.04116594 -1.34414268]
3.446742799999999,[-1.01483667  0.30484527 -1.15577137],[ 0.86457807 -0.04132374 -1.34375715]
3.453622799999998,[-1.01464808  0.30497354 -1.15590894],[ 0.86481488 -0.04149295 -1.34365654]
3.4617765999999968,[-1.01425993  0.30520782 -1.15618527],[ 0.86542529 -0.04160255 -1.34334362]
3.4717901999999974,[-1.0137068   0.30555028 -1.15654373],[ 0.86633366 -0.04166784 -1.34291112]
3.4801624999999987,[-1.01330316  0.30578604 -1.15669632],[ 0.86694586 -0.04170742 -1.34260809]
3.489541899999999,[-1.01294279  0.30600676 -1.15693247],[ 0.86753768 -0.04177534 -1.34229481]
3.4969085,[-1.01256537  0.30620444 -1.15717888],[ 0.86814064 -0.04186278 -1.34199595]
3.5052442,[-1.01220191  0.30635786 -1.157408  ],[ 0.86873418 -0.04196525 -1.34171474]
3.5135302999999993,[-1.01184881  0.30650306 -1.1576494 ],[ 0.86935639 -0.04205938 -1.34141576]
3.521859899999999,[-1.01150131  0.3066363  -1.15788114],[ 0.87001574 -0.04201812 -1.34107912]
3.530285799999998,[-1.01112747  0.30677748 -1.15812886],[ 0.87061965 -0.04210704 -1.34076941]
3.538560999999998,[-1.0107677   0.3069292  -1.15834236],[ 0.87113774 -0.04224911 -1.34051895]
3.548207099999999,[-1.01041722  0.30708182 -1.15857041],[ 0.87182093 -0.04217417 -1.34015453]
3.5560690999999984,[-1.0100615   0.3072353  -1.15879929],[ 0.87243205 -0.04223157 -1.33985877]
3.5650023999999974,[-1.0097059   0.30738649 -1.15903199],[ 0.8730638  -0.04231509 -1.33955348]
3.5729875999999976,[-1.00933003  0.30753946 -1.15924668],[ 0.87366778 -0.04239111 -1.33926105]
3.5810734999999987,[-1.00896609  0.30766752 -1.15948355],[ 0.8743003  -0.04243213 -1.33895266]
3.5886433999999987,[-1.00860178  0.30777907 -1.1597259 ],[ 0.87488806 -0.0424537  -1.3386606 ]
3.5974426999999984,[-1.00824773  0.30789432 -1.15995979],[ 0.87548631 -0.0425395  -1.33836162]
3.6055022999999977,[-1.00791669  0.30797669 -1.16030777],[ 0.87608898 -0.04266425 -1.33804333]
3.613358599999998,[-1.00756383  0.30806518 -1.16053069],[ 0.87672299 -0.04270428 -1.33773553]
3.622906299999997,[-1.00722587  0.30811495 -1.16075802],[ 0.87732929 -0.04274026 -1.33745921]
3.630917099999998,[-1.00687957  0.30816874 -1.16096568],[ 0.87795937 -0.04282633 -1.33717895]
3.639031099999997,[-1.0065105   0.30823708 -1.16110635],[ 0.8785919  -0.04287296 -1.33686566]
3.647465799999999,[-1.00617778  0.3082774  -1.16132772],[ 0.87922192 -0.04292474 -1.33657038]
3.656035899999999,[-1.00584292  0.3083021  -1.1615485 ],[ 0.87988544 -0.04312711 -1.33620942]
3.6634316999999967,[-1.00551069  0.30835149 -1.16175938],[ 0.88050973 -0.04325892 -1.33587635]
3.6719145999999974,[-1.00517249  0.30842087 -1.16198325],[ 0.88116169 -0.04335446 -1.33557057]
3.6800913999999985,[-1.00482154  0.30851245 -1.1621865 ],[ 0.88178682 -0.04344895 -1.33526254]
3.6899315999999978,[-1.00447714  0.30856425 -1.1623857 ],[ 0.88239878 -0.04351344 -1.33496737]
3.6984990999999994,[-1.00415158  0.30862105 -1.16257155],[ 0.88303852 -0.04359071 -1.33467555]
3.7066498999999986,[-1.00383735  0.30865192 -1.16276979],[ 0.88365149 -0.04371329 -1.33438337]
3.715687499999998,[-1.0035013   0.30866572 -1.16297841],[ 0.88428879 -0.04386896 -1.33408928]
3.724770699999997,[-1.00315058  0.30867919 -1.16317689],[ 0.88478982 -0.04410813 -1.33382916]
3.734607799999999,[-1.00263679  0.30868956 -1.16346741],[ 0.88571882 -0.04424795 -1.33339703]
3.7443473999999988,[-1.00228822  0.30871484 -1.16366339],[ 0.8863377  -0.04434459 -1.3331244 ]
3.7523111,[-1.00193667  0.30876014 -1.16387641],[ 0.88697785 -0.04444269 -1.33282256]
3.7598524999999974,[-1.00159132  0.30884224 -1.16408384],[ 0.88756585 -0.04452375 -1.33255243]
3.768549199999999,[-1.0012331   0.30892706 -1.16429722],[ 0.88816756 -0.04462849 -1.33229613]
3.7764438999999967,[-1.00086272  0.30901873 -1.16449356],[ 0.888771   -0.0447436  -1.33204126]
3.7849104999999987,[-1.00048184  0.30908108 -1.16471434],[ 0.88935179 -0.04482657 -1.33181024]
3.793332099999997,[-1.00013435  0.30912524 -1.16503477],[ 0.88995355 -0.04494375 -1.33156133]
3.800949399999997,[-0.9997592   0.30919194 -1.16522801],[ 0.8905524  -0.0450595  -1.33130705]
3.8099532999999965,[-0.99934888  0.30924422 -1.16543102],[ 0.89112514 -0.04517286 -1.33108222]
3.818375399999997,[-0.99892962  0.30929577 -1.16563141],[ 0.89167732 -0.04527399 -1.33084774]
3.8273703999999995,[-0.99847186  0.30938292 -1.16570795],[ 0.89223814 -0.04538723 -1.33058023]
3.8352176,[-0.99807078  0.30943164 -1.16592157],[ 0.892905   -0.04533766 -1.33030593]
3.8438817999999983,[-0.99764913  0.30947211 -1.16612446],[ 0.89342415 -0.04544689 -1.33006668]
3.8520040999999985,[-0.99724191  0.30952525 -1.16633523],[ 0.89395064 -0.04559512 -1.32985806]
3.859934799999998,[-0.99683791  0.30958876 -1.1665324 ],[ 0.89448088 -0.04573416 -1.32965279]
3.867890499999998,[-0.9964025   0.30966517 -1.16674101],[ 0.89499956 -0.04589209 -1.32943046]
3.8768276999999998,[-0.99597758  0.30973893 -1.16697109],[ 0.89551127 -0.04608275 -1.32921124]
3.8851270999999983,[-0.99553353  0.3098051  -1.16716087],[ 0.89597577 -0.0462523  -1.32901561]
3.8935746999999985,[-0.99510401  0.30987921 -1.16734326],[ 0.89643991 -0.04641349 -1.32883787]
3.901753499999998,[-0.99467856  0.30995297 -1.16754806],[ 0.89690763 -0.04652579 -1.32866156]
3.9100345999999995,[-0.99424547  0.31000295 -1.16776824],[ 0.89741892 -0.0466738  -1.32844865]
3.9188028999999993,[-0.99381816  0.31003687 -1.16798687],[ 0.89790934 -0.04680829 -1.32824779]
3.926364099999997,[-0.99341273  0.31009036 -1.16819406],[ 0.89842111 -0.04697444 -1.32804441]
3.935406999999998,[-0.99297935  0.31015596 -1.16839492],[ 0.89894181 -0.04711765 -1.32784903]
3.9444089999999967,[-0.99256641  0.31024522 -1.16861546],[ 0.89945126 -0.04724422 -1.32767153]
3.9532368999999967,[-0.99214119  0.31031808 -1.16880572],[ 0.89993638 -0.04739761 -1.32749009]
3.961001999999997,[-0.99171031  0.31040883 -1.16898882],[ 0.90046775 -0.04753943 -1.32727337]
3.9684272999999983,[-0.99127889  0.31050798 -1.16918492],[ 0.90097535 -0.04766896 -1.32708681]
3.976796499999999,[-0.99085808  0.31059885 -1.16941249],[ 0.90148449 -0.047767   -1.32692075]
3.984901899999997,[-0.99043065  0.31069502 -1.16962302],[ 0.90202075 -0.04790275 -1.32677042]
3.9939633999999984,[-0.99000448  0.31079465 -1.16982675],[ 0.90253812 -0.04802379 -1.32660353]
4.0019569,[-0.98959905  0.31088486 -1.17003572],[ 0.90305138 -0.04809597 -1.32644129]
4.011059799999998,[-0.98920262  0.31096184 -1.17025602],[ 0.90355384 -0.04817991 -1.32625556]
4.0186563,[-0.98882985  0.31105483 -1.17046869],[ 0.90403485 -0.04826064 -1.32606828]
4.027199699999997,[-0.98842442  0.3111341  -1.17067051],[ 0.90453601 -0.04837035 -1.32587016]
4.034914599999997,[-0.98803538  0.31123623 -1.17086613],[ 0.90504181 -0.04845406 -1.32567477]
4.043200199999998,[-0.98761958  0.3113521  -1.17108166],[ 0.90556735 -0.04849663 -1.32548952]
4.051197299999998,[-0.98720431  0.31149608 -1.1712929 ],[ 0.90609628 -0.04857234 -1.32529259]
4.059961699999999,[-0.9867931   0.31165588 -1.17146993],[ 0.90661818 -0.04865472 -1.32507122]
4.067618099999997,[-0.98641461  0.31178883 -1.17164874],[ 0.90714175 -0.04870781 -1.32485056]
4.076674399999998,[-0.98607981  0.31189427 -1.17194879],[ 0.90765101 -0.04872959 -1.32461894]
4.0848312,[-0.98567557  0.31207934 -1.17204833],[ 0.90816927 -0.04878117 -1.32441044]
4.092629599999999,[-0.98530596  0.31223372 -1.17221093],[ 0.90858942 -0.04894079 -1.32422197]
4.101021899999999,[-0.98496222  0.31236613 -1.17238331],[ 0.90910727 -0.04900002 -1.32399619]
4.109322299999999,[-0.98464328  0.31244346 -1.17264807],[ 0.90965891 -0.04908338 -1.32375574]
4.118647999999997,[-0.98425299  0.3125836  -1.17271805],[ 0.91020846 -0.04917957 -1.32352483]
4.126730499999997,[-0.98390818  0.31268525 -1.17289257],[ 0.91075265 -0.04924341 -1.32329381]
4.1349263,[-0.98355269  0.3127811  -1.17304671],[ 0.91141838 -0.04914395 -1.32303691]
4.142835999999999,[-0.98320711  0.31288218 -1.17321503],[ 0.9119876  -0.04921935 -1.32280815]
4.152200399999998,[-0.98284799  0.31297439 -1.1733588 ],[ 0.91243041 -0.04937658 -1.32263541]
4.164030999999998,[-0.98230559  0.31314883 -1.17359614],[ 0.91338879 -0.04933683 -1.32224774]
4.172730499999997,[-0.981933    0.31327993 -1.17373657],[ 0.91396934 -0.0494363  -1.32199717]
4.182053399999997,[-0.98156196  0.31339535 -1.17388213],[ 0.91454101 -0.04953529 -1.32177353]
4.193272699999998,[-0.98099577  0.31353503 -1.17407298],[ 0.91539925 -0.04965312 -1.32144701]
4.202049299999999,[-0.98064822  0.31360209 -1.17421341],[ 0.9159627  -0.04971409 -1.32123303]
4.211055199999997,[-0.98029226  0.31367201 -1.17433262],[ 0.91655964 -0.04978705 -1.32100916]
4.2205401999999985,[-0.97993344  0.31374082 -1.17444038],[ 0.91713321 -0.04986055 -1.32078409]
4.231060599999999,[-0.97936511  0.31382421 -1.17464161],[ 0.91799092 -0.04995832 -1.32048082]
4.240116399999998,[-0.97901851  0.31392625 -1.17475891],[ 0.91854674 -0.0500747  -1.32028615]
4.247687699999997,[-0.97866416  0.31403938 -1.17486715],[ 0.91911495 -0.05013288 -1.32007802]
4.257010899999997,[-0.97829849  0.31413677 -1.17498732],[ 0.91970289 -0.05025556 -1.31991577]
4.264355999999999,[-0.97793746  0.31423327 -1.17511439],[ 0.92023259 -0.0503524  -1.31970751]
4.274709999999999,[-0.97757286  0.31432122 -1.17523491],[ 0.92072135 -0.05040704 -1.31945765]
4.284215399999997,[-0.9770354   0.3144365  -1.17543685],[ 0.92155218 -0.05063492 -1.31919408]
4.2925955999999985,[-0.97667652  0.31451601 -1.17555559],[ 0.92197472 -0.05087302 -1.3190037 ]
4.301416699999997,[-0.97630465  0.31459901 -1.1756705 ],[ 0.92249876 -0.05097647 -1.31880796]
4.3091139,[-0.97597384  0.31468037 -1.17578042],[ 0.9229759  -0.05105234 -1.31854808]
4.3185638,[-0.97564417  0.31475934 -1.17591131],[ 0.92346299 -0.05122982 -1.31841433]
4.326762499999997,[-0.9752931   0.31484333 -1.17601502],[ 0.92402703 -0.05117443 -1.31822979]
4.334917999999998,[-0.97495025  0.31493652 -1.1760956 ],[ 0.92449427 -0.0513753  -1.31802654]
4.342684899999998,[-0.97461444  0.3150059  -1.17620695],[ 0.92490983 -0.0514983  -1.31781793]
4.351589799999999,[-0.97429168  0.31507325 -1.17629683],[ 0.92535067 -0.05167953 -1.3177191 ]
4.359510699999998,[-0.97400093  0.31512746 -1.17637873],[ 0.92575651 -0.05178842 -1.31758487]
4.3682517999999995,[-0.97369385  0.31518939 -1.17644095],[ 0.9261688  -0.05194246 -1.317451  ]
4.3766137,[-0.97339559  0.31525505 -1.17650008],[ 0.92655784 -0.05209394 -1.31732011]
4.384925399999997,[-0.97309637  0.31530562 -1.17654228],[ 0.92692924 -0.05223028 -1.31720829]
4.3939828999999975,[-0.97281766  0.31534061 -1.17657459],[ 0.92731488 -0.05236008 -1.31708586]
4.401805699999997,[-0.97253656  0.31534538 -1.17661905],[ 0.92767537 -0.05254263 -1.31696939]
4.4093434999999985,[-0.97226101  0.3153708  -1.1766485 ],[ 0.92799586 -0.05268322 -1.31686354]
4.417446499999997,[-0.97196996  0.31534779 -1.17667627],[ 0.92829543 -0.0528185  -1.31677675]
4.4263791999999995,[-0.9716993   0.31535134 -1.17668438],[ 0.92856961 -0.05290679 -1.31664062]
4.4343331,[-0.97144067  0.31536454 -1.17668891],[ 0.92885137 -0.05307066 -1.31662393]
4.4426323,[-0.97120392  0.31539771 -1.17666829],[ 0.92909366 -0.05318804 -1.3165586 ]
4.4511799,[-0.9709692   0.31542391 -1.17664945],[ 0.9293167  -0.05330123 -1.3165127 ]
4.4600579999999965,[-0.97073567  0.31543675 -1.17661428],[ 0.92953509 -0.05345533 -1.31646466]
4.467953899999998,[-0.97053182  0.31543723 -1.17655969],[ 0.9297412  -0.05358    -1.31642234]
4.476816499999998,[-0.97034872  0.31544533 -1.17650914],[ 0.9299435  -0.05373928 -1.31638646]
4.485647499999999,[-0.97016406  0.31542945 -1.17646515],[ 0.93010569 -0.05382273 -1.31631029]
4.493327899999997,[-0.96998203  0.31541118 -1.17639494],[ 0.93025219 -0.05393716 -1.31628776]
4.501627699999997,[-0.96981478  0.31540379 -1.17631876],[ 0.93042111 -0.05410651 -1.31632578]
4.509301799999999,[-0.96966529  0.31540003 -1.17623127],[ 0.93055242 -0.05422074 -1.31631362]
4.5178707,[-0.96952206  0.31541067 -1.17613804],[ 0.9306705  -0.05435847 -1.31631386]
4.526094799999999,[-0.96937442  0.31542367 -1.17603338],[ 0.93076682 -0.054506   -1.31630874]
4.534882999999997,[-0.96924317  0.31544924 -1.17592382],[ 0.93084127 -0.05463282 -1.31631684]
4.5426421999999995,[-0.96911091  0.31548306 -1.17582524],[ 0.93090487 -0.05477302 -1.31632471]
4.551992599999998,[-0.96899807  0.31549361 -1.17570734],[ 0.93097818 -0.05496668 -1.3163383 ]
4.5737989999999975,[-0.9688825   0.31550968 -1.17559886],[ 0.93099612 -0.05511007 -1.31636882]
4.611902199999999,[-0.96830624  0.31561518 -1.17499733],[ 0.93089902 -0.05583354 -1.31658733]
4.622693999999999,[-0.9678703   0.31572753 -1.1745429 ],[ 0.93063587 -0.05629386 -1.31678891]
4.630992399999997,[-0.96773273  0.31577167 -1.17439294],[ 0.93050724 -0.05643051 -1.31687486]
4.6407545,[-0.96759111  0.31581461 -1.17423248],[ 0.93036395 -0.05656709 -1.31697845]
4.649398899999998,[-0.96743828  0.31583786 -1.17407262],[ 0.93021077 -0.05672525 -1.31707191]
4.659792499999998,[-0.96717715  0.31587178 -1.17381871],[ 0.92997563 -0.05696153 -1.31722486]
4.6687170999999985,[-0.96700853  0.31587434 -1.1736666 ],[ 0.92977709 -0.05712693 -1.31733513]
4.676767799999997,[-0.9668138   0.31587788 -1.17350733],[ 0.92957145 -0.05728151 -1.31743979]
4.6849262,[-0.96659595  0.31588033 -1.17335415],[ 0.92936349 -0.05742649 -1.31755793]
4.6932370999999975,[-0.96634543  0.31589416 -1.17318153],[ 0.92912632 -0.05760805 -1.31769216]
4.7019363,[-0.96608317  0.31590703 -1.17303646],[ 0.9289006  -0.0577747  -1.31781256]
4.710614399999997,[-0.96583593  0.31589606 -1.17291129],[ 0.92866158 -0.05792944 -1.3179245 ]
4.7196839,[-0.96557456  0.31587315 -1.17280257],[ 0.92840147 -0.05810173 -1.31804061]
4.7306265,[-0.96515161  0.31581873 -1.17261279],[ 0.92801571 -0.05839767 -1.31821775]
4.740229199999998,[-0.96489686  0.31577668 -1.17250001],[ 0.92776251 -0.0585777  -1.3183279 ]
4.7500708,[-0.96459633  0.31574315 -1.17236638],[ 0.92750549 -0.05874893 -1.31844294]
4.759535699999997,[-0.96412194  0.31572074 -1.17215335],[ 0.92701995 -0.05907934 -1.31866062]
4.7676108,[-0.96381193  0.31566933 -1.17201352],[ 0.92677379 -0.05926829 -1.3187691 ]
4.778188099999998,[-0.9635154   0.31561226 -1.17190182],[ 0.92653006 -0.05945675 -1.31887174]
4.7867389,[-0.96321303  0.31555083 -1.17180645],[ 0.92630804 -0.059637   -1.31896746]
4.7976573999999985,[-0.96273893  0.31546202 -1.17165637],[ 0.92609292 -0.0597705  -1.31897342]
4.8056532999999995,[-0.96241009  0.31539828 -1.1715405 ],[ 0.92591292 -0.06003391 -1.31908572]
4.814104899999997,[-0.96208686  0.31532344 -1.17143786],[ 0.9257046  -0.06020911 -1.31917071]
4.821814099999997,[-0.96175122  0.31526428 -1.17132354],[ 0.92550123 -0.06040883 -1.31923485]
4.830166599999998,[-0.96142954  0.31519863 -1.171229  ],[ 0.92530483 -0.06060803 -1.31928754]
4.8402978999999995,[-0.96111405  0.31511757 -1.17113292],[ 0.92499232 -0.06092902 -1.31941509]
4.847671299999998,[-0.96079314  0.31502596 -1.17102969],[ 0.92481768 -0.06115507 -1.31946325]
4.856740199999997,[-0.96046323  0.31495622 -1.17091215],[ 0.92475897 -0.06132359 -1.31942308]
4.863902099999997,[-0.96014982  0.3149012  -1.17080069],[ 0.92463768 -0.0614869  -1.31944191]
4.873024599999997,[-0.95985699  0.31486431 -1.17067456],[ 0.92444116 -0.06170746 -1.31947207]
4.881657199999999,[-0.95958382  0.31481153 -1.1705606 ],[ 0.92427009 -0.06192575 -1.3195014 ]
4.889495199999999,[-0.95932919  0.31473917 -1.17045188],[ 0.92411941 -0.0621483  -1.31951308]
4.897185199999999,[-0.95906961  0.31464684 -1.17035353],[ 0.92397237 -0.06237388 -1.31952429]
4.9059409999999986,[-0.95879942  0.31452957 -1.17024577],[ 0.92384779 -0.06262147 -1.3195349 ]
4.914036899999999,[-0.95850539  0.31442368 -1.17011726],[ 0.92371875 -0.06290077 -1.31954312]
4.9219458,[-0.95822573  0.3143144  -1.17001152],[ 0.92358834 -0.06315391 -1.31954098]
4.930224199999998,[-0.95795441  0.31423211 -1.16989326],[ 0.92345011 -0.06344462 -1.31953049]
4.938470199999998,[-0.95768791  0.31415591 -1.16978121],[ 0.92322248 -0.06382119 -1.31957567]
4.947061699999999,[-0.95742977  0.31407937 -1.1696614 ],[ 0.92309654 -0.06408568 -1.31956017]
4.9552334999999985,[-0.95716578  0.31400135 -1.16952538],[ 0.92299151 -0.0643812  -1.31954336]
4.963924799999997,[-0.95692283  0.31389785 -1.16941309],[ 0.92298126 -0.06457596 -1.31941497]
4.971900499999997,[-0.95668364  0.31381062 -1.16928923],[ 0.92294741 -0.06488025 -1.3193686 ]
4.981384199999997,[-0.95642281  0.31370351 -1.16915953],[ 0.92286426 -0.06522525 -1.31933272]
4.9902272,[-0.95617658  0.3135879  -1.16902316],[ 0.92279267 -0.06555093 -1.31929243]
4.999067399999998,[-0.95594966  0.31347921 -1.16885984],[ 0.92274386 -0.06589529 -1.31925333]
5.007082299999997,[-0.95571488  0.31334826 -1.16871679],[ 0.92269927 -0.06621048 -1.31922019]
5.0159921999999995,[-0.95548922  0.3132402  -1.16858637],[ 0.92268288 -0.06653436 -1.3191762 ]
5.0262654,[-0.95513237  0.31303567 -1.16836023],[ 0.92268717 -0.06703162 -1.31914771]
5.034250099999998,[-0.95489252  0.31288341 -1.16821837],[ 0.92269033 -0.06736328 -1.31911099]
5.0433363,[-0.95464164  0.31274015 -1.16806769],[ 0.92269784 -0.06767873 -1.31908274]
5.0511132,[-0.95439398  0.3126221  -1.16790926],[ 0.92270643 -0.06799302 -1.31907439]
5.059292199999998,[-0.95412362  0.3125146  -1.16775382],[ 0.92273355 -0.06828225 -1.3190589 ]
5.067901199999998,[-0.95386136  0.31241754 -1.16759956],[ 0.92277747 -0.06857985 -1.31905305]
5.0767019,[-0.95359921  0.31230679 -1.16744304],[ 0.9228282  -0.06888041 -1.31905079]
5.084379899999998,[-0.95334005  0.31220224 -1.16730404],[ 0.92288411 -0.06917396 -1.31906235]
5.0925547999999985,[-0.95306164  0.31209409 -1.16716266],[ 0.92294532 -0.06946689 -1.31908131]
5.100975499999997,[-0.95276755  0.31197289 -1.16703129],[ 0.9230063  -0.06975074 -1.31909335]
5.1101785,[-0.95245558  0.31183895 -1.16690636],[ 0.92309666 -0.07003839 -1.31911731]
5.119708699999997,[-0.95213109  0.3117325  -1.16678822],[ 0.92314667 -0.07032191 -1.31915462]
5.128451899999998,[-0.95180529  0.31162712 -1.1666677 ],[ 0.92324561 -0.07052774 -1.31916833]
5.136644399999998,[-0.95148194  0.31157789 -1.16653895],[ 0.92331254 -0.07078412 -1.31920028]
5.143751799999997,[-0.95114714  0.31151164 -1.16643   ],[ 0.92326385 -0.07107962 -1.31930292]
5.151696399999999,[-0.95077455  0.31142956 -1.16630971],[ 0.92334241 -0.07131052 -1.31932795]
5.159440099999998,[-0.95041698  0.31135285 -1.16620302],[ 0.92341888 -0.07152047 -1.3193481 ]
5.167551,[-0.9500699   0.31127062 -1.1661185 ],[ 0.92349494 -0.07170188 -1.31937921]
5.176207599999998,[-0.94972515  0.31119463 -1.166044  ],[ 0.92357862 -0.07190139 -1.31940913]
5.184173599999998,[-0.94937146  0.31113222 -1.16594267],[ 0.92379266 -0.07197031 -1.31935418]
5.192512499999999,[-0.94902152  0.31108189 -1.16584396],[ 0.92387128 -0.07217606 -1.31938386]
5.200965399999998,[-0.94866365  0.3110224  -1.1657393 ],[ 0.92395467 -0.07235216 -1.31941104]
5.209424899999998,[-0.94828671  0.3109785  -1.16562772],[ 0.92404103 -0.07251965 -1.31943107]
5.217521999999999,[-0.94792229  0.31091365 -1.16553175],[ 0.92412078 -0.07264442 -1.31942189]
5.227183699999998,[-0.94755805  0.31085318 -1.16542423],[ 0.92421722 -0.07278424 -1.31944132]
5.234958199999998,[-0.94722629  0.31079805 -1.16534162],[ 0.92435354 -0.07296687 -1.31946039]
5.243432499999997,[-0.94690323  0.31075263 -1.16527379],[ 0.92443335 -0.07304788 -1.31945527]
5.252089499999997,[-0.94659126  0.31071708 -1.16519308],[ 0.92454958 -0.07316511 -1.31946754]
5.260726099999999,[-0.94627112  0.31066093 -1.16507137],[ 0.92464447 -0.07326943 -1.31948853]
5.269177199999998,[-0.94596523  0.31062433 -1.16493988],[ 0.92473608 -0.07338226 -1.31950676]
5.276819799999998,[-0.94568139  0.310592   -1.1648345 ],[ 0.92482358 -0.07351589 -1.31952143]
5.286154999999997,[-0.94542915  0.31056306 -1.16473281],[ 0.92495716 -0.07366868 -1.31955135]
5.295059299999998,[-0.9452036   0.3105056  -1.16462076],[ 0.92506087 -0.07374164 -1.3195616 ]
5.304661599999999,[-0.94488609  0.31039143 -1.16443717],[ 0.92523187 -0.07384229 -1.31957769]
5.3123726,[-0.9447785   0.31035423 -1.1643877 ],[ 0.92528701 -0.07387534 -1.31957948]
5.322042,[-0.9444831   0.31024337 -1.16423571],[ 0.9254145  -0.07390804 -1.31958365]
5.330358099999998,[-0.94430315  0.31015766 -1.16412616],[ 0.92551154 -0.0739617  -1.31959867]
5.338518199999999,[-0.94412202  0.31008247 -1.16400826],[ 0.9256109  -0.07402746 -1.31962037]
5.346982999999998,[-0.94395548  0.31001261 -1.16387868],[ 0.92570519 -0.07409674 -1.31964123]
5.3552,[-0.94379324  0.30992517 -1.16375887],[ 0.92579502 -0.07415341 -1.31968272]
5.3639763999999985,[-0.94366813  0.30983776 -1.16362095],[ 0.92587209 -0.07419807 -1.31970394]
5.371679799999999,[-0.94352865  0.30973631 -1.16347635],[ 0.92598242 -0.07426454 -1.31976664]
5.380995199999997,[-0.9434042   0.30962855 -1.16334414],[ 0.92603064 -0.07425425 -1.31977654]
5.388412899999999,[-0.94330448  0.30954432 -1.1632179 ],[ 0.92612851 -0.07431287 -1.31984162]
5.397306199999999,[-0.94321173  0.30943933 -1.16311717],[ 0.92619634 -0.07434247 -1.31988466]
5.405397799999999,[-0.94313717  0.30931395 -1.16300476],[ 0.92624968 -0.07436807 -1.31993079]
5.413281299999998,[-0.94307405  0.30920351 -1.16289413],[ 0.92630792 -0.07438233 -1.31998003]
5.422126499999997,[-0.94302088  0.30909798 -1.16277814],[ 0.92635477 -0.07441082 -1.32003963]
5.4307111999999975,[-0.94296986  0.30899179 -1.16265678],[ 0.92640126 -0.07443611 -1.32010138]
5.439204099999998,[-0.94291663  0.30888528 -1.1625396 ],[ 0.92643011 -0.07444035 -1.32016838]
5.447453099999997,[-0.94284821  0.308799   -1.16242325],[ 0.92645103 -0.07447299 -1.3202486 ]
5.456276899999999,[-0.94277352  0.30872431 -1.16229451],[ 0.92646855 -0.07449506 -1.32033527]
5.464218199999998,[-0.94270188  0.30864292 -1.16218674],[ 0.92645711 -0.07448837 -1.32040799]
5.4731466,[-0.94262481  0.30856457 -1.16208506],[ 0.92646557 -0.07451711 -1.32050467]
5.481968599999998,[-0.94254053  0.3084878  -1.16197932],[ 0.9264763  -0.07454611 -1.32060742]
5.490683499999999,[-0.9424566   0.30843338 -1.16189516],[ 0.92648023 -0.07458057 -1.32072306]
5.4986514,[-0.9423731   0.30838621 -1.16179109],[ 0.92647344 -0.07459814 -1.3208456 ]
5.507492199999998,[-0.94229329  0.30837044 -1.1617018 ],[ 0.92644805 -0.07460708 -1.32098317]
5.5173255999999995,[-0.94218248  0.30833986 -1.16158044],[ 0.92642701 -0.07466415 -1.32122445]
5.524589899999999,[-0.94214296  0.30832174 -1.16154075],[ 0.92640394 -0.07466728 -1.32130456]
5.534894899999998,[-0.94204777  0.30825546 -1.16141272],[ 0.92633533 -0.07470991 -1.321576  ]
5.543144199999997,[-0.94199878  0.30820975 -1.16133749],[ 0.92628026 -0.07471573 -1.32176208]
5.5518763,[-0.94195366  0.30815548 -1.16125262],[ 0.92621601 -0.07472955 -1.32195282]
5.5601299,[-0.94190186  0.30808887 -1.16118491],[ 0.92615175 -0.07473648 -1.32215726]
5.568224399999998,[-0.9418509   0.30802089 -1.16111147],[ 0.92606997 -0.07474369 -1.32235587]
5.576009599999999,[-0.94178736  0.30794927 -1.1610496 ],[ 0.92597544 -0.07473885 -1.32256556]
5.5841119999999975,[-0.94172764  0.30788285 -1.16098917],[ 0.92588013 -0.07476293 -1.3227787 ]
5.591523299999999,[-0.94170552  0.30785197 -1.16095078],[ 0.92582792 -0.07476631 -1.32288063]
5.6011472,[-0.94162583  0.30774277 -1.16085434],[ 0.92565441 -0.0748065  -1.32320964]
5.609890499999999,[-0.941562    0.30765563 -1.16078079],[ 0.92538917 -0.07486744 -1.32352781]
5.617577699999998,[-0.94151193  0.30754706 -1.16070986],[ 0.92525107 -0.07488922 -1.3237617 ]
5.626877799999999,[-0.9414767   0.30745322 -1.16065121],[ 0.92509812 -0.07491568 -1.32399547]
5.6343957999999965,[-0.94144684  0.30735388 -1.16058195],[ 0.92491269 -0.07491545 -1.32422912]
5.642582399999998,[-0.9414196   0.30725464 -1.16051209],[ 0.92473251 -0.07495113 -1.32443774]
5.651254899999998,[-0.94139689  0.30714673 -1.16044295],[ 0.92453402 -0.07501425 -1.32463729]
5.659287699999997,[-0.94137794  0.30703461 -1.16038382],[ 0.92433053 -0.07510032 -1.32485306]
5.668136899999997,[-0.94136161  0.30691588 -1.16031611],[ 0.92427224 -0.07505969 -1.3249743 ]
5.6766945,[-0.94134635  0.30680147 -1.16023719],[ 0.92404377 -0.07512302 -1.32518005]
5.684921199999998,[-0.94133043  0.30669317 -1.16016829],[ 0.92384362 -0.07515165 -1.32536256]
5.6926162,[-0.941315    0.30658966 -1.16010654],[ 0.9236449  -0.07519954 -1.3255415 ]
5.701338,[-0.94129962  0.30649993 -1.16004717],[ 0.92342085 -0.07526751 -1.32572782]
5.709340099999999,[-0.94128209  0.30639473 -1.15997612],[ 0.92320549 -0.0753428  -1.3259145 ]
5.718854999999998,[-0.94126779  0.30629328 -1.15991271],[ 0.92297018 -0.07541636 -1.32610369]
5.726817099999998,[-0.94124073  0.30616677 -1.15985119],[ 0.92273718 -0.07553078 -1.32629228]
5.7349082,[-0.94121671  0.3060708  -1.15980697],[ 0.92250842 -0.07565475 -1.3264811 ]
5.742967199999999,[-0.94119161  0.30597088 -1.15975237],[ 0.92228895 -0.07574175 -1.32666719]
5.751297299999997,[-0.9411751   0.3058877  -1.15968823],[ 0.92208976 -0.07580914 -1.32683969]
5.760431899999997,[-0.94115889  0.30581561 -1.15961969],[ 0.92189121 -0.07585667 -1.32699537]
5.770043999999999,[-0.94114989  0.30576062 -1.15956068],[ 0.92169738 -0.0759113  -1.32716262]
5.781309099999998,[-0.94112444  0.30569142 -1.15949178],[ 0.92141038 -0.07600646 -1.32740057]
5.789371899999999,[-0.94108522  0.3056418  -1.15944958],[ 0.9212445  -0.07610703 -1.32755959]
5.799115899999997,[-0.94104606  0.30560231 -1.15940034],[ 0.92108363 -0.0762084  -1.32773161]
5.808157399999999,[-0.94100952  0.30557391 -1.15935302],[ 0.92092401 -0.07630798 -1.32790911]
5.8163415,[-0.94098431  0.30557802 -1.15931225],[ 0.92077595 -0.0764081  -1.32806849]
5.8260495,[-0.94093531  0.30556574 -1.15923393],[ 0.92057246 -0.07649529 -1.32830513]
5.834611499999998,[-0.9409107   0.30557323 -1.15916955],[ 0.92045712 -0.0765837  -1.32845092]
5.843124199999998,[-0.94088042  0.30557397 -1.15911436],[ 0.92019826 -0.07673195 -1.32868862]
5.851121999999997,[-0.94085938  0.30555442 -1.15905571],[ 0.92010474 -0.07683417 -1.32882464]
5.860154399999999,[-0.94083196  0.30551991 -1.15900314],[ 0.92003679 -0.07694358 -1.32893348]
5.867799899999998,[-0.94081682  0.30549094 -1.15895712],[ 0.91994578 -0.07703108 -1.3290571 ]
5.875913599999997,[-0.94080418  0.30546072 -1.15889323],[ 0.91985804 -0.07713234 -1.32916796]
5.884124199999999,[-0.94079518  0.30544505 -1.15882123],[ 0.91977072 -0.07724194 -1.32928419]
5.892652799999997,[-0.94078201  0.30541882 -1.15874386],[ 0.91967034 -0.07735292 -1.32939994]
5.9007486,[-0.94077635  0.30538687 -1.15867901],[ 0.91974491 -0.07738914 -1.32940269]
5.908978399999999,[-0.94076633  0.30534106 -1.1586169 ],[ 0.91966522 -0.07751347 -1.32949686]
5.917781399999999,[-0.94074965  0.30527911 -1.15855503],[ 0.91960442 -0.07763112 -1.32957327]
5.9268921999999975,[-0.94074136  0.30519846 -1.15847361],[ 0.91953653 -0.07773149 -1.32964277]
5.9354936999999985,[-0.94074398  0.3051219  -1.15839589],[ 0.91947657 -0.07784928 -1.32971907]
5.943688899999998,[-0.94074553  0.30505049 -1.1583252 ],[ 0.91938859 -0.07799644 -1.32979417]
5.9535445,[-0.94073933  0.30498159 -1.1582464 ],[ 0.9193055  -0.07812037 -1.32986319]
5.962253799999999,[-0.94074422  0.30489886 -1.15818143],[ 0.91923839 -0.07824527 -1.3299247 ]
5.970124899999998,[-0.94074255  0.30479148 -1.15812564],[ 0.91918147 -0.07836176 -1.32998168]
5.9802786999999995,[-0.94073105  0.30463994 -1.15803921],[ 0.91910785 -0.07854442 -1.33004451]
5.9887049999999995,[-0.94072402  0.30454147 -1.15798748],[ 0.91907203 -0.07866019 -1.33007264]
5.997179499999998,[-0.94071048  0.3044461  -1.15793526],[ 0.91903132 -0.07876573 -1.33009672]
6.0060787,[-0.9407081   0.30435747 -1.15788186],[ 0.91898888 -0.07884885 -1.33012819]
6.014767699999997,[-0.94069612  0.30427003 -1.15783393],[ 0.91893005 -0.0789087  -1.33016431]
6.0240013999999995,[-0.94067931  0.30417302 -1.15778112],[ 0.91888928 -0.07897006 -1.33020151]
6.0329327999999975,[-0.94066978  0.30403286 -1.15774167],[ 0.91884214 -0.07902914 -1.33023572]
6.044248199999998,[-0.94063222  0.30382857 -1.15766501],[ 0.91880298 -0.07912236 -1.33027434]
6.053979699999999,[-0.94059527  0.30367744 -1.15762806],[ 0.9187879  -0.07916226 -1.33029544]
6.064117099999997,[-0.9405272   0.30345839 -1.15755379],[ 0.91876882 -0.07921125 -1.33032572]
6.074499799999998,[-0.94047517  0.30331531 -1.15750146],[ 0.91874945 -0.07923931 -1.33034348]
6.084027099999997,[-0.94041246  0.30318078 -1.15742123],[ 0.91870761 -0.07928924 -1.33037949]
6.0926595,[-0.94037682  0.3030943  -1.15736639],[ 0.91867304 -0.07934397 -1.33039927]
6.101208699999997,[-0.94033724  0.30299714 -1.15731561],[ 0.91865385 -0.07938616 -1.33040285]
6.109397299999998,[-0.94029188  0.30289868 -1.15726042],[ 0.91865098 -0.07944448 -1.33039379]
6.118721399999998,[-0.94024611  0.30279595 -1.15721333],[ 0.91865653 -0.07946551 -1.33037925]
6.127105099999998,[-0.9402014   0.30270702 -1.15715373],[ 0.91865462 -0.07949857 -1.33035779]
6.136934799999999,[-0.9401629   0.30260324 -1.15709293],[ 0.91864467 -0.07952798 -1.33033764]
6.1453691999999975,[-0.94011152  0.30249977 -1.15702462],[ 0.91862392 -0.07956213 -1.33032906]
6.155118799999997,[-0.94005305  0.30233571 -1.156914  ],[ 0.91858459 -0.07962407 -1.33031499]
6.163989699999998,[-0.94000351  0.30220664 -1.15684617],[ 0.91857028 -0.0796811  -1.33030629]
6.1720194999999975,[-0.93995869  0.30207315 -1.15675962],[ 0.91856438 -0.07975204 -1.33028889]
6.181064599999999,[-0.93989927  0.301927   -1.15667117],[ 0.91855699 -0.07979765 -1.33028293]
6.188672599999997,[-0.93986475  0.30179265 -1.15659082],[ 0.91856241 -0.07984431 -1.33026624]
6.1973531999999985,[-0.93982667  0.3016738  -1.1565032 ],[ 0.91855985 -0.07987908 -1.33025157]
6.205329499999998,[-0.93978512  0.30154598 -1.15641272],[ 0.91854686 -0.07989737 -1.33024478]
6.213655299999999,[-0.93974298  0.30144927 -1.1563071 ],[ 0.91853565 -0.07991083 -1.33024073]
6.2220543,[-0.93970537  0.30135784 -1.1562227 ],[ 0.91851687 -0.07994834 -1.33023965]
6.230778999999998,[-0.93965012  0.30125245 -1.15614533],[ 0.91851044 -0.08000147 -1.33023798]
6.238553399999997,[-0.93961543  0.30112252 -1.15607107],[ 0.91849726 -0.08005424 -1.33024609]
6.246676299999997,[-0.93957144  0.3009977  -1.15599895],[ 0.9184798  -0.08010782 -1.33024931]
6.255885099999997,[-0.93952978  0.30090141 -1.15592551],[ 0.9184764  -0.08018691 -1.33025396]
6.263541099999998,[-0.93950349  0.30079529 -1.15585542],[ 0.91845828 -0.08024681 -1.33027053]
6.273554799999999,[-0.93947142  0.30070657 -1.15578306],[ 0.91844982 -0.08029631 -1.33027089]
6.282914999999999,[-0.93943882  0.30061197 -1.15572715],[ 0.91841704 -0.08035399 -1.330284  ]
6.292719299999998,[-0.93938965  0.30049151 -1.15563285],[ 0.91838861 -0.08046225 -1.330302  ]
6.301394199999997,[-0.93935299  0.30041724 -1.15556681],[ 0.91837656 -0.08054934 -1.33031356]
6.309317499999999,[-0.93932253  0.30035332 -1.15548861],[ 0.91837168 -0.08063758 -1.33032191]
6.318499599999999,[-0.93930125  0.30029541 -1.15543258],[ 0.91834563 -0.0807156  -1.33033776]
6.326912199999999,[-0.93928772  0.30024537 -1.15538239],[ 0.91832477 -0.08080516 -1.33034921]
6.334932199999997,[-0.93927735  0.3001807  -1.15533996],[ 0.91829753 -0.08087138 -1.33036792]
6.342712599999999,[-0.93927324  0.30010989 -1.15530229],[ 0.91825593 -0.08093417 -1.33038127]
6.350971999999999,[-0.93928266  0.3000105  -1.15526497],[ 0.91822457 -0.0810087  -1.33040035]
6.3600502999999975,[-0.93929839  0.29990995 -1.15522802],[ 0.91820419 -0.08108675 -1.3304044 ]
6.367680399999998,[-0.93931293  0.29982457 -1.15520728],[ 0.91817814 -0.08116157 -1.33041215]
6.3769848999999965,[-0.93933237  0.299723   -1.15516412],[ 0.9181456  -0.08124029 -1.33042181]
6.385033799999999,[-0.93934929  0.29960415 -1.15512407],[ 0.91811389 -0.08132308 -1.33041573]
6.394628699999998,[-0.93937838  0.29951993 -1.15509331],[ 0.91807014 -0.08137558 -1.33042514]
6.401968099999998,[-0.93941176  0.29944384 -1.15506411],[ 0.91802549 -0.08142098 -1.33042252]
6.4104505,[-0.93945414  0.2993519  -1.15503597],[ 0.91798276 -0.08147339 -1.33042407]
6.417759699999998,[-0.9395014   0.29925632 -1.15500331],[ 0.91793442 -0.08152132 -1.33041549]
6.462368599999998,[-0.93967927  0.29891697 -1.1549232 ],[ 0.91766989 -0.08178076 -1.33047771]
6.471908199999998,[-0.93967927  0.29891697 -1.1549232 ],[ 0.91766989 -0.08178076 -1.33047771]
6.481636999999999,[-0.93993801  0.29850906 -1.15488231],[ 0.9175092  -0.08197515 -1.33042967]
6.490832899999997,[-0.93998593  0.29839122 -1.15489316],[ 0.91747791 -0.08202904 -1.33042204]
6.502179999999999,[-0.94006485  0.29823777 -1.15490663],[ 0.91743881 -0.08212933 -1.33040369]
6.510281399999997,[-0.94013381  0.29815003 -1.15491915],[ 0.91752326 -0.08214857 -1.33031905]
6.518820999999999,[-0.94018984  0.29807588 -1.15491748],[ 0.91749495 -0.08216681 -1.33031583]
6.5282497,[-0.94025344  0.29803157 -1.15491009],[ 0.91743916 -0.08223797 -1.33033001]
6.5370192,[-0.94030982  0.29799581 -1.15491962],[ 0.91740525 -0.08228929 -1.33034444]
6.545613899999999,[-0.94039124  0.29796576 -1.15492308],[ 0.91738337 -0.08231356 -1.33034277]
6.553509699999999,[-0.94046277  0.29791558 -1.1549474 ],[ 0.91738373 -0.08233314 -1.33034039]
6.5636595,[-0.94056642  0.29784769 -1.15498793],[ 0.91738695 -0.0823676  -1.33033252]
6.5719446999999995,[-0.94062459  0.29782599 -1.15503335],[ 0.91738957 -0.082404   -1.33033633]
6.580802599999998,[-0.94068462  0.29780069 -1.15507615],[ 0.91738611 -0.08242693 -1.33034706]
6.588774299999997,[-0.9407354   0.29778528 -1.15513945],[ 0.91738093 -0.08245771 -1.33035839]
6.596794899999999,[-0.94078273  0.29777488 -1.15518785],[ 0.91738689 -0.08247817 -1.33035648]
6.606074699999997,[-0.94080877  0.29778731 -1.15525258],[ 0.91739362 -0.08248743 -1.33035731]
6.614249899999997,[-0.94084567  0.29781836 -1.15531611],[ 0.91740149 -0.08248641 -1.33035958]
6.621897399999998,[-0.94088024  0.29784176 -1.15537405],[ 0.9174217  -0.08251216 -1.33035159]
6.630113699999999,[-0.94091642  0.29785427 -1.15543437],[ 0.91744345 -0.08253153 -1.33033848]
6.638463799999997,[-0.94094491  0.29787958 -1.15550244],[ 0.91746438 -0.08254305 -1.33033586]
6.646837799999997,[-0.94097012  0.29791531 -1.15556848],[ 0.91749239 -0.08255651 -1.33032632]
6.655714099999997,[-0.941001    0.29793486 -1.1556462 ],[ 0.91750562 -0.08255837 -1.33032048]
6.663552999999997,[-0.94102758  0.29794797 -1.15573299],[ 0.91753823 -0.08255577 -1.33030939]
6.672907799999997,[-0.94105554  0.29795739 -1.15580952],[ 0.91756403 -0.08254321 -1.33029187]
6.680922599999999,[-0.94106323  0.29797065 -1.15591216],[ 0.91759759 -0.08253173 -1.33028316]
6.689147499999997,[-0.94109315  0.29798356 -1.15600049],[ 0.91763777 -0.08252299 -1.33026361]
6.698478399999999,[-0.94111383  0.29799095 -1.15608716],[ 0.91767848 -0.08251999 -1.3302449 ]
6.708078099999998,[-0.9411298   0.29800358 -1.15617919],[ 0.91771144 -0.08250854 -1.33022702]
6.717824699999998,[-0.9411639   0.29805458 -1.15632129],[ 0.91776145 -0.08251851 -1.33020687]
6.7261548,[-0.94119549  0.29809308 -1.15640903],[ 0.91778994 -0.08249894 -1.33018255]
6.734351399999998,[-0.94121903  0.29810336 -1.15647936],[ 0.917831   -0.08249369 -1.33015287]
6.742811999999997,[-0.94123977  0.29811686 -1.15656555],[ 0.91786402 -0.08248037 -1.33012617]
6.7509485,[-0.94127077  0.29815322 -1.15664208],[ 0.91789556 -0.08247847 -1.33009505]
6.759920399999999,[-0.94130719  0.29816774 -1.15672612],[ 0.91778386 -0.08253169 -1.330158  ]
6.767607999999999,[-0.94133389  0.29815125 -1.15680122],[ 0.91780579 -0.08252137 -1.33014047]
6.776011199999999,[-0.94136935  0.29813561 -1.15689886],[ 0.91795319 -0.08248212 -1.33002412]
6.784308399999997,[-0.94140536  0.29812604 -1.15700912],[ 0.91784322 -0.08250879 -1.33009017]
6.792727299999999,[-0.94145095  0.2981073  -1.15710187],[ 0.91785938 -0.08248846 -1.33006501]
6.801250099999997,[-0.94149202  0.29808715 -1.15719879],[ 0.91788656 -0.08247424 -1.33002663]
6.810746999999999,[-0.94153047  0.29806545 -1.15730011],[ 0.91789949 -0.08243959 -1.32999337]
6.8194957999999986,[-0.94157028  0.2980727  -1.1574049 ],[ 0.91791981 -0.08242088 -1.32996333]
6.827596099999997,[-0.94161046  0.29811138 -1.15751338],[ 0.91794366 -0.08241365 -1.32993448]
6.8369529,[-0.94165975  0.29813513 -1.15760219],[ 0.91795772 -0.08240553 -1.32990718]
6.844959499999998,[-0.94170719  0.29816127 -1.1576916 ],[ 0.91796476 -0.08238352 -1.32987559]
6.853341899999997,[-0.94176215  0.29819861 -1.15777683],[ 0.91797066 -0.08237366 -1.32983732]
6.861556699999998,[-0.94183284  0.2982505  -1.15788352],[ 0.91796225 -0.08234017 -1.3298142 ]
6.870057199999998,[-0.94189328  0.29829276 -1.15797579],[ 0.91810179 -0.08227757 -1.329687  ]
6.878868399999998,[-0.94193685  0.2983028  -1.1580714 ],[ 0.91812533 -0.08222882 -1.32963812]
6.887978399999998,[-0.94201136  0.29832384 -1.1582396 ],[ 0.91811645 -0.08221516 -1.32958055]
6.896764599999997,[-0.94205385  0.298347   -1.15834522],[ 0.91811907 -0.08220214 -1.32953572]
6.905208099999999,[-0.94210184  0.29837564 -1.15844965],[ 0.9181236  -0.08218279 -1.32949042]
6.9135719999999985,[-0.94216388  0.29842356 -1.15854371],[ 0.9181295  -0.08217426 -1.32945704]
6.921929499999997,[-0.94222593  0.29848871 -1.15864301],[ 0.91813481 -0.08215521 -1.32940781]
6.930322899999997,[-0.94229066  0.29855141 -1.1587429 ],[ 0.91814047 -0.08212493 -1.32936347]
6.9384859999999975,[-0.94236553  0.29863006 -1.15882921],[ 0.91815877 -0.08211121 -1.32931995]
6.948511499999999,[-0.94243586  0.29869258 -1.15892839],[ 0.91817999 -0.08209571 -1.3292706 ]
6.957691199999999,[-0.94251806  0.29875541 -1.15899706],[ 0.91820633 -0.08208557 -1.32921922]
6.9662818999999985,[-0.94258565  0.29880777 -1.15908039],[ 0.91823208 -0.08206581 -1.32917905]
6.9759820999999995,[-0.94270867  0.29887789 -1.15920961],[ 0.91826999 -0.08205344 -1.32911503]
6.984322199999998,[-0.94279534  0.29892245 -1.1593014 ],[ 0.91830057 -0.08203674 -1.32907164]
6.992714999999997,[-0.94287753  0.29895961 -1.15939999],[ 0.91832209 -0.08200523 -1.3290236 ]
7.000817899999998,[-0.94296885  0.29901162 -1.15949428],[ 0.91834688 -0.08200042 -1.3289789 ]
7.010362999999998,[-0.94305581  0.29904464 -1.15961254],[ 0.91838056 -0.08199424 -1.32893217]
7.019408899999998,[-0.9431451   0.29907334 -1.15970993],[ 0.91839617 -0.08197781 -1.32888949]
7.028286199999997,[-0.94322789  0.29909641 -1.15981352],[ 0.91842532 -0.08198716 -1.32884526]
7.036180899999998,[-0.94331014  0.29913807 -1.15990257],[ 0.91844946 -0.08198148 -1.32880092]
7.044155099999998,[-0.94339412  0.29918894 -1.15999556],[ 0.9184708  -0.08196574 -1.32875574]
7.053624999999997,[-0.9434666   0.29923731 -1.16006422],[ 0.91849244 -0.08194606 -1.32871306]
7.062029599999999,[-0.94355017  0.29928249 -1.16014826],[ 0.91851598 -0.08192899 -1.3286705 ]
7.072569499999997,[-0.94367814  0.29935068 -1.16025591],[ 0.9185636  -0.08191431 -1.32860816]
7.080729099999999,[-0.94376123  0.2993781  -1.16034043],[ 0.91858625 -0.08190849 -1.32856596]
7.089288,[-0.94383347  0.29939666 -1.16040695],[ 0.91861629 -0.0818935  -1.32852221]
7.0976237,[-0.94390458  0.29939571 -1.16048896],[ 0.91864908 -0.08188295 -1.32847202]
7.105939099999997,[-0.94396651  0.29940274 -1.16056705],[ 0.91867918 -0.08186886 -1.32842326]
7.113622399999997,[-0.94403136  0.29939038 -1.16063643],[ 0.91869491 -0.08184488 -1.32838118]
7.1218027999999975,[-0.94410229  0.29940009 -1.16070509],[ 0.91870475 -0.08181825 -1.32833743]
7.130326299999997,[-0.94417125  0.29938945 -1.16077232],[ 0.91870731 -0.08180203 -1.32829797]
7.138524099999998,[-0.94424057  0.29938343 -1.16085041],[ 0.9187178  -0.08179878 -1.32825911]
7.147837099999997,[-0.94430381  0.29936507 -1.1609267 ],[ 0.9187336  -0.08180177 -1.32821441]
7.155229899999998,[-0.94437116  0.29935718 -1.16099787],[ 0.91872305 -0.08178807 -1.32817447]
7.1644723999999975,[-0.94444597  0.29935369 -1.16106153],[ 0.91873741 -0.08178603 -1.3281256 ]
7.171875399999998,[-0.94451672  0.29936093 -1.16113031],[ 0.91874534 -0.081782   -1.32807732]
7.1807123,[-0.94458634  0.29937682 -1.16119373],[ 0.9187299  -0.08175229 -1.32804048]
7.1888364,[-0.94464386  0.29935721 -1.16125441],[ 0.91873115 -0.08174408 -1.32799411]
7.1974594,[-0.9447006   0.29935864 -1.16133702],[ 0.91872692 -0.08173014 -1.32794321]
7.205337199999999,[-0.94475943  0.29934916 -1.16141772],[ 0.91872388 -0.08172824 -1.32789195]
7.2134611,[-0.94481343  0.29934809 -1.1614939 ],[ 0.91872674 -0.08175611 -1.32784355]
7.221976499999997,[-0.94485766  0.2993196  -1.16157019],[ 0.9187215  -0.08176045 -1.32780373]
7.230211899999997,[-0.94490051  0.29932353 -1.16165102],[ 0.91872644 -0.08176216 -1.32776511]
7.238841299999997,[-0.9449439   0.29933095 -1.16174018],[ 0.91872543 -0.08175016 -1.32773077]
7.246722799999997,[-0.94498044  0.29934207 -1.16183424],[ 0.91872221 -0.08174659 -1.3276968 ]
7.255756499999997,[-0.94500452  0.29932374 -1.16191828],[ 0.91872674 -0.08172253 -1.3276633 ]
7.263661299999999,[-0.94503641  0.29931876 -1.16200554],[ 0.91872412 -0.0817139  -1.32763255]
7.272591299999998,[-0.94508111  0.29933426 -1.16209054],[ 0.91873354 -0.08172794 -1.32759643]
7.281974099999999,[-0.94511551  0.29934126 -1.16219342],[ 0.91873115 -0.08174155 -1.32756031]
7.291007699999998,[-0.94515669  0.29936427 -1.16227758],[ 0.91872495 -0.08173068 -1.3275317 ]
7.299655199999997,[-0.94520432  0.29938453 -1.16234994],[ 0.91870368 -0.08173618 -1.32749605]
7.3078474,[-0.94524938  0.29941154 -1.16242826],[ 0.91868424 -0.08171532 -1.32745218]
7.3177693999999995,[-0.94534093  0.29944423 -1.16252732],[ 0.91865212 -0.08170975 -1.32739747]
7.326022299999998,[-0.94540185  0.29944441 -1.16260231],[ 0.91865224 -0.08171255 -1.32735085]
7.334933199999998,[-0.94546723  0.29943946 -1.16267097],[ 0.9186331  -0.08171105 -1.32730997]
7.342815499999997,[-0.94554329  0.29942769 -1.16273212],[ 0.91862297 -0.08172917 -1.32726955]
7.351909699999997,[-0.94562674  0.29940721 -1.16281223],[ 0.91862231 -0.08174929 -1.3272388 ]
7.360023699999999,[-0.94571555  0.29937398 -1.16286469],[ 0.91859818 -0.08175443 -1.32721329]
7.368358299999997,[-0.945813    0.29933456 -1.16290271],[ 0.91859579 -0.08176248 -1.3271929 ]
7.376426499999997,[-0.94590682  0.29930133 -1.16296685],[ 0.91857982 -0.08173253 -1.32716882]
7.3842906999999975,[-0.94601357  0.29925168 -1.1630286 ],[ 0.91858661 -0.08173695 -1.32715094]
7.3927625999999975,[-0.94611228  0.29920021 -1.16311049],[ 0.91859657 -0.08173799 -1.32711995]
7.401022399999999,[-0.94621974  0.29913944 -1.16318572],[ 0.91859853 -0.08175357 -1.32710087]
7.410467299999997,[-0.94631183  0.29907471 -1.16325331],[ 0.91860515 -0.08177346 -1.32708144]
7.419371299999998,[-0.94642133  0.29902303 -1.16330349],[ 0.91860956 -0.08178385 -1.32706428]
7.427523999999998,[-0.94654971  0.29897416 -1.16336977],[ 0.91860181 -0.08178879 -1.3270582 ]
7.436008899999997,[-0.94666737  0.29892311 -1.16343701],[ 0.91858959 -0.0818073  -1.32704449]
7.444864199999998,[-0.94677913  0.2988629  -1.16350996],[ 0.91857833 -0.08180916 -1.32702613]
7.4535126,[-0.94688243  0.29880732 -1.16359913],[ 0.91857594 -0.08182476 -1.32700562]
7.461724599999997,[-0.94697994  0.29874128 -1.16366434],[ 0.91858929 -0.08185472 -1.32699192]
7.471749599999999,[-0.94713098  0.2986224  -1.16377914],[ 0.91859972 -0.08190176 -1.32695889]
7.480342699999998,[-0.94723147  0.29857713 -1.16384375],[ 0.91859257 -0.0819467  -1.32694471]
7.488380599999999,[-0.94732189  0.29851514 -1.16392887],[ 0.91859484 -0.08196563 -1.3269428 ]
7.4974343999999995,[-0.94740695  0.29843822 -1.16403043],[ 0.91859192 -0.08196702 -1.32693326]
7.505979999999997,[-0.94749552  0.29835799 -1.16410553],[ 0.91858995 -0.08195101 -1.32692385]
7.514516599999997,[-0.94756293  0.29825121 -1.16417789],[ 0.91859335 -0.0819485  -1.32691419]
7.5217395999999965,[-0.94770843  0.2981652  -1.16429079],[ 0.9186061  -0.08197025 -1.32689869]
7.530331799999999,[-0.94778556  0.29813728 -1.16436946],[ 0.91859698 -0.08199372 -1.32689309]
7.538410099999997,[-0.94790393  0.29804564 -1.16447401],[ 0.91859961 -0.08200528 -1.32687771]
7.5473015,[-0.94799578  0.2980172  -1.16452324],[ 0.9185881  -0.08201503 -1.32687199]
7.555355899999999,[-0.94809115  0.29801011 -1.16459608],[ 0.91857839 -0.08199402 -1.32686162]
7.564441799999997,[-0.94813067  0.29803106 -1.16458571],[ 0.91855824 -0.08198269 -1.32685256]
7.571873199999999,[-0.94833702  0.29792887 -1.16479194],[ 0.91854995 -0.08195657 -1.32683623]
7.581031999999997,[-0.94845057  0.29793176 -1.16486371],[ 0.91853702 -0.08196025 -1.3268199 ]
7.5889311,[-0.94854748  0.29795527 -1.16492343],[ 0.91851705 -0.0819879  -1.32680142]
7.597526899999998,[-0.94864762  0.29800463 -1.16498685],[ 0.91848892 -0.08201612 -1.32678306]
7.605400899999999,[-0.94875294  0.29806662 -1.16504431],[ 0.91845983 -0.08204618 -1.32677007]
7.614220199999998,[-0.94887698  0.29814923 -1.16508543],[ 0.91842985 -0.08202419 -1.32676768]
7.6228482,[-0.94900835  0.29828754 -1.16514409],[ 0.91841221 -0.08200966 -1.3267529 ]
7.6305926,[-0.94914633  0.29848418 -1.16522253],[ 0.91839093 -0.08197626 -1.32673919]
7.639809999999997,[-0.94929343  0.2986964  -1.16528082],[ 0.91838586 -0.0819694  -1.32672632]
7.646805899999997,[-0.94943041  0.29893488 -1.16532207],[ 0.91836464 -0.08197185 -1.3267175 ]
7.655791599999997,[-0.94959521  0.29924542 -1.16534424],[ 0.91834503 -0.08198424 -1.32670295]
7.663650299999997,[-0.94978076  0.2995584  -1.16537178],[ 0.91832864 -0.08200287 -1.32669699]
7.6722332999999985,[-0.95001298  0.29990757 -1.16538429],[ 0.91831279 -0.08200289 -1.32668567]
7.680325999999997,[-0.95023739  0.30030113 -1.16539192],[ 0.9182868  -0.0819931  -1.32668185]
7.688463899999999,[-0.95047081  0.30072409 -1.16539919],[ 0.91825461 -0.08197085 -1.3266722 ]
7.6973151999999985,[-0.95071346  0.3011907  -1.16544163],[ 0.91822678 -0.08194954 -1.32666826]
7.706055999999997,[-0.95095348  0.30172405 -1.16547394],[ 0.91820431 -0.08194474 -1.32665491]
7.714159499999997,[-0.95121759  0.30227706 -1.16550219],[ 0.91817755 -0.0819518  -1.32664442]
7.7225705,[-0.95155835  0.30284128 -1.16560161],[ 0.91816461 -0.08196191 -1.32663345]
7.730395599999998,[-0.95172817  0.30337784 -1.1655128 ],[ 0.91814119 -0.08196399 -1.32662022]
7.737225599999999,[-0.95181578  0.3036584  -1.16547978],[ 0.91812408 -0.08198173 -1.32662117]
7.7456061,[-0.95208514  0.30426893 -1.16547358],[ 0.91809225 -0.08197344 -1.32661271]
7.7534735999999995,[-0.95234162  0.3048971  -1.16546559],[ 0.91806722 -0.08196033 -1.32660544]
7.763677899999998,[-0.95279795  0.30580997 -1.16549921],[ 0.91803676 -0.08195443 -1.32659483]
7.7722885999999995,[-0.95311791  0.30644432 -1.16550863],[ 0.91801691 -0.08196143 -1.32659578]
7.780748299999999,[-0.95341229  0.30705476 -1.16550732],[ 0.91798842 -0.08195814 -1.32658708]
7.788701499999998,[-0.95370519  0.30759802 -1.16553712],[ 0.91796732 -0.08196253 -1.32659173]
7.796755399999999,[-0.95401639  0.3081682  -1.16559863],[ 0.91794527 -0.08195791 -1.32659209]
7.803670199999999,[-0.95417595  0.30846721 -1.16562104],[ 0.91793323 -0.0819504  -1.32659352]
7.8122127,[-0.95448887  0.30905426 -1.16566682],[ 0.91791004 -0.08194245 -1.32658875]
7.822525299999999,[-0.95495152  0.30993882 -1.1657269 ],[ 0.9178682  -0.08190874 -1.32658732]
7.832455699999997,[-0.9552415   0.31049117 -1.16577077],[ 0.91784501 -0.08190842 -1.32658696]
7.8409619999999975,[-0.95554811  0.31104448 -1.16583443],[ 0.91782475 -0.08188922 -1.3265835 ]
7.8495642,[-0.95585686  0.31159154 -1.16590273],[ 0.91779602 -0.08187757 -1.3265816 ]
7.858069599999997,[-0.95613319  0.31210107 -1.16596389],[ 0.91777104 -0.08189382 -1.32658279]
7.867564399999999,[-0.95651722  0.31288525 -1.16606271],[ 0.91771042 -0.08189074 -1.32659006]
7.8760309,[-0.95686758  0.31338418 -1.16613543],[ 0.91767687 -0.08187942 -1.32658851]
7.884269099999997,[-0.95715356  0.31386152 -1.16621852],[ 0.91765499 -0.08187292 -1.32658219]
7.892717099999999,[-0.95741916  0.31432143 -1.16631866],[ 0.91762745 -0.08185422 -1.32658279]
7.901353599999997,[-0.9576686   0.3147704  -1.16641843],[ 0.91760647 -0.08184484 -1.32657278]
7.9095153999999965,[-0.95789951  0.31519532 -1.16652858],[ 0.91758513 -0.08181673 -1.32656777]
7.918187999999997,[-0.95811975  0.31560618 -1.16664147],[ 0.91756135 -0.08179969 -1.32657242]
7.927055499999998,[-0.95831919  0.31598189 -1.16676998],[ 0.91754735 -0.08175805 -1.32657063]
7.935353399999997,[-0.95849425  0.31631792 -1.16689932],[ 0.91752166 -0.08174147 -1.32657838]
7.945126599999998,[-0.95874137  0.31662664 -1.16704679],[ 0.91750503 -0.08171641 -1.32658732]
7.953929599999999,[-0.95892668  0.31690976 -1.16718781],[ 0.91748583 -0.08169977 -1.32658803]
7.964364999999997,[-0.95914102  0.31727645 -1.16740882],[ 0.91745931 -0.08166886 -1.32660556]
7.972407899999997,[-0.95925742  0.31750622 -1.16756153],[ 0.91744518 -0.08164135 -1.32661057]
7.9807858,[-0.95935863  0.31769356 -1.16771245],[ 0.91742772 -0.08162052 -1.32662034]
7.988852999999999,[-0.95944041  0.317884   -1.16787446],[ 0.91739607 -0.08159712 -1.32663786]
7.997207099999997,[-0.95948458  0.31807685 -1.16803622],[ 0.91736287 -0.08157491 -1.32664847]
8.0052229,[-0.95952547  0.31825641 -1.16822481],[ 0.91734648 -0.08157886 -1.3266598 ]
8.013479999999998,[-0.95954847  0.3184132  -1.16840816],[ 0.91732675 -0.08156648 -1.32667661]
8.022020999999999,[-0.95956224  0.3185322  -1.1686002 ],[ 0.91731453 -0.08156832 -1.3266896 ]
8.030124399999998,[-0.95956379  0.31861383 -1.16878963],[ 0.91730291 -0.08156954 -1.32670486]
8.0385715,[-0.959575    0.31871271 -1.16898203],[ 0.91729569 -0.08156616 -1.3267163 ]
8.046755999999998,[-0.95956141  0.31878072 -1.16917181],[ 0.91726947 -0.08155757 -1.32674336]
8.0561835,[-0.95954472  0.31884933 -1.16938448],[ 0.91725039 -0.08155514 -1.32676351]
8.063633099999997,[-0.95951772  0.31888694 -1.16957283],[ 0.91723609 -0.08153947 -1.32678902]
8.0718617,[-0.95948201  0.31892404 -1.16978323],[ 0.91722625 -0.08155682 -1.32681334]
8.080431399999998,[-0.95941943  0.31896812 -1.16999269],[ 0.91722101 -0.08156992 -1.32683873]
8.0889362,[-0.95936137  0.3190124  -1.1701982 ],[ 0.91721398 -0.08159135 -1.32686198]
8.097516599999999,[-0.95927089  0.3190338  -1.17038012],[ 0.91706979 -0.0816604  -1.32700062]
8.106046899999999,[-0.95918572  0.31907454 -1.17057216],[ 0.91705829 -0.08164179 -1.32703936]
8.115317099999999,[-0.95912123  0.31913316 -1.17074823],[ 0.91704959 -0.08163096 -1.32708025]
8.124693299999997,[-0.95904958  0.3191835  -1.17093372],[ 0.91704392 -0.081636   -1.32711422]
8.134316199999997,[-0.95896488  0.31924397 -1.17119133],[ 0.91703302 -0.08164361 -1.32717896]
8.141628999999998,[-0.95893824  0.31926584 -1.17126834],[ 0.91702127 -0.08163931 -1.3272028 ]
8.151746499999998,[-0.95883888  0.31934127 -1.17152452],[ 0.91701716 -0.08165934 -1.32725739]
8.160877699999997,[-0.95877975  0.31941777 -1.1716826 ],[ 0.91700864 -0.08167541 -1.32728589]
8.168226699999998,[-0.95872957  0.31949306 -1.17183149],[ 0.91698503 -0.08166055 -1.32733059]
8.176656599999998,[-0.95869434  0.31957194 -1.17197573],[ 0.91697073 -0.08165696 -1.32736444]
8.184296499999999,[-0.95866704  0.31963593 -1.17211425],[ 0.91695225 -0.08164667 -1.32740045]
8.193088199999998,[-0.95864189  0.31970292 -1.17224097],[ 0.91694874 -0.08164115 -1.3274219 ]
8.2011674,[-0.95860696  0.31977624 -1.17237747],[ 0.91694254 -0.08164391 -1.32744443]
8.210296499999998,[-0.9585858   0.31985858 -1.17249656],[ 0.91694111 -0.08166163 -1.32746482]
8.218417799999997,[-0.95856649  0.31994262 -1.17262721],[ 0.91693598 -0.08166231 -1.32749629]
8.226803999999998,[-0.95858967  0.32000846 -1.17270565],[ 0.91691095 -0.08164942 -1.32752347]
8.234553499999997,[-0.95861018  0.32014081 -1.17282903],[ 0.91689289 -0.08165067 -1.32754397]
8.242698699999998,[-0.95864552  0.32028714 -1.17294693],[ 0.9168638  -0.08165101 -1.32757592]
8.251264199999998,[-0.95868832  0.32041451 -1.17306602],[ 0.91683125 -0.08165692 -1.32760394]
8.259066299999997,[-0.95875466  0.32055601 -1.1731813 ],[ 0.91683447 -0.08165653 -1.32762599]
