467 127 127 127 1.4454343
467 127 127 127 1.4605511
465 127 127 127 1.4760832
463 127 127 127 1.4913174
461 127 127 127 1.5067404
460 128 128 127 1.522186
459 127 126 127 1.5374375
459 127 127 127 1.5528864
459 127 127 127 1.5683022
457 127 127 127 1.5835783
454 127 127 127 1.599037
453 127 127 127 1.6144098
453 127 127 127 1.6297542
451 127 127 127 1.6451162
449 127 127 127 1.6605091
448 127 127 127 1.6758732
446 127 127 127 1.6912531
446 127 127 127 1.7065591
444 128 128 127 1.7218883
442 127 126 127 1.7372177
442 127 127 127 1.7527181
442 127 127 127 1.7678618
441 127 127 127 1.7832808
439 127 127 127 1.7986608
437 127 127 127 1.8140901
435 127 127 127 1.8294268
434 127 127 139 1.8447926
434 127 127 156 1.8602555
433 127 127 147 1.8755319
432 127 127 141 1.8910479
430 127 127 136 1.9062722
428 127 127 133 1.9216729
426 127 127 130 1.9371093
426 127 127 127 1.9524116
425 127 127 127 1.9677747
423 128 128 127 1.9832197
422 127 126 127 1.9985835
422 127 127 127 2.0138895
422 127 127 127 2.0292998
420 127 127 127 2.0447178
418 127 127 127 2.060166
416 127 127 127 2.0755624
414 127 127 127 2.0908603
413 127 127 127 2.1063681
412 127 127 127 2.121565
412 128 128 127 2.1369865
411 127 126 127 2.152284
409 127 127 127 2.1677793
408 127 127 127 2.1831018
406 127 127 127 2.1984401
405 127 127 127 2.2138659
404 127 127 127 2.2291694
402 127 127 127 2.2445099
402 127 127 127 2.2598947
401 127 127 127 2.2753435
399 127 127 127 2.2907494
397 127 127 127 2.3061668
396 127 127 127 2.3214206
395 127 127 127 2.3368453
394 127 127 127 2.3523071
393 127 127 127 2.3676624
392 127 127 127 2.3830607
390 127 127 127 2.3983792
389 127 127 127 2.413999
387 127 127 127 2.4291366
386 127 127 127 2.4444531
385 127 127 127 2.4597693
385 127 127 127 2.4751349
385 127 127 127 2.490577
382 127 127 127 2.5059802
380 127 127 127 2.5215273
379 127 127 127 2.5369186
377 127 127 127 2.5523968
377 127 127 127 2.5677794
376 128 128 127 2.5832891
375 127 126 127 2.598504
374 127 127 127 2.6138071
372 127 127 127 2.6293614
370 127 127 127 2.6445625
369 127 127 127 2.6599025
368 127 127 127 2.6752991
368 127 127 127 2.6909075
368 127 127 127 2.7063714
366 127 127 127 2.72156
364 127 127 127 2.7368625
363 127 127 127 2.7524869
361 127 127 127 2.7675004
360 128 128 127 2.7829541
359 127 126 127 2.7984181
358 127 127 127 2.8136416
356 127 127 127 2.8290974
355 127 127 127 2.8445036
354 127 127 127 2.8598312
352 127 127 127 2.8751624
351 127 127 127 2.8906129
350 127 127 127 2.9059391
349 127 127 127 2.9213345
348 127 127 160 2.9367245
347 127 127 150 2.9522851
345 127 127 143 2.9675985
344 127 127 137 2.9827609
343 127 127 134 2.9981962
343 127 127 131 3.0135431
341 127 127 128 3.0289912
339 127 127 127 3.0443311
338 127 127 127 3.059821
337 127 127 127 3.0750991
337 128 128 127 3.090453
336 128 128 127 3.1058347
334 128 128 127 3.1212113
332 128 128 127 3.1366548
331 128 128 127 3.1519444
331 130 130 127 3.1672685
329 128 127 127 3.1827424
328 131 131 127 3.1981793
328 131 131 127 3.2134261
325 131 131 127 3.2291341
324 132 132 127 3.2442711
324 132 132 127 3.2596175
323 135 135 127 3.2749293
321 133 132 127 3.2904063
320 136 136 127 3.3056824
320 136 136 127 3.3210857
320 138 138 127 3.3364854
317 138 138 160 3.351922
316 139 139 150 3.3671789
316 144 139 143 3.3826122
315 144 144 137 3.3980034
313 144 144 134 3.4133655
312 146 144 131 3.4286973
312 149 149 128 3.444129
312 149 149 128 3.4594895
309 151 151 128 3.4748699
307 151 151 128 3.4904289
308 155 155 128 3.5057577
308 157 157 128 3.5211162
307 157 157 128 3.5366136
306 155 154 128 3.5518713
304 156 156 127 3.5672064
302 163 163 127 3.5826902
302 164 164 127 3.5980043
301 168 168 127 3.6132739
300 169 169 127 3.6287767
300 172 172 127 3.6441842
298 172 172 127 3.6595872
296 172 172 127 3.6748303
296 176 176 127 3.6902847
296 181 181 127 3.7056359
296 180 179 127 3.7209074
296 180 180 127 3.7364472
293 178 177 127 3.7519067
291 177 177 127 3.7671185
290 189 190 127 3.7824858
289 192 192 127 3.7978996
289 193 193 127 3.8131876
289 195 195 127 3.8285942
288 193 195 127 3.8438768
285 195 195 127 3.8592534
285 198 198 127 3.8748247
284 203 203 127 3.8902212
284 205 205 127 3.9055299
285 205 205 127 3.9208086
284 204 203 127 3.9362866
282 204 204 127 3.951641
280 204 204 127 3.9669979
278 213 213 127 3.9823211
277 219 219 127 3.99773
277 220 220 127 4.0131006
277 220 220 127 4.0284194
276 220 220 129 4.0438901
274 221 221 129 4.0592657
273 224 224 130 4.0745774
273 228 228 132 4.0899008
273 228 228 135 4.105331
273 227 226 135 4.1207292
272 227 227 135 4.1362147
272 230 230 135 4.1515302
272 232 232 135 4.166847
267 232 232 135 4.1822504
265 233 232 135 4.1975577
265 245 246 137 4.2129621
265 249 249 140 4.2283112
265 248 247 142 4.2437838
265 248 248 145 4.2590404
262 248 248 146 4.2744521
260 248 248 147 4.2897989
259 254 254 150 4.3054087
259 255 255 153 4.3207083
257 255 255 156 4.3360258
257 255 255 159 4.3513597
257 255 255 159 4.3667387
257 255 255 159 4.3821025
257 255 255 159 4.3975819
257 255 255 159 4.4129647
257 255 255 164 4.4282885
257 255 255 167 4.4437652
256 255 255 170 4.4590371
256 255 255 170 4.4745727
257 255 255 170 4.489734
256 255 255 172 4.5052437
256 255 255 175 4.5205853
256 255 255 179 4.5358697
256 255 255 182 4.5512482
257 255 255 184 4.5666868
257 255 255 184 4.5820286
257 255 255 184 4.5974832
256 255 255 184 4.6128589
256 255 255 187 4.6281163
256 255 255 190 4.6436577
257 255 255 193 4.6589142
257 255 255 195 4.6742427
257 255 255 195 4.6898784
257 255 255 197 4.7050896
256 255 255 201 4.7206107
257 255 255 204 4.7360197
256 255 255 207 4.751115
256 255 255 210 4.7664776
256 255 255 211 4.7820584
256 255 255 211 4.7974093
256 255 255 211 4.8127722
256 255 255 215 4.8279808
257 255 255 221 4.8437281
256 255 255 221 4.8587704
256 255 255 221 4.8742082
256 255 255 223 4.8896464
256 255 255 223 4.9049679
256 255 255 224 4.9203623
257 255 255 226 4.9357426
256 255 255 229 4.95104
256 255 255 232 4.9664549
257 255 255 235 4.9819109
257 255 255 236 4.9973208
257 255 255 236 5.0125536
257 255 255 236 5.0279042
256 255 255 236 5.043488
256 255 255 238 5.0588517
257 255 255 241 5.0741566
256 255 255 244 5.0894468
256 255 255 246 5.1048885
257 255 255 246 5.1202607
257 255 255 246 5.1356104
256 255 255 246 5.1508984
257 255 255 246 5.1662787
256 255 255 246 5.1816632
256 255 255 246 5.1971276
256 255 255 246 5.2124043
257 255 255 246 5.2278053
256 255 255 246 5.2434051
256 255 255 246 5.2586524
256 255 255 246 5.2739864
257 255 255 246 5.2895077
256 255 255 246 5.3046607
256 255 255 246 5.3201896
256 255 255 246 5.33563
256 255 255 246 5.3508229
256 255 255 246 5.3662249
256 255 255 246 5.3812894
256 255 255 246 5.3967371
256 255 255 246 5.4125979
256 255 255 246 5.4277899
256 255 255 246 5.4429553
256 255 255 246 5.4581826
257 255 255 246 5.4736825
257 255 255 246 5.4889747
256 255 255 246 5.5043975
256 255 255 246 5.519789
256 255 255 246 5.5351566
256 255 255 246 5.5504923
256 255 255 246 5.5658746
257 255 255 246 5.581256
257 255 255 246 5.5965988
256 255 255 246 5.6120281
256 255 255 246 5.6273948
256 255 255 246 5.6427213
257 255 255 246 5.6581415
256 255 255 246 5.6736115
256 255 255 246 5.6888825
256 255 255 246 5.7044281
257 255 255 246 5.7198389
256 255 255 246 5.7351947
256 255 255 246 5.7504218
256 255 255 246 5.7657822
256 255 255 246 5.7812141
256 255 255 246 5.7965688
256 255 255 246 5.8118847
256 255 255 246 5.8273818
256 255 255 246 5.8426216
256 255 255 246 5.8580485
256 255 255 246 5.8734097
256 255 255 246 5.8890397
256 255 255 246 5.9041699
256 255 255 246 5.9195177
256 255 255 246 5.934917
256 255 255 246 5.9503727
256 255 255 246 5.9657554
257 255 255 246 5.9810434
256 255 255 246 5.9964813
256 255 255 246 6.0117538
256 255 255 246 6.027234
256 255 255 246 6.0426185
257 255 255 246 6.0579103
256 255 255 246 6.0733896
256 255 255 246 6.0887662
256 255 255 246 6.1040874
256 255 255 246 6.119626
256 255 255 246 6.1349941
256 255 255 246 6.1502711
256 255 255 246 6.1655251
257 255 255 246 6.1810042
257 255 255 246 6.1963273
256 255 255 246 6.2116294
256 255 255 246 6.2270429
256 255 255 246 6.2425552
256 255 255 246 6.2577771
257 255 255 246 6.2732595
256 255 255 246 6.2885422
256 255 255 246 6.3039537
256 255 255 246 6.3192833
257 255 255 246 6.3346588
256 255 255 246 6.3500295
256 255 255 246 6.3654025
257 255 255 246 6.3807927
256 255 255 246 6.3961942
256 255 255 246 6.4115971
256 255 255 246 6.4272913
256 255 255 246 6.4423407
256 255 255 246 6.4576671
256 255 255 246 6.4729808
256 255 255 246 6.4882448
257 255 255 246 6.503841
256 255 255 246 6.5190646
256 255 255 246 6.5344028
256 255 255 246 6.5498182
257 255 255 246 6.5651328
256 255 255 246 6.5805706
256 255 255 246 6.5959454
256 255 255 246 6.6113974
256 255 255 246 6.6267919
256 255 255 246 6.6420606
257 255 255 246 6.6574308
256 255 255 246 6.6728465
257 255 255 246 6.6882142
256 255 255 246 6.7038034
256 255 255 246 6.7194309
257 255 255 246 6.7343718
256 255 255 246 6.7496499
256 255 255 246 6.7650932
256 255 255 246 6.7804857
257 255 255 246 6.7958923
257 255 255 246 6.8112024
256 255 255 246 6.8266438
256 255 255 246 6.8420042
257 255 255 246 6.8573864
256 255 255 246 6.8727879
256 255 255 246 6.8880633
257 255 255 246 6.9034709
256 255 255 246 6.9189159
256 255 255 246 6.9341297
256 255 255 246 6.9495249
256 255 255 246 6.9649031
257 255 255 246 6.9803653
256 255 255 246 6.9957608
256 255 255 246 7.0110438
257 255 255 246 7.0264814
256 255 255 246 7.0419232
257 255 255 246 7.0571888
256 255 255 246 7.0727432
256 255 255 246 7.0880003
256 255 255 246 7.1031825
256 255 255 246 7.1188991
256 255 255 246 7.1339808
256 255 255 246 7.1494337
256 255 255 246 7.164886
256 255 255 246 7.1801998
256 255 255 246 7.1956086
257 255 255 246 7.2109573
256 255 255 246 7.2262986
256 255 255 246 7.2417808
257 255 255 246 7.257087
256 255 255 246 7.2724943
257 255 255 246 7.2878535
256 255 255 246 7.3033789
256 255 255 246 7.3189738
256 255 255 246 7.3341046
256 255 255 246 7.3495062
256 255 255 246 7.3648598
256 255 255 246 7.3801975
257 255 255 246 7.3956524
256 255 255 246 7.4111319
256 255 255 246 7.4263955
257 255 255 246 7.4418769
256 255 255 246 7.4571486
256 255 255 246 7.4725458
257 255 255 246 7.488056
256 255 255 246 7.5034309
256 255 255 246 7.5190265
256 255 255 246 7.5341274
256 255 255 246 7.5494992
256 255 255 246 7.565022
257 255 255 246 7.580279
257 255 255 246 7.5956682
256 255 255 246 7.6110458
257 255 255 246 7.6264503
256 255 255 246 7.6417292
257 255 255 246 7.6571445
257 255 255 246 7.6726629
257 255 255 246 7.6878977
256 255 255 246 7.7033415
257 255 255 246 7.7186624
256 255 255 246 7.7340244
257 255 255 246 7.7494796
256 255 255 246 7.7647768
257 255 255 246 7.7801221
256 255 255 246 7.7955891
256 255 255 246 7.8109163
256 255 255 246 7.8264161
256 255 255 246 7.8418437
257 255 255 246 7.8571849
256 255 255 246 7.8724317
256 255 255 246 7.8878532
256 255 255 246 7.9033417
256 255 255 246 7.9185578
256 255 255 246 7.934001
257 255 255 246 7.9493323
256 255 255 246 7.9647144
257 255 255 246 7.9800314
257 255 255 246 7.995411
257 255 255 246 8.0108743
257 255 255 246 8.0262117
256 255 255 246 8.0416402
257 255 255 246 8.0569128
256 255 255 246 8.0723506
257 255 255 246 8.0876881
256 255 255 246 8.103205
256 255 255 246 8.118734
256 255 255 246 8.1338948
256 255 255 246 8.1491659
256 255 255 246 8.1646865
256 255 255 246 8.1799441
256 255 255 246 8.1952793
256 255 255 246 8.2106739
257 255 255 246 8.226093
257 255 255 246 8.2413945
257 255 255 246 8.2568224
256 255 255 246 8.2723538
256 255 255 246 8.2875767
256 255 255 246 8.3030308
256 255 255 246 8.3185643
256 255 255 246 8.3336658
256 255 255 246 8.3491435
256 255 255 246 8.364484
256 255 255 246 8.379875
256 255 255 246 8.395223
256 255 255 246 8.4106087
256 255 255 246 8.4258902
257 255 255 246 8.4413205
256 255 255 246 8.4567367
257 255 255 246 8.4721352
256 255 255 246 8.487538
256 255 255 246 8.502874
256 255 255 246 8.5184664
257 255 255 246 8.533583
256 255 255 246 8.548995
256 255 255 246 8.5643855
256 255 255 246 8.5796913
256 255 255 246 8.5951505
257 255 255 246 8.6105816
257 255 255 246 8.6259561
256 255 255 246 8.6412011
256 255 255 246 8.6565715
257 255 255 246 8.6719954
256 255 255 246 8.6873786
256 255 255 246 8.7029096
256 255 255 246 8.7184821
257 255 255 246 8.7335007
256 255 255 246 8.7488615
256 255 255 246 8.764218
256 255 255 246 8.7796
256 255 255 246 8.7950977
256 255 255 246 8.8104084
256 255 255 246 8.8257552
256 255 255 246 8.8411697
257 255 255 246 8.8565495
256 255 255 246 8.8719709
256 255 255 246 8.8873061
257 255 255 246 8.9026573
256 255 255 246 8.9179968
256 255 255 246 8.9333114
256 255 255 246 8.9487168
257 255 255 246 8.9642418
256 255 255 246 8.9794678
256 255 255 246 8.9947921
257 255 255 246 9.0105445
257 255 255 246 9.0257151
257 255 255 246 9.0409997
256 255 255 246 9.056371
256 255 255 246 9.0717559
256 255 255 246 9.087247
257 255 255 246 9.1027017
256 255 255 246 9.1179135
256 255 255 246 9.1333028
256 255 255 246 9.1486487
256 255 255 246 9.1639959
256 255 255 246 9.1793876
257 255 255 246 9.1947638
256 255 255 246 9.2102232
256 255 255 246 9.2255577
257 255 255 246 9.2409049
257 255 255 246 9.2564452
257 255 255 246 9.2716379
256 255 255 246 9.2869947
256 255 255 246 9.3024341
256 255 255 246 9.3178471
256 255 255 246 9.3331033
256 255 255 246 9.3484773
257 255 255 246 9.3640317
256 255 255 246 9.3792918
257 255 255 246 9.3946841
256 255 255 246 9.4100651
256 255 255 246 9.4254305
256 255 255 246 9.4407009
256 255 255 246 9.4562072
256 255 255 246 9.4715324
257 255 255 246 9.4868744
257 255 255 246 9.5023924
256 255 255 246 9.5177831
256 255 255 246 9.5330229
257 255 255 246 9.5484545
256 255 255 246 9.5638017
257 255 255 246 9.5791504
256 255 255 246 9.5948414
257 255 255 246 9.61004
256 255 255 246 9.6252688
256 255 255 246 9.6406808
256 255 255 246 9.6560978
257 255 255 246 9.6714069
257 255 255 246 9.6870497
257 255 255 246 9.7021783
256 255 255 246 9.7175148
256 255 255 246 9.7329167
257 255 255 246 9.748236
256 255 255 246 9.7636914
256 255 255 246 9.7791287
256 255 255 246 9.7944397
256 255 255 246 9.8098555
256 255 255 246 9.8251723
256 255 255 246 9.8406663
256 255 255 246 9.8560883
256 255 255 246 9.8712863
257 255 255 246 9.8867886
257 255 255 246 9.9022713
257 255 255 246 9.917517
256 255 255 246 9.9328256
256 255 255 246 9.9482392
256 255 255 246 9.9637139
256 255 255 246 9.9789193
256 255 255 246 9.9943166
256 255 255 246 10.0096214
256 255 255 246 10.0250399
257 255 255 246 10.0405478
256 255 255 246 10.0558682
257 255 255 246 10.071169
256 255 255 246 10.086581
256 255 255 246 10.1024358
257 255 255 246 10.1172819
257 255 255 246 10.1327639
257 255 255 246 10.1480759
257 255 255 246 10.1634578
257 255 255 246 10.1788312
256 255 255 246 10.1942082
256 255 255 246 10.209702
256 255 255 246 10.2250523
256 255 255 246 10.2403909
256 255 255 246 10.2556657
256 255 255 246 10.2712723
257 255 255 246 10.2864949
256 255 255 246 10.3021139
256 255 255 246 10.3172228
257 255 255 246 10.3325344
256 255 255 246 10.3479694
257 255 255 246 10.3633536
256 255 255 246 10.378837
256 255 255 246 10.3941309
256 255 255 246 10.4095535
256 255 255 246 10.4248044
256 255 255 246 10.4402912
256 255 255 246 10.4557067
256 255 255 246 10.470987
256 255 255 246 10.4863935
256 255 255 246 10.5018792
256 255 255 246 10.5170662
256 255 255 246 10.532547
257 255 255 246 10.5478851
256 255 255 246 10.5632302
257 255 255 246 10.5785758
256 255 255 246 10.5939928
257 255 255 246 10.6094942
257 255 255 246 10.6247221
256 255 255 246 10.6400789
256 255 255 246 10.6555962
257 255 255 246 10.6708739
256 255 255 246 10.6862353
257 255 255 246 10.7016701
257 255 255 246 10.7169524
256 255 255 246 10.7324756
257 255 255 246 10.7479126
256 255 255 246 10.7632661
256 255 255 246 10.7786192
256 255 255 246 10.7939052
256 255 255 246 10.8092405
256 255 255 246 10.8246599
257 255 255 246 10.8400199
256 255 255 246 10.8553828
256 255 255 246 10.8708107
256 255 255 246 10.8862509
256 255 255 246 10.9015764
256 255 255 246 10.9171651
256 255 255 246 10.9322042
256 255 255 246 10.9477063
256 255 255 246 10.9631141
256 255 255 246 10.9783531
256 255 255 246 10.9939091
257 255 255 246 11.0091874
256 255 255 246 11.0245625
256 255 255 246 11.0398917
256 255 255 246 11.0552768
256 255 255 246 11.0707238
256 255 255 246 11.0860811
257 255 255 246 11.1013893
256 255 255 246 11.1166978
256 255 255 246 11.1322354
256 255 255 246 11.1476933
256 255 255 246 11.1628766
256 255 255 246 11.1783145
256 255 255 246 11.1936463
256 255 255 246 11.2090569
256 255 255 246 11.2245001
256 255 255 246 11.2398443
257 255 255 246 11.255122
256 255 255 246 11.27054
256 255 255 246 11.2859856
256 255 255 246 11.3013574
256 255 255 246 11.3166135
256 255 255 246 11.3319742
256 255 255 246 11.3474108
256 255 255 246 11.3627862
257 255 255 246 11.3780584
256 255 255 246 11.3936947
256 255 255 246 11.4089288
256 255 255 246 11.4242993
256 255 255 246 11.4396753
256 255 255 246 11.4551379
256 255 255 246 11.4705252
256 255 255 246 11.4860289
256 255 255 246 11.5011266
256 255 255 246 11.5166403
256 255 255 246 11.5319566
256 255 255 246 11.5473018
257 255 255 246 11.5627756
256 255 255 246 11.578081
256 255 255 246 11.5934481
256 255 255 246 11.6088786
256 255 255 246 11.624232
256 255 255 246 11.6395853
256 255 255 246 11.6549647
256 255 255 246 11.6704029
256 255 255 246 11.6857656
257 255 255 246 11.7011493
256 255 255 246 11.7165412
256 255 255 246 11.731821
256 255 255 246 11.7473076
256 255 255 246 11.7627179
256 255 255 246 11.7780098
256 255 255 246 11.7933993
256 255 255 246 11.8087878
256 255 255 246 11.824129
256 255 255 246 11.8396919
256 255 255 246 11.8552265
256 255 255 246 11.8704033
256 255 255 246 11.8856783
256 255 255 246 11.9009872
257 255 255 246 11.9163732
256 255 255 246 11.9317778
256 255 255 246 11.9472151
256 255 255 246 11.9625123
256 255 255 246 11.9778645
256 255 255 246 11.9932565
256 255 255 246 12.0087703
256 255 255 246 12.0239684
256 255 255 246 12.0396753
256 255 255 246 12.0548736
256 255 255 246 12.0704387
256 255 255 246 12.0856713
256 255 255 246 12.100872
256 255 255 246 12.1160254
256 255 255 246 12.131441
256 255 255 246 12.1467817
256 255 255 246 12.1621643
256 255 255 246 12.1775718
256 255 255 246 12.1928889
256 255 255 246 12.2083224
256 255 255 246 12.2237549
256 255 255 246 12.2391698
256 255 255 246 12.254473
256 255 255 246 12.2698643
256 255 255 246 12.2849988
257 255 255 246 12.3003391
256 255 255 246 12.3158301
256 255 255 246 12.3311356
256 255 255 246 12.3465324
256 255 255 246 12.361933
256 255 255 246 12.3772361
256 255 255 246 12.3926095
256 255 255 246 12.4081288
256 255 255 246 12.4233841
256 255 255 246 12.4388873
256 255 255 246 12.4542059
256 255 255 246 12.4695725
256 255 255 246 12.4850221
256 255 255 246 12.5003281
256 255 255 246 12.5156955
256 255 255 246 12.5310164
256 255 255 246 12.546492
256 255 255 246 12.5617365
256 255 255 246 12.5771644
256 255 255 246 12.5924896
256 255 255 246 12.6079632
256 255 255 246 12.6233464
256 255 255 246 12.6386656
256 255 255 246 12.6540105
256 255 255 246 12.6694652
256 255 255 246 12.6847923
257 255 255 246 12.7002022
256 255 255 246 12.715515
256 255 255 246 12.7309979
256 255 255 246 12.7463408
256 255 255 246 12.7616901
256 255 255 246 12.7771508
256 255 255 246 12.7924329
257 255 255 246 12.8079374
256 255 255 246 12.8232038
256 255 255 246 12.8386519
256 255 255 246 12.8539654
256 255 255 246 12.8692765
256 255 255 246 12.8846492
256 255 255 246 12.900049
256 255 255 246 12.9154332
256 255 255 246 12.9308746
256 255 255 246 12.9461695
256 255 255 246 12.9615296
256 255 255 246 12.9770493
256 255 255 246 12.9922614
257 255 255 246 13.007619
256 255 255 246 13.0230986
257 255 255 246 13.038505
257 255 255 246 13.0540225
258 255 255 246 13.0693627
258 254 253 246 13.0845806
259 254 254 246 13.0999634
259 253 252 246 13.1153105
260 251 250 246 13.130696
262 250 250 246 13.146041
264 245 244 246 13.1614047
266 242 241 246 13.1768043
267 236 235 246 13.1922058
267 233 235 246 13.2076151
269 230 229 246 13.2229992
271 230 230 246 13.2383132
272 226 225 246 13.2537714
274 222 221 246 13.2691277
276 219 221 246 13.2843851
278 214 213 246 13.2997755
279 209 208 246 13.3152919
279 206 205 246 13.3307253
281 203 205 246 13.3458785
283 201 200 246 13.3613368
284 199 198 246 13.3767734
286 196 195 246 13.3921881
287 191 195 246 13.4075112
287 188 187 246 13.4228136
289 186 185 246 13.4382127
290 186 186 246 13.4536719
292 185 184 246 13.4690787
294 178 177 246 13.4843077
294 176 175 246 13.4997733
295 172 171 246 13.5149924
296 172 172 246 13.5304927
299 170 169 246 13.5458603
300 168 167 246 13.5612584
302 163 162 246 13.576681
303 160 159 246 13.5919085
303 157 156 246 13.6073533
306 156 156 246 13.622703
307 155 154 246 13.6380738
308 151 150 246 13.6536928
309 149 148 246 13.6689997
310 146 145 246 13.684197
312 145 145 246 13.6996865
314 144 145 246 13.7149455
315 143 143 246 13.730319
316 138 143 246 13.7456954
318 136 135 246 13.7610644
319 136 136 246 13.7765462
321 136 136 246 13.7918132
322 135 134 246 13.8072356
322 133 132 246 13.8227068
322 132 132 246 13.8379986
324 133 133 246 13.8535727
326 132 131 246 13.868846
328 130 129 246 13.8840955
329 130 130 246 13.8995717
330 128 130 246 13.9147949
332 127 127 246 13.9301987
333 127 127 246 13.9456092
333 127 127 246 13.960982
334 127 127 246 13.9762922
337 127 127 246 13.9917741
338 127 127 246 14.0071323
339 127 127 246 14.022568
340 127 127 246 14.0379593
341 127 127 246 14.0534047
343 127 127 246 14.068859
344 127 127 246 14.0842511
345 127 127 246 14.0995497
348 127 127 246 14.114645
349 127 127 246 14.1300437
351 127 127 246 14.1454043
351 127 127 246 14.1607314
351 127 127 246 14.1761398
352 127 127 246 14.1915551
354 127 127 246 14.206985
356 127 127 246 14.2223754
357 127 127 246 14.2377203
357 127 127 245 14.2530916
357 127 127 242 14.2684372
359 127 127 239 14.2838307
361 127 127 236 14.2991585
362 127 127 233 14.3145281
364 127 127 230 14.3300343
365 127 127 230 14.3452931
366 127 127 230 14.3608611
368 127 127 230 14.3760883
370 127 127 230 14.3914504
371 127 127 230 14.4068888
372 127 127 224 14.4222829
373 127 127 216 14.4376005
374 128 128 210 14.452966
375 128 128 206 14.4684031
376 130 130 203 14.4837717
378 127 126 199 14.4990449
380 127 127 195 14.5145811
380 127 127 193 14.5298892
381 128 128 190 14.5452161
383 127 128 187 14.5605318
383 127 127 186 14.5760146
385 127 127 186 14.5913563
387 127 127 186 14.6068087
388 127 127 182 14.6220754
389 127 127 178 14.6374667
390 127 127 176 14.6528374
391 127 127 172 14.6681909
392 127 127 169 14.6836497
393 127 127 166 14.698961
395 128 128 163 14.714453
396 127 126 160 14.7296496
398 127 127 157 14.7451057
399 127 127 155 14.7606084
400 127 127 155 14.775921
400 127 127 155 14.7912275
401 127 127 155 14.8066364
403 127 127 155 14.8219797
405 127 127 155 14.8373754
406 127 127 151 14.8527463
408 127 127 145 14.8681099
408 127 127 142 14.8835218
408 127 127 139 14.8988205
409 127 127 136 14.9143337
411 127 127 133 14.9295674
413 127 127 132 14.94493
414 127 127 132 14.9604439
416 127 127 132 14.9757206
417 127 127 132 14.9911763
418 127 127 132 15.0065516
419 127 127 132 15.0218477
421 127 127 132 15.0371976
421 127 127 130 15.0528811
423 127 127 128 15.0680153
424 127 127 127 15.0833776
425 127 127 127 15.0987439
427 127 127 127 15.1142608
429 127 127 127 15.1295537
429 127 127 127 15.1448814
431 127 127 127 15.160383
432 127 127 127 15.1756093
433 127 127 127 15.1909936
434 127 127 127 15.206431
436 127 127 127 15.2217772
437 127 127 127 15.237137
438 128 128 127 15.2524792
439 127 126 127 15.2680969
440 127 127 127 15.2832231
441 127 127 127 15.2986941
443 127 127 127 15.3140621
444 127 127 127 15.3293249
445 127 127 127 15.3446737
446 128 128 127 15.3602101
448 127 126 127 15.3755677
448 127 127 127 15.3909224
449 127 127 127 15.4062938
451 127 127 127 15.4217623
453 127 127 127 15.4371629
454 127 127 127 15.4524116
455 127 127 150 15.4677505
457 127 127 153 15.483285
457 127 127 145 15.4985118
458 127 127 139 15.5140961
460 127 127 135 15.5292049
462 127 127 132 15.5446254
463 127 127 129 15.5600348
464 127 127 128 15.575327
465 127 127 128 15.5907932
466 127 127 128 15.6063267
467 127 127 128 15.6214952
469 127 127 128 15.6369508
470 127 127 128 15.6523956
471 127 127 128 15.6675817
473 127 127 127 15.6831023
474 127 127 127 15.6983971
474 128 128 127 15.7141201
475 127 126 127 15.7294563
477 127 127 127 15.7447597
479 127 127 127 15.7601405
480 127 127 127 15.7755615
481 127 127 127 15.7909052
482 127 127 127 15.80637
