0.00041870000000088226,1.4929614,0
0.010333700000000334,1.4929614,0
0.025726900000002217,1.4929614,0
0.030260300000001905,1.4929614,0
0.04022080000000017,1.4929614,0
0.050221900000000375,1.4929614,0
0.0603168000000025,1.4929614,0
0.07036650000000222,1.4929614,0
0.08029280000000227,1.4929614,0
0.09026430000000119,1.4929614,0
0.10029730000000114,1.4929614,0
0.11033160000000208,1.4929614,0
0.12035630000000097,1.4929614,0
0.13029980000000307,1.4929614,0
0.14022910000000266,1.4929614,0
0.15026040000000052,1.4929614,0
0.16029860000000085,1.4929614,0
0.1703335000000017,1.4929614,0
0.1802185999999999,1.4929614,0
0.19027340000000237,1.4929614,0
0.20021070000000307,1.4929614,0
0.21030990000000216,1.4929614,0
0.22035029999999978,1.4929614,0
0.23019990000000234,1.4929614,0
0.24091850000000292,1.4929614,0
0.2502981999999996,1.4929614,0
0.2603816000000023,1.4929614,0
0.27043580000000134,1.4929614,0
0.28049000000000035,1.4929614,0
0.29058270000000164,1.4929614,0
0.30021870000000206,1.4929614,0
0.31058370000000224,1.4929614,0
0.32036599999999993,1.4929614,0
0.3302396999999999,1.4929614,0
0.3402333000000013,1.4929614,0
0.35019470000000297,1.4929614,0
0.36027520000000024,1.4929614,0
0.37043800000000005,1.4929614,0
0.38019270000000205,1.4929614,0
0.39021280000000047,1.4929614,0
0.4001929000000004,1.4929614,0
0.41026890000000193,1.4929614,0
0.4203645000000016,1.4929614,0
0.4302430000000008,1.4929614,0
0.44021060000000034,1.4929614,0
0.4502258000000019,1.4929614,0
0.46022100000000066,1.4929614,0
0.47037300000000215,1.4929614,0
0.4806724000000031,1.4929614,0
0.4903304000000013,1.4929614,0
0.5001926000000019,1.4929614,0
0.5102930000000008,1.4929614,0
0.5203275000000005,1.4929614,0
0.5303263999999999,1.4929614,0
0.5402635000000018,1.4929614,0
0.5504351000000014,1.4929614,0
0.5603152000000016,1.4929614,0
0.5707540000000009,1.4929614,0
0.5802136000000004,1.4929614,0
0.5902288999999996,1.4929614,0
0.6002270000000003,1.4929614,0
0.6103082999999998,1.4929614,0
0.620311000000001,1.4929614,0
0.6302130000000012,1.4929614,0
0.6402276000000029,1.4929614,0
0.6502160000000003,1.4929614,0
0.6603024000000026,1.4929614,0
0.6702311000000023,1.4929614,0
0.680325400000001,1.4929614,0
0.6901730000000015,1.4929614,0
0.7002052000000027,1.4929614,0
0.7106957999999999,1.4929614,0
0.7202250000000028,1.4929614,0
0.7302391000000021,1.4929614,0
0.7402268000000021,1.4929614,0
0.7502728000000012,1.4929614,0
0.7602822000000025,1.4929614,0
0.770384700000001,1.4929614,0
0.7802496000000012,1.4929614,0
0.7902258000000018,1.4929614,0
0.8002412000000021,1.4929614,0
0.8101894999999999,1.4929614,0
0.8202625000000019,1.4929614,0
0.8306478000000013,1.4929614,0
0.8402252000000026,1.4929614,0
0.8501992999999999,1.4929614,0
0.8602869999999996,1.4929614,0
0.8703469000000013,1.4929614,0
0.8804311000000027,1.4929614,0
0.8903952000000004,1.4929614,0
0.9004092000000021,1.4929614,0
0.9104301000000028,1.4929614,0
0.9202969000000003,1.4929614,0
0.930516800000003,1.4929614,0
0.9404704000000024,1.4929614,0
0.9503975000000011,1.4929614,0
0.960659500000002,1.4929614,0
0.9703217000000031,1.4929614,0
0.9801526000000003,1.4929614,0
0.9902126000000031,1.4929614,0
1.0002961,1.4929614,0
1.0134293999999997,1.4929614,0
1.020452500000001,1.4929614,0
1.0302001000000018,1.4929614,0
1.040256000000003,1.4929614,0
1.0502859000000022,1.4929614,0
1.0602617000000016,1.4929614,0
1.070277100000002,1.4929614,0
1.0806544000000002,1.4929614,0
1.090228500000002,1.4929614,0
1.100314000000001,1.4929614,0
1.1103052000000027,1.4929614,0
1.1203728999999996,1.4929614,0
1.1302804000000002,1.4929614,0
1.1402465,1.4929614,0
1.1502683000000005,1.4929614,0
1.160442500000002,1.4929614,0
1.1702273000000005,1.4929614,0
1.1801993000000017,1.4929614,0
1.190230200000002,1.4929614,0
1.2002769999999998,1.4929614,0
1.2104198000000004,1.4929614,0
1.2202944000000002,1.4929614,0
1.2302051000000027,1.4929614,0
1.2402396000000024,1.4929614,0
1.250281600000001,1.4929614,0
1.2603138999999999,1.4929614,0
1.2703115000000018,1.4929614,0
1.2802406000000026,1.4929614,0
1.2902430000000003,1.4929614,0
1.3002755000000015,1.4929614,0
1.3103253000000024,1.4929614,0
1.32029,1.4929614,0
1.3303094000000009,1.4929614,0
1.3406821999999998,1.4929614,0
1.3502788000000017,1.4929614,0
1.3604468000000018,1.4929614,0
1.3703438000000006,1.4929614,0
1.3803029000000002,1.4929614,0
1.3903515000000013,1.4929614,0
1.400279900000001,1.4929614,0
1.4102832999999997,1.4929614,0
1.4203156999999997,1.4929614,0
1.4302316000000026,1.4929614,0
1.4407873000000002,1.4929614,0
1.4502491000000006,1.4929614,0
1.460660500000003,1.4929614,0
1.4702614000000018,1.4929614,0
1.480203000000003,1.4929614,0
1.4903512000000028,1.4929614,0
1.500259400000001,1.4929614,0
1.5102373,1.4929614,0
1.520315,1.4929614,0
1.5301807000000025,1.4929614,0
1.5402743,1.4929614,0
1.5502874999999996,1.4929614,0
1.5602643,1.4929614,0
1.5702951000000027,1.4929614,0
1.5802364000000004,1.4929614,0
1.5903142000000017,1.4929614,0
1.6002658000000025,1.4929614,0
1.6102225000000026,1.4929614,0
1.620661100000003,1.4929614,0
1.6302143999999998,1.4929614,0
1.640270700000002,1.4929614,0
1.6502944,1.4929614,0
1.6602661000000012,1.4929614,0
1.6702872000000006,1.4929614,0
1.6802215000000018,1.4929614,0
1.6902430000000024,1.4929614,0
1.7003783000000006,1.4929614,0
1.7102815000000007,1.4929614,0
1.7204873999999997,1.4929614,0
1.730347400000003,1.4929614,0
1.740250200000002,1.4929614,0
1.7501914999999997,1.4929614,0
1.7602220000000024,1.4929614,0
1.7704084000000009,1.4929614,0
1.7801898000000023,1.4929614,0
1.790375700000002,1.4929614,0
1.800219700000003,1.4929614,0
1.8102542000000028,1.4929614,0
1.820376900000003,1.4929614,0
1.8301833000000016,1.4929614,0
1.8401972999999998,1.4929614,0
1.850262500000003,1.4929614,0
1.8602160000000012,1.4929614,0
1.8703144000000016,1.4929614,0
1.8804955999999997,1.4929614,0
1.8904934000000004,1.4929614,0
1.9008148000000027,1.4929614,0
1.910488400000002,1.4929614,0
1.9204575000000013,1.4929614,0
1.9301875000000024,1.4929614,0
1.9404223000000016,1.4929614,0
1.9504504000000011,1.4929614,0
1.9603487000000008,1.4929614,0
1.9703307000000017,1.4929614,0
1.9802433000000015,1.4929614,0
1.9902446000000005,1.4929614,0
2.000237200000001,1.4929614,0
2.010139800000001,1.4929614,0
2.020229200000003,1.4929614,0
2.0301978,1.4929614,0
2.040239800000002,1.4929614,0
2.050257700000003,1.4929614,0
2.0602818999999997,1.4929614,0
2.0703254000000015,1.4929614,0
2.080203100000002,1.4929614,0
2.0902928000000003,1.4929614,0
2.1001575000000017,1.4929614,0
2.1102310000000024,1.4929614,0
2.1202178000000025,1.4929614,0
2.130274,1.4929614,0
2.1402181999999996,1.4929614,0
2.150221400000003,1.4929614,0
2.1602718000000003,1.4929614,0
2.170302600000003,1.4929614,0
2.1801789000000014,1.4929614,0
2.190678700000003,1.4929614,0
2.2002810000000004,1.4929614,0
2.210288000000002,1.4929614,0
2.2203781000000014,1.4929614,0
2.2302567000000018,1.4929614,0
2.2401625000000003,1.4929614,0
2.2501979,1.4929614,0
2.2602223000000023,1.4929614,0
2.270272500000001,1.4929614,0
2.280344900000003,1.4929614,0
2.290148200000001,1.4929614,0
2.3001851,1.4929614,0
2.3102473000000003,1.4929614,0
2.3203549000000017,1.4929614,0
2.3302608000000014,1.4929614,0
2.3402201,1.4929614,0
2.3502252000000006,1.4929614,0
2.360239,1.4929614,0
2.370305300000002,1.4929614,0
2.3802828,1.4929614,0
2.3904101000000004,1.4929614,0
2.4002557000000024,1.4929614,0
2.410193300000003,1.4929614,0
2.4202594000000026,1.4929614,0
2.4302930000000025,1.4929614,0
2.4401835,1.4929614,0
2.4502452000000012,1.4929614,0
2.4602086000000014,1.4929614,0
2.470269700000003,1.4929614,0
2.480186200000002,1.4929614,0
2.4901482,1.4929614,0
2.5002187000000013,1.4929614,0
2.510232300000002,1.4929614,0
2.5202553000000023,1.4929614,0
2.5302149000000007,1.4929614,0
2.5401950000000006,1.4929614,0
2.5502083000000013,1.4929614,0
2.5603335000000023,1.4929614,0
2.5702917999999997,1.4929614,0
2.5806707000000024,1.4929614,0
2.5902927000000027,1.4929614,0
2.6003205000000023,1.4929614,0
2.6103660000000026,1.4929614,0
2.620327600000003,1.4929614,0
2.630261800000003,1.4929614,0
2.640201600000001,1.4929614,0
2.6502081000000004,1.4929614,0
2.660273700000001,1.4929614,0
2.670454300000003,1.4929614,0
2.6801999000000016,1.4929614,0
2.690246700000003,1.4929614,0
2.700269600000002,1.4929614,0
2.7102843000000014,1.4929614,0
2.720653800000001,1.4929614,0
2.7303855000000006,1.4929614,0
2.7401902000000007,1.4929614,0
2.7502127000000023,1.4929614,0
2.760231900000001,1.4929614,0
2.7702918000000025,1.4929614,0
2.7802402000000015,1.4929614,0
2.7903714000000015,1.4929614,0
2.8002795999999996,1.4929614,0
2.810186100000003,1.4929614,0
2.820335100000001,1.4929614,0
2.830189700000002,1.4929614,0
2.840227200000001,1.4929614,0
2.850224700000002,1.4929614,0
2.860209300000001,1.4929614,0
2.8702934000000013,1.4929614,0
2.880646800000001,1.4929614,0
2.890377100000002,1.4929614,0
2.900219800000002,1.4929614,0
2.910383500000002,1.4929614,0
2.9203379,1.4929614,0
2.9304223,1.4929614,0
2.9403787,1.4929614,0
2.9504575000000024,1.4929614,0
2.9604192000000005,1.4929614,0
2.970359300000002,1.4929614,0
2.9803885,1.4929614,0
2.9901854000000014,1.4929614,0
3.0002273000000024,1.4929614,0
3.010277200000001,1.4929614,0
3.0203607000000012,1.4929614,0
3.0302182,1.4929614,0
3.0401167000000022,1.4929614,0
3.050211400000002,1.4929614,0
3.0601897000000022,1.4929614,0
3.070706600000001,1.4929614,0
3.0801918000000015,1.4929614,0
3.0901934000000004,1.4929614,0
3.100247300000003,1.4929614,0
3.1103112000000017,1.4929614,0
3.120424,1.4929614,0
3.1301439,1.4929614,0
3.1401708,1.4929614,0
3.150175700000002,1.4929614,0
3.1602956000000013,1.4929614,0
3.170346200000001,1.4929614,0
3.180196600000002,1.4929614,0
3.190176100000002,1.4929614,0
3.2002409000000007,1.4929614,0
3.2102842000000003,1.4929614,0
3.220292800000003,1.4929614,0
3.230223200000001,1.4929614,0
3.2403657000000017,1.4929614,0
3.2502697000000005,1.4929614,0
3.2602110000000017,1.4929614,0
3.2702714999999998,1.4929614,0
3.280170700000003,1.4929614,0
3.2902204000000026,1.4929614,0
3.300205300000002,1.4929614,0
3.310271,1.4929614,0
3.3202627000000007,1.4929614,0
3.3302149000000014,1.4929614,0
3.340155600000003,1.4929614,0
3.350186800000003,1.4929614,0
3.3602441000000027,1.4929614,0
3.370425000000001,1.4929614,0
3.3801882000000028,1.4929614,0
3.3902381000000013,1.4929614,0
3.400380000000002,1.4929614,0
3.4103411,1.4929614,0
3.420377000000002,1.4929614,0
3.4302166000000014,1.4929614,0
3.4401677,1.4929614,0
3.450242600000003,1.4929614,0
3.4603126000000017,1.4929614,0
3.4703484000000024,1.4929614,0
3.4802202000000015,1.4929614,0
3.4901975000000007,1.4929614,0
3.5001815,1.4929614,0
3.5102317999999997,1.4929614,0
3.520345800000001,1.4929614,0
3.53041,1.4929614,0
3.540465300000001,1.4929614,0
3.550446000000001,1.4929614,0
3.5605144000000024,1.4929614,0
3.5704170000000026,1.4929614,0
3.5802533000000025,1.4929614,0
3.590434100000003,1.4929614,0
3.6002948000000004,1.4929614,0
3.6103277000000027,1.4929614,0
3.6203451000000015,1.4929614,0
3.630299300000001,1.4929614,0
3.640196500000002,1.4929614,0
3.6502541000000015,1.4929614,0
3.660247000000002,1.4929614,0
3.670246900000002,1.4929614,0
3.680336500000003,1.4929614,0
3.690349300000001,1.4929614,0
3.700225800000002,1.4929614,0
3.7102627000000012,1.4929614,0
3.7202768000000006,1.4929614,0
3.730224400000001,1.4929614,0
3.740394000000002,1.4929614,0
3.7502259000000002,1.4929614,0
3.7602223000000023,1.4929614,0
3.7703587000000027,1.4929614,0
3.780640100000003,1.4929614,0
3.7904087000000004,1.4929614,0
3.8002097,1.4929614,0
3.810320800000003,1.4929614,0
3.820368700000003,1.4929614,0
3.830248700000002,1.4929614,0
3.840374500000003,1.4929614,0
3.850247600000003,1.4929614,0
3.8602445000000003,1.4929614,0
3.8703114999999997,1.4929614,0
3.8803132,1.4929614,0
3.8902490000000007,1.4929614,0
3.9002747000000006,1.4929614,0
3.910412600000001,1.4929614,0
3.920277200000001,1.4929614,0
3.9302913000000004,1.4929614,0
3.9403433999999997,1.4929614,0
3.950241600000002,1.4929614,0
3.960348100000001,1.4929614,0
3.9703544000000015,1.4929614,0
3.980255100000001,1.4929614,0
3.990394000000002,1.4929614,0
4.000281700000002,1.4929614,0
4.0102735,1.4929614,0
4.0203816,1.4929614,0
4.0302516,1.4929614,0
4.040231600000002,1.4929614,0
4.050247600000002,1.4929614,0
4.0602576,1.4929614,0
4.070317200000002,1.4929614,0
4.080231400000002,1.4929614,0
4.090203500000001,1.4929614,0
4.1002188,1.4929614,0
4.110269800000001,1.4929614,0
4.120249100000002,1.4929614,0
4.130315600000003,1.4929614,0
4.140232000000001,1.4929614,0
4.150336800000002,1.4929614,0
4.160250700000002,1.4929614,0
4.170319600000003,1.4929614,0
4.180195900000001,1.4929614,0
4.190286,1.4929614,0
4.2002437000000015,1.4929614,0
4.210275600000003,1.4929614,0
4.220329900000003,1.4929614,0
4.230198300000001,1.4929614,0
4.240170000000003,1.4929614,0
4.250240700000003,1.4929614,0
4.2602276,1.4929614,0
4.270256200000002,1.4929614,0
4.2802177000000015,1.4929614,0
4.290357400000001,1.4929614,0
4.300198900000002,1.4929614,0
4.3102521,1.4929614,0
4.320363500000003,1.4929614,0
4.3302523000000015,1.4929614,0
4.3402779,1.4929614,0
4.350210100000002,1.4929614,0
4.360278400000002,1.4929614,0
4.370293400000001,1.4929614,0
4.380171900000001,1.4929614,0
4.390143900000002,1.4929614,0
4.400233700000001,1.4929614,0
4.410356700000001,1.4929614,0
4.420272800000003,1.4929614,0
4.4301742,1.4929614,0
4.4402294,1.4929614,0
4.450253100000001,1.4929614,0
4.460411400000002,1.4929614,0
4.4705365000000015,1.4929614,0
4.480884900000003,1.4929614,0
4.490424400000002,1.4929614,0
4.500216300000002,1.4929614,0
4.510484100000003,1.4929614,0
4.520207800000001,1.4929614,0
4.530198200000001,1.4929614,0
4.540211900000003,1.4929614,0
4.5502669000000004,1.4929614,0
4.560417000000001,1.4929614,0
4.570287200000003,1.4929614,0
4.580207100000003,1.4929614,0
4.590199500000001,1.4929614,0
4.600206400000001,1.4929614,0
4.6102515,1.4929614,0
4.620215100000003,1.4929614,0
4.6302299,1.4929614,0
4.6408144,1.4929614,0
4.650394300000002,1.4929614,0
4.660451900000002,1.4929614,0
4.670306100000001,1.4929614,0
4.680278100000002,1.4929614,0
4.690236800000001,1.4929614,0
4.700306100000002,1.4929614,0
4.710388200000001,1.4929614,0
4.7203354,1.4929614,0
4.730294300000001,1.4929614,0
4.7402336,1.4929614,0
4.750233900000001,1.4929614,0
4.760274500000001,1.4929614,0
4.770373900000003,1.4929614,0
4.780267000000002,1.4929614,0
4.7901916,1.4929614,0
4.800220400000001,1.4929614,0
4.810249300000002,1.4929614,0
4.820403300000002,1.4929614,0
4.8302321,1.4929614,0
4.8401952,1.4929614,0
4.850246200000001,1.4929614,0
4.860228500000002,1.4929614,0
4.870309800000001,1.4929614,0
4.880221800000001,1.4929614,0
4.8902812,1.4929614,0
4.900240100000001,1.4929614,0
4.9102444,1.4929614,0
4.920198900000003,1.4929614,0
4.9302186,1.4929614,0
4.9401376,1.4929614,0
4.950611000000002,1.4929614,0
4.9603073,1.4929614,0
4.9703509,1.4929614,0
4.980231,1.4929614,0
4.990140200000003,1.4929614,0
5.000163500000003,1.4929614,0
5.010285500000002,1.4929614,0
5.020273600000003,1.4929614,0
5.0302571,1.4929614,0
5.040308600000003,1.4929614,0
5.050262800000002,1.4929614,0
5.060374100000001,1.4929614,0
5.0702575,1.4929614,0
5.0802685000000025,1.4929614,0
5.090352500000002,1.4929614,0
5.1003586,1.4929614,0
5.110385100000002,1.4929614,0
5.1203146,1.4929614,0
5.1302555000000005,1.4929614,0
5.1402079,1.4929614,0
5.1501862,1.4929614,0
5.1603727,1.4929614,0
5.1703425,1.4929614,0
5.180330100000003,1.4929614,0
5.190259600000001,1.4929614,0
5.2002092,1.4929614,0
5.210281000000002,1.4929614,0
5.220280300000002,1.4929614,0
5.230218400000002,1.4929614,0
5.240236200000002,1.4929614,0
5.250216400000003,1.4929614,0
5.260360800000001,1.4929614,0
5.270392900000001,1.4929614,0
5.2802677,1.4929614,0
5.290285600000001,1.4929614,0
5.300295200000001,1.4929614,0
5.310349800000001,1.4929614,0
5.3204715,1.4929614,0
5.330426300000003,1.4929614,0
5.3404758,1.4929614,0
5.350395200000001,1.4929614,0
5.360289400000003,1.4929614,0
5.3703568,1.4929614,0
5.380537800000003,1.4929614,0
5.3902379000000025,1.4929614,0
5.400210700000002,1.4929614,0
5.410340400000003,1.4929614,0
5.420289700000001,1.4929614,0
5.430319100000002,1.4929614,0
5.440277900000002,1.4929614,0
5.450254700000002,1.4929614,0
5.4603097,1.4929614,0
5.4703465000000016,1.4929614,0
5.480191600000001,1.4929614,0
5.490214400000003,1.4929614,0
5.500159100000001,1.4929614,0
5.5102905,1.4929614,0
5.5203133000000015,1.4929614,0
5.530206200000002,1.4929614,0
5.540165100000003,1.4929614,0
5.550157200000001,1.4929614,0
5.560355100000002,1.4929614,0
5.570325100000002,1.4929614,0
5.580170600000002,1.4929614,0
5.590322500000003,1.4929614,0
5.60022,1.4929614,0
5.610295200000003,1.4929614,0
5.620244800000002,1.4929614,0
5.6301931,1.4929614,0
5.6401900000000005,1.4929614,0
5.650230700000002,1.4929614,0
5.6602276000000025,1.4929614,0
5.670357300000003,1.4929614,0
5.680203300000002,1.4929614,0
5.6901869000000005,1.4929614,0
5.700256200000002,1.4929614,0
5.7107174,1.4929614,0
5.7202202,1.4929614,0
5.730256500000003,1.4929614,0
5.740160700000001,1.4929614,0
5.7501967,1.4929614,0
5.760359000000001,1.4929614,0
5.770321300000003,1.4929614,0
5.780222500000001,1.4929614,0
5.790168300000001,1.4929614,0
5.8002164,1.4929614,0
5.810233400000001,1.4929614,0
5.820420000000002,1.4929614,0
5.8301646,1.4929614,0
5.840228800000002,1.4929614,0
5.850300000000001,1.4929614,0
5.860263100000001,1.4929614,0
5.870325300000001,1.4929614,0
5.8802571000000015,1.4929614,0
5.890201100000002,1.4929614,0
5.9002087,1.4929614,0
5.910292200000001,1.4929614,0
5.920261500000002,1.4929614,0
5.9302092,1.4929614,0
5.9404003,1.4929614,0
5.950279500000001,1.4929614,0
5.9602462,1.4929614,0
5.970375400000002,1.4929614,0
5.980207100000001,1.4929614,0
5.990194600000002,1.4929614,0
6.0002028,1.4929614,0
6.0104121,1.4929614,0
6.020322,1.4929614,0
6.030366600000001,1.4929614,0
6.040429300000003,1.4929614,0
6.0503404,1.4929614,0
6.060470600000002,1.4929614,0
6.070384400000002,1.4929614,0
6.0803191000000005,1.4929614,0
6.090157000000001,1.4929614,0
6.100203700000002,1.4929614,0
6.110253400000001,1.4929614,0
6.120738500000002,1.4929614,0
6.130155300000002,1.4929614,0
6.140179400000001,1.4929614,0
6.150204500000001,1.4929614,0
6.1602805000000025,1.4929614,0
6.170271600000003,1.4929614,0
6.180182200000001,1.4929614,0
6.190275400000001,1.4929614,0
6.200303000000002,1.4929614,0
6.210256400000002,1.4929614,0
6.220320900000001,1.4929614,0
6.230270700000002,1.4929614,0
6.2401944,1.4929614,0
6.2501599,1.4929614,0
6.260347900000003,1.4929614,0
6.2704055000000025,1.4929614,0
6.280257500000001,1.4929614,0
6.290158100000003,1.4929614,0
6.3001626,1.4929614,0
6.310306400000002,1.4929614,0
6.3203417,1.4929614,0
6.3301844,1.4929614,0
6.340199300000002,1.4929614,0
6.350185200000002,1.4929614,0
6.360215700000001,1.4929614,0
6.370464400000003,1.4929614,0
6.380191500000002,1.4929614,0
6.3902289,1.4929614,0
6.400635700000002,1.4929614,0
6.410245500000002,1.4929614,0
6.420289200000003,1.4929614,0
6.430231500000001,1.4929614,0
6.440202200000002,1.4929614,0
6.4502965,1.4929614,0
6.460243400000003,1.4929614,0
6.470330200000003,1.4929614,0
6.480270100000002,1.4929614,0
6.4902227,1.4929614,0
6.500383200000002,1.4929614,0
6.510229600000002,1.4929614,0
6.5203074,1.4929614,0
6.5301577,1.4929614,0
6.540162800000001,1.4929614,0
6.550213300000003,1.4929614,0
6.560207000000002,1.4929614,0
6.570361400000003,1.4929614,0
6.5801506,1.4929614,0
6.590389200000001,1.4929614,0
6.6002334000000005,1.4929614,0
6.610261700000002,1.4929614,0
6.620304700000002,1.4929614,0
6.6302049000000025,1.4929614,0
6.640174300000002,1.4929614,0
6.6503060000000005,1.4929614,0
6.6602806,1.4929614,0
6.6702881000000005,1.4929614,0
6.680244400000003,1.4929614,0
6.6901917,1.4929614,0
6.700196900000002,1.4929614,0
6.7103164,1.4929614,0
6.720712800000001,1.4929614,0
6.730209900000002,1.4929614,0
6.740176700000003,1.4929614,0
6.750203800000001,1.4929614,0
6.760239500000001,1.4929614,0
6.7702755,1.4929614,0
6.7802182,1.4929614,0
6.790182900000001,1.4929614,0
6.80067,1.4929614,0
6.8102084000000005,1.4929614,0
6.8201687,1.4929614,0
6.830216200000002,1.4929614,0
6.8402441,1.4929614,0
6.850186400000002,1.4929614,0
6.860382000000001,1.4929614,0
6.870275000000003,1.4929614,0
6.880221300000002,1.4929614,0
6.890236900000001,1.4929614,0
6.9002306,1.4929614,0
6.9102748,1.4929614,0
6.920315600000002,1.4929614,0
6.9301876,1.4929614,0
6.9401738,1.4929614,0
6.9501829000000015,1.4929614,0
6.9602848,1.4929614,0
6.9703391,1.4929614,0
6.9802423000000005,1.4929614,0
6.990107200000001,1.4929614,0
7.000634400000003,1.4929614,0
7.010382500000002,1.4929614,0
7.020522700000001,1.4929614,0
7.030168,1.4929614,0
7.040185300000001,1.4929614,0
7.050223900000002,1.4929614,0
7.060297600000002,1.4929614,0
7.0707548,1.4929614,0
7.080211500000001,1.4929614,0
7.090244900000002,1.4929614,0
7.100222900000002,1.4929614,0
7.110321500000001,1.4929614,0
7.1202124,1.4929614,0
7.1301761,1.4929614,0
7.1402392,1.4929614,0
7.1502056,1.4929614,0
7.1604606,1.4929614,0
7.170499600000003,1.4929614,0
7.1804524,1.4929614,0
7.190451900000003,1.4929614,0
7.2005342,1.4929614,0
7.210176500000003,1.4929614,0
7.220738700000002,1.4929614,0
7.2303128,1.4929614,0
7.240270300000002,1.4929614,0
7.250193200000002,1.4929614,0
7.260373300000001,1.4929614,0
7.2702223,1.4929614,0
7.280190600000001,1.4929614,0
7.290201,1.4929614,0
7.3001687,1.4929614,0
7.310305900000003,1.4929614,0
7.3202490000000004,1.4929614,0
7.330349000000002,1.4929614,0
7.340230200000001,1.4929614,0
7.350241200000003,1.4929614,0
7.360265300000002,1.4929614,0
7.3703027,1.4929614,0
7.380267,1.4929614,0
7.390284300000001,1.4929614,0
7.400235600000002,1.4929614,0
7.410253600000001,1.4929614,0
7.420299200000002,1.4929614,0
7.430365900000002,1.4929614,0
7.4402802,1.4929614,0
7.450217000000002,1.4929614,0
7.460232300000001,1.4929614,0
7.4702433,1.4929614,0
7.4801838000000025,1.4929614,0
7.4902016000000025,1.4929614,0
7.500164300000002,1.4929614,0
7.5103835,1.4929614,0
7.5202554,1.4929614,0
7.530178800000002,1.4929614,0
7.540217200000001,1.4929614,0
7.550175100000001,1.4929614,0
7.560257500000002,1.4929614,0
7.5704481,1.4929614,0
7.580212700000001,1.4929614,0
7.590125400000002,1.4929614,0
7.600184200000001,1.4929614,0
7.610349000000003,1.4929614,0
7.620331700000001,1.4929614,0
7.630723500000002,1.4929614,0
7.640614000000003,1.4929614,0
7.6502664,1.4929614,0
7.660287,1.4929614,0
7.6702514000000015,1.4929614,0
7.68028,1.4929614,0
7.6902953000000025,1.4929614,0
7.700271000000001,1.4929614,0
7.7104823000000025,1.4929614,0
7.720287000000003,1.4929614,0
7.730194000000001,1.4929614,0
7.740231600000001,1.4929614,0
7.750245500000002,1.4929614,0
7.760242100000003,1.4929614,0
7.7702987000000014,1.4929614,0
7.780170300000002,1.4929614,0
7.790210500000001,1.4929614,0
7.8002600000000015,1.4929614,0
7.8103148000000004,1.4929614,0
7.8202724,1.4929614,0
7.830294300000002,1.4929614,0
7.840168200000001,1.4929614,0
7.850324400000002,1.4929614,0
7.860249400000001,1.4929614,0
7.870364200000001,1.4929614,0
7.880202200000003,1.4929614,0
7.8901562,1.4929614,0
7.900169000000002,1.4929614,0
7.910343600000001,1.4929614,0
7.920711600000001,1.4929614,0
7.9302372000000005,1.4929614,0
7.940249400000003,1.4929614,0
7.950214800000001,1.4929614,0
7.960287100000002,1.4929614,0
7.970297300000002,1.4929614,0
7.980144300000003,1.4929614,0
7.990141100000002,1.4929614,0
8.000272800000001,1.4929614,0
8.010535800000003,1.4929614,0
8.020227900000002,1.4929614,0
8.030187300000001,1.4929614,0
8.0401944,1.4929614,0
8.0502714,1.4929614,0
8.060317000000001,1.4929614,0
8.070252200000002,1.4929614,0
8.080606200000002,1.4929614,0
8.090384700000001,1.4929614,0
8.100361200000002,1.4929614,0
8.1104999,1.4929614,0
8.120477000000001,1.4929614,0
8.1304689,1.4929614,0
8.140215300000001,1.4929614,0
8.1503345,1.4929614,0
8.160274300000001,1.4929614,0
8.170297000000001,1.4929614,0
8.18035,1.4929614,0
8.1902456,1.4929614,0
8.2003676,1.4929614,0
8.210269400000001,1.4929614,0
8.2202758,1.4929614,0
8.230180100000002,1.4929614,0
8.240195,1.4929614,0
8.250293600000003,1.4929614,0
8.26024,1.4929614,0
8.2703749,1.4929614,0
8.280090100000002,1.4929614,0
8.2902223,1.4929614,0
8.300139400000003,1.4929614,0
8.3103716,1.4929614,0
8.320374400000002,1.4929614,0
8.3302303,1.4929614,0
8.340188900000001,1.4929614,0
8.3501774,1.4929614,0
8.360277800000002,1.4929614,0
8.370321800000003,1.4929614,0
8.380148600000002,1.4929614,0
8.3903195,1.4929614,0
8.4002443,1.4929614,0
8.410230300000002,1.4929614,0
8.4204091,1.4929614,0
8.430197200000002,1.4929614,0
8.440129900000002,1.4929614,0
8.450195400000002,1.4929614,0
8.460278900000002,1.4929614,0
8.470312,1.4929614,0
8.480211500000003,1.4929614,0
8.490142200000001,1.4929614,0
8.500208700000002,1.4929614,0
8.510298200000001,1.4929614,0
8.5203065,1.4929614,0
8.530430500000001,1.4929614,0
8.5401716,1.4929614,0
8.5502492,1.4929614,0
8.560371400000001,1.4929614,0
8.5701912,1.4929614,0
8.580115500000002,1.4929614,0
8.590175900000002,1.4929614,0
8.600182800000002,1.4929614,0
8.6102491,1.4929614,0
8.620310700000001,1.4929614,0
8.630284500000002,1.4929614,0
8.640651300000002,1.4929614,0
8.650575500000002,1.4929614,0
8.6602639,1.4929614,0
8.670291300000002,1.4929614,0
8.6801594,1.4929614,0
8.690543600000002,1.4929614,0
8.700183000000003,1.4929614,0
8.7102678,1.4929614,0
8.720256600000003,1.4929614,0
8.7302523,1.4929614,0
8.740374000000003,1.4929614,0
8.750188900000001,1.4929614,0
8.7602118,1.4929614,0
8.770263400000001,1.4929614,0
8.7802465,1.4929614,0
8.790189600000001,1.4929614,0
8.8002584,1.4929614,0
8.8102215,1.4929614,0
8.820311100000001,1.4929614,0
8.830200000000001,1.4929614,0
8.8403466,1.4929614,0
8.8504881,1.4929614,0
8.8604698,1.4929614,0
8.870240000000003,1.4929614,0
8.880903700000001,1.4929614,0
8.890501100000002,1.4929614,0
8.900435100000003,1.4929614,0
8.910324800000001,1.4929614,0
8.9209453,1.4929614,0
8.9302706,1.4929614,0
8.940323500000002,1.4929614,0
8.950207900000002,1.4929614,0
8.960240900000002,1.4929614,0
8.970269000000002,1.4929614,0
8.980167700000003,1.4929614,0
8.990728500000003,1.4929614,0
9.0002469,1.4929614,0
9.010398000000002,1.4929614,0
9.020183600000003,1.4929614,0
9.030245400000002,1.4929614,0
9.0402129,1.4929614,0
9.050252400000002,1.4929614,0
9.060285100000002,1.4929614,0
9.0703043,1.4929614,0
9.080202,1.4929614,0
9.090206700000003,1.4929614,0
9.1002051,1.4929614,0
9.1102542,1.4929614,0
9.1203097,1.4929614,0
9.130262900000002,1.4929614,0
9.140401800000003,1.4929614,0
9.150237500000003,1.4929614,0
9.160277500000003,1.4929614,0
9.1703316,1.4929614,0
9.180211100000001,1.4929614,0
9.1900832,1.4929614,0
9.2002253,1.4929614,0
9.210215600000002,1.4929614,0
9.2203351,1.4929614,0
9.230187,1.4929614,0
9.240147500000003,1.4929614,0
9.250203800000001,1.4929614,0
9.2603206,1.4929614,0
9.270286000000002,1.4929614,0
9.2803897,1.4929614,0
9.290429500000002,1.4929614,0
9.300304100000002,1.4929614,0
9.3103941,1.4929614,0
9.320307900000003,1.4929614,0
9.330306100000001,1.4929614,0
9.3402651,1.4929614,0
9.350285000000003,1.4929614,0
9.360338800000001,1.4929614,0
9.370283800000003,1.4929614,0
9.380258100000002,1.4929614,0
9.390111000000001,1.4929614,0
9.400188700000001,1.4929614,0
9.410211100000001,1.4929614,0
9.420424800000003,1.4929614,0
9.4306372,1.4929614,0
9.4408034,1.4929614,0
9.450286700000003,1.4929614,0
9.460200400000002,1.4929614,0
9.470274200000002,1.4929614,0
9.480313200000001,1.4929614,0
9.490150800000002,1.4929614,0
9.500146100000002,1.4929614,0
9.510367200000001,1.4929614,0
9.5202794,1.4929614,0
9.530149400000003,1.4929614,0
9.540315500000002,1.4929614,0
9.550243000000002,1.4929614,0
9.560220900000001,1.4929614,0
9.570307500000002,1.4929614,0
9.580133800000002,1.4929614,0
9.590180700000001,1.4929614,0
9.6002613,1.4929614,0
9.610210200000001,1.4929614,0
9.620280400000002,1.4929614,0
9.630204500000001,1.4929614,0
9.640184900000001,1.4929614,0
9.650193000000002,1.4929614,0
9.6602763,1.4929614,0
9.670336000000002,1.4929614,0
9.680208400000001,1.4929614,0
9.6901942,1.4929614,0
9.700217900000002,1.4929614,0
9.7102264,1.4929614,0
9.7203367,1.4929614,0
9.7304748,1.4929614,0
9.740356700000003,1.4929614,0
9.750480500000002,1.4929614,0
9.7603802,1.4929614,0
9.770384500000002,1.4929614,0
9.780282800000002,1.4929614,0
9.7902846,1.4929614,0
9.8001623,1.4929614,0
9.8102142,1.4929614,0
9.8202441,1.4929614,0
9.830196100000002,1.4929614,0
9.8406604,1.4929614,0
9.850123,1.4929614,0
9.8603351,1.4929614,0
9.870291400000003,1.4929614,0
9.880127700000003,1.4929614,0
9.890183800000003,1.4929614,0
9.900238000000002,1.4929614,0
9.910187400000002,1.4929614,0
9.9204097,1.4929614,0
9.930210200000001,1.4929614,0
9.940232700000003,1.4929614,0
9.9502105,1.4929614,0
9.960307100000001,1.4929614,0
9.9702795,1.4929614,0
9.980207200000002,1.4929614,0
9.990647900000003,1.4929614,0
10.000256800000002,1.4929614,0
10.010265800000003,1.4929614,0
10.020308100000001,1.4929614,0
10.030204300000001,1.4929614,0
10.040144000000002,1.4929614,0
10.050225400000002,1.4929614,0
10.060223200000003,1.4929614,0
10.070335200000002,1.4929614,0
10.080223,1.4929614,0
10.090149100000001,1.4929614,0
10.100226000000003,1.4929614,0
10.110242300000003,1.4929614,0
10.1202702,1.4929614,0
10.130187500000002,1.4929614,0
10.140185200000001,1.4929614,0
10.150236500000002,1.4929614,0
10.1603134,1.4929614,0
10.1704565,1.4929614,0
10.180164400000002,1.4929614,0
10.190227700000001,1.4929614,0
10.2002354,1.4929614,0
10.210243000000002,1.4929614,0
10.220197800000001,1.4929614,0
10.230277000000001,1.4929614,0
10.240212,1.4929614,0
10.2502001,1.4929614,0
10.260330800000002,1.4929614,0
10.270317600000002,1.4929614,0
10.280627500000001,1.4929614,0
10.290175900000001,1.4929614,0
10.3002118,1.4929614,0
10.310243200000002,1.4929614,0
10.320414600000003,1.4929614,0
10.330216700000001,1.4929614,0
10.3402612,1.4929614,0
10.350197700000002,1.4929614,0
10.360212800000003,1.4929614,0
10.3703754,1.4929614,0
10.380192400000002,1.4929614,0
10.390125100000002,1.4929614,0
10.400210900000001,1.4929614,0
10.410281600000001,1.4929614,0
10.420447500000002,1.4929614,0
10.430306400000003,1.4929614,0
10.440687800000003,1.4929614,0
10.450309800000003,1.4929614,0
10.460246300000001,1.4929614,0
10.470231600000002,1.4929614,0
10.4801635,1.4929614,0
10.490180000000002,1.4929614,0
10.5002004,1.4929614,0
10.510282100000001,1.4929614,0
10.520288500000003,1.4929614,0
10.530142900000001,1.4929614,0
10.5401284,1.4929614,0
10.5503362,1.4929614,0
10.560515800000001,1.4929614,0
10.570362900000003,1.4929614,0
10.580291300000003,1.4929614,0
10.5903305,1.4929614,0
10.600315900000002,1.4929614,0
10.610264100000002,1.4929614,0
10.620205200000001,1.4929614,0
10.630146700000001,1.4929614,0
10.640281300000002,1.4929614,0
10.6503044,1.4929614,0
10.6602563,1.4929614,0
10.6701877,1.4929614,0
10.6802074,1.4929614,0
10.690233900000003,1.4929614,0
10.700402800000003,1.4929614,0
10.7103897,1.4929614,0
10.720344500000003,1.4929614,0
10.7303146,1.4929614,0
10.7403151,1.4929614,0
10.750309600000001,1.4929614,0
10.760370400000003,1.4929614,0
10.7705226,1.4929614,0
10.7802723,1.4929614,0
10.790165300000002,1.4929614,0
10.800168600000003,1.4929614,0
10.8102652,1.4929614,0
10.8203271,1.4929614,0
10.830212900000003,1.4929614,0
10.840099200000001,1.4929614,0
10.850131100000002,1.4929614,0
10.8602491,1.4929614,0
10.8703377,1.4929614,0
10.8801378,1.4929614,0
10.8901717,1.4929614,0
10.9001646,1.4929614,0
10.9103505,1.4929614,0
10.9202713,1.4929614,0
10.9302004,1.4929614,0
10.940105600000003,1.4929614,0
10.9502235,1.4929614,0
10.960352,1.4929614,0
10.9703017,1.4929614,0
10.9803438,1.4929614,0
10.9902233,1.4929614,0
11.000197100000001,1.4929614,0
11.010281800000001,1.4929614,0
11.020334900000002,1.4929614,0
11.030658500000001,1.4929614,0
11.040138900000002,1.4929614,0
11.050205400000003,1.4929614,0
11.0602366,1.4929614,0
11.0702514,1.4929614,0
11.080197600000002,1.4929614,0
11.0900927,1.4929614,0
11.100163700000003,1.4929614,0
11.1103396,1.4929614,0
11.1203729,1.4929614,0
11.130241700000003,1.4929614,0
11.1402225,1.4929614,0
11.150255100000003,1.4929614,0
11.160278100000003,1.4929614,0
11.170415000000002,1.4929614,0
11.180239400000001,1.4929614,0
11.1901546,1.4929614,0
11.200279300000002,1.4929614,0
11.210227500000002,1.4929614,0
11.220174400000001,1.4929614,0
11.2305101,1.4965473309778974,0
11.240602300000003,1.5165062218085161,0
11.250424600000002,1.5291022469010571,0
11.260556100000002,1.5395167967263523,0
11.2705269,1.5394170628999706,0
11.280405300000002,1.5328223427077106,0
11.290508600000003,1.5264316508829445,0
11.3004301,1.531044598267971,0
11.310520400000001,1.54228641033357,0
11.3207314,1.589319131961618,0
11.330479400000002,1.72619683012921,0
11.3403758,1.9181286315364483,0
11.350454300000003,2.187696645556561,0
11.365705000000002,2.4225555464201634,0
11.3705484,2.654461592079948,0
11.380687900000002,2.8188332535173064,0
11.390701,2.9883063083553716,0
11.400762500000003,3.1001927434562497,0
11.417341,3.301910000385119,0
11.420616900000002,3.570087569959503,0
11.4305266,3.8589182958239516,0
11.440428100000002,4.309220425145312,0
11.455688900000002,4.778661530106355,0
11.460686200000001,5.183202521501721,0
11.474876400000003,5.482837378116464,0
11.4804976,5.867644987585125,0
11.490605000000002,6.037212067551826,2.59999999840943e-06
11.5041698,6.166344624693092,0.013576699999997999
11.510612000000002,6.328087998305943,0.019949099999998054
11.520491800000002,6.308772702657734,0.029897999999999314
11.530422600000001,6.455538361358687,0.03984099999999913
11.5405133,6.934080128015318,0.049896399999997954
11.550540400000003,6.934080128015318,0.059947699999998605
11.560598600000002,6.9778106579298536,0.06992239999999939
11.570615400000001,7.144951555755833,0.07999659999999764
11.584807600000001,7.423028897842612,0.09414199999999795
11.590797300000002,7.640523756686739,0.10011039999999838
11.600596000000003,7.567153771952609,0.10993979999999937
11.610495800000002,7.434907630411287,0.11990879999999748
11.620427300000003,7.640523756686739,0.1298271999999976
11.6305327,7.652837914252965,0.13993770000000083
11.640465600000002,8.02087563986406,0.14987950000000083
11.655175100000001,7.739730070915215,0.16454590000000024
11.668637800000003,7.802544922425701,0.17804939999999903
11.670506500000002,8.21978259559808,0.1798958000000006
11.685165700000002,8.273839997665297,0.19456269999999876
11.690479100000001,8.494446557780574,0.19991579999999942
11.7004312,8.607425524228983,0.20985809999999816
11.710759500000002,8.736706421172222,0.220172299999998
11.720633600000003,8.853592720743801,0.23001019999999883
11.730480100000001,8.824195583331818,0.23985509999999977
11.740425400000003,8.809541051581752,0.24982319999999802
11.7505074,8.650260854860331,0.2598906999999997
11.760522100000003,8.707775895113674,0.26988509999999977
11.7706722,8.987344746665283,0.2799531999999978
11.780505600000001,8.564846436085226,0.2899162000000004
11.790360800000002,8.693353970055812,0.2998069000000001
11.80049,8.972364242669451,0.3099203999999993
11.810522300000002,8.883107682196407,0.3199243000000003
11.820540600000001,8.957413669740566,0.3299258999999992
11.830427700000001,9.002355241650097,0.3398399999999988
11.8430852,9.017395787665905,0.35246330000000015
11.8505258,9.32461096172274,0.3599086000000007
11.8605421,8.957413669740566,0.3698996000000001
11.873716100000003,9.27774164451191,0.3831363000000003
11.888520100000001,8.972364242669451,0.39794840000000065
11.902869600000002,8.66459650744409,0.4122868000000004
11.903485200000002,8.550710084276984,0.41291400000000067
11.910642300000003,8.452543313875262,0.4200382999999981
11.920496700000001,8.593204099345877,0.4299244999999985
11.9304175,8.480450865022997,0.43983030000000056
11.9405435,8.466483135678205,0.4499366000000009
11.9504914,8.508470269933717,0.4598683000000001
11.9604882,8.536601976918485,0.4698980000000006
11.9705756,8.621675420423669,0.4799492000000001
11.9804618,8.494446557780574,0.4898877999999982
11.990422000000002,8.480450865022997,0.4998277000000009
12.000546200000002,8.287422055190799,0.5099251999999979
12.0104945,8.301031304013586,0.5198754999999977
12.0205704,8.21978259559808,0.5299644000000008
12.030591300000001,8.08651605131745,0.5400090999999989
12.0406352,7.878756617124858,0.5500387999999994
12.053925900000003,7.878756617124858,0.5633072000000006
12.060653000000002,7.677540237620285,0.5700614000000002
12.070553800000003,7.446810144218417,0.5799221999999986
12.0805501,7.714779485070684,0.5899472999999986
12.090508400000001,7.665176724779058,0.5999333999999976
12.1004289,7.494658965463705,0.6098409999999994
12.110543500000002,7.60372870967274,0.6199559000000008
12.120752600000003,7.518727305915347,0.6300860999999998
12.130491000000003,7.677540237620285,0.6398702999999983
12.1404952,7.35225325423583,0.6498629999999999
12.150511400000003,7.399342586455758,0.6599266999999998
12.1605108,7.640523756686739,0.6698917999999985
12.1704905,7.423028897842612,0.6798965999999993
12.1804257,7.3405396652208985,0.6898395999999991
12.190379400000001,7.665176724779058,0.6998005999999997
12.2004999,7.878756617124858,0.7099094999999984
12.210569800000002,7.375750831076357,0.7199969999999993
12.220505500000002,7.387534912892297,0.7298994999999984
12.230587200000002,7.270747976866626,0.7398896999999991
12.240529300000002,7.167618265175428,0.7499228999999978
12.2504116,7.224683297447398,0.7598002999999984
12.260564800000001,7.055185970536476,0.7698789999999995
12.2704996,6.934080128015318,0.7798710999999976
12.283732100000002,7.1789856653167865,0.7931470999999988
12.296186300000002,6.955901662500982,0.8056108000000002
12.310201200000002,7.01083890754158,0.8195777
12.310864000000002,6.901511052181899,0.8203217999999985
12.323907600000002,6.858388484023861,0.8333042999999982
12.330523000000003,6.647875276492737,0.8398709999999987
12.340502500000003,6.5965495799240745,0.8499076999999993
12.350507800000003,6.658202150477414,0.8598952000000004
12.360485200000003,6.376715611123658,0.8698814000000006
12.3705259,6.525550439437387,0.8799409999999988
12.3804233,6.576162582781321,0.8898517999999989
12.3904545,6.435714282503059,0.8998478999999975
12.400694100000003,6.435714282503059,0.9101061999999978
12.410655700000003,6.376715611123658,0.9200040999999999
12.4205696,6.396303222674444,0.9299204000000003
12.430741700000002,6.101326389554399,0.9401307999999986
12.4403869,6.037212067551826,0.9498215999999999
12.450493600000001,6.213346689581242,0.9599069
12.4605414,6.27994423832014,0.9699466000000001
12.4704872,6.0829163286647,0.9798988000000008
12.480495000000001,6.129079925238219,0.9898877999999982
12.490437800000002,6.241774367469408,0.999879
12.500633,6.337774657733094,1.010060799999998
12.510610500000002,6.27994423832014,1.010060799999998
12.5227331,6.425831939575096,1.010060799999998
12.549277100000001,6.505446871620019,1.010060799999998
12.560302700000001,6.4061264490717855,1.010060799999998
12.561524300000002,6.6272833866223495,1.010060799999998
12.562442500000003,6.435714282503059,1.010060799999998
12.570819500000002,6.555856970748401,1.010060799999998
12.580822600000001,6.5965495799240745,1.010060799999998
12.590765100000002,6.565999623962232,1.010060799999998
12.6008308,6.606773699795757,1.010060799999998
12.6108686,6.505446871620019,1.010060799999998
12.620793300000003,6.5965495799240745,1.010060799999998
12.6305771,6.5965495799240745,1.010060799999998
12.6406144,6.606773699795757,1.010060799999998
12.650629900000002,6.545734582569215,1.010060799999998
12.660670900000003,6.6272833866223495,1.010060799999998
12.670741900000003,6.535632418935098,1.010060799999998
12.6807965,6.435714282503059,1.010060799999998
12.690586200000002,6.545734582569215,1.010060799999998
12.700622900000003,6.525550439437387,1.010060799999998
12.710763500000002,6.535632418935098,1.010060799999998
12.720664200000002,6.565999623962232,1.010060799999998
12.730680800000002,6.773171422726079,1.010060799999998
12.740709600000002,6.465480176582687,1.010060799999998
12.750803600000001,6.435714282503059,1.010060799999998
12.760879200000002,6.49542520288607,1.010060799999998
12.770700600000001,6.465480176582687,1.010060799999998
12.7807527,6.525550439437387,1.010060799999998
12.790812300000002,6.49542520288607,1.010060799999998
12.8007585,6.5965495799240745,1.010060799999998
12.8107656,6.79434803340286,1.010060799999998
12.820824100000003,6.445616409894751,1.010060799999998
12.8307319,6.836956223185779,1.010060799999998
12.840658100000002,6.934080128015318,1.010060799999998
12.8504945,6.6893069845681055,1.010060799999998
12.8606543,6.815609520161351,1.010060799999998
12.8706752,6.699716804887621,1.010060799999998
12.8805498,6.710147465681302,1.010060799999998
12.890672300000002,6.6272833866223495,1.010060799999998
12.9005601,6.475441895334031,1.010060799999998
12.9106518,6.606773699795757,1.010060799999998
12.9206948,6.699716804887621,1.010060799999998
12.930678,6.710147465681302,1.010060799999998
12.940663,6.752079349304772,1.010060799999998
12.9507477,6.773171422726079,1.010060799999998
12.960908200000002,6.815609520161351,1.010060799999998
12.9706926,6.6893069845681055,1.010060799999998
12.980725800000002,6.606773699795757,1.010060799999998
12.990778900000002,6.5965495799240745,1.010060799999998
13.0005603,6.586345887857524,1.010060799999998
13.010688700000003,6.6893069845681055,1.010060799999998
13.020699100000002,6.752079349304772,1.010060799999998
13.030592000000002,6.658202150477414,1.010060799999998
13.0405868,6.731071475665324,1.010060799999998
13.0507445,6.710147465681302,1.010060799999998
13.0607051,6.815609520161351,1.010060799999998
13.070841300000001,7.167618265175428,1.010060799999998
13.0806532,6.804968146042268,1.010060799999998
13.090608900000003,6.858388484023861,1.010060799999998
13.100511000000001,6.617018288369059,1.010060799999998
13.1106753,6.699716804887621,1.010060799999998
13.120695900000001,6.762614839982228,1.010060799999998
13.130684900000002,6.425831939575096,1.010060799999998
13.140898200000002,6.092112154082174,1.010060799999998
13.1508803,5.3185946485283795,1.010060799999998
13.160801800000002,4.4656659426628345,1.010060799999998
13.1708016,3.3422226334273053,1.010060799999998
13.180894600000002,2.2234888259506707,1.010060799999998
13.1907484,1.6836969067859766,1.010060799999998
13.2004868,1.4929614,1.010060799999998
13.210343100000003,1.4929614,1.010060799999998
13.220378800000002,1.4929614,1.010060799999998
13.2304709,1.4929614,1.010060799999998
13.240252100000003,1.4929614,1.010060799999998
13.2502356,1.4929614,1.010060799999998
13.260440200000001,1.4929614,1.010060799999998
13.270377500000002,1.4929614,1.010060799999998
13.280204100000002,1.4929614,1.010060799999998
13.290237400000002,1.4929614,1.010060799999998
13.300192000000003,1.4929614,1.010060799999998
13.310402100000001,1.4929614,1.010060799999998
13.3204791,1.4929614,1.010060799999998
13.3304276,1.4929614,1.010060799999998
13.340515,1.4929614,1.010060799999998
13.350377300000002,1.4929614,1.010060799999998
13.360439500000002,1.4929614,1.010060799999998
13.370405400000003,1.4929614,1.010060799999998
13.3803068,1.4929614,1.010060799999998
13.390416100000003,1.4929614,1.010060799999998
13.400396700000002,1.4929614,1.010060799999998
13.4105421,1.4929614,1.010060799999998
13.4202802,1.4929614,1.010060799999998
13.430340600000001,1.4929614,1.010060799999998
13.44039,1.4929614,1.010060799999998
13.4502913,1.4929614,1.010060799999998
13.460391600000001,1.4929614,1.010060799999998
13.470521400000003,1.4929614,1.010060799999998
13.480373700000001,1.4929614,1.010060799999998
13.490304400000003,1.4929614,1.010060799999998
13.500238500000002,1.4929614,1.010060799999998
13.5104258,1.4929614,1.010060799999998
