0.0004898999999980447,1.4929614,0
0.010294200000000586,1.4929614,0
0.02485550000000103,1.4929614,0
0.0301758999999997,1.4929614,0
0.04013619999999918,1.4929614,0
0.05026469999999961,1.4929614,0
0.060561899999999724,1.4929614,0
0.07019950000000108,1.4929614,0
0.08021769999999862,1.4929614,0
0.09030579999999944,1.4929614,0
0.1002869000000004,1.4929614,0
0.11028489999999991,1.4929614,0
0.12053249999999949,1.4929614,0
0.13019660000000144,1.4929614,0
0.14011100000000098,1.4929614,0
0.15012019999999993,1.4929614,0
0.1601645000000005,1.4929614,0
0.17007290000000097,1.4929614,0
0.18016259999999917,1.4929614,0
0.19014939999999925,1.4929614,0
0.20027400000000029,1.4929614,0
0.21021809999999874,1.4929614,0
0.22019900000000092,1.4929614,0
0.23022489999999962,1.4929614,0
0.24012129999999843,1.4929614,0
0.25026610000000105,1.4929614,0
0.26022449999999964,1.4929614,0
0.2701732999999997,1.4929614,0
0.28015549999999934,1.4929614,0
0.29013339999999843,1.4929614,0
0.3002730000000007,1.4929614,0
0.3102531000000006,1.4929614,0
0.3203338000000002,1.4929614,0
0.3302806999999994,1.4929614,0
0.3402491000000012,1.4929614,0
0.35010369999999824,1.4929614,0
0.36027509999999907,1.4929614,0
0.3702301999999982,1.4929614,0
0.38035500000000155,1.4929614,0
0.39029779999999903,1.4929614,0
0.4002313999999991,1.4929614,0
0.41033099999999934,1.4929614,0
0.42019559999999956,1.4929614,0
0.43021870000000106,1.4929614,0
0.44013089999999977,1.4929614,0
0.45033480000000026,1.4929614,0
0.46006810000000087,1.4929614,0
0.4701120000000003,1.4929614,0
0.4806355999999994,1.4929614,0
0.49019810000000064,1.4929614,0
0.5002025000000003,1.4929614,0
0.5106052000000005,1.4929614,0
0.5200652999999988,1.4929614,0
0.530195299999999,1.4929614,0
0.5405678999999992,1.4929614,0
0.5501563999999988,1.4929614,0
0.5602580999999986,1.4929614,0
0.5700657999999983,1.4929614,0
0.5801777000000001,1.4929614,0
0.5901977999999986,1.4929614,0
0.6001171999999997,1.4929614,0
0.6101627000000001,1.4929614,0
0.6200748999999988,1.4929614,0
0.6303385000000006,1.4929614,0
0.6407333000000008,1.4929614,0
0.6501674999999985,1.4929614,0
0.6601496000000004,1.4929614,0
0.6701586999999982,1.4929614,0
0.6801905999999995,1.4929614,0
0.6901373,1.4929614,0
0.7004005000000006,1.4929614,0
0.7103698999999999,1.4929614,0
0.7202266000000002,1.4929614,0
0.7303910999999985,1.4929614,0
0.7401635000000013,1.4929614,0
0.7502823999999997,1.4929614,0
0.7601389999999988,1.4929614,0
0.7701673999999983,1.4929614,0
0.7801566000000015,1.4929614,0
0.790099099999999,1.4929614,0
0.8000928999999992,1.4929614,0
0.8101674999999986,1.4929614,0
0.8201223999999989,1.4929614,0
0.8302100999999986,1.4929614,0
0.8401931999999981,1.4929614,0
0.8501666000000014,1.4929614,0
0.8636711999999989,1.4929614,0
0.8703426999999984,1.4929614,0
0.8803374999999996,1.4929614,0
0.8903834999999987,1.4929614,0
0.9003212999999981,1.4929614,0
0.9103694000000004,1.4929614,0
0.920185,1.4929614,0
0.9305480999999993,1.4929614,0
0.9402797000000014,1.4929614,0
0.9500646999999987,1.4929614,0
0.9602164000000002,1.4929614,0
0.9701060999999989,1.4929614,0
0.980181899999998,1.4929614,0
0.9901762999999981,1.4929614,0
1.0001601999999998,1.4929614,0
1.0103726000000002,1.4929614,0
1.023238899999999,1.4929614,0
1.030470300000001,1.4929614,0
1.0401877000000006,1.4929614,0
1.0502700000000011,1.4929614,0
1.0602747000000008,1.4929614,0
1.0702014999999996,1.4929614,0
1.0802602000000014,1.4929614,0
1.0900682999999987,1.4929614,0
1.1000866999999985,1.4929614,0
1.1101555999999988,1.4929614,0
1.120542499999999,1.4929614,0
1.1302386999999996,1.4929614,0
1.1402238000000011,1.4929614,0
1.150136100000001,1.4929614,0
1.1601490999999982,1.4929614,0
1.1700757999999993,1.4929614,0
1.1802235000000003,1.4929614,0
1.1901633999999994,1.4929614,0
1.2000983000000005,1.4929614,0
1.2101810999999998,1.4929614,0
1.2201513000000013,1.4929614,0
1.230193700000001,1.4929614,0
1.2401951999999987,1.4929614,0
1.2500965000000015,1.4929614,0
1.260120999999998,1.4929614,0
1.2701697000000003,1.4929614,0
1.280785299999998,1.4929614,0
1.2901217000000003,1.4929614,0
1.3000612999999994,1.4929614,0
1.3101628999999981,1.4929614,0
1.3201842,1.4929614,0
1.330253599999999,1.4929614,0
1.3401274,1.4929614,0
1.3501311999999999,1.4929614,0
1.360207299999999,1.4929614,0
1.3701851000000005,1.4929614,0
1.3802836999999997,1.4929614,0
1.3902144000000014,1.4929614,0
1.4001486000000014,1.4929614,0
1.4102224999999997,1.4929614,0
1.4203690000000009,1.4929614,0
1.4302931,1.4929614,0
1.440560699999999,1.4929614,0
1.4501251999999987,1.4929614,0
1.4602009000000002,1.4929614,0
1.470164399999998,1.4929614,0
1.4802345999999993,1.4929614,0
1.4901082999999993,1.4929614,0
1.5001002999999997,1.4929614,0
1.5101510000000005,1.4929614,0
1.5201563,1.4929614,0
1.5301629000000005,1.4929614,0
1.5401574999999994,1.4929614,0
1.5500469999999993,1.4929614,0
1.5601121000000013,1.4929614,0
1.5701161,1.4929614,0
1.5802574999999983,1.4929614,0
1.5903960999999995,1.4929614,0
1.6002554999999994,1.4929614,0
1.6101610000000015,1.4929614,0
1.6201505999999988,1.4929614,0
1.6302503000000002,1.4929614,0
1.6402001000000013,1.4929614,0
1.6500746,1.4929614,0
1.6601552999999996,1.4929614,0
1.6701525000000004,1.4929614,0
1.6802120999999985,1.4929614,0
1.6901109999999981,1.4929614,0
1.7001024999999998,1.4929614,0
1.7101004999999994,1.4929614,0
1.7200990000000012,1.4929614,0
1.7302312999999998,1.4929614,0
1.740155399999999,1.4929614,0
1.7501080000000009,1.4929614,0
1.7601604000000002,1.4929614,0
1.7700980000000008,1.4929614,0
1.7802623000000004,1.4929614,0
1.7901655000000005,1.4929614,0
1.8005117999999989,1.4929614,0
1.8101672999999998,1.4929614,0
1.8201700999999986,1.4929614,0
1.830319499999998,1.4929614,0
1.8401424000000013,1.4929614,0
1.850132200000001,1.4929614,0
1.860224500000001,1.4929614,0
1.8701308999999995,1.4929614,0
1.8802616999999984,1.4929614,0
1.8900943000000012,1.4929614,0
1.9005638000000005,1.4929614,0
1.9103475000000003,1.4929614,0
1.920167199999998,1.4929614,0
1.9302636,1.4929614,0
1.9400984000000001,1.4929614,0
1.9500931000000001,1.4929614,0
1.960238799999999,1.4929614,0
1.970145500000001,1.4929614,0
1.9802028999999983,1.4929614,0
1.9901802999999987,1.4929614,0
2.000127599999999,1.4929614,0
2.0101969000000004,1.4929614,0
2.0201065000000007,1.4929614,0
2.0302504,1.4929614,0
2.0401945999999995,1.4929614,0
2.0501129999999996,1.4929614,0
2.060225899999999,1.4929614,0
2.0701660000000004,1.4929614,0
2.080193900000001,1.4929614,0
2.0902306999999993,1.4929614,0
2.1001088999999986,1.4929614,0
2.1101911000000015,1.4929614,0
2.1200930000000007,1.4929614,0
2.1308159999999994,1.4929614,0
2.1402034000000008,1.4929614,0
2.150129100000001,1.4929614,0
2.1601435,1.4929614,0
2.1701359999999994,1.4929614,0
2.1803007,1.4929614,0
2.190147100000001,1.4929614,0
2.200083499999998,1.4929614,0
2.2101374000000007,1.4929614,0
2.220120399999999,1.4929614,0
2.2301725999999995,1.4929614,0
2.240200099999999,1.4929614,0
2.2501602,1.4929614,0
2.2601817000000004,1.4929614,0
2.270207299999999,1.4929614,0
2.280350500000001,1.4929614,0
2.2901942999999996,1.4929614,0
2.3000817,1.4929614,0
2.3100734000000003,1.4929614,0
2.3201722999999994,1.4929614,0
2.330367899999999,1.4929614,0
2.3401986999999984,1.4929614,0
2.3501320999999997,1.4929614,0
2.360118700000001,1.4929614,0
2.3701496000000013,1.4929614,0
2.3801984999999988,1.4929614,0
2.3901632,1.4929614,0
2.4002401000000013,1.4929614,0
2.4102739,1.4929614,0
2.420183099999999,1.4929614,0
2.4302181999999988,1.4929614,0
2.4402100000000004,1.4929614,0
2.4500616000000015,1.4929614,0
2.460179799999999,1.4929614,0
2.4702488000000002,1.4929614,0
2.480238700000001,1.4929614,0
2.4903399999999998,1.4929614,0
2.5002849000000005,1.4929614,0
2.5102411999999994,1.4929614,0
2.5203211000000003,1.4929614,0
2.5303886999999996,1.4929614,0
2.5402452999999987,1.4929614,0
2.5502329999999986,1.4929614,0
2.5603464000000002,1.4929614,0
2.5700986000000015,1.4929614,0
2.5802501999999983,1.4929614,0
2.5901214999999986,1.4929614,0
2.6004672999999983,1.4929614,0
2.610281699999998,1.4929614,0
2.6203229000000015,1.4929614,0
2.6304511999999995,1.4929614,0
2.640320299999999,1.4929614,0
2.6504711999999984,1.4929614,0
2.660206200000001,1.4929614,0
2.670546699999999,1.4929614,0
2.680353799999999,1.4929614,0
2.690199100000001,1.4929614,0
2.700152599999999,1.4929614,0
2.710286,1.4929614,0
2.7200710999999984,1.4929614,0
2.730226299999998,1.4929614,0
2.7400561000000003,1.4929614,0
2.7501214999999988,1.4929614,0
2.760151499999999,1.4929614,0
2.7701463000000004,1.4929614,0
2.7802325000000003,1.4929614,0
2.7900774000000013,1.4929614,0
2.8000884,1.4929614,0
2.8102206999999986,1.4929614,0
2.8201417000000006,1.4929614,0
2.8301447999999993,1.4929614,0
2.8400894,1.4929614,0
2.8501399999999997,1.4929614,0
2.860202600000001,1.4929614,0
2.870239999999999,1.4929614,0
2.880343700000001,1.4929614,0
2.8901274999999984,1.4929614,0
2.9001914000000006,1.4929614,0
2.910175299999999,1.4929614,0
2.920047499999999,1.4929614,0
2.9302588000000007,1.4929614,0
2.940183000000001,1.4929614,0
2.950116600000001,1.4929614,0
2.9601533999999994,1.4929614,0
2.9701850000000007,1.4929614,0
2.980236399999999,1.4929614,0
2.9901762000000005,1.4929614,0
3.0001762999999997,1.4929614,0
3.0101899000000003,1.4929614,0
3.020125799999999,1.4929614,0
3.0301848999999983,1.4929614,0
3.0400691,1.4929614,0
3.0500605000000007,1.4929614,0
3.060212100000001,1.4929614,0
3.070510500000001,1.4929614,0
3.080298599999999,1.4929614,0
3.090054200000001,1.4929614,0
3.1001040999999994,1.4929614,0
3.1101740000000007,1.4929614,0
3.1202651999999986,1.4929614,0
3.1303078999999983,1.4929614,0
3.1401977999999993,1.4929614,0
3.150074199999999,1.4929614,0
3.1601821,1.4929614,0
3.1700717999999988,1.4929614,0
3.1804094999999997,1.4929614,0
3.190121099999999,1.4929614,0
3.200128799999998,1.4929614,0
3.2101489,1.4929614,0
3.2201394999999984,1.4929614,0
3.2301034999999985,1.4929614,0
3.2401218999999983,1.4929614,0
3.2501464999999996,1.4929614,0
3.260098899999999,1.4929614,0
3.2702479999999987,1.4929614,0
3.2802025000000015,1.4929614,0
3.2900308000000003,1.4929614,0
3.300072,1.4929614,0
3.3101427,1.4929614,0
3.3201034999999983,1.4929614,0
3.330253299999999,1.4929614,0
3.340105000000001,1.4929614,0
3.3501265999999994,1.4929614,0
3.3602317,1.4929614,0
3.3701319000000005,1.4929614,0
3.3801421000000005,1.4929614,0
3.3901190999999997,1.4929614,0
3.400173500000001,1.4929614,0
3.410051599999999,1.4929614,0
3.420196999999998,1.4929614,0
3.4302472,1.4929614,0
3.440126899999999,1.4929614,0
3.4501115999999996,1.4929614,0
3.4601305999999994,1.4929614,0
3.4701190000000004,1.4929614,0
3.4802813000000015,1.4929614,0
3.490187200000001,1.4929614,0
3.5003022,1.4929614,0
3.5101575999999994,1.4929614,0
3.5200964,1.4929614,0
3.530203499999999,1.4929614,0
3.5400847000000013,1.4929614,0
3.550156000000001,1.4929614,0
3.560149599999999,1.4929614,0
3.570144299999999,1.4929614,0
3.5803143000000013,1.4929614,0
3.590100100000001,1.4929614,0
3.600146200000001,1.4929614,0
3.6102649000000007,1.4929614,0
3.6201358,1.4929614,0
3.630380800000001,1.4929614,0
3.6401484999999987,1.4929614,0
3.6501193,1.4929614,0
3.660176100000001,1.4929614,0
3.6701687000000014,1.4929614,0
3.6803492999999996,1.4929614,0
3.6900662000000004,1.4929614,0
3.7002767,1.4929614,0
3.7101736999999986,1.4929614,0
3.7201002999999986,1.4929614,0
3.7301903000000003,1.4929614,0
3.7405234000000007,1.4929614,0
3.7500417000000006,1.4929614,0
3.760186000000001,1.4929614,0
3.770161599999998,1.4929614,0
3.7802715000000013,1.4929614,0
3.7900919,1.4929614,0
3.8000842000000006,1.4929614,0
3.8101820999999987,1.4929614,0
3.820139900000001,1.4929614,0
3.8302809999999994,1.4929614,0
3.8405865000000006,1.4929614,0
3.8502624999999995,1.4929614,0
3.860099999999999,1.4929614,0
3.870027499999999,1.4929614,0
3.8802659000000013,1.4929614,0
3.890142600000001,1.4929614,0
3.900203600000001,1.4929614,0
3.9101149,1.4929614,0
3.9200930000000014,1.4929614,0
3.9303023999999986,1.4929614,0
3.9401353000000015,1.4929614,0
3.950095000000001,1.4929614,0
3.9601834999999994,1.4929614,0
3.9701698000000007,1.4929614,0
3.980219299999998,1.4929614,0
3.990085099999998,1.4929614,0
4.0001906,1.4929614,0
4.0101447000000014,1.4929614,0
4.020132100000001,1.4929614,0
4.030398999999999,1.4929614,0
4.040147300000001,1.4929614,0
4.050100199999999,1.4929614,0
4.060100200000001,1.4929614,0
4.070083499999999,1.4929614,0
4.080433599999999,1.4929614,0
4.090310500000001,1.4929614,0
4.100335300000001,1.4929614,0
4.110286800000001,1.4929614,0
4.120115899999998,1.4929614,0
4.1303433,1.4929614,0
4.14029,1.4929614,0
4.1501380999999995,1.4929614,0
4.160253399999998,1.4929614,0
4.170192100000001,1.4929614,0
4.180242199999999,1.4929614,0
4.190118399999999,1.4929614,0
4.200159599999999,1.4929614,0
4.2100747,1.4929614,0
4.220602899999999,1.4929614,0
4.2301888000000005,1.4929614,0
4.240084100000001,1.4929614,0
4.2500994,1.4929614,0
4.260093399999999,1.4929614,0
4.270070199999999,1.4929614,0
4.280216599999999,1.4929614,0
4.290166199999998,1.4929614,0
4.3001518999999995,1.4929614,0
4.310155099999999,1.4929614,0
4.3200863,1.4929614,0
4.330220699999998,1.4929614,0
4.340241200000001,1.4929614,0
4.350072099999998,1.4929614,0
4.360098000000001,1.4929614,0
4.370046200000001,1.4929614,0
4.380331099999999,1.4929614,0
4.3901979,1.4929614,0
4.400271700000001,1.4929614,0
4.4101922999999985,1.4929614,0
4.420393999999998,1.4929614,0
4.430366799999998,1.4929614,0
4.440367299999998,1.4929614,0
4.450370700000001,1.4929614,0
4.4602827000000005,1.4929614,0
4.470364,1.4929614,0
4.480665200000001,1.4929614,0
4.490348300000001,1.4929614,0
4.500275899999998,1.4929614,0
4.510317399999998,1.4929614,0
4.520176499999998,1.4929614,0
4.530262399999998,1.4929614,0
4.540149700000001,1.4929614,0
4.550168799999998,1.4929614,0
4.560246499999998,1.4929614,0
4.5701271000000006,1.4929614,0
4.580716200000001,1.4929614,0
4.590133699999999,1.4929614,0
4.6001233,1.4929614,0
4.610278900000001,1.4929614,0
4.6202048,1.4929614,0
4.630252299999999,1.4929614,0
4.6402316,1.4929614,0
4.650113099999999,1.4929614,0
4.660095800000001,1.4929614,0
4.670529999999999,1.4929614,0
4.680275999999999,1.4929614,0
4.6901191,1.4929614,0
4.700135899999999,1.4929614,0
4.710123499999998,1.4929614,0
4.7201577000000015,1.4929614,0
4.730301099999998,1.4929614,0
4.7401216999999995,1.4929614,0
4.7500845,1.4929614,0
4.760136899999999,1.4929614,0
4.7705062,1.4929614,0
4.780146299999998,1.4929614,0
4.790075699999999,1.4929614,0
4.800175499999998,1.4929614,0
4.810144699999999,1.4929614,0
4.820198000000001,1.4929614,0
4.830286600000001,1.4929614,0
4.8400725000000016,1.4929614,0
4.8501021999999985,1.4929614,0
4.860088600000001,1.4929614,0
4.870051,1.4929614,0
4.880284100000001,1.4929614,0
4.890094699999999,1.4929614,0
4.900225500000001,1.4929614,0
4.910175200000001,1.4929614,0
4.920180899999998,1.4929614,0
4.9302487,1.4929614,0
4.940134799999999,1.4929614,0
4.950099999999999,1.4929614,0
4.960189100000001,1.4929614,0
4.970301599999999,1.4929614,0
4.9801791999999985,1.4929614,0
4.9901084,1.4929614,0
5.0001405000000005,1.4929614,0
5.0100836000000015,1.4929614,0
5.020128499999998,1.4929614,0
5.030291699999999,1.4929614,0
5.040102300000001,1.4929614,0
5.050227100000001,1.4929614,0
5.060185699999998,1.4929614,0
5.070131100000001,1.4929614,0
5.080235899999998,1.4929614,0
5.0901307,1.4929614,0
5.100115200000001,1.4929614,0
5.110146400000001,1.4929614,0
5.120080600000001,1.4929614,0
5.130237600000001,1.4929614,0
5.1400945,1.4929614,0
5.150397699999999,1.4929614,0
5.160142099999998,1.4929614,0
5.1701245,1.4929614,0
5.180137800000001,1.4929614,0
5.1900894000000015,1.4929614,0
5.200139700000001,1.4929614,0
5.210210400000001,1.4929614,0
5.220161000000001,1.4929614,0
5.230231499999999,1.4929614,0
5.240072999999999,1.4929614,0
5.250143300000001,1.4929614,0
5.2601669000000015,1.4929614,0
5.2703217,1.4929614,0
5.280159099999999,1.4929614,0
5.290172299999998,1.4929614,0
5.300148199999999,1.4929614,0
5.3101965,1.4929614,0
5.320087900000001,1.4929614,0
5.3303084,1.4929614,0
5.3401684,1.4929614,0
5.3500972,1.4929614,0
5.360158800000001,1.4929614,0
5.370100399999998,1.4929614,0
5.380212700000001,1.4929614,0
5.390198099999999,1.4929614,0
5.400165399999999,1.4929614,0
5.410135199999999,1.4929614,0
5.420109400000001,1.4929614,0
5.430275399999999,1.4929614,0
5.4401969,1.4929614,0
5.4500794,1.4929614,0
5.460129599999998,1.4929614,0
5.4700743,1.4929614,0
5.4803888,1.4929614,0
5.4900643,1.4929614,0
5.500079400000001,1.4929614,0
5.510135599999998,1.4929614,0
5.5202168,1.4929614,0
5.530388200000001,1.4929614,0
5.540073799999998,1.4929614,0
5.550187399999999,1.4929614,0
5.5601862,1.4929614,0
5.5700909,1.4929614,0
5.5801637,1.4929614,0
5.5900465,1.4929614,0
5.6000644999999984,1.4929614,0
5.610270799999999,1.4929614,0
5.620121000000001,1.4929614,0
5.630195499999999,1.4929614,0
5.6400884,1.4929614,0
5.650045200000001,1.4929614,0
5.6600988,1.4929614,0
5.670644599999999,1.4929614,0
5.6802423,1.4929614,0
5.690065799999999,1.4929614,0
5.7000579999999985,1.4929614,0
5.7101299999999995,1.4929614,0
5.720122,1.4929614,0
5.730371299999998,1.4929614,0
5.7401935,1.4929614,0
5.7502301,1.4929614,0
5.7602656,1.4929614,0
5.770106500000001,1.4929614,0
5.780199100000001,1.4929614,0
5.7900919,1.4929614,0
5.800120400000001,1.4929614,0
5.810101199999998,1.4929614,0
5.820160399999999,1.4929614,0
5.8303099,1.4929614,0
5.8400435,1.4929614,0
5.8500616,1.4929614,0
5.8601451,1.4929614,0
5.8700589,1.4929614,0
5.880333499999999,1.4929614,0
5.8901185,1.4929614,0
5.900113900000001,1.4929614,0
5.910134899999999,1.4929614,0
5.920149800000001,1.4929614,0
5.930198000000001,1.4929614,0
5.9401452,1.4929614,0
5.9501338,1.4929614,0
5.960211900000001,1.4929614,0
5.970067100000001,1.4929614,0
5.9802128,1.4929614,0
5.990092300000001,1.4929614,0
6.000196800000001,1.4929614,0
6.010224000000001,1.4929614,0
6.0201685000000005,1.4929614,0
6.030256000000001,1.4929614,0
6.0401396,1.4929614,0
6.050062799999999,1.4929614,0
6.0602032,1.4929614,0
6.070036399999999,1.4929614,0
6.0802078,1.4929614,0
6.0901134,1.4929614,0
6.100445099999998,1.4929614,0
6.1101296000000005,1.4929614,0
6.120097900000001,1.4929614,0
6.1301931,1.4929614,0
6.140115399999999,1.4929614,0
6.150185799999999,1.4929614,0
6.160389899999998,1.4929614,0
6.170119100000001,1.4929614,0
6.180249100000001,1.4929614,0
6.190087500000001,1.4929614,0
6.2000934,1.4929614,0
6.210198599999998,1.4929614,0
6.220260499999998,1.4929614,0
6.2301447,1.4929614,0
6.240213000000001,1.4929614,0
6.250809799999999,1.4929614,0
6.260228999999999,1.4929614,0
6.270139799999999,1.4929614,0
6.280401300000001,1.4929614,0
6.290374700000001,1.4929614,0
6.300215300000001,1.4929614,0
6.310330799999999,1.4929614,0
6.3202736,1.4929614,0
6.330296399999998,1.4929614,0
6.3401700000000005,1.4929614,0
6.350276699999998,1.4929614,0
6.360690999999999,1.4929614,0
6.370136299999999,1.4929614,0
6.380254000000001,1.4929614,0
6.3901045,1.4929614,0
6.400105199999999,1.4929614,0
6.410254599999998,1.4929614,0
6.4201893000000005,1.4929614,0
6.430308499999999,1.4929614,0
6.440160899999999,1.4929614,0
6.4501627,1.4929614,0
6.460113700000001,1.4929614,0
6.4700959000000005,1.4929614,0
6.480221400000001,1.4929614,0
6.490104899999999,1.4929614,0
6.5002092000000005,1.4929614,0
6.5100984,1.4929614,0
6.5200815,1.4929614,0
6.5302407,1.4929614,0
6.540134899999998,1.4929614,0
6.550082400000001,1.4929614,0
6.560274400000001,1.4929614,0
6.570058499999998,1.4929614,0
6.5802675000000015,1.4929614,0
6.590221,1.4929614,0
6.600188599999999,1.4929614,0
6.6101931,1.4929614,0
6.620098500000001,1.4929614,0
6.630206399999999,1.4929614,0
6.640076699999998,1.4929614,0
6.650236100000001,1.4929614,0
6.660155100000001,1.4929614,0
6.6700769000000015,1.4929614,0
6.680280700000001,1.4929614,0
6.690110699999998,1.4929614,0
6.7005276999999985,1.4929614,0
6.710134199999999,1.4929614,0
6.7200859999999984,1.4929614,0
6.730252400000001,1.4929614,0
6.740138599999998,1.4929614,0
6.7501017999999995,1.4929614,0
6.760491099999999,1.4929614,0
6.7701242000000015,1.4929614,0
6.780271299999999,1.4929614,0
6.790104400000001,1.4929614,0
6.800151499999998,1.4929614,0
6.810110299999998,1.4929614,0
6.8200912,1.4929614,0
6.830305599999999,1.4929614,0
6.8402235000000005,1.4929614,0
6.8501379,1.4929614,0
6.860526199999999,1.4929614,0
6.8700802,1.4929614,0
6.880197200000001,1.4929614,0
6.8901419,1.4929614,0
6.900114800000001,1.4929614,0
6.910070600000001,1.4929614,0
6.920063299999999,1.4929614,0
6.930361600000001,1.4929614,0
6.940126799999998,1.4929614,0
6.950136699999998,1.4929614,0
6.960250500000001,1.4929614,0
6.970098199999999,1.4929614,0
6.9802493000000005,1.4929614,0
6.990084899999999,1.4929614,0
7.000177300000001,1.4929614,0
7.010093999999999,1.4929614,0
7.0201347,1.4929614,0
7.0302538000000006,1.4929614,0
7.040115499999999,1.4929614,0
7.0504231,1.4955438528666896,0
7.0606393999999995,1.501379462557263,0
7.070423599999998,1.5083343278305095,0
7.0805221,1.5149900547953286,0
7.09037,1.5267274858521,0
7.1004039,1.5353118495333444,0
7.1105999,1.5493612557522112,0
7.1204082,1.5850266179664472,0
7.1305087,1.6143557160797326,0
7.1404107,1.6569952117262319,0
7.150369699999999,1.7002836151407825,0
7.1604077,1.767804805771517,0
7.170458400000001,1.859176425480568,0
7.1806391000000005,1.9528920134429375,0
7.1904428,2.061153192337736,0
7.2030341,2.107519106871547,0
7.210595699999999,2.1418041026803367,0
7.220379000000001,2.148358862885254,0
7.230616300000001,2.120001900858488,0
7.240463899999998,2.08447872060917,0
7.2504439000000005,2.0692112115510746,0
7.2603966,2.0622974425912486,0
7.2703703,2.06689739741822,0
7.2805076,2.0750364010710194,0
7.290361699999998,2.111237766335195,0
7.3005247,2.173873405814437,0
7.310443799999998,2.148358862885254,0
7.320513099999999,2.165711196148938,0
7.3305970999999985,2.302296355943591,0
7.340362200000001,2.219098676613419,0
7.350362499999999,2.2383143636655363,0
7.360443499999999,2.230864531272679,0
7.370397699999998,2.2782775487566065,0
7.3805955999999995,2.276701769963146,0
7.390419099999999,2.302296355943591,0
7.400322800000001,2.333773087765148,0
7.410406399999999,2.352550691985141,0
7.4203817,2.32203700877801,0
7.430536,2.3154040797992836,0
7.440564500000001,2.3439641891336183,0
7.450446599999999,2.323703548780055,0
7.460345199999999,2.2611161106752746,0
7.470348000000001,2.2626606869580486,0
7.480599099999999,2.229383483751337,0
7.490378400000001,2.258036210140177,0
7.500585900000001,2.2798564822613128,0
7.510380999999999,2.2688699764956883,0
7.5203545,2.281438576793002,0
7.5306263000000015,2.2398132908203805,0
7.540454099999998,2.258036210140177,0
7.550363699999998,2.2398132908203805,0
7.5604674,2.2611161106752746,0
7.570339499999999,2.2595746204579714,0
7.580577299999998,2.2958207221678215,0
7.5904463,2.2688699764956883,0
7.600389499999999,2.292602280453833,0
7.610486399999999,2.258036210140177,0
7.6204915,2.281438576793002,0
7.630599,2.3422571683451454,0
7.640550600000001,2.2611161106752746,0
7.6503771,2.2846122742635204,0
7.660405999999998,2.283023838680055,0
7.670355399999998,2.2990520634305645,0
7.6805348,2.3682244450292225,0
7.690421399999998,2.3088240025635414,0
7.700551699999998,2.3422571683451454,0
7.710434199999998,2.378831453134413,0
7.7203775000000014,2.4509682727857376,0
7.730533699999999,2.520675337760939,0
7.740448499999999,2.6222978610721217,0
7.750368699999999,2.6313957871427607,0
7.7603595,2.699578117674015,0
7.7703314,2.68753863424329,0
7.780681399999999,2.3823955022932037,0
7.790497800000001,2.6405667885335107,0
7.8004201,2.526880386318042,0
7.810403600000001,2.4548214470879213,0
7.8204204,2.3967951200816673,0
7.830491500000001,2.3405535581864845,0
7.841040199999998,2.198956026735793,0
7.8505365000000005,2.149677699007535,0
7.8604077,2.0520811114443793,0
7.870377300000001,1.9473657332778151,0
7.882834200000001,1.9013257835546165,0
7.890377000000001,1.7995334366254383,0
7.900365699999998,1.6189287424572167,0
7.910443300000001,1.5231943384365807,0
7.920526299999999,1.5029078961408358,0
7.930699199999999,1.50130899738882,0
7.9405015,1.5141904351886275,0
7.950384799999998,1.530223940237997,0
7.9603988,1.5482951766446202,0
7.9703897999999995,1.5499618663576804,0
7.980467399999998,1.5492418526835763,0
7.990420199999999,1.5521744816647933,0
8.0004037,1.5457685815746485,0
8.010418900000001,1.540627135194188,0
8.0203716,1.5386263326047738,0
8.0306228,1.5348570090308546,0
8.040402499999999,1.5513045427031742,0
8.050385599999998,1.547711149878884,0
8.060774200000001,1.553951326898981,0
8.070706099999999,1.562738693814577,0
8.0807237,1.563621645253594,0
8.0905254,1.5825775023673982,0
8.1006186,1.5907250180489612,0
8.1104239,1.5917413413767427,0
8.1205417,1.6009142802139484,0
8.130869699999998,1.6066214854028256,0
8.1403645,1.6151065004770515,0
8.1503884,1.630543281961619,0
8.160427299999998,1.6126213052589793,0
8.170330100000001,1.6184124607391994,0
8.1805862,1.6068557625727087,0
8.1905429,1.596335899443333,0
8.200381199999999,1.5925617493642017,0
8.210421799999999,1.5929744211550112,0
8.2203737,1.5915372628405513,0
8.230511499999999,1.6059214586706843,0
8.2405835,1.6118853873887882,0
8.2506968,1.6401593793964613,0
8.260594699999999,1.6634786346543462,0
8.2705485,1.6932407788890957,0
8.280594399999998,1.713759433160966,0
8.2906486,1.7423390551408067,0
8.300429600000001,1.7826541938503582,0
8.3104604,1.7850080301927498,0
8.320333300000001,1.8240065785987962,0
8.330490099999999,1.836264534809469,0
8.340447699999999,1.8711941288567788,0
8.3503528,1.836958557670608,0
8.360360799999999,1.859176425480568,0
8.370512399999999,1.860657691739988,0
8.3805039,1.8482537914124402,0
8.390353000000001,1.9062962561473,0
8.400392100000001,1.8980451174474753,0
8.410435,1.8765740180136363,0
8.4204869,1.9062962561473,0
8.430643199999999,1.902150059122535,0
8.4404204,1.9207075322912335,0
8.450384199999998,1.9501205839649967,0
8.4605575,1.9374048585200798,0
8.470521900000001,1.967957113947887,0
8.480563,1.9660475072516295,0
8.490457800000001,1.9737319792086092,0
8.500600899999998,1.9510425467884294,0
8.5103659,1.9501205839649967,0
8.520404599999999,1.936510143815982,0
8.5306572,1.93206331358583,0
8.540333,1.913864700409419,0
8.5504262,1.8851817846659908,0
8.560379600000001,1.899682169839313,0
8.570357099999999,1.912171031204416,0
8.580541700000001,1.89156199882325,0
8.5903499,1.9130170189725977,0
8.600427100000001,1.933836711271014,0
8.6103698,1.967957113947887,0
8.6204456,1.9805574940382926,0
8.630538900000001,1.986484474727289,0
8.6403559,1.9965222069552708,0
8.6504419,2.013006052509221,0
8.6634821,2.0532071993798406,0
8.6704896,2.0634439836352945,0
8.6805327,2.056599007826039,0
8.690311999999999,2.071534299475678,0
8.700396600000001,2.0856696686013985,0
8.7105776,2.0952834887663854,0
8.720687299999998,2.130169454796839,0
8.730536,2.1353145634291932,0
8.740419499999998,2.149677699007535,0
8.7503232,2.176615980931163,0
8.7603978,2.191897816338742,0
8.7704037,2.2003761584475994,0
8.780600499999998,2.230864531272679,0
8.790325,2.2413152188293877,0
8.800435700000001,2.2958207221678215,0
8.810458699999998,2.283023838680055,0
8.8206609,2.3137541221473232,0
8.8304917,2.3841828800797837,0
8.840353799999999,2.3577439603623875,0
8.8505435,2.443308008515233,0
8.860436199999999,2.575709749501147,0
8.8703355,2.68753863424329,0
8.880443499999998,2.8814061259510058,0
8.890369,3.113129162084253,0
8.9036023,3.1726409978231525,0
8.910476599999999,3.2695802609315208,0
8.9205823,3.3721030010580653,0
8.9303998,3.4489294059507394,0
8.9403827,3.5742527088499334,0
8.9503625,3.48053081354623,0
8.9605468,3.4489294059507394,0
8.970364799999999,3.524816649458305,0
8.9804994,3.532973819520039,0
8.9903245,3.570087569959503,0
9.000804899999999,3.624889585839443,0
9.0103918,3.6463496029502154,0
9.0205911,3.7120324069624946,0
9.0305557,3.8027315940808872,0
9.0403524,3.685522595067296,0
9.050366499999999,3.8259789530890673,0
9.060304599999998,3.8589182958239516,0
9.070351599999999,3.849459951939548,0
9.080548700000001,3.9261967104460784,0
9.090609999999998,3.9556120097847174,0
9.1007337,3.9213283869714335,0
9.1108455,3.8589182958239516,0
9.1203374,3.935962616077921,0
9.130635299999998,3.9261967104460784,0
9.140367999999999,3.7934975481085673,0
9.150386099999999,3.9605489691179665,0
9.1603971,3.9067817003495064,0
9.1705422,3.9853824191140568,0
9.1804503,4.025636108594009,0
9.1929986,3.990378978846497,0
9.2068762,4.015512225424479,0
9.221975399999998,3.9953855416981865,0
9.2227031,3.9408602372987573,0
9.237483300000001,3.8447449486106637,0
9.2404169,3.9164697904135815,0
9.250415199999999,3.8589182958239516,0
9.260343200000001,3.830656386869883,0
9.2704268,3.7797155501597306,0
9.280505300000002,3.863661674212862,0
9.290386900000001,3.887521390706823,0
9.3003352,3.950684914502795,0
9.310386999999999,4.015512225424479,0
9.3237287,3.9704525589693596,0
9.337554999999998,4.030713256266487,0
9.351298,4.129133705565583,0
9.351902500000001,4.11859665888607,0
9.360523999999998,4.11859665888607,0
9.370389499999998,4.076867436343846,0
9.380564,4.015512225424479,0
9.390678399999999,3.990378978846497,0
9.403637100000001,3.950684914502795,0
9.4104621,3.9067817003495064,0
9.420371,3.9605489691179665,0
9.430509699999998,3.8589182958239516,0
9.440336899999998,3.6291644384387713,0
9.4504041,3.892322032529845,0
9.460369199999999,3.8447449486106637,0
9.4703668,3.935962616077921,0
9.4804742,4.010465449431882,0
9.493156899999999,4.155661460330809,0
9.500376,4.1878469244146395,0
9.510449399999999,4.275587183093811,0
9.520382999999999,4.3950906511189265,0
9.530574699999999,4.48956995878066,0
9.5403923,4.550173371988041,0
9.5506326,4.562440182741756,0
9.5603434,4.681455071457933,0
9.570440999999999,4.726455309120502,0
9.580606799999998,4.745934821072582,0
9.590341299999999,4.818368030996101,0
9.600419299999999,4.798455220978574,0
9.610391499999999,4.765531561429901,0
9.620626099999999,4.8317097688067285,0
9.6306193,4.845104980444953,0
9.640482200000001,4.899224864653134,0
9.650459999999999,4.765531561429901,0
9.6604241,4.906050938180612,0
9.6703568,4.94729532080311,0
9.6803998,4.926611263103525,0
9.690379100000001,5.031283839314333,0
9.7035959,5.010097359277957,0
9.7103921,5.066878353658739,0
9.7206522,5.175822698741421,0
9.730875000000001,5.168457620876828,0
9.740424699999998,5.198006519845759,0
9.7503383,5.250289336893039,0
9.7603184,5.198006519845759,0
9.770388,5.395945471383927,0
9.7807098,5.357076684510473,0
9.7904381,4.968103855907675,0
9.803589599999999,5.388140587926246,0
9.8220885,5.435204896059818,0
9.8228495,5.3185946485283795,0
9.837776299999998,5.3185946485283795,0
9.8404648,5.2729213009106,0
9.8506499,5.341637676374042,0
9.860558399999999,5.395945471383927,0
9.870546699999998,5.372577572356361,0
9.8807467,5.44310400232517,0
9.8906892,5.44310400232517,0
9.900495199999998,5.547243047539965,0
9.910464000000001,5.547243047539965,0
9.920429299999999,5.563506124199345,0
9.930433399999998,5.571662089694587,0
9.940636900000001,5.514911402176358,0
9.9503931,5.704400565352053,0
9.9604462,5.679187476864623,0
9.970371700000001,5.654125213978834,0
9.9805961,5.780953888508232,0
9.9903364,5.89399222016673,0
10.0003575,5.498842316165114,0
10.010438699999998,5.704400565352053,0
10.0204311,5.956087363031768,0
10.0305416,5.956087363031768,0
10.040366500000001,6.185089067084062,1.0000000010279564e-06
10.053427,6.15700048270041,0.013075300000000567
10.060503,6.129079925238219,0.020156199999998847
10.0703396,6.092112154082174,0.030006700000001274
10.0804771,6.147675010315886,0.04006740000000164
10.0906631,6.232279516750141,0.05031530000000117
10.1004063,6.110559071938329,0.06003779999999992
10.1103767,6.376715611123658,0.06999330000000015
10.1204714,6.147675010315886,0.08006230000000158
10.130513,6.328087998305943,0.09012419999999821
10.1405834,6.337774657733094,0.10013469999999813
10.1508283,6.49542520288607,0.11018569999999883
10.160537300000001,6.5965495799240745,0.1201049999999988
10.1705681,6.773171422726079,0.13015000000000043
10.1806205,6.699716804887621,0.140146399999999
10.190593199999999,6.15700048270041,0.15016960000000168
10.200472999999999,6.555856970748401,0.16004729999999867
10.2107192,6.5965495799240745,0.1703255999999982
10.220616799999998,6.617018288369059,0.18008880000000005
10.2304976,6.425831939575096,0.19005260000000135
10.240293999999999,6.617018288369059,0.19992819999999867
10.250556,6.555856970748401,0.2102119999999985
10.2603559,6.6893069845681055,0.2200123000000005
10.2702937,6.376715611123658,0.22995459999999923
10.280517799999998,6.505446871620019,0.24008369999999957
10.290357700000001,6.586345887857524,0.24998919999999814
10.300361899999999,6.435714282503059,0.26000780000000034
10.3103752,6.505446871620019,0.2700028000000003
10.3203067,6.435714282503059,0.27993749999999906
10.330641499999999,6.606773699795757,0.29017550000000014
10.340371399999999,6.386499623096539,0.29998600000000053
10.350457200000001,6.4061264490717855,0.31006789999999995
10.3604834,6.376715611123658,0.3201104000000008
10.370410799999998,6.337774657733094,0.33007010000000037
10.3805035,6.15700048270041,0.3400463999999985
10.3903575,6.49542520288607,0.3500028999999998
10.400436299999999,6.308772702657734,0.3600266000000012
10.410356400000001,6.27994423832014,0.36997889999999956
10.4203345,6.308772702657734,0.3799834000000004
10.4306162,6.415969341581473,0.390138799999999
10.440590499999999,6.251288226892488,0.4001470000000005
10.4504415,6.5965495799240745,0.41010550000000023
10.4603268,6.337774657733094,0.4199888999999999
10.4704279,6.425831939575096,0.4300627999999982
10.4805456,6.289534513875581,0.440069900000001
10.490362999999999,6.376715611123658,0.4500095000000002
10.500343,6.318420692837231,0.4599897999999989
10.5103386,6.347480709865341,0.4699996999999989
10.520359599999999,6.545734582569215,0.47999799999999837
10.530558599999999,6.535632418935098,0.49013869999999926
10.540405100000001,6.435714282503059,0.5000411999999983
10.55038,6.318420692837231,0.5100046999999996
10.560356899999999,6.27994423832014,0.5200013000000006
10.5703891,6.27994423832014,0.5300155000000011
10.580502800000001,6.299143989175471,0.5401203000000017
10.5904345,6.289534513875581,0.5500731999999999
10.6003899,6.435714282503059,0.5600488000000006
10.610339499999998,6.27994423832014,0.5699605000000005
10.620341499999999,6.445616409894751,0.5799586999999988
10.6304828,6.337774657733094,0.5900697000000008
10.640568899999998,6.289534513875581,0.6001927000000009
10.650361499999999,6.299143989175471,0.6100168000000004
10.660364600000001,6.289534513875581,0.6200046000000015
10.670383300000001,6.308772702657734,0.6299914999999991
10.6805503,6.337774657733094,0.6400980999999994
10.690334100000001,6.337774657733094,0.6499699999999997
10.7003223,6.934080128015318,0.6599775000000001
10.710561299999998,6.465480176582687,0.6701779999999999
10.720345299999998,6.545734582569215,0.6799920999999998
10.7305889,6.565999623962232,0.6901402999999995
10.7403784,6.5965495799240745,0.7000229000000004
10.750423099999999,6.710147465681302,0.7100168999999994
10.7603145,6.752079349304772,0.7199679000000003
10.7704372,6.678917963083457,0.7300983999999993
10.7804924,6.658202150477414,0.7401012000000016
10.7903093,6.731071475665324,0.7499551000000011
10.8004851,6.658202150477414,0.7601103999999985
10.8103819,6.617018288369059,0.7700181999999991
10.8203511,6.710147465681302,0.7800055000000015
10.830490699999999,6.617018288369059,0.7900807999999984
10.8403575,6.710147465681302,0.7999854000000006
10.850568599999999,6.79434803340286,0.8101863999999992
10.860384100000001,6.858388484023861,0.8200368000000005
10.870414199999999,6.74156490855173,0.8299999000000007
10.880494500000001,6.934080128015318,0.8400579999999991
10.890327,6.783749139762662,0.8499857000000013
10.900451700000001,7.122375332081784,0.8600397000000015
10.914158700000002,6.762614839982228,0.873766100000001
10.927263700000001,6.79434803340286,0.8869064000000009
10.930530699999998,6.783749139762662,0.8900642999999988
10.9404258,6.783749139762662,0.9000315000000008
10.950438599999998,6.934080128015318,0.9100266999999995
10.960311399999998,6.74156490855173,0.9199294999999985
10.970426199999999,6.901511052181899,0.9300475999999982
10.9805056,6.79434803340286,0.9400548999999998
10.9903634,6.2228036367552635,0.9500078000000016
11.0005229,6.710147465681302,0.9601360999999997
11.0105416,6.752079349304772,0.9700525000000013
11.020386599999998,6.435714282503059,0.9800331
11.030486400000001,6.783749139762662,0.9900964999999999
11.040421599999998,6.901511052181899,1.0000639000000007
11.0506056,6.617018288369059,1.0000639000000007
11.0625121,6.923202049463866,1.0000639000000007
11.0777331,6.79434803340286,1.0000639000000007
11.080746000000001,6.647875276492737,1.0000639000000007
11.0905445,6.762614839982228,1.0000639000000007
11.1005103,6.762614839982228,1.0000639000000007
11.110494,6.6893069845681055,1.0000639000000007
11.120376499999999,6.804968146042268,1.0000639000000007
11.1306163,6.879906645592216,1.0000639000000007
11.1405526,6.955901662500982,1.0000639000000007
11.1504829,8.08651605131745,1.0000639000000007
11.160495999999998,6.658202150477414,1.0000639000000007
11.1705534,6.912345705327855,1.0000639000000007
11.1806762,6.934080128015318,1.0000639000000007
11.1905055,6.86913680573084,1.0000639000000007
11.200515,6.988798062988308,1.0000639000000007
11.210974199999999,6.934080128015318,1.0000639000000007
11.220448300000001,6.879906645592216,1.0000639000000007
11.2307323,6.923202049463866,1.0000639000000007
11.2406978,6.934080128015318,1.0000639000000007
11.250670199999998,6.9778106579298536,1.0000639000000007
11.2604973,6.9998074648463415,1.0000639000000007
11.270474499999999,6.9449799844945455,1.0000639000000007
11.280638100000001,6.9778106579298536,1.0000639000000007
11.2905828,7.111121039461668,1.0000639000000007
11.300549400000001,7.077492898532053,1.0000639000000007
11.310531600000001,6.783749139762662,1.0000639000000007
11.3205128,6.955901662500982,1.0000639000000007
11.3305684,6.934080128015318,1.0000639000000007
11.3404986,6.912345705327855,1.0000639000000007
11.3506727,6.901511052181899,1.0000639000000007
11.3605059,6.9449799844945455,1.0000639000000007
11.370522099999999,6.912345705327855,1.0000639000000007
11.3807255,6.879906645592216,1.0000639000000007
11.390456400000001,7.144951555755833,1.0000639000000007
11.4004737,6.699716804887621,1.0000639000000007
11.410526399999998,6.762614839982228,1.0000639000000007
11.4203787,6.565999623962232,1.0000639000000007
11.4306239,6.535632418935098,1.0000639000000007
11.440559799999999,6.647875276492737,1.0000639000000007
11.450440799999999,6.815609520161351,1.0000639000000007
11.460452199999999,6.5965495799240745,1.0000639000000007
11.4705114,6.555856970748401,1.0000639000000007
11.480795399999998,6.435714282503059,1.0000639000000007
11.4906064,6.565999623962232,1.0000639000000007
11.5006412,6.465480176582687,1.0000639000000007
11.5104617,6.425831939575096,1.0000639000000007
11.520580899999999,6.328087998305943,1.0000639000000007
11.5307232,6.213346689581242,1.0000639000000007
11.5416746,5.97398909207301,1.0000639000000007
11.550804499999998,5.547243047539965,1.0000639000000007
11.5607462,5.44310400232517,1.0000639000000007
11.5707998,5.153771582052348,1.0000639000000007
11.580768500000001,4.694248060664865,1.0000639000000007
11.5904965,4.264465492571399,1.0000639000000007
11.6011277,3.707591984051622,1.0000639000000007
11.610634300000001,3.360841800437161,1.0000639000000007
11.620512999999999,3.000344045569876,1.0000639000000007
11.6306467,2.569212601938261,1.0000639000000007
11.6405171,2.106284503672537,1.0000639000000007
11.650492199999999,1.78678580636911,1.0000639000000007
11.660545800000001,1.6491500320912642,1.0000639000000007
11.670473900000001,1.5220713302499476,1.0000639000000007
11.6803888,1.4929614,1.0000639000000007
11.690150200000001,1.4929614,1.0000639000000007
11.7002007,1.4929614,1.0000639000000007
11.710211300000001,1.4929614,1.0000639000000007
11.720180800000001,1.4929614,1.0000639000000007
11.7305518,1.4929614,1.0000639000000007
11.740118899999999,1.4929614,1.0000639000000007
11.750188699999999,1.4929614,1.0000639000000007
11.760254199999999,1.4929614,1.0000639000000007
11.77027,1.4929614,1.0000639000000007
11.780336899999998,1.4929614,1.0000639000000007
11.790237099999999,1.4929614,1.0000639000000007
11.800209299999999,1.4929614,1.0000639000000007
11.8102463,1.4929614,1.0000639000000007
11.820210499999998,1.4929614,1.0000639000000007
11.8303373,1.4929614,1.0000639000000007
11.840246399999998,1.4929614,1.0000639000000007
11.8503361,1.4929614,1.0000639000000007
11.8603922,1.4929614,1.0000639000000007
11.8703714,1.4929614,1.0000639000000007
11.8804178,1.4929614,1.0000639000000007
11.8903644,1.4929614,1.0000639000000007
11.900802599999999,1.4929614,1.0000639000000007
11.910248,1.4929614,1.0000639000000007
11.920156500000001,1.4929614,1.0000639000000007
11.930434299999998,1.4929614,1.0000639000000007
11.940319800000001,1.4929614,1.0000639000000007
11.950195399999998,1.4929614,1.0000639000000007
11.9601996,1.4929614,1.0000639000000007
11.9702485,1.4929614,1.0000639000000007
11.980462800000002,1.4929614,1.0000639000000007
11.990238900000001,1.4929614,1.0000639000000007
12.0003465,1.4929614,1.0000639000000007
12.0102956,1.4929614,1.0000639000000007
12.0202913,1.4929614,1.0000639000000007
12.0304896,1.4929614,1.0000639000000007
12.0403779,1.4929614,1.0000639000000007
12.050421400000001,1.4929614,1.0000639000000007
