0.0005689999999987094,1.4929614,0
0.010284599999998534,1.4929614,0
0.025981299999997987,1.4929614,0
0.030173899999997644,1.4929614,0
0.040213099999999,1.4929614,0
0.05020129999999767,1.4929614,0
0.06020339999999891,1.4929614,0
0.07025259999999989,1.4929614,0
0.08020669999999797,1.4929614,0
0.0902214999999984,1.4929614,0
0.10025819999999896,1.4929614,0
0.11011179999999854,1.4929614,0
0.12016029999999844,1.4929614,0
0.1303038999999977,1.4929614,0
0.14029209999999992,1.4929614,0
0.15020489999999853,1.4929614,0
0.1602751999999974,1.4929614,0
0.17008189999999956,1.4929614,0
0.1801263999999989,1.4929614,0
0.1902236999999971,1.4929614,0
0.2002551999999973,1.4929614,0
0.210230499999998,1.4929614,0
0.2200881999999993,1.4929614,0
0.23015529999999984,1.4929614,0
0.24023049999999913,1.4929614,0
0.2503023999999989,1.4929614,0
0.26010379999999955,1.4929614,0
0.27023969999999764,1.4929614,0
0.28018199999999993,1.4929614,0
0.2903994999999995,1.4929614,0
0.3001788999999988,1.4929614,0
0.31020119999999807,1.4929614,0
0.32011149999999944,1.4929614,0
0.3301607000000004,1.4929614,0
0.34022429999999915,1.4929614,0
0.3502516999999976,1.4929614,0
0.36020699999999906,1.4929614,0
0.3701137999999986,1.4929614,0
0.3801723999999993,1.4929614,0
0.39022899999999794,1.4929614,0
0.4004215000000002,1.4929614,0
0.41008979999999795,1.4929614,0
0.4201197999999984,1.4929614,0
0.4301645999999977,1.4929614,0
0.4401902999999976,1.4929614,0
0.45020979999999966,1.4929614,0
0.4601259999999989,1.4929614,0
0.47018369999999976,1.4929614,0
0.4801442999999992,1.4929614,0
0.49020619999999937,1.4929614,0
0.5002794999999978,1.4929614,0
0.510113699999998,1.4929614,0
0.5201142999999995,1.4929614,0
0.5301766999999984,1.4929614,0
0.540225699999997,1.4929614,0
0.5502427999999995,1.4929614,0
0.5602020999999979,1.4929614,0
0.5700856999999999,1.4929614,0
0.580136999999997,1.4929614,0
0.5902497999999987,1.4929614,0
0.6002270999999979,1.4929614,0
0.6100785000000002,1.4929614,0
0.6201442999999998,1.4929614,0
0.6302026999999981,1.4929614,0
0.6401938999999999,1.4929614,0
0.650275599999997,1.4929614,0
0.6601815000000002,1.4929614,0
0.6701289999999993,1.4929614,0
0.6801642000000001,1.4929614,0
0.6902005999999972,1.4929614,0
0.7002302999999976,1.4929614,0
0.7101747999999972,1.4929614,0
0.7201106999999993,1.4929614,0
0.7301317999999988,1.4929614,0
0.7401790999999989,1.4929614,0
0.7503083000000004,1.4929614,0
0.7601784999999985,1.4929614,0
0.7700833999999972,1.4929614,0
0.7801267000000003,1.4929614,0
0.7901840999999976,1.4929614,0
0.8002797999999984,1.4929614,0
0.810139999999997,1.4929614,0
0.8201331999999972,1.4929614,0
0.8301289999999995,1.4929614,0
0.8401702999999969,1.4929614,0
0.8502098999999994,1.4929614,0
0.860091599999997,1.4929614,0
0.870094899999998,1.4929614,0
0.8801038999999982,1.4929614,0
0.8903639999999982,1.4929614,0
0.9001699999999992,1.4929614,0
0.9101227999999999,1.4929614,0
0.9202373000000001,1.4929614,0
0.9302759999999992,1.4929614,0
0.9404862999999999,1.4929614,0
0.950400799999997,1.4929614,0
0.960419899999998,1.4929614,0
0.9702090999999982,1.4929614,0
0.9802427999999992,1.4929614,0
0.9905484999999992,1.4929614,0
1.0002315999999993,1.4929614,0
1.010145399999999,1.4929614,0
1.0250436999999977,1.4929614,0
1.0302951999999976,1.4929614,0
1.0402922999999973,1.4929614,0
1.0502482999999998,1.4929614,0
1.0602245000000003,1.4929614,0
1.0701269999999994,1.4929614,0
1.0802437000000005,1.4929614,0
1.0903327999999988,1.4929614,0
1.1001252999999984,1.4929614,0
1.1102153000000001,1.4929614,0
1.1201438999999986,1.4929614,0
1.1302837999999973,1.4929614,0
1.1403385999999998,1.4929614,0
1.1504089999999998,1.4929614,0
1.160378099999999,1.4929614,0
1.1701818999999993,1.4929614,0
1.1802326,1.4929614,0
1.1903092999999991,1.4929614,0
1.2003534999999985,1.4929614,0
1.210216599999999,1.4929614,0
1.220208999999997,1.4929614,0
1.2301556999999974,1.4929614,0
1.2404946999999993,1.4929614,0
1.250171599999998,1.4929614,0
1.2601548999999999,1.4929614,0
1.2701352999999997,1.4929614,0
1.280336499999997,1.4929614,0
1.290272299999998,1.4929614,0
1.3003202999999992,1.4929614,0
1.3103672999999993,1.4929614,0
1.3203256000000003,1.4929614,0
1.330285,1.4929614,0
1.3403677999999992,1.4929614,0
1.3502283999999989,1.4929614,0
1.360434099999999,1.4929614,0
1.3701148999999972,1.4929614,0
1.380407599999998,1.4929614,0
1.390298399999999,1.4929614,0
1.4001957999999988,1.4929614,0
1.4101526999999976,1.4929614,0
1.420226699999997,1.4929614,0
1.430147899999998,1.4929614,0
1.4405716999999996,1.4929614,0
1.4504149999999996,1.4929614,0
1.4601569999999988,1.4929614,0
1.4705571999999982,1.4929614,0
1.4802275999999992,1.4929614,0
1.4902183999999998,1.4929614,0
1.5003244000000002,1.4929614,0
1.5101999999999975,1.4929614,0
1.5202251999999987,1.4929614,0
1.5301903999999986,1.4929614,0
1.5402001999999975,1.4929614,0
1.5502614000000001,1.4929614,0
1.5602674999999984,1.4929614,0
1.5702236999999997,1.4929614,0
1.5801331999999988,1.4929614,0
1.5902013000000004,1.4929614,0
1.6002455999999974,1.4929614,0
1.6102846999999976,1.4929614,0
1.6202735999999973,1.4929614,0
1.630120299999998,1.4929614,0
1.6402152,1.4929614,0
1.650233,1.4929614,0
1.6601785999999983,1.4929614,0
1.670159599999998,1.4929614,0
1.6801016000000004,1.4929614,0
1.6901738999999978,1.4929614,0
1.7002726999999993,1.4929614,0
1.7101206999999974,1.4929614,0
1.7201971999999977,1.4929614,0
1.7300957999999973,1.4929614,0
1.7402279999999983,1.4929614,0
1.7502277999999976,1.4929614,0
1.7602086999999997,1.4929614,0
1.7701548999999979,1.4929614,0
1.7801212999999976,1.4929614,0
1.790410099999999,1.4929614,0
1.8002760999999978,1.4929614,0
1.8101287,1.4929614,0
1.8203155999999971,1.4929614,0
1.8301510999999984,1.4929614,0
1.8401420999999978,1.4929614,0
1.850263499999997,1.4929614,0
1.8601212999999994,1.4929614,0
1.8700611999999985,1.4929614,0
1.8803020000000004,1.4929614,0
1.8901740999999994,1.4929614,0
1.9002576999999974,1.4929614,0
1.9101964000000002,1.4929614,0
1.9201672999999992,1.4929614,0
1.9300593999999975,1.4929614,0
1.940218599999998,1.4929614,0
1.9502332999999972,1.4929614,0
1.960290399999998,1.4929614,0
1.9702564000000002,1.4929614,0
1.9802488999999994,1.4929614,0
1.9903607,1.4929614,0
2.0002505999999975,1.4929614,0
2.010127999999998,1.4929614,0
2.020109699999999,1.4929614,0
2.0301311999999996,1.4929614,0
2.0402080999999974,1.4929614,0
2.0503535,1.4929614,0
2.060155199999997,1.4929614,0
2.0702727000000003,1.4929614,0
2.080246599999999,1.4929614,0
2.090261999999999,1.4929614,0
2.100232499999997,1.4929614,0
2.1101580999999996,1.4929614,0
2.120155699999998,1.4929614,0
2.1301956000000004,1.4929614,0
2.140213199999998,1.4929614,0
2.150223499999999,1.4929614,0
2.1601146999999976,1.4929614,0
2.170176299999998,1.4929614,0
2.18018,1.4929614,0
2.190423799999998,1.4929614,0
2.2001992,1.4929614,0
2.210169399999998,1.4929614,0
2.2201614999999997,1.4929614,0
2.2302043000000005,1.4929614,0
2.2402245999999977,1.4929614,0
2.2502233999999994,1.4929614,0
2.2601803999999994,1.4929614,0
2.270153699999998,1.4929614,0
2.2802264,1.4929614,0
2.2904444999999996,1.4929614,0
2.3002402999999987,1.4929614,0
2.3101844999999983,1.4929614,0
2.3201582999999992,1.4929614,0
2.3302055999999993,1.4929614,0
2.3402666999999973,1.4929614,0
2.3502616999999972,1.4929614,0
2.3602916999999977,1.4929614,0
2.3701457999999995,1.4929614,0
2.3801547999999997,1.4929614,0
2.3902912999999977,1.4929614,0
2.400420999999998,1.4929614,0
2.4101523999999976,1.4929614,0
2.4202376999999977,1.4929614,0
2.4301290999999985,1.4929614,0
2.4402539999999995,1.4929614,0
2.450294699999997,1.4929614,0
2.460345199999999,1.4929614,0
2.470164999999998,1.4929614,0
2.4801714999999973,1.4929614,0
2.4902209999999982,1.4929614,0
2.5002303999999995,1.4929614,0
2.510198499999998,1.4929614,0
2.5201811999999997,1.4929614,0
2.5301972,1.4929614,0
2.5402278000000003,1.4929614,0
2.550267699999999,1.4929614,0
2.560195199999999,1.4929614,0
2.5701333999999996,1.4929614,0
2.5801344999999998,1.4929614,0
2.5904442000000003,1.4929614,0
2.600331399999998,1.4929614,0
2.6102484999999973,1.4929614,0
2.620140799999998,1.4929614,0
2.6301296,1.4929614,0
2.6402693999999975,1.4929614,0
2.6502880999999974,1.4929614,0
2.6600991,1.4929614,0
2.6701546,1.4929614,0
2.6801461999999994,1.4929614,0
2.6901764999999997,1.4929614,0
2.7001490999999973,1.4929614,0
2.7101474000000003,1.4929614,0
2.7201132999999977,1.4929614,0
2.730160899999998,1.4929614,0
2.740344699999998,1.4929614,0
2.7502460999999983,1.4929614,0
2.7601391,1.4929614,0
2.7702524000000004,1.4929614,0
2.7802505999999987,1.4929614,0
2.7904041,1.4929614,0
2.8002997,1.4929614,0
2.8105697999999997,1.4929614,0
2.8205293000000005,1.4929614,0
2.830332799999997,1.4929614,0
2.8402430999999986,1.4929614,0
2.8503176000000003,1.4929614,0
2.8603804000000004,1.4929614,0
2.8702404,1.4929614,0
2.8801907,1.4929614,0
2.890190799999999,1.4929614,0
2.9002869999999987,1.4929614,0
2.910394199999999,1.4929614,0
2.9203206999999978,1.4929614,0
2.930290199999998,1.4929614,0
2.9403395000000003,1.4929614,0
2.950349199999998,1.4929614,0
2.9603719999999996,1.4929614,0
2.970352899999998,1.4929614,0
2.9801535,1.4929614,0
2.9902122999999996,1.4929614,0
3.0002303999999995,1.4929614,0
3.010112699999997,1.4929614,0
3.020131799999998,1.4929614,0
3.0300993999999974,1.4929614,0
3.0402449999999988,1.4929614,0
3.0503237,1.4929614,0
3.0601518999999975,1.4929614,0
3.0701672,1.4929614,0
3.080199399999998,1.4929614,0
3.0902129999999985,1.4929614,0
3.100280599999998,1.4929614,0
3.110290599999999,1.4929614,0
3.120130699999997,1.4929614,0
3.1301275000000004,1.4929614,0
3.140220499999998,1.4929614,0
3.150160399999997,1.4929614,0
3.1601386999999974,1.4929614,0
3.170219999999997,1.4929614,0
3.1802180999999976,1.4929614,0
3.190234799999999,1.4929614,0
3.2001721999999972,1.4929614,0
3.210153499999997,1.4929614,0
3.2201825,1.4929614,0
3.2301181999999997,1.4929614,0
3.2402495999999985,1.4929614,0
3.2502075999999995,1.4929614,0
3.2601710999999973,1.4929614,0
3.2701263999999988,1.4929614,0
3.280103699999998,1.4929614,0
3.290182999999999,1.4929614,0
3.3002520000000004,1.4929614,0
3.3101749,1.4929614,0
3.3201484999999984,1.4929614,0
3.3301641999999987,1.4929614,0
3.340185599999998,1.4929614,0
3.350232899999998,1.4929614,0
3.3600958999999975,1.4929614,0
3.3700826,1.4929614,0
3.3801758,1.4929614,0
3.3902398999999974,1.4929614,0
3.4002605999999993,1.4929614,0
3.410113899999999,1.4929614,0
3.4201634,1.4929614,0
3.4300897,1.4929614,0
3.4401999999999973,1.4929614,0
3.4502618999999974,1.4929614,0
3.460208899999998,1.4929614,0
3.4701017999999983,1.4929614,0
3.4801426999999983,1.4929614,0
3.4903212000000003,1.4929614,0
3.500222899999997,1.4929614,0
3.5101713999999973,1.4929614,0
3.5202057999999994,1.4929614,0
3.5300942999999982,1.4929614,0
3.5402132,1.4929614,0
3.5502997,1.4929614,0
3.560148399999999,1.4929614,0
3.5701316999999975,1.4929614,0
3.580116499999999,1.4929614,0
3.590366799999998,1.4929614,0
3.6002495000000003,1.4929614,0
3.6101490999999974,1.4929614,0
3.6201150999999996,1.4929614,0
3.630135199999998,1.4929614,0
3.6402006,1.4929614,0
3.650233199999999,1.4929614,0
3.6601146999999976,1.4929614,0
3.6700786999999977,1.4929614,0
3.6801205999999986,1.4929614,0
3.6902115,1.4929614,0
3.700334599999998,1.4929614,0
3.7102024,1.4929614,0
3.7202161999999994,1.4929614,0
3.7300959999999996,1.4929614,0
3.7401871999999976,1.4929614,0
3.7501773999999983,1.4929614,0
3.760076899999998,1.4929614,0
3.7701303999999993,1.4929614,0
3.780143899999999,1.4929614,0
3.7902515,1.4929614,0
3.800235699999998,1.4929614,0
3.8101342000000002,1.4929614,0
3.820144799999998,1.4929614,0
3.8301428999999985,1.4929614,0
3.8401347999999977,1.4929614,0
3.8502994999999984,1.4929614,0
3.860154999999999,1.4929614,0
3.8701597999999997,1.4929614,0
3.880128199999998,1.4929614,0
3.890205699999999,1.4929614,0
3.900410899999997,1.4929614,0
3.9102096999999993,1.4929614,0
3.9201342999999973,1.4929614,0
3.9301828999999984,1.4929614,0
3.940170499999997,1.4929614,0
3.950259499999998,1.4929614,0
3.960246399999999,1.4929614,0
3.9701383999999997,1.4929614,0
3.9802249999999972,1.4929614,0
3.9902634,1.4929614,0
4.000294399999998,1.4929614,0
4.010192499999999,1.4929614,0
4.0201651,1.4929614,0
4.0301231999999985,1.4929614,0
4.0401755,1.4929614,0
4.050243899999998,1.4929614,0
4.06025,1.4929614,0
4.0701371,1.4929614,0
4.0801640999999975,1.4929614,0
4.090224299999999,1.4929614,0
4.1003021,1.4929614,0
4.1101466,1.4929614,0
4.1201708,1.4929614,0
4.130184699999997,1.4929614,0
4.140295999999999,1.4929614,0
4.150337099999998,1.4929614,0
4.160238,1.4929614,0
4.1701125999999995,1.4929614,0
4.180140699999999,1.4929614,0
4.1901002999999974,1.4929614,0
4.2002323,1.4929614,0
4.210225699999999,1.4929614,0
4.220150199999999,1.4929614,0
4.230112499999997,1.4929614,0
4.240160799999998,1.4929614,0
4.250239399999998,1.4929614,0
4.260324099999998,1.4929614,0
4.270091299999997,1.4929614,0
4.2801045,1.4929614,0
4.2901326,1.4929614,0
4.300388099999999,1.4929614,0
4.310215799999998,1.4929614,0
4.3201024,1.4929614,0
4.330173799999997,1.4929614,0
4.3401195,1.4929614,0
4.350145099999999,1.4929614,0
4.360116899999998,1.4929614,0
4.37021,1.4929614,0
4.380165699999999,1.4929614,0
4.390447299999998,1.4929614,0
4.4002656999999985,1.4929614,0
4.410170299999997,1.4929614,0
4.420162899999998,1.4929614,0
4.430132999999998,1.4929614,0
4.4402595,1.4929614,0
4.450310299999998,1.4929614,0
4.460122799999997,1.4929614,0
4.470236699999997,1.4929614,0
4.4803353,1.4929614,0
4.490522799999997,1.4929614,0
4.500284599999997,1.4929614,0
4.5103744,1.4929614,0
4.5202907,1.4929614,0
4.530168099999997,1.4929614,0
4.540354499999999,1.4929614,0
4.550319999999999,1.4929614,0
4.560297599999998,1.4929614,0
4.570089399999997,1.4929614,0
4.580159599999998,1.4929614,0
4.5902508,1.4929614,0
4.6003153999999995,1.4929614,0
4.610265299999998,1.4929614,0
4.620351399999997,1.4929614,0
4.630206699999999,1.4929614,0
4.640288399999999,1.4929614,0
4.6503023999999975,1.4929614,0
4.660229399999999,1.4929614,0
4.670215599999999,1.4929614,0
4.6802399,1.4929614,0
4.6903738,1.4929614,0
4.700154999999999,1.4929614,0
4.710145799999999,1.4929614,0
4.720140799999999,1.4929614,0
4.730249799999999,1.4929614,0
4.7403713,1.4929614,0
4.7501549999999995,1.4929614,0
4.760043199999998,1.4929614,0
4.7701867,1.4929614,0
4.780085499999998,1.4929614,0
4.7902418,1.4929614,0
4.800205999999999,1.4929614,0
4.810184899999999,1.4929614,0
4.820114699999998,1.4929614,0
4.830193999999999,1.4929614,0
4.840221099999997,1.4929614,0
4.8503364,1.4929614,0
4.860135399999997,1.4929614,0
4.870198199999997,1.4929614,0
4.880159199999998,1.4929614,0
4.890240199999997,1.4929614,0
4.9001301999999995,1.4929614,0
4.910170399999998,1.4929614,0
4.9201543,1.4929614,0
4.930125099999998,1.4929614,0
4.940456599999997,1.4929614,0
4.950155299999999,1.4929614,0
4.960079099999998,1.4929614,0
4.9701016,1.4929614,0
4.980132999999999,1.4929614,0
4.9902573,1.4929614,0
5.000208699999998,1.4929614,0
5.010111599999998,1.4929614,0
5.0202302,1.4929614,0
5.030280699999999,1.4929614,0
5.040311799999998,1.4929614,0
5.0502526,1.4929614,0
5.060124499999997,1.4929614,0
5.070100199999999,1.4929614,0
5.080125799999998,1.4929614,0
5.090206499999997,1.4929614,0
5.100172299999997,1.4929614,0
5.1101603,1.4929614,0
5.1201854,1.4929614,0
5.1301126,1.4929614,0
5.140296499999998,1.4929614,0
5.150260099999997,1.4929614,0
5.1601693,1.4929614,0
5.170256499999997,1.4929614,0
5.180236999999998,1.4929614,0
5.190253499999997,1.4929614,0
5.200222,1.4929614,0
5.210163299999998,1.4929614,0
5.220083599999999,1.4929614,0
5.230169699999998,1.4929614,0
5.240405599999999,1.4929614,0
5.250324899999999,1.4929614,0
5.260205899999999,1.4929614,0
5.2701511,1.4929614,0
5.280125999999999,1.4929614,0
5.290311499999998,1.4929614,0
5.300439599999997,1.4929614,0
5.310124499999997,1.4929614,0
5.320285199999997,1.4929614,0
5.3301865,1.4929614,0
5.340358199999997,1.4929614,0
5.350265699999998,1.4929614,0
5.360157999999998,1.4929614,0
5.370133199999998,1.4929614,0
5.380127099999999,1.4929614,0
5.390204699999998,1.4929614,0
5.400213699999998,1.4929614,0
5.410138799999999,1.4929614,0
5.420138599999998,1.4929614,0
5.430185699999999,1.4929614,0
5.440243499999998,1.4929614,0
5.450297799999998,1.4929614,0
5.4601884,1.4929614,0
5.470078599999997,1.4929614,0
5.480537899999998,1.4929614,0
5.4901366,1.4929614,0
5.5002523,1.4929614,0
5.510148899999997,1.4929614,0
5.520097199999999,1.4929614,0
5.530313799999998,1.4929614,0
5.540390199999997,1.4929614,0
5.5502325999999975,1.4929614,0
5.560310999999999,1.4929614,0
5.5700857999999975,1.4929614,0
5.580136199999998,1.4929614,0
5.590232499999999,1.4929614,0
5.6006544,1.4929614,0
5.610116899999998,1.4929614,0
5.6201276,1.4929614,0
5.630225799999998,1.4929614,0
5.6402845,1.4929614,0
5.650328599999998,1.4929614,0
5.660194099999998,1.4929614,0
5.670059499999997,1.4929614,0
5.680084899999997,1.4929614,0
5.690173299999998,1.4929614,0
5.700251899999998,1.4929614,0
5.710151099999997,1.4929614,0
5.720118499999998,1.4929614,0
5.730115399999999,1.4929614,0
5.740176999999999,1.4929614,0
5.750293499999998,1.4929614,0
5.7601671,1.4929614,0
5.770139,1.4929614,0
5.7801559000000005,1.4929614,0
5.7902083,1.4929614,0
5.800198099999999,1.4929614,0
5.8101451,1.4929614,0
5.8201018,1.4929614,0
5.830099199999999,1.4929614,0
5.840134499999998,1.4929614,0
5.850262299999997,1.4929614,0
5.860102099999999,1.4929614,0
5.870046899999998,1.4929614,0
5.880367399999997,1.4929614,0
5.8902003,1.4929614,0
5.900258899999997,1.4929614,0
5.910179599999999,1.4929614,0
5.920096299999997,1.4929614,0
5.930138399999997,1.4929614,0
5.940265199999999,1.4929614,0
5.9501922,1.4929614,0
5.960120399999997,1.4929614,0
5.970367999999997,1.4929614,0
5.980161799999998,1.4929614,0
5.9902856,1.4929614,0
6.000332399999998,1.4929614,0
6.010236199999998,1.4929614,0
6.020074299999997,1.4929614,0
6.030163399999999,1.4929614,0
6.040157099999998,1.4929614,0
6.050238199999999,1.4929614,0
6.060180799999998,1.4929614,0
6.070149299999997,1.4929614,0
6.0800923000000004,1.4929614,0
6.0902402,1.4929614,0
6.1002227,1.4929614,0
6.110159699999997,1.4929614,0
6.120112899999999,1.4929614,0
6.130106899999998,1.4929614,0
6.1401714,1.4929614,0
6.150133099999998,1.4929614,0
6.160112599999998,1.4929614,0
6.1701087,1.4929614,0
6.180199999999999,1.4929614,0
6.190265499999999,1.4929614,0
6.200248599999998,1.4929614,0
6.210147899999999,1.4929614,0
6.220129199999999,1.4929614,0
6.230198899999998,1.4929614,0
6.2402032999999975,1.4929614,0
6.250187399999998,1.4929614,0
6.260126699999997,1.4929614,0
6.270131199999998,1.4929614,0
6.280395499999997,1.4929614,0
6.290544599999997,1.4929614,0
6.300276099999998,1.4929614,0
6.310294899999999,1.4929614,0
6.320306799999997,1.4929614,0
6.3301622,1.4929614,0
6.340318,1.4929614,0
6.350451,1.4929614,0
6.360189799999997,1.4929614,0
6.3701368999999985,1.4929614,0
6.380110899999998,1.4929614,0
6.390120099999997,1.4929614,0
6.400172999999999,1.4929614,0
6.410181299999998,1.4929614,0
6.4205963,1.4929614,0
6.4300876,1.4929614,0
6.440211599999998,1.4929614,0
6.4503013,1.4929614,0
6.4601519,1.4929614,0
6.470098799999999,1.4929614,0
6.4801219,1.4929614,0
6.4900977,1.4929614,0
6.500262799999998,1.4929614,0
6.510157599999999,1.4929614,0
6.520193199999998,1.4929614,0
6.530094499999997,1.4929614,0
6.540142599999999,1.4929614,0
6.550149999999999,1.4929614,0
6.560176299999998,1.4929614,0
6.570177599999997,1.4929614,0
6.5803309999999975,1.4929614,0
6.590324199999998,1.4929614,0
6.600160199999998,1.4929614,0
6.610363899999999,1.4929614,0
6.620436899999998,1.4929614,0
6.630289399999999,1.4929614,0
6.6403085,1.4929614,0
6.6501673,1.4929614,0
6.660224999999997,1.4929614,0
6.6702394,1.4929614,0
6.680298799999999,1.4929614,0
6.6901893,1.4929614,0
6.7004591,1.4929614,0
6.7101249,1.4929614,0
6.7201591,1.4929614,0
6.730124099999998,1.4929614,0
6.740219799999998,1.4929614,0
6.7502335,1.4929614,0
6.7601255999999985,1.4929614,0
6.770184199999999,1.4929614,0
6.7801383999999985,1.4929614,0
6.790279899999998,1.4929614,0
6.800239699999999,1.4929614,0
6.810105499999999,1.4929614,0
6.8201024,1.4929614,0
6.8301768,1.4929614,0
6.840094199999999,1.4929614,0
6.8501715999999995,1.4929614,0
6.860138299999999,1.4929614,0
6.870072799999999,1.4929614,0
6.8802056,1.4929614,0
6.8901091,1.4929614,0
6.9001965999999975,1.4929614,0
6.910092899999999,1.4929614,0
6.9202522,1.4929614,0
6.930136099999999,1.4929614,0
6.9401931999999995,1.4929614,0
6.9502625999999985,1.4929614,0
6.9602486999999975,1.4929614,0
6.970122,1.4929614,0
6.9800819999999995,1.4929614,0
6.990108599999999,1.4929614,0
7.000195299999998,1.4929614,0
7.010111899999998,1.4929614,0
7.0201506999999985,1.4929614,0
7.030142299999998,1.4929614,0
7.040201799999998,1.4929614,0
7.050176999999998,1.4929614,0
7.060197299999999,1.4929614,0
7.070042399999998,1.4929614,0
7.0802780999999975,1.4929614,0
7.090219399999999,1.4929614,0
7.100073999999999,1.4929614,0
7.110168999999999,1.4929614,0
7.120071799999998,1.4929614,0
7.1301156999999975,1.4929614,0
7.1402635,1.4929614,0
7.150183499999997,1.4929614,0
7.160199299999999,1.4929614,0
7.1701728,1.4929614,0
7.180194499999999,1.4929614,0
7.190116099999997,1.4929614,0
7.200138199999998,1.4929614,0
7.210161799999998,1.4929614,0
7.2200901,1.4929614,0
7.230174699999999,1.4929614,0
7.2400829999999985,1.4929614,0
7.2501867,1.4929614,0
7.260127399999998,1.4929614,0
7.270171399999999,1.4929614,0
7.2801635000000005,1.4929614,0
7.290176799999998,1.4929614,0
7.300225399999999,1.4929614,0
7.3101085999999995,1.4929614,0
7.3201544,1.4929614,0
7.330190099999999,1.4929614,0
7.340263999999998,1.4929614,0
7.3501224,1.4929614,0
7.3602317999999975,1.4929614,0
7.3701252,1.4929614,0
7.380169299999999,1.4929614,0
7.390341599999999,1.4929614,0
7.400277899999999,1.4929614,0
7.410263399999998,1.4929614,0
7.4202333,1.4929614,0
7.430146299999997,1.4929614,0
7.440167199999998,1.4929614,0
7.450169599999999,1.4929614,0
7.4601194,1.4929614,0
7.4701081999999985,1.4929614,0
7.480197799999999,1.4929614,0
7.490290099999999,1.4929614,0
7.5001609999999985,1.4929614,0
7.510234399999998,1.4929614,0
7.520163399999998,1.4929614,0
7.5301902999999974,1.4929614,0
7.540149399999997,1.4929614,0
7.550275599999999,1.4929614,0
7.5602506,1.4929614,0
7.570260999999999,1.4929614,0
7.5801433,1.4929614,0
7.5900988,1.4929614,0
7.600230499999999,1.4929614,0
7.6100818,1.4929614,0
7.6200849999999996,1.4929614,0
7.6301135,1.4929614,0
7.640193,1.4929614,0
7.650139299999999,1.4929614,0
7.660284999999998,1.4929614,0
7.6702507,1.4929614,0
7.680173799999999,1.4929614,0
7.690186999999998,1.4929614,0
7.7002004,1.4929614,0
7.710230199999998,1.4929614,0
7.720104799999998,1.4929614,0
7.730167299999998,1.4929614,0
7.740168299999997,1.4929614,0
7.750431499999998,1.4929614,0
7.760104499999997,1.4929614,0
7.770191799999999,1.4929614,0
7.780260599999998,1.4929614,0
7.790161399999999,1.4929614,0
7.800168499999998,1.4929614,0
7.810142299999999,1.4929614,0
7.820048699999997,1.4929614,0
7.8301129,1.4929614,0
7.840124299999999,1.4929614,0
7.850445699999998,1.4929614,0
7.860115999999998,1.4929614,0
7.8701285999999975,1.4929614,0
7.880165999999999,1.4929614,0
7.890158399999997,1.4929614,0
7.900247999999998,1.4929614,0
7.910172199999998,1.4929614,0
7.920079099999999,1.4929614,0
7.930076999999997,1.4929614,0
7.940186199999999,1.4929614,0
7.950242299999999,1.4929614,0
7.960232099999999,1.4929614,0
7.9701236999999985,1.4929614,0
7.980146999999999,1.4929614,0
7.9902069000000004,1.4929614,0
8.0002414,1.4929614,0
8.010295499999998,1.4929614,0
8.020261099999999,1.4929614,0
8.030298199999997,1.4929614,0
8.0403278,1.4929614,0
8.050303,1.4929614,0
8.0604123,1.4929614,0
8.070471599999998,1.4929614,0
8.0802509,1.4929614,0
8.090336699999998,1.4929614,0
8.100376699999998,1.4929614,0
8.1104536,1.4929614,0
8.120341699999997,1.4929614,0
8.130483299999998,1.4929614,0
8.140279799999998,1.4929614,0
8.1502555,1.4929614,0
8.160259799999999,1.4929614,0
8.170165999999998,1.4929614,0
8.1801857,1.4929614,0
8.1901665,1.4929614,0
8.200156799999998,1.4929614,0
8.2101546,1.4929614,0
8.220373899999998,1.4929614,0
8.2300936,1.4929614,0
8.2404057,1.4929614,0
8.2504214,1.4929614,0
8.2602379,1.4929614,0
8.2702891,1.4929614,0
8.280239599999998,1.4929614,0
8.290394299999999,1.4929614,0
8.3002793,1.4929614,0
8.3103534,1.4929614,0
8.3202833,1.4929614,0
8.330185999999998,1.4929614,0
8.340287699999998,1.4929614,0
8.350279099999998,1.4929614,0
8.360340899999997,1.4929614,0
8.370125599999998,1.4929614,0
8.380208099999997,1.4929614,0
8.3904152,1.4929614,0
8.4001679,1.4929614,0
8.4101611,1.4929614,0
8.420073799999997,1.4929614,0
8.4301046,1.4929614,0
8.440154799999998,1.4929614,0
8.450218,1.4929614,0
8.460202599999999,1.4929614,0
8.4700955,1.4929614,0
8.4801146,1.4929614,0
8.490296399999998,1.4929614,0
8.5002189,1.4929614,0
8.5101804,1.4929614,0
8.5201165,1.4929614,0
8.530108799999997,1.4929614,0
8.540167799999999,1.4929614,0
8.550336699999999,1.4929614,0
8.5601263,1.4929614,0
8.570162799999999,1.4929614,0
8.580127899999997,1.4929614,0
8.590551299999998,1.4929614,0
8.600242299999998,1.4929614,0
8.6100842,1.4929614,0
8.620103499999999,1.4929614,0
8.630166499999998,1.4929614,0
8.6402361,1.4929614,0
8.6501995,1.4929614,0
8.6601201,1.4929614,0
8.670104799999997,1.4929614,0
8.6801168,1.4929614,0
8.6901172,1.4929614,0
8.700204799999998,1.4929614,0
8.7102097,1.4929614,0
8.720207199999997,1.4929614,0
8.7301447,1.4929614,0
8.740357699999997,1.4929614,0
8.7501647,1.4929614,0
8.760135599999998,1.4929614,0
8.7703986,1.4929614,0
8.780227399999998,1.4929614,0
8.790288199999999,1.4929614,0
8.8004143,1.4929614,0
8.8101566,1.4929614,0
8.820307199999998,1.4929614,0
8.8302306,1.4929614,0
8.8402973,1.4929614,0
8.8500996,1.4929614,0
8.860212299999997,1.4929614,0
8.870061199999999,1.4929614,0
8.880142199999998,1.4929614,0
8.890274999999999,1.4929614,0
8.900248699999999,1.4929614,0
8.9101094,1.4929614,0
8.920235299999998,1.4929614,0
8.930307499999998,1.4929614,0
8.940178,1.4929614,0
8.950152799999998,1.4929614,0
8.9600607,1.4929614,0
8.9700536,1.4929614,0
8.980121399999998,1.4929614,0
8.9901184,1.4929614,0
9.000137199999998,1.4929614,0
9.010174899999999,1.4929614,0
9.020025,1.4929614,0
9.030069099999999,1.4929614,0
9.0401697,1.4929614,0
9.050231499999999,1.4929614,0
9.060106299999998,1.4929614,0
9.0702328,1.4929614,0
9.080162699999999,1.4929614,0
9.0901028,1.4929614,0
9.100094599999998,1.4929614,0
9.110074399999998,1.4929614,0
9.1201084,1.4929614,0
9.1301302,1.4929614,0
9.140381899999998,1.4929614,0
9.1501147,1.4929614,0
9.160093199999999,1.4929614,0
9.170093099999999,1.4929614,0
9.180087,1.4929614,0
9.1901355,1.4929614,0
9.200163399999997,1.4929614,0
9.210187999999999,1.4929614,0
9.220019099999998,1.4929614,0
9.230102299999999,1.4929614,0
9.2401619,1.4929614,0
9.250129699999999,1.4929614,0
9.260218299999998,1.4929614,0
9.270081699999999,1.4929614,0
9.2800616,1.4929614,0
9.290171099999998,1.4929614,0
9.3002772,1.4929614,0
9.310180199999998,1.4929614,0
9.320220799999998,1.4929614,0
9.330167,1.4929614,0
9.3403648,1.4929614,0
9.3501965,1.4929614,0
9.360165599999998,1.4929614,0
9.370149599999998,1.4929614,0
9.3801262,1.4929614,0
9.390333799999997,1.4929614,0
9.400225199999998,1.4929614,0
9.410200499999998,1.4929614,0
9.420126099999997,1.4929614,0
9.430205899999997,1.4929614,0
9.440189699999998,1.4929614,0
9.450168699999999,1.4929614,0
9.460137799999998,1.4929614,0
9.4700876,1.4929614,0
9.4800662,1.4929614,0
9.490113699999998,1.4929614,0
9.500141,1.4929614,0
9.510066499999997,1.4929614,0
9.520175299999998,1.4929614,0
9.530159899999997,1.4929614,0
9.5404302,1.4929614,0
9.550208999999999,1.4929614,0
9.560203299999998,1.4929614,0
9.570096399999997,1.4929614,0
9.5801151,1.4929614,0
9.590240699999999,1.4929614,0
9.600295799999998,1.4929614,0
9.610337899999998,1.4929614,0
9.6202227,1.4929614,0
9.630368299999997,1.4929614,0
9.640301999999998,1.4929614,0
9.6502546,1.4929614,0
9.660229899999997,1.4929614,0
9.6703698,1.4929614,0
9.6802037,1.4929614,0
9.690364899999999,1.4929614,0
9.700299399999999,1.4929614,0
9.710070299999998,1.4929614,0
9.7202549,1.4929614,0
9.730176099999998,1.4929614,0
9.740265399999998,1.4929614,0
9.7501681,1.4929614,0
9.760268799999999,1.4929614,0
9.7700988,1.4929614,0
9.780111699999999,1.4929614,0
9.7901575,1.4929614,0
9.800252399999998,1.4929614,0
9.8101439,1.4929614,0
9.8201422,1.4929614,0
9.8302692,1.4929614,0
9.840279599999999,1.4929614,0
9.850358399999998,1.4929614,0
9.860263199999999,1.4929614,0
9.870423799999998,1.4929614,0
9.880229699999997,1.4929614,0
9.890379099999997,1.4929614,0
9.9002521,1.4929614,0
9.9100538,1.4929614,0
9.920149799999997,1.4929614,0
9.930104999999998,1.4929614,0
9.940538799999999,1.4929614,0
9.950168299999998,1.4929614,0
9.9601121,1.4929614,0
9.9700907,1.4929614,0
9.980100399999998,1.4929614,0
9.990172999999999,1.4929614,0
10.000189799999998,1.4929614,0
10.0101689,1.4929614,0
10.0201095,1.4929614,0
10.030262,1.4929614,0
10.0402934,1.4929614,0
10.050596799999997,1.4929614,0
10.0602272,1.4929614,0
10.070138699999998,1.4929614,0
10.0801582,1.4929614,0
10.090196299999999,1.4929614,0
10.1001245,1.4929614,0
10.1100618,1.4929614,0
10.120148099999998,1.4929614,0
10.1301661,1.4929614,0
10.1401903,1.4929614,0
10.150183199999997,1.4929614,0
10.1601018,1.4929614,0
10.170093399999999,1.4929614,0
10.180075199999997,1.4929614,0
10.1901525,1.4929614,0
10.2002198,1.4929614,0
10.2102401,1.4929614,0
10.220053999999998,1.4929614,0
10.2300866,1.4929614,0
10.2401223,1.4929614,0
10.250141,1.4929614,0
10.260066799999997,1.4929614,0
10.270208799999999,1.4929614,0
10.280168399999997,1.4929614,0
10.2902351,1.4929614,0
10.300229899999998,1.4929614,0
10.3102971,1.4929614,0
10.320435,1.4929614,0
10.3303874,1.4929614,0
10.340395899999997,1.4929614,0
10.3502087,1.4929614,0
10.360301099999997,1.4929614,0
10.3701878,1.4929614,0
10.3800466,1.4929614,0
10.390183799999999,1.4929614,0
10.400579399999998,1.4940475685511914,0
10.410455299999999,1.5203643808196232,0
10.4205763,1.5696264779156992,0
10.4304992,1.6738617965768412,0
10.440752399999997,1.6977705204840972,0
10.4505108,1.743352035972392,0
10.4605909,1.836264534809469,0
10.470397199999997,1.9613067753446816,0
10.4805563,2.0409432391978894,0
10.493713,2.1187423570204573,0
10.5006612,2.213285969031911,0
10.5104224,2.356009407572636,0
10.5204755,2.6155220217511572,0
10.5304826,2.8925852317600156,0
10.540956599999998,3.2910686968174017,0
10.554738,3.537064656632578,0
10.560493899999997,3.734368223985737,0
10.570589599999998,3.892322032529845,0
10.580629599999998,4.123859913704242,0
10.5935895,4.275587183093811,0
10.6005161,4.618252106430505,0
10.6104943,4.933492164237235,0
10.620546699999998,5.045478945958075,0
10.634285599999998,5.310944312117843,0
10.6406074,5.704400565352053,0
10.650616399999997,5.704400565352053,0
10.660555199999997,6.092112154082174,8.999999998593466e-07
10.674967499999998,6.185089067084062,0.0143589999999989
10.6805563,6.455538361358687,0.019897000000000276
10.690632699999998,6.647875276492737,0.029942200000000696
10.700624599999998,6.9449799844945455,0.04001879999999858
10.710441799999998,7.293918879685199,0.049890300000001275
10.7226,7.6159692035057525,0.06204579999999993
10.730400099999997,7.764780658974222,0.06982800000000111
10.7407462,8.179522401387631,0.08006759999999957
10.754275399999997,8.522522057577296,0.09367929999999802
10.760467299999998,8.452543313875262,0.09985209999999967
10.7705372,8.522522057577296,0.10999269999999939
10.7805182,8.868335443994296,0.11996939999999867
10.790428199999997,9.123526107475662,0.12979160000000078
10.804716199999998,9.30895659937976,0.14411679999999905
10.810403899999997,9.77588944516893,0.1498545
10.820532399999998,9.62807059588681,0.15992199999999812
10.830516499999998,9.909536400813906,0.1699294000000009
10.840521799999998,9.89271335666411,0.1798876000000007
10.8506495,10.200736589911823,0
10.864589499999997,10.200736589911823,0
10.870616499999997,10.739403193116889,0
10.880570199999998,10.520050675513097,0
10.890805,10.776476503078216,0
10.900705499999997,11.174832229900465,0
10.914220699999998,10.907407150123706,0
10.9288755,11.059303998863323,0
10.943093299999997,11.31137907880348,0
10.944122999999998,11.155481122997937,0
10.950737999999998,11.272170432059934,0
10.960614199999998,11.489771820317557,0
10.9705431,11.529852615748647,0
10.9810427,11.489771820317557,0
10.990689699999997,11.610496783242837,0
11.000700799999997,11.69178869158578,0
11.010613,11.509792177642064,0
11.021053299999998,11.44985102784893,0
11.0305803,11.77373354348732,0
11.040698199999998,12.150707163949544,0
11.054794999999999,11.77373354348732,0
11.070102299999999,11.814952460536821,0
11.070959199999997,11.753185830962098,0
11.080546599999998,11.91872397796814,0
11.090630299999997,12.002491593493856,0
11.106440199999998,11.960524018227172,0
11.120241099999998,11.87709080391526,0
11.121065299999998,11.794322392560423,0
11.1306202,11.91872397796814,0
11.140736099999998,11.69178869158578,0
11.1506252,11.960524018227172,0
11.160600799999997,11.570094055435773,0
11.1708493,11.87709080391526,0
11.1808914,12.044627375250313,0
11.195725399999997,11.814952460536821,0
11.2093089,12.002491593493856,0
11.223747199999998,12.34434460165743,0
11.224824599999998,11.897886574361623,0
11.238814399999999,11.87709080391526,0
11.2407039,11.814952460536821,0
11.250607199999997,11.590275217982127,0
11.260715299999998,11.960524018227172,0
11.270620399999999,12.086932037669948,0
11.284951799999998,12.108147910546215,0
11.290816,12.108147910546215,0
11.300743299999997,12.193436995294954,0
11.3106106,12.086932037669948,0
11.320796599999998,11.939603098084492,0
11.337137499999997,12.150707163949544,0
11.365117699999999,11.77373354348732,0
11.366596299999998,12.086932037669948,0
11.367509899999998,12.150707163949544,0
11.383452499999997,11.87709080391526,0
11.3843025,12.150707163949544,0
11.4026073,12.023538416488238,0
11.403394899999999,12.129406257628279,0
11.410881099999997,12.023538416488238,0
11.420537399999997,12.086932037669948,0
11.4305594,12.044627375250313,0
11.4406653,12.150707163949544,0
11.450708199999998,11.960524018227172,0
11.4643518,11.712213486956044,0
11.470698699999996,11.814952460536821,0
11.4805988,11.835623829936845,0
11.4906921,11.753185830962098,0
11.500831000000002,11.610496783242837,0
11.510531099999998,11.429950433021594,0
11.520770699999996,11.509792177642064,0
11.5304823,11.41008959960924,0
11.540724999999998,10.983051782416258,0
11.554835700000002,11.194222077744826,0
11.5692445,11.155481122997937,0
11.5705292,11.174832229900465,0
11.580725900000001,11.002057685548928,0
11.590653200000002,10.907407150123706,0
11.605982700000002,10.907407150123706,0
11.610490199999997,10.647366113557899,0
11.620825299999996,10.484001020187893,0
11.630605599999999,10.218176296985487,0
11.640661399999995,10.011184305278535,0
11.650519399999997,9.94328359581091,1.7999999997186933e-06
11.663772399999996,9.74281048940505,0.013296499999995604
11.670477000000002,9.435072542049229,0.01996869999999973
11.680358099999996,9.184842454704212,0.029851600000000644
11.690545199999999,8.927602077993871,0.040025899999996284
11.704032799999997,8.736706421172222,0.05353230000000053
11.710465500000002,8.593204099345877,0.05993649999999917
11.720515899999999,8.301031304013586,0.0699860000000001
11.730472199999998,7.917206792001785,0.07994439999999514
11.743017399999996,7.739730070915215,0.09253549999999677
11.750550100000002,7.423028897842612,0.10007389999999816
11.760458199999999,7.144951555755833,0.10993829999999605
11.7703952,6.783749139762662,0.11989359999999749
11.7853138,6.110559071938329,0.13478309999999993
11.7912255,5.89399222016673,0
11.8060692,5.44310400232517,0
11.810368100000002,5.146450562348289,0
11.820637399999999,4.707092324309132,0
11.834403999999996,4.477594046737503,0
11.8406087,4.2533881999560625,0
11.850545100000001,4.071698072558067,0
11.860489300000001,3.681135138795919,0
11.873631800000002,3.3237887302246483,0
11.8805571,3.113129162084253,0
11.890626199999996,2.724021297054081,0
11.9045241,2.4862080406142164,0
11.910441500000001,2.2673129940441425,0
11.920407399999998,2.148358862885254,0
11.930564999999998,2.0278685256005367,0
11.940605299999998,1.9096431961059859,0
11.9532196,1.8411519705189119,0
11.9604331,1.7418340821718181,0
11.970456099999996,1.661748513332068,0
11.9803793,1.6136094229016669,0
11.990494799999997,1.5927678789237798,0
12.000510899999998,1.573729523177549,0
12.010454,1.563918324798125,0
12.020554100000002,1.5462197324245102,0
12.030423299999999,1.5344066942669823,0
12.040760599999995,1.5247054908903777,0
12.050569999999997,1.5256302028170556,0
12.060578500000002,1.5238045116124348,0
12.070485600000001,1.52286006918405,0
12.080463599999998,1.5221363378964248,0
12.090609699999998,1.5209231535420966,0
12.100661999999996,1.5188639842621707,0
12.110645600000002,1.5136553530989345,0
12.120698199999996,1.5084094152164869,0
12.130639499999997,1.503506516647861,0
12.140725299999996,1.4987555252899127,0
12.150636699999996,1.4937969478295532,0
12.1604968,1.4929614,0
12.1759175,1.4929614,0
12.180276799999998,1.4929614,0
12.190313800000002,1.4929614,0
12.2003461,1.4929614,0
12.210268199999998,1.4929614,0
12.220212,1.4929614,0
12.230260999999995,1.4929614,0
12.240216,1.4929614,0
12.250250599999998,1.4929614,0
12.2602941,1.4929614,0
12.270215499999996,1.4929614,0
12.280368299999996,1.4929614,0
12.290355799999997,1.4929614,0
12.300346999999999,1.4929614,0
12.3102974,1.4929614,0
12.320245400000001,1.4929614,0
12.3302114,1.4929614,0
12.340275099999996,1.4929614,0
12.350406699999997,1.4929614,0
12.360292099999999,1.4929614,0
12.370320199999998,1.4929614,0
12.380431300000001,1.4929614,0
12.390300200000002,1.4929614,0
12.400414099999995,1.4929614,0
12.410319300000001,1.4929614,0
12.420264,1.4929614,0
12.430209799999997,1.4929614,0
12.440244400000001,1.4929614,0
12.4507017,1.4941738603042134,0
12.460746799999999,1.5120290625651018,0
12.470532699999996,1.532392273212018,0
12.480538899999996,1.5511812569446215,0
12.490667499999997,1.5561768922322148,0
12.5007488,1.5762916485976528,0
12.510538199999996,1.585600898793887,0
12.520574299999996,1.5995864915169888,0
12.530495599999998,1.6080342025781458,0
12.540937699999997,1.6176418999687565,0
12.5507751,1.6475624827466306,0
12.560607899999997,1.6652261439849891,0
12.570521500000002,1.6948764390372897,0
12.580676700000001,1.7146578665625019,0
12.590610899999998,1.7500361052769717,0
12.6007013,1.7595826111726987,0
12.6106436,1.7650366217023097,0
12.620887999999997,1.7639370757734192,0
12.630781599999995,1.7128645863151424,0
12.640766699999997,1.6504315515912311,0
12.650635300000001,1.650753536572066,0
12.660738999999996,1.6614045603730137,0
12.670583499999996,1.8154240637248136,0
12.680577599999996,1.8843914117330494,0
12.6906937,1.9181286315364483,0
12.700728600000001,1.9259119869533952,0
12.710567100000002,1.8875624101084423,0
12.720590999999995,1.8599163179773952,0
12.730492699999996,1.8584380112899357,0
12.740855100000001,1.8812456801427633,0
12.750749299999999,1.9147140789056076,0
12.760487299999998,1.9473657332778151,0
12.7704238,2.007798075270063,0
12.780471699999996,2.0398416546712155,0
12.790695500000002,2.070371593969801,0
12.800759599999996,2.009875018688723,0
12.810579399999998,1.9584850084585672,0
12.820482799999997,1.9482821808864976,0
12.8305853,1.9096431961059859,0
12.840611499999998,1.740325208825444,0
12.850728399999998,1.6092244861025367,0
12.860853799999997,1.5773382152218003,0
12.870534799999998,1.5895187697968307,0
12.880521999999996,1.60638767631904,0
12.890629799999996,1.650753536572066,0
12.900710700000001,1.661748513332068,0
12.9105217,1.6590160550769892,0
12.9207358,1.615609531871039,0
12.930618599999999,1.6731262215214113,0
12.940669699999997,1.626104496279672,0
12.950752999999995,1.616114579420225,0
12.960590299999996,1.5995864915169888,0
12.970491499999998,1.589919245293043,0
12.980621500000002,1.5889210521242194,0
12.990602399999997,1.5816523607612556,0
13.000677200000002,1.60638767631904,0
13.0107666,1.5861786356640513,0
13.020790299999998,1.518227206843161,0
13.030307599999997,1.4929614,0
13.040293600000002,1.4929614,0
13.050189299999996,1.4929614,0
13.060219799999995,1.4929614,0
13.070304599999996,1.4929614,0
13.0803811,1.4929614,0
13.090523799999996,1.4929614,0
13.100450399999996,1.4929614,0
13.1104174,1.4929614,0
13.1204639,1.4929614,0
13.130296300000001,1.4929614,0
13.140488699999995,1.4929614,0
13.150401399999996,1.4929614,0
13.160174099999995,1.4929614,0
13.170185,1.4929614,0
13.180180499999995,1.4929614,0
13.190343799999997,1.4929614,0
13.2004932,1.4929614,0
13.2102982,1.4929614,0
13.220234099999995,1.4929614,0
13.230231999999997,1.4929614,0
13.2401613,1.4929614,0
13.250319799999996,1.4929614,0
13.260266699999999,1.4929614,0
13.270164900000001,1.4929614,0
13.280201600000002,1.4929614,0
13.290304199999998,1.4929614,0
13.3002723,1.4929614,0
13.310326800000002,1.4929614,0
13.320291000000001,1.4929614,0
13.330178999999998,1.4929614,0
13.3402208,1.4929614,0
13.350398299999998,1.4929614,0
13.360254799999996,1.4929614,0
13.370316599999999,1.4929614,0
13.380314299999998,1.4929614,0
13.3901869,1.4929614,0
13.400313399999998,1.4929614,0
13.410201599999997,1.4929614,0
13.4202179,1.4929614,0
13.430313099999996,1.4929614,0
13.440233500000001,1.4929614,0
13.4502439,1.4929614,0
13.460446299999997,1.4929614,0
13.470280899999995,1.4929614,0
13.4802912,1.4929614,0
13.4903485,1.4929614,0
13.500328299999996,1.4929614,0
13.510260900000002,1.4929614,0
13.520168699999996,1.4929614,0
13.530187899999998,1.4929614,0
13.540159499999998,1.4929614,0
13.5502748,1.4929614,0
13.560247,1.4929614,0
13.570284099999999,1.4929614,0
13.580292199999999,1.4929614,0
13.590320899999998,1.4929614,0
13.600353199999997,1.4929614,0
13.610257199999996,1.4929614,0
13.620253299999998,1.4929614,0
13.6302731,1.4929614,0
13.640258,1.4929614,0
13.650356399999996,1.4929614,0
13.660244699999996,1.4929614,0
13.6702287,1.4929614,0
13.680286399999996,1.4929614,0
13.6902285,1.4929614,0
13.700237499999997,1.4929614,0
13.710255199999995,1.4929614,0
13.720278099999998,1.4929614,0
13.730225199999996,1.4929614,0
13.740384199999998,1.4929614,0
13.750555199999997,1.4929614,0
13.760429300000002,1.4929614,0
13.770425899999996,1.4929614,0
13.780523599999999,1.4929614,0
13.790324199999997,1.4929614,0
13.800386,1.4929614,0
13.810438299999998,1.4929614,0
13.820183199999999,1.4929614,0
13.8303014,1.4929614,0
13.840473,1.4929614,0
13.850257799999998,1.4929614,0
13.8602435,1.4929614,0
13.870197100000002,1.4929614,0
13.880292899999997,1.4929614,0
13.890235399999998,1.4929614,0
13.900276600000002,1.4929614,0
13.910285300000002,1.4929614,0
13.920196799999996,1.4929614,0
13.930176399999997,1.4929614,0
13.940600200000002,1.4929614,0
13.950376799999997,1.4929614,0
13.960295999999996,1.4929614,0
13.9701324,1.4929614,0
13.980226300000002,1.4929614,0
13.990196999999998,1.4929614,0
14.000245799999998,1.4929614,0
14.010352399999999,1.4929614,0
14.020209499999996,1.4929614,0
14.030210100000001,1.4929614,0
14.040281799999999,1.4929614,0
14.050279899999996,1.4929614,0
14.060475100000001,1.4929614,0
14.0702727,1.4929614,0
14.080494999999996,1.4929614,0
14.090418099999997,1.4929614,0
14.100395199999998,1.4929614,0
14.1101839,1.4929614,0
14.120302900000002,1.4929614,0
14.1302719,1.4929614,0
14.140465799999998,1.4929614,0
14.150429200000001,1.4929614,0
14.160228799999995,1.4929614,0
14.170383599999997,1.4929614,0
14.1803013,1.4929614,0
14.190423399999997,1.4929614,0
14.200278,1.4929614,0
14.2101699,1.4929614,0
14.2202217,1.4929614,0
14.230192999999996,1.4929614,0
14.240266600000002,1.4929614,0
14.250372899999999,1.4929614,0
14.260406899999996,1.4929614,0
14.2702743,1.4929614,0
14.280187799999997,1.4929614,0
14.290662999999999,1.4929614,0
14.300276299999997,1.4929614,0
14.310322099999997,1.4929614,0
14.3202253,1.4929614,0
14.330276099999995,1.4929614,0
14.340173199999999,1.4929614,0
14.350312499999998,1.4929614,0
14.360252999999997,1.4929614,0
14.370169700000002,1.4929614,0
14.380387899999999,1.4929614,0
14.390234599999996,1.4929614,0
14.400218299999995,1.4929614,0
14.410209399999996,1.4929614,0
14.4204294,1.4929614,0
14.430396999999996,1.4929614,0
14.4405714,1.4929614,0
14.450411200000001,1.4929614,0
14.460749199999999,1.4929614,0
14.470658400000001,1.4929614,0
14.4802043,1.4929614,0
14.490718900000001,1.4929614,0
14.500379200000001,1.4929614,0
14.510449999999995,1.4929614,0
14.5201648,1.4929614,0
14.5302459,1.4929614,0
14.540216099999999,1.4929614,0
14.550270600000001,1.4929614,0
14.560472,1.4929614,0
14.570271600000002,1.4929614,0
14.580326099999997,1.4929614,0
14.5904451,1.4929614,0
14.600270599999998,1.4929614,0
14.6103044,1.4929614,0
14.620277499999997,1.4929614,0
14.630440400000001,1.4929614,0
14.6403505,1.4929614,0
14.650293000000001,1.4929614,0
14.660429499999996,1.4929614,0
14.670316199999998,1.4929614,0
14.680201499999999,1.4929614,0
14.690308399999996,1.4929614,0
14.700352499999997,1.4929614,0
14.710165299999996,1.4929614,0
14.720202599999997,1.4929614,0
14.730259100000001,1.4929614,0
14.740179699999995,1.4929614,0
14.750377499999995,1.4929614,0
14.760265199999996,1.4929614,0
14.7703156,1.4929614,0
14.780380099999999,1.4929614,0
14.790320599999998,1.4929614,0
14.800279999999997,1.4929614,0
14.810285599999997,1.4929614,0
14.820292999999996,1.4929614,0
14.8303063,1.4929614,0
14.840392099999999,1.4929614,0
14.850345999999998,1.4929614,0
14.860435899999995,1.4929614,0
14.8704656,1.4929614,0
14.8802391,1.4929614,0
14.8903626,1.4929614,0
14.900299700000001,1.4929614,0
14.910167099999999,1.4929614,0
14.920375500000002,1.4929614,0
14.930300499999998,1.4929614,0
14.9401507,1.4929614,0
14.950389900000001,1.4929614,0
14.960276400000001,1.4929614,0
14.9702393,1.4929614,0
14.980373400000001,1.4929614,0
14.990286999999999,1.4929614,0
15.000315099999998,1.4929614,0
15.0103459,1.4929614,0
15.020223499999997,1.4929614,0
15.030228400000002,1.4929614,0
15.0403865,1.4929614,0
15.050338499999999,1.4929614,0
15.060379100000002,1.4929614,0
15.070486299999995,1.4929614,0
15.080283999999995,1.4929614,0
15.090479900000002,1.4929614,0
15.100376899999997,1.4929614,0
15.110154599999998,1.4929614,0
15.120322499999997,1.4929614,0
15.130311099999997,1.4929614,0
15.140367699999995,1.4929614,0
15.150277899999995,1.4929614,0
15.1602001,1.4929614,0
15.170530500000002,1.4929614,0
15.180322899999997,1.4929614,0
15.190276,1.4929614,0
15.2003114,1.4929614,0
15.2102823,1.4929614,0
15.220250599999996,1.4929614,0
15.230473399999997,1.4929614,0
15.240331600000001,1.4929614,0
15.2502752,1.4929614,0
15.260362699999998,1.4929614,0
15.270262899999995,1.4929614,0
15.280206500000002,1.4929614,0
15.290442299999999,1.4929614,0
15.300292799999998,1.4929614,0
15.310195099999998,1.4929614,0
15.320441599999999,1.4929614,0
15.330338899999997,1.4929614,0
15.340120500000001,1.4929614,0
15.350356600000001,1.4929614,0
15.360224800000001,1.4929614,0
15.370186399999998,1.4929614,0
15.380339699999997,1.4929614,0
15.390263899999997,1.4929614,0
15.4003568,1.4929614,0
15.410327399999996,1.4929614,0
15.420340499999998,1.4929614,0
15.430340300000001,1.4929614,0
15.440389,1.4929614,0
15.450299099999999,1.4929614,0
15.460324799999999,1.4929614,0
15.470505,1.4929614,0
15.480172499999998,1.4929614,0
15.4904172,1.4929614,0
15.500353700000002,1.4929614,0
15.510267699999996,1.4929614,0
15.520263099999998,1.4929614,0
15.5302605,1.4929614,0
15.540178999999998,1.4929614,0
15.550344899999995,1.4929614,0
15.5602008,1.4929614,0
15.570394799999999,1.4929614,0
15.580312099999997,1.4929614,0
15.590304,1.4929614,0
15.600461499999998,1.4929614,0
15.610237399999999,1.4929614,0
15.620170499999997,1.4929614,0
15.630436499999998,1.4929614,0
15.640410999999997,1.4929614,0
15.650296100000002,1.4929614,0
15.660239199999996,1.4929614,0
15.670478,1.4929614,0
15.6803426,1.4929614,0
15.6904213,1.4929614,0
15.7002846,1.4929614,0
15.710235700000002,1.4929614,0
15.720480300000002,1.4929614,0
15.7303332,1.4929614,0
15.740249799999997,1.4929614,0
15.750381899999997,1.4929614,0
15.760276100000002,1.4929614,0
15.770291699999998,1.4929614,0
15.780391999999996,1.4929614,0
15.790274399999998,1.4929614,0
15.800249599999997,1.4929614,0
15.810424600000001,1.4929614,0
15.820331800000002,1.4929614,0
15.830234899999997,1.4929614,0
15.840423099999999,1.4929614,0
15.850368800000002,1.4929614,0
15.860202699999999,1.4929614,0
15.870402099999996,1.4929614,0
15.8803612,1.4929614,0
15.8904241,1.4929614,0
15.9003385,1.4929614,0
15.910196799999998,1.4929614,0
15.9203857,1.4929614,0
15.930251199999997,1.4929614,0
15.940380199999996,1.4929614,0
15.950549999999996,1.4929614,0
15.960407899999996,1.4929614,0
15.970581800000001,1.4929614,0
15.980355899999996,1.4929614,0
15.990445499999996,1.4929614,0
16.0003462,1.4929614,0
16.0103275,1.4929614,0
16.0203302,1.4929614,0
16.030221100000002,1.4929614,0
16.0402721,1.4929614,0
16.050326000000002,1.4929614,0
16.060407299999998,1.4929614,0
16.070422599999997,1.4929614,0
16.0803502,1.4929614,0
16.0904705,1.4929614,0
16.1003382,1.4929614,0
16.110243399999998,1.4929614,0
16.1203922,1.4929614,0
16.130283799999997,1.4929614,0
16.1401838,1.4929614,0
16.150340500000002,1.4929614,0
16.1602735,1.4929614,0
16.170200499999996,1.4929614,0
16.1803067,1.4929614,0
16.1903038,1.4929614,0
16.200285400000002,1.4929614,0
16.210327799999998,1.4929614,0
16.220241599999998,1.4929614,0
16.230218400000002,1.4929614,0
16.2403113,1.4929614,0
16.2506928,1.4929614,0
16.260206899999996,1.4929614,0
16.2704373,1.4929614,0
16.280489999999997,1.4929614,0
16.2902978,1.4929614,0
16.3003502,1.4929614,0
16.310189499999996,1.4929614,0
16.3203911,1.4929614,0
16.330285,1.4929614,0
16.340292899999998,1.4929614,0
16.3506312,1.4929614,0
16.360342399999997,1.4929614,0
16.370543699999995,1.4929614,0
16.3802372,1.4929614,0
16.390455399999997,1.4929614,0
16.400353299999995,1.4929614,0
16.410236,1.4929614,0
16.4203128,1.4929614,0
16.4302582,1.4929614,0
16.4402442,1.4929614,0
16.4505447,1.4929614,0
16.460236499999997,1.4929614,0
16.4703135,1.4929614,0
16.4804699,1.4929614,0
16.490503999999998,1.4929614,0
16.5003882,1.4929614,0
16.5102321,1.4929614,0
16.520413899999998,1.4929614,0
16.5302933,1.4929614,0
16.5403451,1.4929614,0
16.550323199999998,1.4929614,0
16.5601942,1.4929614,0
16.5703603,1.4929614,0
16.58031,1.4929614,0
16.5902961,1.4929614,0
16.600340899999996,1.4929614,0
16.610391500000002,1.4929614,0
16.620358399999997,1.4929614,0
16.6304313,1.4929614,0
16.6406406,1.4929614,0
16.651384599999997,1.4929614,0
16.660437499999997,1.4929614,0
16.670559199999996,1.4929614,0
16.6804119,1.4929614,0
16.690574,1.4929614,0
16.700651599999997,1.4929614,0
16.7102575,1.4929614,0
16.7203094,1.4929614,0
16.7303704,1.4929614,0
16.740192599999997,1.4929614,0
16.750278499999997,1.4929614,0
16.7602527,1.4929614,0
16.7701824,1.4929614,0
16.7802544,1.4929614,0
16.7903894,1.4929614,0
16.8006085,1.4929614,0
16.8102943,1.4929614,0
16.8203256,1.4929614,0
16.830183899999998,1.4929614,0
16.840254599999998,1.4929614,0
16.8505261,1.4929614,0
16.860125399999998,1.4929614,0
16.8703203,1.4929614,0
16.8803474,1.4929614,0
16.8902697,1.4929614,0
16.900330899999997,1.4929614,0
16.9101842,1.4929614,0
16.920440099999997,1.4929614,0
16.9302343,1.4929614,0
16.940265199999995,1.4929614,0
16.950363899999996,1.4929614,0
16.960214699999998,1.4929614,0
16.970139999999997,1.4929614,0
16.9803114,1.4929614,0
16.990279599999997,1.4929614,0
17.000229899999997,1.4929614,0
17.0102466,1.4929614,0
17.020321,1.4929614,0
17.0302526,1.4929614,0
17.040418899999995,1.4929614,0
17.0503077,1.4929614,0
17.0601618,1.4929614,0
17.0703469,1.4929614,0
17.080302299999996,1.4929614,0
17.090309899999998,1.4929614,0
17.1003248,1.4929614,0
17.110272399999996,1.4929614,0
17.120296800000002,1.4929614,0
17.130421600000002,1.4929614,0
17.1401882,1.4929614,0
17.1503757,1.4929614,0
17.160453199999996,1.4929614,0
17.1703079,1.4929614,0
17.180282699999996,1.4929614,0
17.1903884,1.4929614,0
17.200402299999997,1.4929614,0
17.210327599999996,1.4929614,0
17.2203348,1.4929614,0
17.230129,1.4929614,0
17.2403559,1.4929614,0
17.2503634,1.4929614,0
17.2601378,1.4929614,0
17.2703442,1.4929614,0
17.2803206,1.4929614,0
17.2901707,1.4929614,0
17.3003222,1.4929614,0
17.3102128,1.4929614,0
17.322855899999997,1.4929614,0
17.330487899999998,1.4929614,0
17.3401922,1.4929614,0
17.3504293,1.4929614,0
17.360511299999995,1.4929614,0
17.370201599999998,1.4929614,0
17.3802731,1.4929614,0
17.390388399999996,1.4929614,0
17.4002758,1.4929614,0
17.4102844,1.4929614,0
17.420346,1.4929614,0
17.430187899999996,1.4929614,0
17.440258499999995,1.4929614,0
17.450320099999995,1.4929614,0
17.4601747,1.4929614,0
17.470319,1.4929614,0
17.480312799999997,1.4929614,0
17.490136099999997,1.4929614,0
17.500451799999997,1.4929614,0
17.5102426,1.4929614,0
17.5203035,1.4929614,0
17.530229799999997,1.4929614,0
17.5403117,1.4929614,0
17.5503971,1.4929614,0
17.5602792,1.4929614,0
17.570434099999996,1.4929614,0
17.5802855,1.4929614,0
17.590296399999996,1.4929614,0
17.6003085,1.4929614,0
17.6102369,1.4929614,0
17.6206043,1.4929614,0
17.630244700000002,1.4929614,0
17.6403291,1.4929614,0
17.650374599999996,1.4929614,0
17.660279499999998,1.4929614,0
17.6704028,1.4929614,0
17.6802686,1.4929614,0
17.690214100000002,1.4929614,0
17.700375599999997,1.4929614,0
17.7102313,1.4929614,0
17.7205167,1.4929614,0
17.730278000000002,1.4929614,0
17.7403213,1.4929614,0
17.750375699999996,1.4929614,0
17.760212899999996,1.4929614,0
17.7702054,1.4929614,0
17.780309899999995,1.4929614,0
17.790397799999997,1.4929614,0
17.800343699999996,1.4929614,0
17.810552499999996,1.4929614,0
17.820320900000002,1.4929614,0
17.830226399999997,1.4929614,0
17.840590599999995,1.4929614,0
17.8502592,1.4929614,0
17.860172699999996,1.4929614,0
17.870484199999996,1.4929614,0
17.880268499999996,1.4929614,0
17.890161099999997,1.4929614,0
17.900318199999997,1.4929614,0
17.910222700000002,1.4929614,0
17.9204798,1.4929614,0
17.930269899999995,1.4929614,0
17.9402303,1.4929614,0
17.950449699999997,1.4929614,0
17.9603554,1.4929614,0
17.9702552,1.4929614,0
17.9802979,1.4929614,0
17.990379700000002,1.4929614,0
18.0003287,1.4929614,0
18.010300400000002,1.4929614,0
18.020256399999997,1.4929614,0
18.030244299999996,1.4929614,0
18.040372899999998,1.4929614,0
18.050296899999996,1.4929614,0
18.060211399999996,1.4929614,0
18.070258,1.4929614,0
18.080397099999995,1.4929614,0
18.0903752,1.4929614,0
18.100406500000002,1.4929614,0
18.110345299999995,1.4929614,0
18.120391899999998,1.4929614,0
18.1302675,1.4929614,0
18.1402046,1.4929614,0
18.150338199999997,1.4929614,0
18.1603399,1.4929614,0
18.1702373,1.4929614,0
18.180354599999998,1.4929614,0
18.190340599999995,1.4929614,0
18.200266599999996,1.4929614,0
18.210378199999997,1.4929614,0
18.220325899999995,1.4929614,0
18.2301508,1.4929614,0
18.240358099999998,1.4929614,0
18.250293199999998,1.4929614,0
18.260166299999998,1.4929614,0
18.2703551,1.4929614,0
18.2803486,1.4929614,0
18.2903761,1.4929614,0
18.300825999999997,1.4929614,0
18.3104245,1.4929614,0
18.3203578,1.4929614,0
18.330543600000002,1.4929614,0
18.340289699999996,1.4929614,0
18.3503065,1.4929614,0
18.360284099999998,1.4929614,0
18.370174199999997,1.4929614,0
18.380298299999996,1.4929614,0
18.3902258,1.4929614,0
18.400251299999997,1.4929614,0
18.410254499999997,1.4929614,0
18.4201997,1.4929614,0
18.430162899999996,1.4929614,0
18.4403685,1.4929614,0
18.450298399999998,1.4929614,0
18.460187799999996,1.4929614,0
18.4703414,1.4929614,0
18.480307200000002,1.4929614,0
18.4902258,1.4929614,0
18.5003572,1.4929614,0
18.510195999999997,1.4929614,0
18.520337299999998,1.4929614,0
18.530269299999997,1.4929614,0
18.540262600000002,1.4929614,0
18.550359499999995,1.4929614,0
18.560294799999998,1.4929614,0
18.570221299999996,1.4929614,0
18.5802484,1.4929614,0
18.5903222,1.4929614,0
18.6002659,1.4929614,0
18.610297899999996,1.4929614,0
18.620338199999996,1.4929614,0
18.630272699999995,1.4929614,0
18.6403139,1.4929614,0
18.6503433,1.4929614,0
18.6601812,1.4929614,0
18.6702785,1.4929614,0
18.6802302,1.4929614,0
18.6904225,1.4929614,0
18.700287,1.4929614,0
18.710239399999995,1.4929614,0
18.7202346,1.4929614,0
18.730311599999997,1.4929614,0
18.740266899999998,1.4929614,0
18.7504186,1.4929614,0
18.7602868,1.4929614,0
18.7701909,1.4929614,0
18.7802421,1.4929614,0
18.790297899999995,1.4929614,0
18.800483599999996,1.4929614,0
18.810256899999995,1.4929614,0
18.820297399999998,1.4929614,0
18.830402799999998,1.4929614,0
18.840796899999997,1.4929614,0
18.850294799999997,1.4929614,0
18.860218299999996,1.4929614,0
18.8702742,1.4929614,0
18.880259299999995,1.4929614,0
18.890184299999998,1.4929614,0
18.900323599999997,1.4929614,0
18.910275099999996,1.4929614,0
18.920171999999997,1.4929614,0
18.930260799999996,1.4929614,0
18.940251899999996,1.4929614,0
18.950314199999998,1.4929614,0
18.9602861,1.4929614,0
18.970300999999996,1.4929614,0
18.9802955,1.4929614,0
18.9902562,1.4929614,0
19.0003139,1.4929614,0
19.0103222,1.4929614,0
19.0202859,1.4929614,0
19.0301995,1.4929614,0
19.040442099999996,1.4929614,0
19.050265399999997,1.4929614,0
19.0601619,1.4929614,0
19.070361899999998,1.4929614,0
19.080219599999996,1.4929614,0
19.090214800000002,1.4929614,0
19.100377399999996,1.4929614,0
19.110229999999998,1.4929614,0
19.1205515,1.4929614,0
19.130308599999996,1.4929614,0
19.1402155,1.4929614,0
19.1504005,1.4929614,0
19.160258699999996,1.4929614,0
19.1702623,1.4929614,0
19.1807763,1.4929614,0
19.190338,1.4929614,0
19.200519699999997,1.4929614,0
19.210269799999995,1.4929614,0
19.220343099999997,1.4929614,0
19.2302376,1.4929614,0
19.240577599999998,1.4929614,0
19.250268000000002,1.4929614,0
19.260111499999997,1.4929614,0
19.2702779,1.4929614,0
19.280281999999996,1.4929614,0
19.2904648,1.4929614,0
19.300371799999997,1.4929614,0
19.3101703,1.4929614,0
19.3201281,1.4929614,0
19.330299399999998,1.4929614,0
19.3402227,1.4929614,0
19.3503487,1.4929614,0
19.360357699999998,1.4929614,0
19.370519599999998,1.4929614,0
19.380360200000002,1.4929614,0
19.390436499999996,1.4929614,0
19.400405099999997,1.4929614,0
19.410450199999996,1.4929614,0
19.420236999999997,1.4929614,0
19.430406899999998,1.4929614,0
19.4404059,1.4929614,0
19.4502561,1.4929614,0
19.4604069,1.4929614,0
19.470299199999996,1.4929614,0
19.4802578,1.4929614,0
19.490140299999997,1.4929614,0
19.500334399999996,1.4929614,0
19.510209800000002,1.4929614,0
19.5200973,1.4929614,0
19.530345999999998,1.4929614,0
19.5406794,1.4929614,0
19.5502692,1.4929614,0
19.560246199999998,1.4929614,0
19.570344799999997,1.4929614,0
19.580344799999995,1.4929614,0
19.590276399999997,1.4929614,0
19.600314700000002,1.4929614,0
19.610256099999997,1.4929614,0
19.6203015,1.4929614,0
19.630290999999996,1.4929614,0
19.640412199999997,1.4929614,0
19.6502529,1.4929614,0
19.6601713,1.4929614,0
19.6703917,1.4929614,0
19.6802823,1.4929614,0
19.6902229,1.4929614,0
19.700365299999998,1.4929614,0
19.7101936,1.4929614,0
19.720159999999996,1.4929614,0
19.7302772,1.4929614,0
19.740318399999996,1.4929614,0
19.7503372,1.4929614,0
19.7602498,1.4929614,0
19.770358999999996,1.4929614,0
19.7803947,1.4929614,0
19.79035,1.4929614,0
19.800223,1.4929614,0
19.8102511,1.4929614,0
19.820261,1.4929614,0
19.830155699999995,1.4929614,0
19.8402852,1.4929614,0
19.8502829,1.4929614,0
19.860214799999998,1.4929614,0
19.870307299999997,1.4929614,0
19.880233899999997,1.4929614,0
19.890143,1.4929614,0
19.900449399999996,1.4929614,0
19.910239799999996,1.4929614,0
19.9201626,1.4929614,0
19.930320999999996,1.4929614,0
19.9403313,1.4929614,0
19.9502494,1.4929614,0
19.960215699999996,1.4929614,0
19.9703329,1.4929614,0
19.980309000000002,1.4929614,0
19.9903174,1.4929614,0
20.0002168,1.4929614,0
20.0102552,1.4929614,0
20.0203436,1.4929614,0
20.0302513,1.4929614,0
20.0403894,1.4929614,0
20.0502668,1.4929614,0
20.060256,1.4929614,0
20.0703353,1.4929614,0
20.080294900000002,1.4929614,0
20.090301199999995,1.4929614,0
20.100390299999997,1.4929614,0
20.110268099999995,1.4929614,0
20.120321399999998,1.4929614,0
20.130272299999998,1.4929614,0
20.140342,1.4929614,0
20.150277299999996,1.4929614,0
20.1603033,1.4929614,0
20.170235299999998,1.4929614,0
20.1803227,1.4929614,0
20.190605899999998,1.4929614,0
20.200240400000002,1.4929614,0
20.2102544,1.4929614,0
20.220286999999995,1.4929614,0
20.2301842,1.4929614,0
20.2403551,1.4929614,0
20.250294899999997,1.4929614,0
20.2602133,1.4929614,0
20.2702324,1.4929614,0
20.2802866,1.4929614,0
20.290167299999997,1.4929614,0
20.300457399999996,1.4929614,0
20.310210799999997,1.4929614,0
20.320135499999996,1.4929614,0
20.330273199999997,1.4929614,0
20.340653200000002,1.4929614,0
20.350140299999996,1.4929614,0
20.360235899999996,1.4929614,0
20.3702334,1.4929614,0
20.380312299999996,1.4929614,0
20.390283299999997,1.4929614,0
20.4002739,1.4929614,0
20.410251999999996,1.4929614,0
20.4203364,1.4929614,0
20.430355699999996,1.4929614,0
20.4403137,1.4929614,0
20.4502991,1.4929614,0
20.460185299999996,1.4929614,0
20.4703288,1.4929614,0
20.4802827,1.4929614,0
20.4901583,1.4929614,0
20.5003261,1.4929614,0
20.5101812,1.4929614,0
20.520285399999995,1.4929614,0
20.530348,1.4929614,0
20.540381,1.4929614,0
20.5502272,1.4929614,0
20.560333099999998,1.4929614,0
20.5703079,1.4929614,0
20.580348599999997,1.4929614,0
20.5902522,1.4929614,0
20.6002423,1.4929614,0
20.6102854,1.4929614,0
20.620408299999998,1.4929614,0
20.6304075,1.4929614,0
20.640374499999997,1.4929614,0
20.6505782,1.4929614,0
20.6601739,1.4929614,0
20.670316599999996,1.4929614,0
20.680421899999995,1.4929614,0
20.6905313,1.4929614,0
20.700546999999997,1.4929614,0
20.710542199999995,1.4929614,0
20.720398899999996,1.4929614,0
20.7304737,1.4929614,0
20.740284499999998,1.4929614,0
20.750296799999997,1.4929614,0
20.760257999999997,1.4929614,0
20.7702032,1.4929614,0
20.7802002,1.4929614,0
20.790603100000002,1.4929614,0
20.8003161,1.4929614,0
20.810217999999995,1.4929614,0
20.820219599999998,1.4929614,0
20.8301864,1.4929614,0
20.840224199999998,1.4929614,0
20.850284,1.4929614,0
20.860320599999998,1.4929614,0
20.8702189,1.4929614,0
20.8802634,1.4929614,0
20.890200499999995,1.4929614,0
20.9003335,1.4929614,0
20.9102224,1.4929614,0
20.9201163,1.4929614,0
20.930276199999998,1.4929614,0
20.940215999999996,1.4929614,0
20.9502141,1.4929614,0
20.960201699999995,1.4929614,0
20.970206799999996,1.4929614,0
20.9802469,1.4929614,0
20.9903113,1.4929614,0
21.000294899999997,1.4929614,0
21.0102985,1.4929614,0
21.0202766,1.4929614,0
21.0302113,1.4929614,0
21.040198299999997,1.4929614,0
21.050281799999997,1.4929614,0
21.060108099999997,1.4929614,0
21.070393499999998,1.4929614,0
21.0802498,1.4929614,0
21.0901187,1.4929614,0
21.1004179,1.4929614,0
21.110266299999996,1.4929614,0
21.120273299999997,1.4929614,0
21.1302851,1.4929614,0
21.140291699999995,1.4929614,0
21.1502881,1.4929614,0
21.160291499999996,1.4929614,0
21.170284399999996,1.4929614,0
21.180341799999997,1.4929614,0
21.190227099999998,1.4929614,0
21.200230799999996,1.4929614,0
21.210299699999997,1.4929614,0
21.22035,1.4929614,0
21.2302097,1.4929614,0
21.2403393,1.4929614,0
21.250265099999996,1.4929614,0
21.2601397,1.4929614,0
21.270319699999998,1.4929614,0
21.280233499999998,1.4929614,0
21.290247499999996,1.4929614,0
21.300587499999995,1.4929614,0
21.310275299999997,1.4929614,0
21.320246100000002,1.4929614,0
21.3302517,1.4929614,0
21.340284,1.4929614,0
21.350255799999996,1.4929614,0
21.3602191,1.4929614,0
21.370219199999998,1.4929614,0
21.3801801,1.4929614,0
21.3902605,1.4929614,0
21.400281500000002,1.4929614,0
21.4104105,1.4929614,0
21.4202641,1.4929614,0
21.430229799999996,1.4929614,0
21.4403932,1.4929614,0
21.450396299999998,1.4929614,0
21.4601225,1.4929614,0
21.470408099999997,1.4929614,0
21.480217399999997,1.4929614,0
21.4901425,1.4929614,0
21.5003304,1.4929614,0
21.510246499999997,1.4929614,0
21.520326700000002,1.4929614,0
21.5302744,1.4929614,0
21.540367899999996,1.4929614,0
21.550157000000002,1.4929614,0
21.5605217,1.4929614,0
21.570327199999998,1.4929614,0
21.5802522,1.4929614,0
21.590301299999997,1.4929614,0
21.600306800000002,1.4929614,0
21.610254299999998,1.4929614,0
21.620433000000002,1.4929614,0
21.6303382,1.4929614,0
21.6403596,1.4929614,0
21.650251799999996,1.4929614,0
21.6601513,1.4929614,0
21.670316500000002,1.4929614,0
21.680213900000002,1.4929614,0
21.690377899999998,1.4929614,0
21.7005996,1.4929614,0
21.7102745,1.4929614,0
21.7203939,1.4929614,0
21.7302724,1.4929614,0
21.7402852,1.4929614,0
21.750258999999996,1.4929614,0
21.7602649,1.4929614,0
21.7704209,1.4929614,0
21.7803353,1.4929614,0
21.790425799999998,1.4929614,0
21.8002431,1.4929614,0
21.8102902,1.4929614,0
21.820410999999996,1.4929614,0
21.8302423,1.4929614,0
21.8405461,1.4929614,0
21.8502672,1.4929614,0
21.860159200000002,1.4929614,0
21.8702819,1.4929614,0
21.880267899999996,1.4929614,0
21.8902351,1.4929614,0
21.900445799999996,1.4929614,0
21.9101932,1.4929614,0
21.920217499999996,1.4929614,0
21.9302941,1.4929614,0
21.9402461,1.4929614,0
21.950274599999997,1.4929614,0
21.9603202,1.4929614,0
21.9704119,1.4929614,0
21.980264099999996,1.4929614,0
21.9903752,1.4929614,0
22.000362999999997,1.4929614,0
22.010400999999998,1.4929614,0
22.020661399999998,1.4929614,0
22.0302556,1.4929614,0
22.0403354,1.4929614,0
22.0504232,1.4929614,0
22.0604058,1.4929614,0
22.070387899999997,1.4929614,0
22.0802875,1.4929614,0
22.090151799999997,1.4929614,0
22.1003151,1.4929614,0
22.110365499999997,1.4929614,0
22.120449400000002,1.4929614,0
22.130485499999995,1.4929614,0
22.140364299999998,1.4929614,0
22.1503426,1.4929614,0
22.1602657,1.4929614,0
22.170183599999998,1.4929614,0
22.1803651,1.4929614,0
22.1902679,1.4929614,0
22.200309999999998,1.4929614,0
22.2102349,1.4929614,0
22.2202857,1.4929614,0
22.2301867,1.4929614,0
22.2403492,1.4929614,0
22.250304099999997,1.4929614,0
22.260209,1.4929614,0
22.270315,1.4929614,0
22.2802002,1.4929614,0
22.2904249,1.4929614,0
22.3003898,1.4929614,0
22.3101905,1.4929614,0
22.320187899999997,1.4929614,0
22.3303872,1.4929614,0
22.3403411,1.4929614,0
22.3502841,1.4929614,0
22.360297499999998,1.4929614,0
22.3703142,1.4929614,0
22.3802045,1.4929614,0
22.390294899999997,1.4929614,0
22.400263499999998,1.4929614,0
22.410265,1.4929614,0
22.420293599999997,1.4929614,0
22.4302303,1.4929614,0
22.440454399999997,1.4929614,0
22.450346200000002,1.4929614,0
22.460289,1.4929614,0
22.470284699999997,1.4929614,0
22.480250699999996,1.4929614,0
22.4904543,1.4929614,0
22.500321099999997,1.4929614,0
22.5102412,1.4929614,0
22.520205299999997,1.4929614,0
22.5302733,1.4929614,0
22.540540499999995,1.4929614,0
22.550246599999998,1.4929614,0
22.5602585,1.4929614,0
22.5703305,1.4929614,0
22.580151499999996,1.4929614,0
22.5903276,1.4929614,0
22.600319799999998,1.4929614,0
22.610182499999997,1.4929614,0
22.6202408,1.4929614,0
22.6303109,1.4929614,0
22.640459099999998,1.4929614,0
22.650311499999997,1.4929614,0
22.660144999999996,1.4929614,0
22.670477199999997,1.4929614,0
22.680307699999997,1.4929614,0
22.6901684,1.4929614,0
22.700503199999996,1.4929614,0
22.7102002,1.4929614,0
22.720330999999998,1.4929614,0
22.7304336,1.4929614,0
22.7402591,1.4929614,0
22.7502533,1.4929614,0
22.760779199999998,1.4929614,0
22.770530400000002,1.4929614,0
22.7803323,1.4929614,0
22.790317999999996,1.4929614,0
22.800300699999998,1.4929614,0
22.81018,1.4929614,0
22.820365499999998,1.4929614,0
22.830252499999997,1.4929614,0
22.8403765,1.4929614,0
22.850606699999997,1.4929614,0
22.8601676,1.4929614,0
22.8703386,1.4929614,0
22.880294799999998,1.4929614,0
22.890187199999996,1.4929614,0
22.900342999999996,1.4929614,0
22.910194100000002,1.4929614,0
22.920247999999997,1.4929614,0
22.930225699999998,1.4929614,0
22.9402577,1.4929614,0
22.950213099999996,1.4929614,0
22.9602738,1.4929614,0
22.9702571,1.4929614,0
22.9802652,1.4929614,0
22.990207799999997,1.4929614,0
23.0002679,1.4929614,0
23.010184399999996,1.4929614,0
23.020366,1.4929614,0
23.0303254,1.4929614,0
23.0401786,1.4929614,0
23.0503525,1.4929614,0
23.060172599999998,1.4929614,0
23.0703888,1.4929614,0
23.0805331,1.4929614,0
23.0901861,1.4929614,0
23.1004125,1.4929614,0
23.1103263,1.4929614,0
23.120218599999998,1.4929614,0
23.1303721,1.4929614,0
23.140307500000002,1.4929614,0
23.1503021,1.4929614,0
23.160382000000002,1.4929614,0
23.170328,1.4929614,0
23.1804448,1.4929614,0
23.190485899999995,1.4929614,0
23.2003453,1.4929614,0
23.2103552,1.4929614,0
23.220301199999998,1.4929614,0
23.230411299999997,1.4929614,0
23.240216399999998,1.4929614,0
23.2502345,1.4929614,0
23.2602977,1.4929614,0
23.2702992,1.4929614,0
23.280280199999996,1.4929614,0
23.2901462,1.4929614,0
23.300310899999996,1.4929614,0
23.3102949,1.4929614,0
23.320218899999997,1.4929614,0
23.330326699999997,1.4929614,0
23.3403368,1.4929614,0
23.3502981,1.4929614,0
23.360235,1.4929614,0
23.3703137,1.4929614,0
23.380282599999997,1.4929614,0
23.3902234,1.4929614,0
23.400273000000002,1.4929614,0
23.410331199999998,1.4929614,0
23.420242399999996,1.4929614,0
23.430268199999997,1.4929614,0
23.4402905,1.4929614,0
23.450363399999997,1.4929614,0
23.460228499999996,1.4929614,0
23.4704169,1.4929614,0
23.4802905,1.4929614,0
23.490163299999995,1.4929614,0
23.500398299999997,1.4929614,0
23.510319999999997,1.4929614,0
23.520181400000002,1.4929614,0
23.530364099999996,1.4929614,0
23.5402405,1.4929614,0
23.550273,1.4929614,0
23.560337199999996,1.4929614,0
23.570246199999996,1.4929614,0
23.5801792,1.4929614,0
23.5903369,1.4929614,0
23.6003469,1.4929614,0
23.6101761,1.4929614,0
23.6203271,1.4929614,0
23.6302499,1.4929614,0
23.640201,1.4929614,0
23.650324299999998,1.4929614,0
23.6602865,1.4929614,0
23.670446799999997,1.4929614,0
23.6803817,1.4929614,0
23.6902213,1.4929614,0
23.700366,1.4929614,0
23.7102478,1.4929614,0
23.720349099999996,1.4929614,0
23.7302814,1.4929614,0
23.7402549,1.4929614,0
23.750384,1.4929614,0
23.760289099999998,1.4929614,0
23.770176599999996,1.4929614,0
23.7802068,1.4929614,0
23.790320499999996,1.4929614,0
23.8002323,1.4929614,0
23.810278999999998,1.4929614,0
23.820355699999997,1.4929614,0
23.830284099999997,1.4929614,0
23.8402516,1.4929614,0
23.8503083,1.4929614,0
23.860308399999997,1.4929614,0
23.870504899999997,1.4929614,0
23.8802738,1.4929614,0
23.890235799999996,1.4929614,0
23.9003366,1.4929614,0
23.910326799999996,1.4929614,0
23.9201571,1.4929614,0
23.930389099999996,1.4929614,0
23.9403539,1.4929614,0
23.950206599999998,1.4929614,0
23.9603037,1.4929614,0
23.9703902,1.4929614,0
23.9801977,1.4929614,0
23.9903553,1.4929614,0
24.0002515,1.4929614,0
24.0103556,1.4929614,0
24.020348000000002,1.4929614,0
24.0302921,1.4929614,0
24.040140499999996,1.4929614,0
24.0503672,1.4929614,0
24.0603467,1.4929614,0
24.070367899999997,1.4929614,0
24.080269399999995,1.4929614,0
24.0902111,1.4929614,0
24.100293699999998,1.4929614,0
24.110299799999996,1.4929614,0
24.1204523,1.4929614,0
24.130318299999995,1.4929614,0
24.140275999999997,1.4929614,0
24.150270799999998,1.4929614,0
24.1603417,1.4929614,0
24.170238299999998,1.4929614,0
24.1802508,1.4929614,0
24.190276299999997,1.4929614,0
