0.0005451000000000761,1.4929614,0
0.01025990000000121,1.4929614,0
0.02862999999999971,1.4929614,0
0.030166799999999938,1.4929614,0
0.040351900000000995,1.4929614,0
0.05040340000000043,1.4929614,0
0.06027930000000126,1.4929614,0
0.0702064,1.4929614,0
0.08024969999999954,1.4929614,0
0.09031450000000163,1.4929614,0
0.10026630000000125,1.4929614,0
0.11035280000000114,1.4929614,0
0.1202481000000013,1.4929614,0
0.13024019999999936,1.4929614,0
0.14022220000000019,1.4929614,0
0.15040130000000218,1.4929614,0
0.1602396000000006,1.4929614,0
0.17017150000000214,1.4929614,0
0.1802412000000011,1.4929614,0
0.19036529999999985,1.4929614,0
0.20044240000000002,1.4929614,0
0.2102345000000021,1.4929614,0
0.2202395000000017,1.4929614,0
0.23021190000000047,1.4929614,0
0.2403051000000005,1.4929614,0
0.2502814000000022,1.4929614,0
0.26021689999999964,1.4929614,0
0.2701833000000029,1.4929614,0
0.2801700999999994,1.4929614,0
0.2903196000000001,1.4929614,0
0.3004370000000023,1.4929614,0
0.3102178000000002,1.4929614,0
0.3202641000000028,1.4929614,0
0.33020520000000175,1.4929614,0
0.3404270000000018,1.4929614,0
0.3503469000000017,1.4929614,0
0.36029080000000135,1.4929614,0
0.3703029999999998,1.4929614,0
0.3803730999999999,1.4929614,0
0.3902883000000017,1.4929614,0
0.4004285000000003,1.4929614,0
0.41045700000000096,1.4929614,0
0.420459000000001,1.4929614,0
0.4304426000000028,1.4929614,0
0.4404588000000018,1.4929614,0
0.4502599000000025,1.4929614,0
0.4604272000000016,1.4929614,0
0.47042880000000054,1.4929614,0
0.4802577000000028,1.4929614,0
0.4903973000000015,1.4929614,0
0.5003631000000013,1.4929614,0
0.5102167000000009,1.4929614,0
0.5202045999999996,1.4929614,0
0.5302638000000002,1.4929614,0
0.5403447999999997,1.4929614,0
0.5502472000000012,1.4929614,0
0.5602474000000015,1.4929614,0
0.5702554000000006,1.4929614,0
0.5802004000000025,1.4929614,0
0.5904045000000018,1.4929614,0
0.6003357000000022,1.4929614,0
0.6101878999999997,1.4929614,0
0.620219800000001,1.4929614,0
0.6303340000000013,1.4929614,0
0.6403277000000003,1.4929614,0
0.6501896000000009,1.4929614,0
0.660183700000001,1.4929614,0
0.6701840000000026,1.4929614,0
0.6801822000000008,1.4929614,0
0.6902488000000027,1.4929614,0
0.7003856000000006,1.4929614,0
0.7102731999999996,1.4929614,0
0.7201839000000021,1.4929614,0
0.7301807999999994,1.4929614,0
0.7403914,1.4929614,0
0.7503474000000026,1.4929614,0
0.7602246000000008,1.4929614,0
0.7702014000000013,1.4929614,0
0.780190300000001,1.4929614,0
0.7903309000000007,1.4929614,0
0.8002485000000021,1.4929614,0
0.8102475000000027,1.4929614,0
0.8203348000000013,1.4929614,0
0.8301843000000027,1.4929614,0
0.8402389000000028,1.4929614,0
0.8503541000000006,1.4929614,0
0.8602451000000002,1.4929614,0
0.8702234000000004,1.4929614,0
0.8801631000000008,1.4929614,0
0.8902740000000016,1.4929614,0
0.9002257,1.4929614,0
0.9101666000000002,1.4929614,0
0.9202309,1.4929614,0
0.9301691000000005,1.4929614,0
0.9402485000000027,1.4929614,0
0.9502404999999996,1.4929614,0
0.9602706000000012,1.4929614,0
0.9703058999999996,1.4929614,0
0.9801570999999996,1.4929614,0
0.9902952999999997,1.4929614,0
1.0005300000000013,1.4929614,0
1.0141404000000023,1.4929614,0
1.0203228000000024,1.4929614,0
1.0302558000000026,1.4929614,0
1.040320900000001,1.4929614,0
1.0504148000000022,1.4929614,0
1.0605299000000024,1.4929614,0
1.070352800000002,1.4929614,0
1.0802802000000007,1.4929614,0
1.090272500000001,1.4929614,0
1.100375200000002,1.4929614,0
1.1102358000000017,1.4929614,0
1.1202639000000012,1.4929614,0
1.1302555000000005,1.4929614,0
1.1403396000000008,1.4929614,0
1.1504244999999997,1.4929614,0
1.1602706000000005,1.4929614,0
1.170315200000001,1.4929614,0
1.1801945000000025,1.4929614,0
1.1902366000000022,1.4929614,0
1.2002854999999997,1.4929614,0
1.2103491999999996,1.4929614,0
1.2202619000000006,1.4929614,0
1.2302715000000006,1.4929614,0
1.2404588000000025,1.4929614,0
1.2503650999999998,1.4929614,0
1.2602901000000024,1.4929614,0
1.2701713000000012,1.4929614,0
1.2802339000000025,1.4929614,0
1.2903161999999995,1.4929614,0
1.3003223000000013,1.4929614,0
1.3102872000000012,1.4929614,0
1.3202972000000024,1.4929614,0
1.3302218000000003,1.4929614,0
1.3403497000000009,1.4929614,0
1.3502277000000014,1.4929614,0
1.3602021000000022,1.4929614,0
1.3703634999999998,1.4929614,0
1.3801924999999997,1.4929614,0
1.3902278000000017,1.4929614,0
1.4002401000000013,1.4929614,0
1.4102580000000025,1.4929614,0
1.4203478000000018,1.4929614,0
1.4303891000000029,1.4929614,0
1.4402377000000008,1.4929614,0
1.4501947000000008,1.4929614,0
1.4603895000000016,1.4929614,0
1.4701893000000013,1.4929614,0
1.4801122000000007,1.4929614,0
1.4903112000000007,1.4929614,0
1.5002586000000022,1.4929614,0
1.5102311999999998,1.4929614,0
1.5202284000000006,1.4929614,0
1.5302410000000002,1.4929614,0
1.5403765000000007,1.4929614,0
1.550307,1.4929614,0
1.560227900000001,1.4929614,0
1.5703595999999997,1.4929614,0
1.5803914,1.4929614,0
1.5902404000000026,1.4929614,0
1.6002051000000002,1.4929614,0
1.6101607000000016,1.4929614,0
1.6203013000000013,1.4929614,0
1.6302851000000018,1.4929614,0
1.6402780000000021,1.4929614,0
1.6503274999999995,1.4929614,0
1.6602473999999994,1.4929614,0
1.6702450000000013,1.4929614,0
1.6802854000000025,1.4929614,0
1.6902621000000018,1.4929614,0
1.7002148000000012,1.4929614,0
1.7102179,1.4929614,0
1.7202171000000028,1.4929614,0
1.730155400000001,1.4929614,0
1.7402394,1.4929614,0
1.7503741999999995,1.4929614,0
1.7602031000000018,1.4929614,0
1.7702099000000011,1.4929614,0
1.7801895000000023,1.4929614,0
1.790283800000001,1.4929614,0
1.8003795999999994,1.4929614,0
1.810265600000001,1.4929614,0
1.820245100000001,1.4929614,0
1.8304998999999995,1.4929614,0
1.8403154000000015,1.4929614,0
1.8503245000000028,1.4929614,0
1.8603590000000025,1.4929614,0
1.8702238000000015,1.4929614,0
1.880191700000001,1.4929614,0
1.8904474000000029,1.4929614,0
1.9003809999999994,1.4929614,0
1.9103035000000013,1.4929614,0
1.9203578000000014,1.4929614,0
1.930388800000003,1.4929614,0
1.940410400000001,1.4929614,0
1.950460200000002,1.4929614,0
1.9602128000000008,1.4929614,0
1.9702806000000024,1.4929614,0
1.9801911000000025,1.4929614,0
1.9903158000000012,1.4929614,0
2.0002914999999994,1.4929614,0
2.0102581000000015,1.4929614,0
2.0203343999999994,1.4929614,0
2.030242600000001,1.4929614,0
2.040307900000002,1.4929614,0
2.050296900000003,1.4929614,0
2.0602991000000017,1.4929614,0
2.0702707999999994,1.4929614,0
2.0803215,1.4929614,0
2.0902808999999998,1.4929614,0
2.100261700000001,1.4929614,0
2.1106314000000026,1.4929614,0
2.1202898999999995,1.4929614,0
2.1303573,1.4929614,0
2.1402614,1.4929614,0
2.1504889000000027,1.4929614,0
2.1604454000000004,1.4929614,0
2.170520100000001,1.4929614,0
2.1803669000000028,1.4929614,0
2.1903412000000024,1.4929614,0
2.2002261999999995,1.4929614,0
2.2105042000000026,1.4929614,0
2.2203192000000023,1.4929614,0
2.2304689000000018,1.4929614,0
2.2403457000000024,1.4929614,0
2.2502700000000004,1.4929614,0
2.2602747,1.4929614,0
2.2702144000000004,1.4929614,0
2.2801508000000013,1.4929614,0
2.2902907,1.4929614,0
2.300270300000001,1.4929614,0
2.310197900000002,1.4929614,0
2.3202330999999994,1.4929614,0
2.3301654999999997,1.4929614,0
2.340221200000002,1.4929614,0
2.350351500000002,1.4929614,0
2.3601890999999995,1.4929614,0
2.370212300000002,1.4929614,0
2.3802529999999997,1.4929614,0
2.3903160999999997,1.4929614,0
2.400401600000002,1.4929614,0
2.4102601999999997,1.4929614,0
2.4202618000000022,1.4929614,0
2.4302284000000007,1.4929614,0
2.4402454999999996,1.4929614,0
2.450345000000002,1.4929614,0
2.460423900000002,1.4929614,0
2.4703146999999994,1.4929614,0
2.4801696,1.4929614,0
2.4902818000000018,1.4929614,0
2.500208100000002,1.4929614,0
2.510156300000002,1.4929614,0
2.520210900000002,1.4929614,0
2.5303126999999996,1.4929614,0
2.5402769999999997,1.4929614,0
2.550211300000001,1.4929614,0
2.5602484000000025,1.4929614,0
2.5701981000000025,1.4929614,0
2.5803066,1.4929614,0
2.5902340000000024,1.4929614,0
2.600276400000002,1.4929614,0
2.6103120000000004,1.4929614,0
2.620230900000003,1.4929614,0
2.6302550999999994,1.4929614,0
2.6402283000000004,1.4929614,0
2.6502152000000017,1.4929614,0
2.6601888000000002,1.4929614,0
2.6702213000000015,1.4929614,0
2.6802085000000027,1.4929614,0
2.690366000000001,1.4929614,0
2.7002462000000023,1.4929614,0
2.7105379999999997,1.4929614,0
2.7202623000000017,1.4929614,0
2.730179100000001,1.4929614,0
2.740293900000001,1.4929614,0
2.7503859000000013,1.4929614,0
2.7601831000000026,1.4929614,0
2.7702373000000016,1.4929614,0
2.7803074000000016,1.4929614,0
2.7903692000000007,1.4929614,0
2.8003126000000016,1.4929614,0
2.810175900000001,1.4929614,0
2.8202689999999997,1.4929614,0
2.8302262999999996,1.4929614,0
2.8403996000000014,1.4929614,0
2.850366600000001,1.4929614,0
2.8602953999999983,1.4929614,0
2.870212600000002,1.4929614,0
2.8801230999999987,1.4929614,0
2.890278500000001,1.4929614,0
2.900360499999998,1.4929614,0
2.9101748,1.4929614,0
2.9202504000000005,1.4929614,0
2.9302187999999987,1.4929614,0
2.940437799999998,1.4929614,0
2.950274399999998,1.4929614,0
2.9602898999999994,1.4929614,0
2.9702921000000018,1.4929614,0
2.980192299999999,1.4929614,0
2.990307399999999,1.4929614,0
3.0003028,1.4929614,0
3.010253800000001,1.4929614,0
3.020218800000002,1.4929614,0
3.0302840000000018,1.4929614,0
3.0404076000000018,1.4929614,0
3.0503319000000033,1.4929614,0
3.060312500000002,1.4929614,0
3.0702375999999987,1.4929614,0
3.0801811999999984,1.4929614,0
3.0903519000000017,1.4929614,0
3.100353300000002,1.4929614,0
3.110194800000002,1.4929614,0
3.120238399999998,1.4929614,0
3.1301685000000035,1.4929614,0
3.140227799999998,1.4929614,0
3.1502292999999995,1.4929614,0
3.1603819999999985,1.4929614,0
3.170214999999999,1.4929614,0
3.1801697000000004,1.4929614,0
3.190365800000002,1.4929614,0
3.2002193000000005,1.4929614,0
3.210180700000002,1.4929614,0
3.220226000000004,1.4929614,0
3.2302040000000005,1.4929614,0
3.240289500000003,1.4929614,0
3.250556000000003,1.4929614,0
3.2604723000000035,1.4929614,0
3.270341000000002,1.4929614,0
3.280265100000001,1.4929614,0
3.2903200000000012,1.4929614,0
3.3002718999999985,1.4929614,0
3.310130600000001,1.4929614,0
3.3201964000000004,1.4929614,0
3.3303009999999986,1.4929614,0
3.3402402000000038,1.4929614,0
3.3502545999999995,1.4929614,0
3.3601197999999997,1.4929614,0
3.3702202999999997,1.4929614,0
3.3802233000000044,1.4929614,0
3.390182700000004,1.4929614,0
3.400286399999999,1.4929614,0
3.4104255000000023,1.4929614,0
3.4203984000000034,1.4929614,0
3.430378900000001,1.4929614,0
3.4404784000000035,1.4929614,0
3.4502972000000014,1.4929614,0
3.4604545000000044,1.4929614,0
3.470284300000003,1.4929614,0
3.4802107000000007,1.4929614,0
3.4904042000000004,1.4929614,0
3.5001900000000035,1.4929614,0
3.510163900000002,1.4929614,0
3.5202482999999987,1.4929614,0
3.5301905000000033,1.4929614,0
3.5403217,1.4929614,0
3.550287400000002,1.4929614,0
3.5601754999999997,1.4929614,0
3.570241000000003,1.4929614,0
3.5802511999999993,1.4929614,0
3.590328900000003,1.4929614,0
3.6003185,1.4929614,0
3.610294500000002,1.4929614,0
3.620339399999999,1.4929614,0
3.6301591,1.4929614,0
3.6403244999999984,1.4929614,0
3.6505028999999993,1.4929614,0
3.6602087999999995,1.4929614,0
3.670233600000003,1.4929614,0
3.680162100000004,1.4929614,0
3.6902742000000046,1.4929614,0
3.7002378000000036,1.4929614,0
3.710285800000001,1.4929614,0
3.720222300000003,1.4929614,0
3.7301338999999984,1.4929614,0
3.7403847,1.4929614,0
3.7502634000000015,1.4929614,0
3.760283600000001,1.4929614,0
3.7702184999999986,1.4929614,0
3.7801848000000007,1.4929614,0
3.790212099999998,1.4929614,0
3.800239900000001,1.4929614,0
3.8102664000000033,1.4929614,0
3.820295399999999,1.4929614,0
3.8302592000000004,1.4929614,0
3.8402772000000027,1.4929614,0
3.8503773999999993,1.4929614,0
3.8603214000000037,1.4929614,0
3.8701678000000044,1.4929614,0
3.880161700000002,1.4929614,0
3.890436700000002,1.4929614,0
3.9002166000000003,1.4929614,0
3.910401399999998,1.4929614,0
3.920486000000004,1.4929614,0
3.9303275999999983,1.4929614,0
3.9405483000000032,1.4929614,0
3.950453600000003,1.4929614,0
3.960295500000001,1.4929614,0
3.9702541999999994,1.4929614,0
3.980370399999998,1.4929614,0
3.990491300000002,1.4929614,0
4.000228300000003,1.4929614,0
4.010214300000001,1.4929614,0
4.020236099999998,1.4929614,0
4.030141100000002,1.4929614,0
4.040267499999999,1.4929614,0
4.0502864000000045,1.4929614,0
4.0602256000000025,1.4929614,0
4.070246900000001,1.4929614,0
4.080164500000002,1.4929614,0
4.090311800000002,1.4929614,0
4.100224699999998,1.4929614,0
4.110238899999999,1.4929614,0
4.120279500000002,1.4929614,0
4.130323699999998,1.4929614,0
4.140244199999998,1.4929614,0
4.150407700000002,1.4929614,0
4.160215300000004,1.4929614,0
4.170226800000002,1.4929614,0
4.180154800000004,1.4929614,0
4.190384100000003,1.4929614,0
4.200299800000003,1.4929614,0
4.210181400000003,1.4929614,0
4.220169900000002,1.4929614,0
4.230114499999999,1.4929614,0
4.240244199999999,1.4929614,0
4.250374999999998,1.4929614,0
4.2601978,1.4929614,0
4.270254999999999,1.4929614,0
4.2801355,1.4929614,0
4.290360800000002,1.4929614,0
4.300261400000004,1.4929614,0
4.310224300000002,1.4929614,0
4.320222100000002,1.4929614,0
4.330590300000004,1.4929614,0
4.340367900000004,1.4929614,0
4.350229900000002,1.4929614,0
4.360126100000002,1.4929614,0
4.370184800000004,1.4929614,0
4.380200700000003,1.4929614,0
4.390418799999999,1.4929614,0
4.4003096,1.4929614,0
4.410309599999998,1.4929614,0
4.4202534,1.4929614,0
4.430120299999999,1.4929614,0
4.440251199999999,1.4929614,0
4.4503184000000005,1.4929614,0
4.4601641,1.4929614,0
4.4702873000000025,1.4929614,0
4.480228099999998,1.4929614,0
4.490258500000003,1.4929614,0
4.5002651,1.4929614,0
4.510370999999999,1.4929614,0
4.520273600000003,1.4929614,0
4.530210699999998,1.4929614,0
4.540219100000002,1.4929614,0
4.5502319,1.4929614,0
4.560312600000003,1.4929614,0
4.570242,1.4929614,0
4.580248500000003,1.4929614,0
4.590379400000003,1.4929614,0
4.600492700000004,1.4929614,0
4.610135100000001,1.4929614,0
4.6201916999999995,1.4929614,0
4.6301732000000015,1.4929614,0
4.640266099999998,1.4929614,0
4.650274100000004,1.4929614,0
4.6602239999999995,1.4929614,0
4.670284200000005,1.4929614,0
4.6802785,1.4929614,0
4.6903912000000005,1.4929614,0
4.700222099999998,1.4929614,0
4.7101659,1.4929614,0
4.720250700000001,1.4929614,0
4.7301537000000025,1.4929614,0
4.740364300000003,1.4929614,0
4.7503626000000025,1.4929614,0
4.760171900000003,1.4929614,0
4.770342400000004,1.4929614,0
4.780235500000003,1.4929614,0
4.790327300000001,1.4929614,0
4.8002500999999995,1.4929614,0
4.8102547000000015,1.4929614,0
4.820218799999999,1.4929614,0
4.8301856,1.4929614,0
4.840302600000001,1.4929614,0
4.850193699999998,1.4929614,0
4.860236200000003,1.4929614,0
4.870304699999998,1.4929614,0
4.880277599999999,1.4929614,0
4.890367900000001,1.4929614,0
4.900373399999999,1.4929614,0
4.910288299999998,1.4929614,0
4.920214899999998,1.4929614,0
4.930133099999999,1.4929614,0
4.940261499999998,1.4929614,0
4.9502363,1.4929614,0
4.960163399999999,1.4929614,0
4.970338599999998,1.4929614,0
4.980205400000003,1.4929614,0
4.990347499999999,1.4929614,0
5.000308699999998,1.4929614,0
5.010319199999998,1.4929614,0
5.020288000000001,1.4929614,0
5.030301399999999,1.4929614,0
5.040314299999999,1.4929614,0
5.050245600000004,1.4929614,0
5.0601727000000025,1.4929614,0
5.070229400000002,1.4929614,0
5.0802902,1.4929614,0
5.090308,1.4929614,0
5.100417499999999,1.4929614,0
5.110334700000003,1.4929614,0
5.120461599999999,1.4929614,0
5.130257200000003,1.4929614,0
5.140323600000002,1.4929614,0
5.1503868,1.4929614,0
5.1603046000000035,1.4929614,0
5.1702689000000035,1.4929614,0
5.1801737000000045,1.4929614,0
5.190386099999998,1.4929614,0
5.200213599999998,1.4929614,0
5.210175499999998,1.4929614,0
5.220152200000001,1.4929614,0
5.230145700000001,1.4929614,0
5.240331900000001,1.4929614,0
5.250454300000001,1.4929614,0
5.260279000000004,1.4929614,0
5.270286200000001,1.4929614,0
5.280311699999999,1.4929614,0
5.290251500000004,1.4929614,0
5.300241800000002,1.4929614,0
5.310242500000001,1.4929614,0
5.320307,1.4929614,0
5.330160900000003,1.4929614,0
5.340236300000001,1.4929614,0
5.350247500000002,1.4929614,0
5.360173600000003,1.4929614,0
5.3702088,1.4929614,0
5.3801421000000005,1.4929614,0
5.390216000000002,1.4929614,0
5.400278700000001,1.4929614,0
5.4101849999999985,1.4929614,0
5.420454599999999,1.4929614,0
5.430373500000002,1.4929614,0
5.440422300000002,1.4929614,0
5.4504181,1.4929614,0
5.4603362,1.4929614,0
5.470379600000001,1.4929614,0
5.480251799999998,1.4929614,0
5.490555800000003,1.4929614,0
5.500260099999998,1.4929614,0
5.5102598,1.4929614,0
5.5203783999999985,1.4929614,0
5.5302316000000005,1.4929614,0
5.5401741000000015,1.4929614,0
5.550193,1.4929614,0
5.560180299999999,1.4929614,0
5.5702079,1.4929614,0
5.580289399999998,1.4929614,0
5.590281500000003,1.4929614,0
5.6002797000000015,1.4929614,0
5.610254099999999,1.4929614,0
5.620285899999999,1.4929614,0
5.630143799999999,1.4929614,0
5.6402146,1.4929614,0
5.650461499999999,1.4929614,0
5.660141600000003,1.4929614,0
5.670277599999999,1.4929614,0
5.680264700000002,1.4929614,0
5.6902896,1.4929614,0
5.7002410999999995,1.4929614,0
5.7103356000000005,1.4929614,0
5.720299500000003,1.4929614,0
5.730130299999999,1.4929614,0
5.7402125999999996,1.4929614,0
5.750353600000004,1.4929614,0
5.760306900000003,1.4929614,0
5.7702867,1.4929614,0
5.780135800000004,1.4929614,0
5.7902354,1.4929614,0
5.800310400000001,1.4929614,0
5.810354799999999,1.4929614,0
5.820212099999999,1.4929614,0
5.8301098000000025,1.4929614,0
5.840250699999999,1.4929614,0
5.850228700000002,1.4929614,0
5.860237500000004,1.4929614,0
5.8702809999999985,1.4929614,0
5.880233000000004,1.4929614,0
5.890296599999999,1.4929614,0
5.9002172,1.4929614,0
5.910171200000001,1.4929614,0
5.9203008,1.4929614,0
5.930176299999999,1.4929614,0
5.940376399999998,1.4929614,0
5.950310200000004,1.4929614,0
5.960283400000002,1.4929614,0
5.970165100000003,1.4929614,0
5.980225099999998,1.4929614,0
5.990322800000001,1.4929614,0
6.000230000000002,1.4929614,0
6.010176999999999,1.4929614,0
6.020220600000002,1.4929614,0
6.030206900000003,1.4929614,0
6.040377300000003,1.4929614,0
6.0501778,1.4929614,0
6.0601654000000025,1.4929614,0
6.070267800000003,1.4929614,0
6.080182900000004,1.4929614,0
6.090202300000001,1.4929614,0
6.100226900000003,1.4929614,0
6.110141300000002,1.4929614,0
6.120325000000001,1.4929614,0
6.130166700000004,1.4929614,0
6.140322300000001,1.4929614,0
6.150314999999999,1.4929614,0
6.160218100000002,1.4929614,0
6.170199400000001,1.4929614,0
6.180144800000001,1.4929614,0
6.190293199999999,1.4929614,0
6.2002688000000035,1.4929614,0
6.2102483000000035,1.4929614,0
6.220242900000002,1.4929614,0
6.230245500000002,1.4929614,0
6.2401871,1.4929614,0
6.250297600000003,1.4929614,0
6.260148200000003,1.4929614,0
6.270206000000002,1.4929614,0
6.2803274999999985,1.4929614,0
6.2902609,1.4929614,0
6.300341700000004,1.4929614,0
6.310192700000002,1.4929614,0
6.3203498000000025,1.4929614,0
6.330151700000002,1.4929614,0
6.340191300000001,1.4929614,0
6.350326000000003,1.4929614,0
6.360337100000002,1.4929614,0
6.370183500000003,1.4929614,0
6.380205799999999,1.4929614,0
6.390235500000003,1.4929614,0
6.400202300000004,1.4929614,0
6.410184399999999,1.4929614,0
6.420234600000001,1.4929614,0
6.430173400000001,1.4929614,0
6.4404129999999995,1.4929614,0
6.450325499999998,1.4929614,0
6.460113300000003,1.4929614,0
6.470239499999998,1.4929614,0
6.480226100000003,1.4929614,0
6.490320099999998,1.4929614,0
6.500366100000001,1.4929614,0
6.5102785999999995,1.4929614,0
6.520212300000004,1.4929614,0
6.530398300000002,1.4929614,0
6.54025,1.4929614,0
6.550269399999998,1.4929614,0
6.560303300000001,1.4929614,0
6.570244500000001,1.4929614,0
6.580258499999999,1.4929614,0
6.5902737999999985,1.4929614,0
6.600321800000003,1.4929614,0
6.6101709,1.4929614,0
6.6202366999999995,1.4929614,0
6.630213300000001,1.4929614,0
6.6403311000000045,1.4929614,0
6.650264800000002,1.4929614,0
6.660219699999999,1.4929614,0
6.670375,1.4929614,0
6.680115999999998,1.4929614,0
6.6902179,1.4929614,0
6.700353900000003,1.4929614,0
6.710216700000004,1.4929614,0
6.720350400000001,1.4929614,0
6.730142000000001,1.4929614,0
6.740277599999999,1.4929614,0
6.750221400000001,1.4929614,0
6.760264599999999,1.4929614,0
6.7703546000000046,1.4929614,0
6.780338499999999,1.4929614,0
6.7902159,1.4929614,0
6.800245699999998,1.4929614,0
6.810334500000003,1.4929614,0
6.820465300000002,1.4929614,0
6.830120900000004,1.4929614,0
6.840452499999998,1.4929614,0
6.850385000000003,1.4929614,0
6.8603326,1.4929614,0
6.870337499999998,1.4929614,0
6.880341600000001,1.4929614,0
6.890499800000001,1.4929614,0
6.9005399999999995,1.4929614,0
6.9103706,1.4929614,0
6.9201400000000035,1.4929614,0
6.9302013,1.4929614,0
6.940298200000001,1.4929614,0
6.950311900000003,1.4929614,0
6.960221699999998,1.4929614,0
6.9701927999999995,1.4929614,0
6.980174699999999,1.4929614,0
6.990314699999999,1.4929614,0
7.0002554,1.4929614,0
7.010193900000004,1.4929614,0
7.020255300000002,1.4929614,0
7.030163000000002,1.4929614,0
7.040288799999999,1.4929614,0
7.050285600000002,1.4929614,0
7.0601455999999985,1.4929614,0
7.070229099999999,1.4929614,0
7.080167600000003,1.4929614,0
7.090357400000002,1.4929614,0
7.100278700000004,1.4929614,0
7.110332,1.4929614,0
7.120248099999998,1.4929614,0
7.130307100000003,1.4929614,0
7.140208999999999,1.4929614,0
7.150336500000002,1.4929614,0
7.160278699999999,1.4929614,0
7.1702233000000035,1.4929614,0
7.180186499999998,1.4929614,0
7.190330799999998,1.4929614,0
7.200381300000004,1.4929614,0
7.210492500000001,1.4929614,0
7.220494299999999,1.4929614,0
7.2303871000000015,1.4929614,0
7.240486099999998,1.4929614,0
7.250453200000003,1.4929614,0
7.260447599999999,1.4929614,0
7.270509699999998,1.4929614,0
7.2803850000000025,1.4929614,0
7.290297199999998,1.4929614,0
7.300536700000002,1.4929614,0
7.310397299999998,1.4929614,0
7.320162400000001,1.4929614,0
7.330391400000003,1.4929614,0
7.340263700000001,1.4929614,0
7.350566700000002,1.4929614,0
7.360109600000001,1.4929614,0
7.3702228000000005,1.4929614,0
7.380217999999999,1.4929614,0
7.3904791,1.4929614,0
7.400758000000003,1.4949247062931605,0
7.410493199999998,1.4995180621443336,0
7.4205848,1.5031225350111082,0
7.430482300000001,1.5078170424422284,0
7.440545100000001,1.5174924921447797,0
7.450583999999999,1.5238045116124348,0
7.460451800000001,1.5249167570002515,0
7.470480800000004,1.529739366214158,0
7.480423999999999,1.5299809263672224,0
7.490518299999998,1.5262846185401415,0
7.500480600000003,1.5568460011230933,0
7.510485000000003,1.5840771072529265,0
7.520514800000001,1.6143557160797326,0
7.530514799999999,1.645366416322117,0
7.5405534,1.7032539294378581,0
7.550658300000002,1.7464154038510062,0
7.560608000000002,1.8266925608312934,0
7.570491199999999,1.8719580808117968,0
7.580478499999998,1.9147140789056076,0
7.590582699999999,1.9622511329381782,0
7.600451400000004,1.9689147855281393,0
7.610477100000004,1.9944985681033374,0
7.620529900000001,2.0057294230316614,0
7.633089200000001,2.0431530287874753,0
7.640596000000002,2.126337545292293,0
7.650528399999999,2.1457290904848763,0
7.660472800000001,2.2338355274287545,0
7.670485900000003,2.2782775487566065,0
7.680479599999998,2.3877683778149117,0
7.6905237,2.526880386318042,0
7.700529199999998,2.6268377261935005,0
7.710555800000002,2.7289688707930124,0
7.720472600000001,2.909522474752665,0
7.730556499999999,3.0557216473913633,0
7.743764599999999,3.2204320988656576,0
7.750738599999998,3.3496479647231663,0
7.760473500000003,3.516692042906382,0
7.770478300000001,3.685522595067296,0
7.780512000000002,3.9408602372987573,0
7.790610100000002,4.087237231853853,0
7.8041701,4.182455823463794,0
7.810518999999999,4.48956995878066,0
7.820572400000003,4.707092324309132,0
7.830445900000001,4.745934821072582,0
7.840536100000001,4.845104980444953,0
7.850464299999999,5.024207550283497,0
7.863658700000002,5.095611359267912,0
7.8705156000000045,5.175822698741421,0
7.8804700000000025,5.175822698741421,0
7.890539000000004,5.372577572356361,0
7.900551800000002,5.357076684510473,0
7.910491900000004,5.5229700809732805,0
7.920524999999998,5.4908318446744335,0
7.930427700000003,5.729765387115033,0
7.940561199999998,5.738254203876421,0
7.950552399999999,5.982966845017518,0
7.960588399999999,6.2228036367552635,8.000000022434506e-07
7.974953400000004,6.415969341581473,0.014327100000002702
7.9805001,6.637569035616036,0.01988099999999804
7.990514000000005,6.934080128015318,0.029920599999996966
8.000489800000004,7.111121039461668,0.03988939999999985
8.0127266,7.3405396652208985,0.05211049999999773
8.020482700000002,7.555010811416895,0.05987890000000107
8.030446400000002,7.399342586455758,0.06989860000000192
8.040542800000004,7.7522428396548655,0.07999530000000021
8.050469499999998,7.077492898532053,0.08985950000000287
8.060486600000004,7.567153771952609,0.09987699999999933
8.070590199999998,7.6159692035057525,0.10991839999999797
8.080575700000004,7.7522428396548655,0.11991420000000375
8.090473799999998,7.878756617124858,0.12988730000000004
8.100593000000003,7.789931650057636,0.13995030000000241
8.110599800000003,7.917206792001785,0.14986100000000135
8.120461599999999,8.047053062365295,0.1599057999999971
8.133955200000003,8.007826142431599,0.17333289999999835
8.140516900000001,7.530797626824645,0.17990520000000032
8.1529412,8.08651605131745,0.1923298000000031
8.166477399999998,8.126216529959919,0.20583069999999992
8.170506600000003,8.152816159873417,0.20992189999999766
8.1805558,8.301031304013586,0.2198782000000037
8.190543599999998,8.466483135678205,0.22993569999999863
8.200661799999999,6.8262721983256105,0.23991639999999848
8.2138463,8.301031304013586,0.253254400000003
8.227553999999998,8.301031304013586,0.26691350000000114
8.230415200000003,8.233256430132531,0.26985499999999973
8.240534000000004,8.301031304013586,0.2799424999999971
8.250468900000001,8.780319768902485,0.2898660000000035
8.2605535,8.099723086052473,0.29992479999999944
8.270490000000002,8.20633568180298,0.30987240000000327
8.280450299999998,8.20633568180298,0.31985639999999904
8.2905965,7.542892112532513,0.3300144999999972
8.303733100000002,7.317182651729675,0.34302100000000024
8.310475500000003,8.246757239301694,0.3498640999999978
8.326004300000001,8.08651605131745,0.3654262000000017
8.330586600000004,8.126216529959919,0.3699171000000021
8.340581399999998,8.166155927514222,0.37992880000000184
8.350663400000002,8.369487326701252,0.3900695999999968
8.360438600000002,8.08651605131745,0.39987560000000144
8.3704629,8.260285077108826,0.4098524999999995
8.380588799999998,8.260285077108826,0.41997700000000293
8.390517700000004,8.08651605131745,0.4299206999999967
8.400520200000003,8.152816159873417,0.4398521000000031
8.410487799999999,8.179522401387631,0.4499020000000016
8.4204485,8.08651605131745,0.45987610000000245
8.4304402,8.047053062365295,0.4698502999999974
8.440818700000001,8.08651605131745,0.48010630000000276
8.450584200000002,8.21978259559808,0.48994660000000323
8.4605684,7.9300748693738,0.49994840000000096
8.474896300000005,8.02087563986406,0.5141188999999997
8.489059400000002,7.878756617124858,0.5284418999999971
8.5022107,7.82784727308025,0.5416130999999993
8.502874300000002,7.994802717912391,0.5422994999999986
8.510430800000002,7.689928502230714,0.5498694999999998
8.520453799999999,7.6159692035057525,0.5598651999999973
8.530488599999998,7.506681101523312,0.5699024999999978
8.540527699999998,7.494658965463705,0.5799228999999997
8.550431100000004,9.371762340174383,0.5898551000000012
8.563608100000003,7.293918879685199,0.6030358000000007
8.577208500000005,7.111121039461668,0.6166367000000008
8.580705100000003,6.8476616374779695,0.6199927999999986
8.600051900000004,6.731071475665324,0.6394324999999981
8.6007812,6.586345887857524,0.6401786999999999
8.610434599999998,6.6893069845681055,0.6498526999999967
8.620522700000002,6.576162582781321,0.6598617000000004
8.630462999999999,6.576162582781321,0.6698501999999991
8.640490100000001,6.5965495799240745,0.6799114000000017
8.650452100000003,6.415969341581473,0.6898711999999989
8.660524200000005,6.435714282503059,0.6998814000000024
8.6704577,6.289534513875581,0.7098640000000032
8.680429400000001,6.289534513875581,0.7198518000000007
8.690575600000003,6.347480709865341,0.7299621000000016
8.700698299999999,5.458949688579403,0
8.714022100000001,6.185089067084062,1.1999999998124622e-06
8.728496900000003,6.270373124148044,0.014469499999997026
8.730395200000004,5.867644987585125,0
8.744772900000001,5.755282855289889,0
8.750521499999998,5.620941922410643,0
8.760589799999998,5.435204896059818,0
8.770472900000001,5.341637676374042,0
8.780538300000003,5.326260300922612,0
8.790517800000003,5.102830598819589,0
8.800446399999998,5.010097359277957,0
8.8105087,4.926611263103525,0
8.826985999999998,4.75245400772832,0
8.830601700000003,4.865298530396866,0
8.840593900000002,4.885613605860449,0
8.8507107,4.811717148034032,0
8.860579800000004,4.75245400772832,0
8.870681500000003,4.75245400772832,0
8.8805804,4.675077740771481,0
8.890642200000002,4.745934821072582,0
8.900547100000004,4.668713152000239,0
8.910442100000004,4.732935497767326,0
8.920488200000001,4.681455071457933,0
8.930669100000003,4.618252106430505,0
8.9406155,4.624515672121202,0
8.950672400000002,4.556300643961566,0
8.960773700000004,4.4656659426628345,0
8.970595500000002,4.556300643961566,0
8.980575100000003,4.605762493882691,0
8.990622600000002,4.550173371988041,0
9.000670300000003,4.4656659426628345,0
9.010759,4.550173371988041,0
9.020483500000005,4.550173371988041,0
9.0304814,4.507623886153713,0
9.0406671,4.513665973999837,0
9.050483700000001,4.568592012886777,0
9.060467600000003,4.593322740001258,0
9.070443099999999,4.587121497830505,0
9.0804623,4.580932645749876,0
9.090601499999998,4.630791777478766,0
9.100537700000004,4.75245400772832,0
9.1104549,4.568592012886777,0
9.120494399999998,4.550173371988041,0
9.130423399999998,4.513665973999837,0
9.140554700000003,4.544058342312084,0
9.1506002,4.4537854557067424,0
9.1605195,4.424291317624163,0
9.170514600000004,4.3604331243554055,0
9.180804299999998,4.29796447036223,0
9.190530100000004,4.275587183093811,0
9.2004978,4.231366100206485,0
9.210571100000003,4.275587183093811,0
9.220463700000003,4.220420940718179,0
9.2303973,4.182455823463794,0
9.2405823,4.198661526897799,0
9.2504444,4.366180536100056,0
9.260441900000004,4.1878469244146395,0
9.270499100000002,4.198661526897799,0
9.280438699999998,4.102869906370529,0
9.290504400000003,4.113343920058039,0
9.300553999999998,4.171705914321434,0
9.310729700000003,4.097648589614982,0
9.320532300000004,4.0665390371680195,0
9.330553200000004,3.990378978846497,0
9.343969299999998,4.0665390371680195,0
9.358789800000004,4.0924377050572724,0
9.360495499999999,3.9803958425146178,0
9.375832100000004,3.965495812250389,0
9.3804248,3.8684145488516366,0
9.390558500000004,3.950684914502795,0
9.4006106,3.7934975481085673,0
9.410600899999999,3.897132285244201,0
9.420552100000002,3.8684145488516366,0
9.430438299999999,3.7934975481085673,0
9.440583799999999,3.9116209013381265,0
9.4505932,3.931074780310812,0
9.460538400000004,3.897132285244201,0
9.4705686,4.015512225424479,0
9.483291000000001,4.035800568395378,0
9.490678700000004,4.071698072558067,0
9.500538900000002,4.337558081531954,0
9.5106672,4.102869906370529,0
9.5204843,4.155661460330809,0
9.5305647,4.166347063130264,0
9.540505700000004,4.20951947442318,0
9.5506119,4.182455823463794,0
9.560439700000003,4.270020776989198,0
9.570434300000002,4.2533881999560625,0
9.580429600000002,4.275587183093811,0
9.590704700000003,4.507623886153713,0
9.600538499999999,4.343259697410357,0
9.610566500000004,4.483576014805055,0
9.6204861,4.519720158113891,0
9.630403600000001,4.618252106430505,0
9.640555499999998,4.858553880234452,0
9.650472,4.878828366150185,0
9.660689500000004,5.190597118677034,0
9.674351100000003,5.198006519845759,0
9.680419999999998,5.3185946485283795,0
9.6905632,5.3185946485283795,0
9.7005987,5.3185946485283795,0
9.710526700000003,5.44310400232517,0
9.720458200000003,5.341637676374042,0
9.730500300000003,5.3185946485283795,0
9.740518299999998,5.451018922611801,0
9.750452700000004,6.858388484023861,7.999999951380232e-07
9.763382700000001,5.458949688579403,0
9.776422699999998,5.5310448932559035,0
9.780408000000001,5.4908318446744335,0
9.7906106,5.604449561432766,0
9.800507100000004,5.662462599012697,0
9.810597600000001,5.612687495743965,0
9.820484100000002,5.704400565352053,0
9.830421000000001,5.729765387115033,0
9.840528200000001,5.721293531020849,0
9.850497699999998,5.679187476864623,0
9.860520200000003,5.780953888508232,0
9.870469300000003,5.78954518471769,0
9.880472300000001,5.729765387115033,0
9.8905745,6.028125932580405,9.999999974752427e-07
9.903917400000005,6.0463163929775785,0.013427499999998815
9.910543500000003,6.129079925238219,0.019984099999994953
9.920516400000004,6.073738876518667,0.02999810000000025
9.9305363,6.185089067084062,0.04000130000000013
9.940516800000005,6.232279516750141,0.04999339999999819
9.9506826,6.27994423832014,0.05999740000000031
9.960458600000003,6.27994423832014,0.06994309999999615
9.970483299999998,6.4061264490717855,0.079918499999998
9.980477200000003,6.337774657733094,0.08993999999999858
9.990551100000005,6.27994423832014,0.10001949999999482
10.0006166,6.27994423832014,0.11009430000000009
10.010508000000002,6.27994423832014,0.12001180000000033
10.020420100000003,6.299143989175471,0.12993379999999632
10.030450700000003,6.27994423832014,0.13994709999999344
10.0406087,6.425831939575096,0.1500717999999992
10.050568300000002,6.27994423832014,0.16003149999999522
10.060631999999998,6.27994423832014,0.17009619999999614
10.0705703,6.396303222674444,0.17998589999999837
10.0805966,6.289534513875581,0.19004169999999476
10.0905299,6.435714282503059,0.19996809999999954
10.100556500000003,6.415969341581473,0.21002269999999612
10.110475200000003,6.525550439437387,0.21994989999999603
10.120418399999998,6.752079349304772,0.22991609999999696
10.130584900000002,6.396303222674444,0.24002219999999852
10.140597800000002,6.415969341581473,0.25010179999999593
10.1505449,6.5965495799240745,0.26000849999999787
10.160462600000002,6.386499623096539,0.2699607999999998
10.170436700000003,6.376715611123658,0.27993579999999696
10.180469500000001,6.455538361358687,0.28994549999999464
10.190603799999998,6.505446871620019,0.30002009999999757
10.200533399999998,6.445616409894751,0.30994299999999697
10.2104328,6.475441895334031,0.31994459999999947
10.2204889,6.465480176582687,0.32999419999999446
10.2304296,6.586345887857524,0.3399159999999952
10.2405854,6.5965495799240745,0.3500414999999961
10.250674799999999,6.366951147619736,0.36009689999999495
10.260459000000004,6.27994423832014,0.36992469999999855
10.270460800000002,6.425831939575096,0.37996259999999893
10.280468300000003,6.260821133074819,0.38994429999999625
10.290549200000001,6.347480709865341,0.4000302999999974
10.300463800000003,6.27994423832014,0.40994969999999853
10.310662399999998,6.138368170237612,0.42009739999999596
10.3205132,6.27994423832014,0.4300189000000003
10.3304562,6.289534513875581,0.4399510999999947
10.340642199999998,5.991962571435397,0
10.353666699999998,6.890698046687361,9.000000034120603e-07
10.367212899999998,6.270373124148044,0.013513000000003217
10.3704513,6.260821133074819,0.016792600000002267
10.380485900000004,6.337774657733094,0.026834800000003156
10.3905411,6.376715611123658,0.03685770000000588
10.400516700000004,6.147675010315886,0.04679950000000588
10.410547700000002,6.425831939575096,0.056847300000001155
10.4206352,6.308772702657734,0.06683960000000155
10.430477400000001,6.2228036367552635,0.07684310000000494
10.440626100000003,6.27994423832014,0.0869339999999994
10.450481700000005,6.376715611123658,0.09682070000000209
10.460537299999999,6.328087998305943,0.10684110000000402
10.4705114,6.49542520288607,0.11684960000000189
10.480428600000003,6.270373124148044,0.12680410000000109
10.490600999999998,6.232279516750141,0.13687430000000234
10.5005345,6.1198102381647095,0.1468644999999995
10.510518600000005,6.15700048270041,0.1568147000000053
10.520534900000001,6.260821133074819,0.1668027000000052
10.530571600000002,6.232279516750141,0.1768990000000059
10.540619800000002,6.175707473670507,0.18687560000000047
10.5505152,6.27994423832014,0.19686880000000428
10.560455699999999,6.232279516750141,0.2068226000000024
10.5705472,6.138368170237612,0.2168613999999991
10.580487900000001,6.241774367469408,0.22680890000000176
10.590675099999999,6.092112154082174,0.23696980000000423
10.6005459,6.545734582569215,0.24684700000000248
10.610677199999998,6.0009763073095606,0.2568823000000009
10.6206143,6.147675010315886,0.2669406000000052
10.6306181,6.1198102381647095,0.2769174000000021
10.6406043,6.073738876518667,0.28688970000000324
10.650652000000001,6.175707473670507,0.29695350000000076
10.660620399999999,6.15700048270041,0.30695920000000143
10.6706826,6.241774367469408,0.316956900000001
10.680653300000003,6.251288226892488,0.3269435000000058
10.700714500000004,6.15700048270041,0.34699960000000374
10.701364900000002,6.366951147619736,0.3477156000000008
10.710795699999998,6.386499623096539,0.35704230000000337
10.720581000000003,6.299143989175471,0.3668985000000049
10.730617500000001,6.270373124148044,0.37689000000000306
10.7407951,6.386499623096539,0.38697250000000594
10.750610000000002,6.4061264490717855,0.3969076000000058
10.7605121,6.27994423832014,0.40681110000000587
10.770442799999998,6.376715611123658,0.4168045000000049
10.780474400000003,6.318420692837231,0.4268269000000018
10.7905364,6.435714282503059,0.4368823000000006
10.800522,6.232279516750141,0.44682300000000197
10.810532299999998,6.4061264490717855,0.4568514999999991
10.820552,6.576162582781321,0.46681230000000085
10.830547799999998,6.606773699795757,0.47680120000000414
10.840654300000004,6.647875276492737,0.4869569000000027
10.850627199999998,6.731071475665324,0.49698030000000415
10.860432000000003,6.879906645592216,0.5067927000000054
10.870499800000005,6.923202049463866,0.5168306999999999
10.880493700000002,6.710147465681302,0.5268502999999995
10.890572200000001,6.901511052181899,0.5368514000000033
10.900590700000002,7.144951555755833,0.5469083000000055
10.9131383,7.066328281073982,0.5594283000000004
10.9204851,7.077492898532053,0.5667879000000013
10.9305837,7.270747976866626,0.5769441999999998
10.9405815,7.09988923293321,0.586889400000004
10.9506144,7.055185970536476,0.596912500000002
10.960695900000005,7.122375332081784,0.6069963999999999
10.970699799999998,7.35225325423583,0.6169772000000009
10.980699999999999,7.35225325423583,0.6268817000000055
10.990621600000004,7.45873648687406,0.6369127000000034
11.000566200000002,7.41117389899744,0.6469176000000019
11.010705399999999,7.494658965463705,0.656961900000006
11.0205834,7.677540237620285,0.6669061000000056
11.0305392,7.60372870967274,0.6769104000000041
11.040569400000003,7.506681101523312,0.6869075000000038
11.0504721,7.677540237620285,0.6968081000000055
11.0604948,7.764780658974222,0.7067905000000039
11.070474400000002,7.714779485070684,0.7167829000000054
11.0804318,7.739730070915215,0.7267873000000051
11.090527999999999,7.714779485070684,0.7368874000000005
11.100456399999999,7.764780658974222,0.7468186000000046
11.1104202,7.94296870865388,0.7567929000000007
11.120485899999998,7.878756617124858,0.766838700000001
11.1304156,8.047053062365295,0.7767893000000043
11.1438633,8.073335404255426,0.7902393000000032
11.150500900000004,8.179522401387631,0.7968546000000032
11.160445600000003,8.11295656128866,0.8068153000000038
11.170454200000002,8.073335404255426,0.8167934000000017
11.180408900000003,8.060181092143798,0.8267426000000029
11.190557900000002,8.126216529959919,0.8368749999999991
11.200539900000003,8.099723086052473,0.8468264000000048
11.210519099999999,8.099723086052473,0.8568651000000003
11.220438299999998,7.891547717195478,0.8668072000000038
11.233049700000002,8.152816159873417,0.879330000000003
11.2494534,8.179522401387631,0.895823
11.250507599999999,7.689928502230714,0.8968631000000045
11.264175600000002,8.369487326701252,0.9104908000000052
11.280401099999999,8.438631343854855,0.9266993000000028
11.281029600000004,8.301031304013586,0.9273921000000058
11.290641900000004,8.466483135678205,0.9369056000000029
11.300636099999998,7.446810144218417,0.9469549000000015
11.313966200000003,8.369487326701252,0.9602702000000036
11.328342800000001,8.342022743180927,0.9747101000000029
11.330353299999999,8.342022743180927,0.9767518000000024
11.340581300000004,8.452543313875262,0.9868511000000026
11.350669799999999,8.369487326701252,0.9969184000000055
11.3605479,8.301031304013586,1.0068164000000053
11.370747000000001,8.355741302653907,1.0068164000000053
11.382067400000004,8.466483135678205,1.0068164000000053
11.398136000000001,8.508470269933717,1.0068164000000053
11.400641,6.79434803340286,1.0068164000000053
11.410567800000003,8.522522057577296,1.0068164000000053
11.420624799999999,8.621675420423669,1.0068164000000053
11.430620400000002,8.66459650744409,1.0068164000000053
11.440793,8.650260854860331,1.0068164000000053
11.450642600000002,8.838879453474007,1.0068164000000053
11.4605393,8.957413669740566,1.0068164000000053
11.470565,8.897909494439109,1.0068164000000053
11.4810206,8.67896086002344,1.0068164000000053
11.490874699999999,8.897909494439109,1.0068164000000053
11.5008257,9.06269833412371,1.0068164000000053
11.510710500000002,8.765752901088112,1.0068164000000053
11.520620700000002,8.794915799605649,1.0068164000000053
11.530650399999999,8.794915799605649,1.0068164000000053
11.5406731,8.707775895113674,1.0068164000000053
11.550649100000001,8.838879453474007,1.0068164000000053
11.560599199999999,8.751215137895052,1.0068164000000053
11.570691199999999,8.67896086002344,1.0068164000000053
11.580550800000005,8.780319768902485,1.0068164000000053
11.590671800000003,8.883107682196407,1.0068164000000053
11.600710499999998,8.751215137895052,1.0068164000000053
11.6106884,8.94249296807631,1.0068164000000053
11.620674399999999,8.972364242669451,1.0068164000000053
11.6305793,9.017395787665905,1.0068164000000053
11.6407423,8.912740939929662,1.0068164000000053
11.6506507,9.002355241650097,1.0068164000000053
11.660704799999998,8.883107682196407,1.0068164000000053
11.670647700000004,8.883107682196407,1.0068164000000053
11.6805686,8.883107682196407,1.0068164000000053
11.6907249,8.94249296807631,1.0068164000000053
11.700685300000004,8.94249296807631,1.0068164000000053
11.710585800000004,8.897909494439109,1.0068164000000053
11.7205151,8.897909494439109,1.0068164000000053
11.730683300000003,8.912740939929662,1.0068164000000053
11.740643599999999,8.883107682196407,1.0068164000000053
11.7506104,8.912740939929662,1.0068164000000053
11.760607700000001,8.912740939929662,1.0068164000000053
11.770604200000001,8.883107682196407,1.0068164000000053
11.780662300000003,8.883107682196407,1.0068164000000053
11.7907503,8.972364242669451,1.0068164000000053
11.800719100000002,8.809541051581752,1.0068164000000053
11.810561200000002,8.868335443994296,1.0068164000000053
11.820631800000001,8.736706421172222,1.0068164000000053
11.830627499999999,8.794915799605649,1.0068164000000053
11.840634299999998,8.751215137895052,1.0068164000000053
11.850669000000003,8.897909494439109,1.0068164000000053
11.860694500000001,8.94249296807631,1.0068164000000053
11.870682000000002,8.824195583331818,1.0068164000000053
11.880636100000004,8.780319768902485,1.0068164000000053
11.890852000000002,8.824195583331818,1.0068164000000053
11.900847300000002,8.987344746665283,1.0068164000000053
11.9108564,8.707775895113674,1.0068164000000053
11.920733900000002,8.693353970055812,1.0068164000000053
11.930624899999998,8.522522057577296,1.0068164000000053
11.940716600000002,8.522522057577296,1.0068164000000053
11.950687000000002,8.522522057577296,1.0068164000000053
11.9605386,8.480450865022997,1.0068164000000053
11.970548300000004,8.260285077108826,1.0068164000000053
11.980519999999999,8.260285077108826,1.0068164000000053
11.990707700000002,7.853251035826392,1.0068164000000053
12.000816999999998,7.542892112532513,1.0068164000000053
12.010736899999998,7.293918879685199,1.0068164000000053
12.0206983,6.8262721983256105,1.0068164000000053
12.030594700000002,6.435714282503059,1.0068164000000053
12.0408026,6.185089067084062,1.0068164000000053
12.0507202,5.806779410930027,1.0068164000000053
12.0606978,5.059730946740808,1.0068164000000053
12.0707637,4.0924377050572724,1.0068164000000053
12.080636500000004,3.006399123835252,1.0068164000000053
12.090564999999998,2.2060851733266493,1.0068164000000053
12.100678100000003,1.650753536572066,1.0068164000000053
12.1102438,1.4929614,1.0068164000000053
12.120376,1.4929614,1.0068164000000053
12.130373300000002,1.4929614,1.0068164000000053
12.140282499999998,1.4929614,1.0068164000000053
12.150508600000002,1.4929614,1.0068164000000053
12.160475400000003,1.4929614,1.0068164000000053
12.170283400000002,1.4929614,1.0068164000000053
12.1803339,1.4929614,1.0068164000000053
12.1903851,1.4929614,1.0068164000000053
12.200498100000004,1.4929614,1.0068164000000053
12.210194399999999,1.4929614,1.0068164000000053
12.220343100000001,1.4929614,1.0068164000000053
12.2303292,1.4929614,1.0068164000000053
12.240390400000003,1.4929614,1.0068164000000053
12.250404100000004,1.4929614,1.0068164000000053
12.260321099999999,1.4929614,1.0068164000000053
12.2703822,1.4929614,1.0068164000000053
12.2806705,1.4929614,1.0068164000000053
12.290337800000003,1.4929614,1.0068164000000053
12.300337800000001,1.4929614,1.0068164000000053
12.310324299999998,1.4929614,1.0068164000000053
12.3204158,1.4929614,1.0068164000000053
12.3303279,1.4929614,1.0068164000000053
12.340516300000004,1.4929614,1.0068164000000053
12.350339300000002,1.4929614,1.0068164000000053
12.360256499999998,1.4929614,1.0068164000000053
12.3704665,1.4929614,1.0068164000000053
