0.0004635000000021705,1.4929614,0
0.01043170000000515,1.4929614,0
0.02683260000000587,1.4929614,0
0.030279499999998905,1.4929614,0
0.04030500000000359,1.4929614,0
0.05038560000000558,1.4929614,0
0.060269400000002804,1.4929614,0
0.07028660000000286,1.4929614,0
0.08015830000000079,1.4929614,0
0.09028830000000454,1.4929614,0
0.1002673999999999,1.4929614,0
0.11029270000000224,1.4929614,0
0.12034200000000084,1.4929614,0
0.13018130000000383,1.4929614,0
0.14024270000000172,1.4929614,0
0.15035410000000127,1.4929614,0
0.16024520000000564,1.4929614,0
0.1702748000000014,1.4929614,0
0.18036719999999917,1.4929614,0
0.19027480000000452,1.4929614,0
0.2003619000000043,1.4929614,0
0.21028720000000334,1.4929614,0
0.22036429999999996,1.4929614,0
0.23027830000000193,1.4929614,0
0.24029320000000354,1.4929614,0
0.2503060000000019,1.4929614,0
0.26031740000000525,1.4929614,0
0.2702129000000042,1.4929614,0
0.2801990000000032,1.4929614,0
0.2903295000000057,1.4929614,0
0.30032740000000047,1.4929614,0
0.31021190000000587,1.4929614,0
0.3202363000000048,1.4929614,0
0.330194800000001,1.4929614,0
0.34034210000000087,1.4929614,0
0.35027780000000064,1.4929614,0
0.36018890000000425,1.4929614,0
0.3702984000000029,1.4929614,0
0.3801802000000052,1.4929614,0
0.3902678000000037,1.4929614,0
0.40017420000000214,1.4929614,0
0.41018910000000375,1.4929614,0
0.4202899000000002,1.4929614,0
0.4303209999999993,1.4929614,0
0.4402863000000039,1.4929614,0
0.45024130000000184,1.4929614,0
0.4602635000000035,1.4929614,0
0.47025779999999884,1.4929614,0
0.4802297000000024,1.4929614,0
0.4903069000000002,1.4929614,0
0.5003959000000009,1.4929614,0
0.5104597999999996,1.4929614,0
0.5204602000000023,1.4929614,0
0.5303804000000056,1.4929614,0
0.5403371000000021,1.4929614,0
0.5503114000000053,1.4929614,0
0.5603374000000017,1.4929614,0
0.5701754000000037,1.4929614,0
0.5801937000000024,1.4929614,0
0.5903002000000015,1.4929614,0
0.6003241000000017,1.4929614,0
0.6101765000000015,1.4929614,0
0.6202883999999997,1.4929614,0
0.6303181000000038,1.4929614,0
0.6404426000000001,1.4929614,0
0.6502590999999995,1.4929614,0
0.6603840000000005,1.4929614,0
0.6702854000000045,1.4929614,0
0.6801364000000021,1.4929614,0
0.6902587000000011,1.4929614,0
0.7002206000000015,1.4929614,0
0.7102204000000043,1.4929614,0
0.7201767000000032,1.4929614,0
0.7302584000000039,1.4929614,0
0.7402783,1.4929614,0
0.7505732000000052,1.4929614,0
0.7602955000000051,1.4929614,0
0.7702401000000023,1.4929614,0
0.7802992000000017,1.4929614,0
0.7902310000000057,1.4929614,0
0.8005801999999989,1.4929614,0
0.8101851000000053,1.4929614,0
0.8203123000000048,1.4929614,0
0.8304167000000007,1.4929614,0
0.8403072000000051,1.4929614,0
0.8502470000000031,1.4929614,0
0.8601703,1.4929614,0
0.8701448000000056,1.4929614,0
0.8802057999999988,1.4929614,0
0.8903439999999989,1.4929614,0
0.9002028000000024,1.4929614,0
0.9103056000000009,1.4929614,0
0.9202873000000054,1.4929614,0
0.9302536000000003,1.4929614,0
0.9402893000000034,1.4929614,0
0.9503456000000057,1.4929614,0
0.9603222000000002,1.4929614,0
0.9703598000000042,1.4929614,0
0.9802166000000057,1.4929614,0
0.9903043000000054,1.4929614,0
1.000316600000005,1.4929614,0
1.0133071999999999,1.4929614,0
1.0202274000000031,1.4929614,0
1.0302006000000006,1.4929614,0
1.0404342,1.4929614,0
1.050258300000003,1.4929614,0
1.0601740000000035,1.4929614,0
1.0703332000000003,1.4929614,0
1.0802438999999993,1.4929614,0
1.0902687000000029,1.4929614,0
1.1003228000000007,1.4929614,0
1.1103529000000023,1.4929614,0
1.1202267000000035,1.4929614,0
1.1301707000000007,1.4929614,0
1.140250800000004,1.4929614,0
1.1502569000000022,1.4929614,0
1.1603190000000012,1.4929614,0
1.1702159000000023,1.4929614,0
1.1803041000000007,1.4929614,0
1.1902392000000006,1.4929614,0
1.2002948000000018,1.4929614,0
1.2102548000000013,1.4929614,0
1.2201979000000023,1.4929614,0
1.2303615000000008,1.4929614,0
1.2403370000000038,1.4929614,0
1.2503346000000022,1.4929614,0
1.260257800000005,1.4929614,0
1.270275600000005,1.4929614,0
1.2801189999999991,1.4929614,0
1.2902948000000052,1.4929614,0
1.3001760000000004,1.4929614,0
1.3102805000000046,1.4929614,0
1.3202434000000025,1.4929614,0
1.330619900000002,1.4929614,0
1.3403469000000001,1.4929614,0
1.3502744000000035,1.4929614,0
1.3601738999999995,1.4929614,0
1.3701924000000005,1.4929614,0
1.3802036000000015,1.4929614,0
1.3902682000000013,1.4929614,0
1.4007336000000024,1.4929614,0
1.4102882000000037,1.4929614,0
1.4202232000000024,1.4929614,0
1.4302010000000038,1.4929614,0
1.4403422000000035,1.4929614,0
1.4502318000000045,1.4929614,0
1.4602106000000035,1.4929614,0
1.4701201000000026,1.4929614,0
1.4802449000000024,1.4929614,0
1.4902733000000055,1.4929614,0
1.5002916000000042,1.4929614,0
1.5101888000000017,1.4929614,0
1.5202444000000028,1.4929614,0
1.5302126000000058,1.4929614,0
1.5403305000000032,1.4929614,0
1.5502589000000029,1.4929614,0
1.5602116000000024,1.4929614,0
1.5701826000000025,1.4929614,0
1.5802262999999996,1.4929614,0
1.5903188999999998,1.4929614,0
1.6001633000000055,1.4929614,0
1.6103169000000008,1.4929614,0
1.6204116000000042,1.4929614,0
1.6303054000000046,1.4929614,0
1.6404248999999993,1.4929614,0
1.6503735000000006,1.4929614,0
1.6604747000000017,1.4929614,0
1.6703441000000012,1.4929614,0
1.680375600000005,1.4929614,0
1.6903520000000043,1.4929614,0
1.7002227999999988,1.4929614,0
1.7101492000000036,1.4929614,0
1.720232100000004,1.4929614,0
1.7301821000000004,1.4929614,0
1.7402322000000012,1.4929614,0
1.7503461000000016,1.4929614,0
1.7601812999999993,1.4929614,0
1.7701743000000008,1.4929614,0
1.7801924000000042,1.4929614,0
1.790283500000001,1.4929614,0
1.8001953999999998,1.4929614,0
1.8102131999999997,1.4929614,0
1.8202327000000054,1.4929614,0
1.830225800000001,1.4929614,0
1.840266800000002,1.4929614,0
1.8502664000000024,1.4929614,0
1.860373899999999,1.4929614,0
1.8702587000000008,1.4929614,0
1.8802337999999992,1.4929614,0
1.8902499000000006,1.4929614,0
1.9001828000000032,1.4929614,0
1.910249400000005,1.4929614,0
1.920285800000002,1.4929614,0
1.9302142000000018,1.4929614,0
1.9402611000000007,1.4929614,0
1.9502197000000052,1.4929614,0
1.9601951,1.4929614,0
1.9701645000000028,1.4929614,0
1.980354300000002,1.4929614,0
1.9901885000000021,1.4929614,0
2.000326400000006,1.4929614,0
2.0102126000000027,1.4929614,0
2.0202158000000026,1.4929614,0
2.0303495,1.4929614,0
2.0404127000000045,1.4929614,0
2.050533900000005,1.4929614,0
2.0605864000000054,1.4929614,0
2.070226600000005,1.4929614,0
2.0803241000000057,1.4929614,0
2.090345500000005,1.4929614,0
2.1002533999999997,1.4929614,0
2.110187500000002,1.4929614,0
2.120177400000003,1.4929614,0
2.130129799999999,1.4929614,0
2.1404482000000016,1.4929614,0
2.1503020000000035,1.4929614,0
2.160283900000003,1.4929614,0
2.1702698,1.4929614,0
2.1802674999999994,1.4929614,0
2.1902205000000023,1.4929614,0
2.200293600000002,1.4929614,0
2.2102159000000015,1.4929614,0
2.220300900000005,1.4929614,0
2.2301234000000036,1.4929614,0
2.2402854000000048,1.4929614,0
2.250387400000001,1.4929614,0
2.260375400000001,1.4929614,0
2.270251900000005,1.4929614,0
2.2802858000000015,1.4929614,0
2.290320600000001,1.4929614,0
2.300223800000005,1.4929614,0
2.310277400000004,1.4929614,0
2.3201988,1.4929614,0
2.330174300000003,1.4929614,0
2.3404121000000018,1.4929614,0
2.3502814,1.4929614,0
2.3601019000000036,1.4929614,0
2.3703411000000045,1.4929614,0
2.3801733000000027,1.4929614,0
2.3903086000000044,1.4929614,0
2.4002867000000023,1.4929614,0
2.4102226000000044,1.4929614,0
2.4201795000000033,1.4929614,0
2.430137000000002,1.4929614,0
2.440306200000002,1.4929614,0
2.450234700000003,1.4929614,0
2.460205700000003,1.4929614,0
2.470236200000002,1.4929614,0
2.4801260000000056,1.4929614,0
2.4902742000000018,1.4929614,0
2.500248599999999,1.4929614,0
2.510102500000002,1.4929614,0
2.5202315000000013,1.4929614,0
2.5300624000000056,1.4929614,0
2.5402660000000026,1.4929614,0
2.5502803000000043,1.4929614,0
2.5601872000000014,1.4929614,0
2.5701348000000053,1.4929614,0
2.5802280999999994,1.4929614,0
2.5902738999999997,1.4929614,0
2.600438100000005,1.4929614,0
2.6102692000000047,1.4929614,0
2.620190800000003,1.4929614,0
2.630082399999999,1.4929614,0
2.6402604000000025,1.4929614,0
2.6502703000000025,1.4929614,0
2.660333999999999,1.4929614,0
2.670260599999999,1.4929614,0
2.6801908000000054,1.4929614,0
2.6902992999999995,1.4929614,0
2.7002325000000056,1.4929614,0
2.710220900000003,1.4929614,0
2.720228800000001,1.4929614,0
2.7302369000000013,1.4929614,0
2.7402805000000043,1.4929614,0
2.7502285000000057,1.4929614,0
2.760200300000001,1.4929614,0
2.770247300000001,1.4929614,0
2.780235300000001,1.4929614,0
2.790262400000003,1.4929614,0
2.8002262000000044,1.4929614,0
2.8102356000000057,1.4929614,0
2.820171600000002,1.4929614,0
2.830310500000003,1.4929614,0
2.8403228000000027,1.4929614,0
2.8503723000000036,1.4929614,0
2.860225100000001,1.4929614,0
2.870159700000002,1.4929614,0
2.880224500000004,1.4929614,0
2.890736000000004,1.4929614,0
2.9002048000000045,1.4929614,0
2.9101835000000023,1.4929614,0
2.920233000000003,1.4929614,0
2.9301223000000007,1.4929614,0
2.9402662000000035,1.4929614,0
2.9502305000000035,1.4929614,0
2.9602497999999997,1.4929614,0
2.9703242000000003,1.4929614,0
2.9802763,1.4929614,0
2.9903157000000036,1.4929614,0
3.0002410000000026,1.4929614,0
3.0101625,1.4929614,0
3.0201536000000004,1.4929614,0
3.0301586,1.4929614,0
3.040329700000001,1.4929614,0
3.0502737000000053,1.4929614,0
3.0603035000000034,1.4929614,0
3.0702290000000048,1.4929614,0
3.0801647000000045,1.4929614,0
3.0902816000000044,1.4929614,0
3.1005737000000053,1.4929614,0
3.1102156000000036,1.4929614,0
3.1201997000000006,1.4929614,0
3.1301230000000047,1.4929614,0
3.1403289,1.4929614,0
3.1502029000000036,1.4929614,0
3.1602143,1.4929614,0
3.170183300000005,1.4929614,0
3.180185900000005,1.4929614,0
3.190271100000004,1.4929614,0
3.200326600000004,1.4929614,0
3.2102351999999996,1.4929614,0
3.2201426000000026,1.4929614,0
3.230309300000002,1.4929614,0
3.2402614000000014,1.4929614,0
3.2504445000000004,1.4929614,0
3.2604135999999997,1.4929614,0
3.270384100000001,1.4929614,0
3.2803782000000012,1.4929614,0
3.290424800000004,1.4929614,0
3.300368200000001,1.4929614,0
3.310255000000005,1.4929614,0
3.3205665999999994,1.4929614,0
3.3301937000000024,1.4929614,0
3.340272200000001,1.4929614,0
3.3502524000000022,1.4929614,0
3.360218400000001,1.4929614,0
3.370117300000004,1.4929614,0
3.380152200000005,1.4929614,0
3.390207799999999,1.4929614,0
3.4002678000000017,1.4929614,0
3.4102682000000044,1.4929614,0
3.420185800000006,1.4929614,0
3.430188600000001,1.4929614,0
3.440320100000001,1.4929614,0
3.450224800000001,1.4929614,0
3.460162600000004,1.4929614,0
3.470192300000001,1.4929614,0
3.480172600000003,1.4929614,0
3.4904669000000013,1.4929614,0
3.5003115000000022,1.4929614,0
3.510401999999999,1.4929614,0
3.520155899999999,1.4929614,0
3.530121000000001,1.4929614,0
3.5402725000000004,1.4929614,0
3.5503377,1.4929614,0
3.560200200000004,1.4929614,0
3.570200700000001,1.4929614,0
3.580165700000002,1.4929614,0
3.5903262,1.4929614,0
3.6001833000000047,1.4929614,0
3.610217200000001,1.4929614,0
3.6204356000000004,1.4929614,0
3.6303085999999993,1.4929614,0
3.640350099999999,1.4929614,0
3.6505137000000047,1.4929614,0
3.660305600000001,1.4929614,0
3.670333300000003,1.4929614,0
3.680289100000003,1.4929614,0
3.6903051000000033,1.4929614,0
3.7002608000000023,1.4929614,0
3.7101338000000013,1.4929614,0
3.7201730000000026,1.4929614,0
3.7301153000000014,1.4929614,0
3.740413100000005,1.4929614,0
3.750210700000004,1.4929614,0
3.7602522000000036,1.4929614,0
3.770253799999999,1.4929614,0
3.780284100000003,1.4929614,0
3.7903503,1.4929614,0
3.8002739000000005,1.4929614,0
3.8102301000000054,1.4929614,0
3.8201919000000046,1.4929614,0
3.830161199999999,1.4929614,0
3.840304500000002,1.4929614,0
3.8502875000000003,1.4929614,0
3.8602154000000013,1.4929614,0
3.8702127000000033,1.4929614,0
3.8801758000000035,1.4929614,0
3.8903108000000017,1.4929614,0
3.9003080000000026,1.4929614,0
3.9102318000000054,1.4929614,0
3.9201878000000008,1.4929614,0
3.930176700000004,1.4929614,0
3.940246800000004,1.4929614,0
3.9502029000000007,1.4929614,0
3.9602343000000033,1.4929614,0
3.970294100000004,1.4929614,0
3.980281500000004,1.4929614,0
3.9903436000000028,1.4929614,0
4.000312000000001,1.4929614,0
4.0101893,1.4929614,0
4.020178800000004,1.4929614,0
4.030165100000005,1.4929614,0
4.0403942000000015,1.4929614,0
4.050263300000005,1.4929614,0
4.0602011000000005,1.4929614,0
4.070282200000001,1.4929614,0
4.080284800000001,1.4929614,0
4.090253000000004,1.4929614,0
4.100225700000003,1.4929614,0
4.110217900000002,1.4929614,0
4.120236400000003,1.4929614,0
4.130163400000001,1.4929614,0
4.1403155,1.4929614,0
4.150201800000005,1.4929614,0
4.1601956000000015,1.4929614,0
4.1702297,1.4929614,0
4.180288400000002,1.4929614,0
4.190317700000001,1.4929614,0
4.200223300000005,1.4929614,0
4.210296400000004,1.4929614,0
4.220143900000004,1.4929614,0
4.230148,1.4929614,0
4.240294200000001,1.4929614,0
4.250242499999999,1.4929614,0
4.2601556000000045,1.4929614,0
4.270239400000001,1.4929614,0
4.280358800000002,1.4929614,0
4.290293600000005,1.4929614,0
4.300261900000002,1.4929614,0
4.310383999999999,1.4929614,0
4.3203508,1.4929614,0
4.330116500000003,1.4929614,0
4.340271200000004,1.4929614,0
4.350253800000004,1.4929614,0
4.3602104,1.4929614,0
4.370248000000004,1.4929614,0
4.380214200000005,1.4929614,0
4.390312399999999,1.4929614,0
4.400254799999999,1.4929614,0
4.410158500000001,1.4929614,0
4.4201353999999995,1.4929614,0
4.430204800000006,1.4929614,0
4.440366300000001,1.4929614,0
4.4502033999999995,1.4929614,0
4.460203200000002,1.4929614,0
4.470134800000004,1.4929614,0
4.480145900000004,1.4929614,0
4.490347500000006,1.4929614,0
4.500316699999999,1.4929614,0
4.5101543000000035,1.4929614,0
4.520462500000001,1.4929614,0
4.530128400000002,1.4929614,0
4.540301300000003,1.4929614,0
4.5502917000000025,1.4929614,0
4.560160400000001,1.4929614,0
4.570158300000003,1.4929614,0
4.5802081,1.4929614,0
4.590248700000004,1.4929614,0
4.6002425,1.4929614,0
4.610218000000003,1.4929614,0
4.620246300000005,1.4929614,0
4.630152800000005,1.4929614,0
4.640388700000003,1.4929614,0
4.650174500000006,1.4929614,0
4.660139800000003,1.4929614,0
4.670257800000002,1.4929614,0
4.680221000000003,1.4929614,0
4.690264800000001,1.4929614,0
4.700342500000005,1.4929614,0
4.710280600000004,1.4929614,0
4.7202516000000045,1.4929614,0
4.730275400000004,1.4929614,0
4.740314500000004,1.4929614,0
4.7502754,1.4929614,0
4.760158100000005,1.4929614,0
4.770168900000002,1.4929614,0
4.780219000000002,1.4929614,0
4.790288199999999,1.4929614,0
4.800309300000002,1.4929614,0
4.810124600000002,1.4929614,0
4.820196600000003,1.4929614,0
4.830169300000001,1.4929614,0
4.840327000000002,1.4929614,0
4.850410400000001,1.4929614,0
4.860199999999999,1.4929614,0
4.870176700000002,1.4929614,0
4.880131000000006,1.4929614,0
4.890399100000003,1.4929614,0
4.900205700000001,1.4929614,0
4.910318799999999,1.4929614,0
4.920516900000003,1.4929614,0
4.930163300000004,1.4929614,0
4.940226800000005,1.4929614,0
4.950267000000004,1.4929614,0
4.960255199999999,1.4929614,0
4.970232299999999,1.4929614,0
4.9801815000000005,1.4929614,0
4.990307800000004,1.4929614,0
5.000393899999999,1.4929614,0
5.010380699999999,1.4929614,0
5.020389700000003,1.4929614,0
5.030329999999999,1.4929614,0
5.040452200000004,1.4929614,0
5.050282000000003,1.4929614,0
5.060619899999999,1.4929614,0
5.070300600000003,1.4929614,0
5.080297999999999,1.4929614,0
5.090342,1.4929614,0
5.100252600000005,1.4929614,0
5.110144099999999,1.4929614,0
5.120300700000001,1.4929614,0
5.1301342000000005,1.4929614,0
5.140296200000002,1.4929614,0
5.150385500000006,1.4929614,0
5.160191900000001,1.4929614,0
5.170262600000001,1.4929614,0
5.1803089,1.4929614,0
5.190238300000004,1.4929614,0
5.2003851999999995,1.4929614,0
5.2102273,1.4929614,0
5.220342900000006,1.4929614,0
5.230394799999999,1.4929614,0
5.2404084,1.4929614,0
5.250346,1.4929614,0
5.260376700000002,1.4929614,0
5.270205700000005,1.4929614,0
5.280202899999999,1.4929614,0
5.290408500000005,1.4929614,0
5.300246700000002,1.4929614,0
5.310197500000001,1.4929614,0
5.320141100000001,1.4929614,0
5.330131700000003,1.4929614,0
5.3403542,1.4929614,0
5.350315200000004,1.4929614,0
5.3602226,1.4929614,0
5.370184800000004,1.4929614,0
5.3801451,1.4929614,0
5.390209900000002,1.4929614,0
5.400167000000003,1.4929614,0
5.410269800000002,1.4929614,0
5.420183300000005,1.4929614,0
5.4300745000000035,1.4929614,0
5.4402531,1.4929614,0
5.450237800000004,1.4929614,0
5.460193000000004,1.4929614,0
5.470259200000001,1.4929614,0
5.480240100000003,1.4929614,0
5.4903071000000025,1.4929614,0
5.500279500000005,1.4929614,0
5.510107099999999,1.4929614,0
5.520172200000005,1.4929614,0
5.5302109,1.4929614,0
5.540315200000002,1.4929614,0
5.550381399999999,1.4929614,0
5.560269300000002,1.4929614,0
5.570214800000002,1.4929614,0
5.580216200000002,1.4929614,0
5.590253000000004,1.4929614,0
5.600236900000006,1.4929614,0
5.6102922000000035,1.4929614,0
5.6201468000000006,1.4929614,0
5.6301986,1.4929614,0
5.640301100000002,1.4929614,0
5.650199100000002,1.4929614,0
5.660212600000001,1.4929614,0
5.670263200000001,1.4929614,0
5.680222700000002,1.4929614,0
5.690348900000004,1.4929614,0
5.7002667,1.4929614,0
5.710150400000003,1.4929614,0
5.7202804,1.4929614,0
5.730201900000004,1.4929614,0
5.740333300000003,1.4929614,0
5.7502905000000055,1.4929614,0
5.760186300000001,1.4929614,0
5.7701920000000015,1.4929614,0
5.7802171000000016,1.4929614,0
5.790303200000004,1.4929614,0
5.8001802,1.4929614,0
5.810275700000005,1.4929614,0
5.820309300000005,1.4929614,0
5.830089000000001,1.4929614,0
5.840234900000006,1.4929614,0
5.850251400000005,1.4929614,0
5.860192500000004,1.4929614,0
5.870184500000001,1.4929614,0
5.880192600000001,1.4929614,0
5.890319500000004,1.4929614,0
5.900327700000005,1.4929614,0
5.9102795000000015,1.4929614,0
5.9201786,1.4929614,0
5.930681800000002,1.4929614,0
5.940274200000005,1.4929614,0
5.9503091999999995,1.4929614,0
5.960184900000002,1.4929614,0
5.970199600000001,1.4929614,0
5.980123900000002,1.4929614,0
5.9902455,1.4929614,0
6.0003642,1.4929614,0
6.010180600000005,1.4929614,0
6.020268600000001,1.4929614,0
6.030079700000002,1.4929614,0
6.040207000000002,1.4929614,0
6.050447800000001,1.4929614,0
6.0602777,1.4929614,0
6.070180000000001,1.4929614,0
6.0802075,1.4929614,0
6.090262200000005,1.4929614,0
6.100306000000003,1.4929614,0
6.110222100000001,1.4929614,0
6.120163000000005,1.4929614,0
6.130597200000004,1.4929614,0
6.140681100000002,1.4929614,0
6.150547899999999,1.4929614,0
6.160310800000005,1.4929614,0
6.170194900000006,1.4929614,0
6.1801717000000025,1.4929614,0
6.190216200000002,1.4929614,0
6.200199099999999,1.4929614,0
6.210143000000002,1.4929614,0
6.220194599999999,1.4929614,0
6.230167900000005,1.4929614,0
6.2402959,1.4929614,0
6.250245200000002,1.4929614,0
6.260228099999999,1.4929614,0
6.2702326,1.4929614,0
6.280237300000003,1.4929614,0
6.290455100000003,1.4929614,0
6.300284699999999,1.4929614,0
6.310379300000001,1.4929614,0
6.320159000000004,1.4929614,0
6.330283900000005,1.4929614,0
6.340256799999999,1.4929614,0
6.3503106,1.4929614,0
6.360177499999999,1.4929614,0
6.370418100000002,1.4929614,0
6.380191800000006,1.4929614,0
6.390288400000003,1.4929614,0
6.4002161000000015,1.4929614,0
6.410187100000002,1.4929614,0
6.420203100000002,1.4929614,0
6.430228100000001,1.4929614,0
6.440307799999999,1.4929614,0
6.450239500000002,1.4929614,0
6.4601168000000015,1.4929614,0
6.470264100000001,1.4929614,0
6.480208300000001,1.4929614,0
6.490215300000003,1.4929614,0
6.500246500000003,1.4929614,0
6.510146500000005,1.4929614,0
6.520167300000004,1.4929614,0
6.530118000000002,1.4929614,0
6.540311299999999,1.4929614,0
6.550391600000005,1.4929614,0
6.560259000000002,1.4929614,0
6.5703207000000035,1.4929614,0
6.580272900000004,1.4929614,0
6.590301600000004,1.4929614,0
6.6002949000000015,1.4929614,0
6.6103629999999995,1.4929614,0
6.620216900000003,1.4929614,0
6.630103400000003,1.4929614,0
6.640240400000003,1.4929614,0
6.650191100000001,1.4929614,0
6.660183700000005,1.4929614,0
6.6702504000000005,1.4929614,0
6.680150300000001,1.4929614,0
6.690419000000006,1.4929614,0
6.700465600000001,1.4929614,0
6.710391000000001,1.4929614,0
6.720391599999999,1.4929614,0
6.7305037,1.4929614,0
6.740314000000005,1.4929614,0
6.750490500000005,1.4929614,0
6.760205500000005,1.4929614,0
6.770287400000001,1.4929614,0
6.780284100000003,1.4929614,0
6.790214300000002,1.4929614,0
6.800215100000003,1.4929614,0
6.810216199999999,1.4929614,0
6.820635500000002,1.4929614,0
6.830256000000006,1.4929614,0
6.8402533000000005,1.4929614,0
6.850197100000003,1.4929614,0
6.860235000000003,1.4929614,0
6.870121400000002,1.4929614,0
6.880177700000004,1.4929614,0
6.890246900000001,1.4929614,0
6.900219100000001,1.4929614,0
6.910225100000005,1.4929614,0
6.9201914,1.4929614,0
6.930125400000001,1.4929614,0
6.940263800000004,1.4929614,0
6.950178000000001,1.4929614,0
6.9601167,1.4929614,0
6.970284599999999,1.4929614,0
6.980256100000005,1.4929614,0
6.990180000000002,1.4929614,0
7.000297800000006,1.4929614,0
7.0102641000000006,1.4929614,0
7.0201998,1.4929614,0
7.030237700000001,1.4929614,0
7.040329200000002,1.4929614,0
7.050218000000001,1.4929614,0
7.060248000000001,1.4929614,0
7.070292500000001,1.4929614,0
7.080264300000003,1.4929614,0
7.090478400000002,1.4929614,0
7.100431400000005,1.4929614,0
7.110179600000002,1.4929614,0
7.120305100000003,1.4929614,0
7.130331099999999,1.4929614,0
7.140291600000005,1.4929614,0
7.1504739000000015,1.4929614,0
7.160377799999999,1.4929614,0
7.1703601000000035,1.4929614,0
7.1802773,1.4929614,0
7.190319000000002,1.4929614,0
7.200240700000002,1.4929614,0
7.210357500000001,1.4929614,0
7.220138900000002,1.4929614,0
7.230054000000003,1.4929614,0
7.240264200000006,1.4929614,0
7.250203300000003,1.4929614,0
7.2602172,1.4929614,0
7.270154900000001,1.4929614,0
7.280196199999999,1.4929614,0
7.2903307000000055,1.4929614,0
7.300347600000002,1.4929614,0
7.310369600000001,1.4929614,0
7.320241200000005,1.4929614,0
7.330290400000003,1.4929614,0
7.340185400000003,1.4929614,0
7.350269300000001,1.4929614,0
7.360186300000002,1.4929614,0
7.370215700000003,1.4929614,0
7.380277599999999,1.4929614,0
7.390193200000006,1.4929614,0
7.400225599999999,1.4929614,0
7.410223600000002,1.4929614,0
7.420223800000002,1.4929614,0
7.430155800000001,1.4929614,0
7.440222500000004,1.4929614,0
7.450198200000003,1.4929614,0
7.4602377,1.4929614,0
7.470267400000004,1.4929614,0
7.480185600000006,1.4929614,0
7.490211500000001,1.4929614,0
7.500254699999999,1.4929614,0
7.510173999999999,1.4929614,0
7.520171600000005,1.4929614,0
7.530261500000002,1.4929614,0
7.540211500000005,1.4929614,0
7.550151900000003,1.4929614,0
7.560256800000005,1.4929614,0
7.5701787,1.4929614,0
7.580288600000003,1.4929614,0
7.590170400000005,1.4929614,0
7.600296499999999,1.4929614,0
7.610247100000002,1.4929614,0
7.620193200000003,1.4929614,0
7.630208000000003,1.4929614,0
7.640202700000003,1.4929614,0
7.650198800000005,1.4929614,0
7.660194799999999,1.4929614,0
7.670219800000005,1.4929614,0
7.6802914000000015,1.4929614,0
7.690199700000001,1.4929614,0
7.700262900000006,1.4929614,0
7.710199000000003,1.4929614,0
7.720153500000002,1.4929614,0
7.730172500000002,1.4929614,0
7.7402576,1.4929614,0
7.750211700000001,1.4929614,0
7.7602148,1.4929614,0
7.770204100000001,1.4929614,0
7.780484399999999,1.4929614,0
7.7902092,1.4929614,0
7.8003221000000025,1.4929614,0
7.810236600000003,1.4929614,0
7.820252100000005,1.4929614,0
7.8300748000000056,1.4929614,0
7.840231899999999,1.4929614,0
7.8501689,1.4929614,0
7.8601474000000024,1.4929614,0
7.870209299999999,1.4929614,0
7.880211600000003,1.4929614,0
7.890160000000002,1.4929614,0
7.900159800000004,1.4929614,0
7.910119700000003,1.4929614,0
7.920108599999999,1.4929614,0
7.930174400000006,1.4929614,0
7.9403416000000036,1.4929614,0
7.950161600000001,1.4929614,0
7.960174500000001,1.4929614,0
7.970148200000004,1.4929614,0
7.9802429,1.4929614,0
7.990324700000002,1.4929614,0
8.000253400000005,1.4929614,0
8.010185,1.4929614,0
8.020178999999999,1.4929614,0
8.030189,1.4929614,0
8.040275600000001,1.4929614,0
8.050222600000005,1.4929614,0
8.060116900000004,1.4929614,0
8.0702317,1.4929614,0
8.080228600000005,1.4929614,0
8.090245100000004,1.4929614,0
8.100291900000002,1.4929614,0
8.110190700000004,1.4929614,0
8.1202623,1.4929614,0
8.130157400000002,1.4929614,0
8.140234800000002,1.4929614,0
8.150170899999999,1.4929614,0
8.160183100000005,1.4929614,0
8.170155700000002,1.4929614,0
8.180157900000005,1.4929614,0
8.1902173,1.4929614,0
8.200165600000005,1.4929614,0
8.210257300000002,1.4929614,0
8.220185400000005,1.4929614,0
8.230161600000002,1.4929614,0
8.240236200000005,1.4929614,0
8.250191700000002,1.4929614,0
8.2601193,1.4929614,0
8.2701748,1.4929614,0
8.280097300000001,1.4929614,0
8.290191499999999,1.4929614,0
8.300237899999999,1.4929614,0
8.3101853,1.4929614,0
8.3201593,1.4929614,0
8.330616800000001,1.4929614,0
8.340248899999999,1.4929614,0
8.350443600000006,1.4929614,0
8.360188,1.4929614,0
8.370210900000004,1.4929614,0
8.380091499999999,1.4929614,0
8.3903775,1.4929614,0
8.400193700000003,1.4929614,0
8.410232700000002,1.4929614,0
8.420164800000002,1.4929614,0
8.430133900000001,1.4929614,0
8.440203700000005,1.4929614,0
8.4501919,1.4929614,0
8.4605173,1.4929614,0
8.470336100000004,1.4929614,0
8.480270100000006,1.4929614,0
8.490390000000005,1.4929614,0
8.500260700000005,1.4929614,0
8.5102775,1.4929614,0
8.520252200000002,1.4929614,0
8.530489700000004,1.4929614,0
8.540318200000002,1.4929614,0
8.550371300000002,1.4929614,0
8.560118899999999,1.4929614,0
8.5702128,1.4929614,0
8.580151300000004,1.4929614,0
8.590265900000006,1.4929614,0
8.600205100000004,1.4929614,0
8.610227700000003,1.4929614,0
8.620150200000005,1.4929614,0
8.630121200000005,1.4929614,0
8.640245800000002,1.4929614,0
8.650202,1.4929614,0
8.660248200000005,1.4929614,0
8.670253700000004,1.4929614,0
8.680281900000004,1.4929614,0
8.690251100000005,1.4929614,0
8.700390500000005,1.4929614,0
8.710369100000001,1.4929614,0
8.720080800000005,1.4929614,0
8.7301808,1.4929614,0
8.740315500000001,1.4929614,0
8.750154900000005,1.4929614,0
8.760296100000005,1.4929614,0
8.770150700000002,1.4929614,0
8.780122300000002,1.4929614,0
8.790320700000002,1.4929614,0
8.800281900000002,1.4929614,0
8.810307000000002,1.4929614,0
8.820188600000002,1.4929614,0
8.830164800000006,1.4929614,0
8.840336200000003,1.4929614,0
8.8502692,1.4929614,0
8.860117900000006,1.4929614,0
8.870154300000003,1.4929614,0
8.880141300000005,1.4929614,0
8.890234400000004,1.4929614,0
8.900186000000005,1.4929614,0
8.910282600000002,1.4929614,0
8.920228700000003,1.4929614,0
8.930134800000005,1.4929614,0
8.940341199999999,1.4929614,0
8.950266300000003,1.4929614,0
8.960312300000005,1.4929614,0
8.970289200000003,1.4929614,0
8.980258500000005,1.4929614,0
8.990365100000005,1.4929614,0
9.000398000000004,1.4929614,0
9.0104513,1.4929614,0
9.020307700000004,1.4929614,0
9.030342700000006,1.4929614,0
9.040350199999999,1.4929614,0
9.050242100000006,1.4929614,0
9.0601087,1.4929614,0
9.0701714,1.4929614,0
9.080128600000002,1.4929614,0
9.0902891,1.4929614,0
9.100299300000003,1.4929614,0
9.110145800000005,1.4929614,0
9.120172700000005,1.4929614,0
9.130262300000005,1.4929614,0
9.140284000000001,1.4929614,0
9.1502969,1.4929614,0
9.160217500000002,1.4929614,0
9.170175700000001,1.4929614,0
9.180087300000004,1.4929614,0
9.1902634,1.4929614,0
9.200202000000004,1.4929614,0
9.210192200000002,1.4929614,0
9.2201551,1.4929614,0
9.230178900000006,1.4929614,0
9.240390400000003,1.4929614,0
9.2501995,1.4929614,0
9.260111600000002,1.4929614,0
9.270204400000004,1.4929614,0
9.280132100000003,1.4929614,0
9.290252200000005,1.4929614,0
9.300246300000005,1.4929614,0
9.310138700000003,1.4929614,0
9.320253300000005,1.4929614,0
9.330292100000001,1.4929614,0
9.340200100000004,1.4929614,0
9.3504225,1.4929614,0
9.3601661,1.4929614,0
9.3702392,1.4929614,0
9.380107800000005,1.4929614,0
9.390241600000003,1.4929614,0
9.400316700000005,1.4929614,0
9.410453600000004,1.4929614,0
9.420150800000002,1.4929614,0
9.4301527,1.4929614,0
9.440181600000003,1.4929614,0
9.450195800000003,1.4929614,0
9.460110300000004,1.4929614,0
9.470194300000003,1.4929614,0
9.4801389,1.4929614,0
9.490246300000003,1.4929614,0
9.500200900000003,1.4929614,0
9.510421100000002,1.4929614,0
9.520245899999999,1.4929614,0
9.530252500000003,1.4929614,0
9.5402949,1.4929614,0
9.550191600000005,1.4929614,0
9.560189100000002,1.4929614,0
9.570235000000004,1.4929614,0
9.5801765,1.4929614,0
9.590279800000005,1.4929614,0
9.6002674,1.4929614,0
9.610259500000005,1.4929614,0
9.620342300000004,1.4929614,0
9.630261700000005,1.4929614,0
9.6402675,1.4929614,0
9.6505352,1.4949140675228907,0
9.660669000000006,1.4997996923070565,0
9.670451700000001,1.522266743886115,0
9.680428400000004,1.5396167302199877,0
9.690605400000003,1.6141064539927474,0
9.700542800000001,1.7142082006451826,0
9.710847600000001,1.8496912796378906,0
9.720493100000006,1.998553956573329,0
9.7304338,2.258036210140177,0
9.7436024,2.5542033355265574,0
9.750674700000005,2.9266641890353133,0
9.760530500000002,3.360841800437161,0
9.774187099999999,3.9213283869714335,0
9.7804724,4.447863009215968,0
9.793305199999999,4.838400677022255,0
9.800628000000003,5.190597118677034,0
9.813697700000006,5.2729213009106,0
9.820523600000001,5.451018922611801,0
9.830533700000004,5.547243047539965,0
9.840606900000004,5.44310400232517,0
9.850522900000001,5.670816675502524,0
9.860475900000004,5.920498011343938,0
9.870530900000006,6.203908637400279,8.000000022434506e-07
9.8842754,6.5965495799240745,0.01375550000000203
9.890457699999999,7.01083890754158,0.019948800000001654
9.903160200000002,7.3405396652208985,0.032527200000004086
9.910509500000003,7.7522428396548655,0.039967699999998274
9.920446400000003,7.904364425065508,0.049942299999997886
9.930479300000002,8.08651605131745,0.06000670000000241
9.945210600000003,8.152816159873417,0.07466829999999902
9.950601500000005,8.260285077108826,0.08005310000000065
9.960590400000001,8.287422055190799,0.09005859999999899
9.970897800000003,8.66459650744409,0.10040310000000119
9.980880500000005,8.20633568180298,0.11031429999999887
9.990660400000003,8.246757239301694,0.12011989999999884
10.000590600000002,8.21978259559808,0.1299429000000032
10.010517300000004,8.328331593408056,0.1399757000000008
10.020443499999999,8.621675420423669,0.1499560000000031
10.030414400000005,8.480450865022997,0.15992200000000167
10.040654800000006,8.736706421172222,0.1700530000000029
10.0506861,8.883107682196407,0.18015249999999838
10.060416800000006,8.912740939929662,0.18993580000000065
10.070404200000006,9.002355241650097,0.1999295000000032
10.083229700000004,9.002355241650097,0.2126854999999992
10.090546800000006,9.077859687091145,0.21999569999999835
10.100565200000005,9.09305139310744,0.23006480000000096
10.110633500000006,9.231152701241395,0.24006109999999836
10.120497499999999,9.231152701241395,0.24996060000000142
10.1304832,9.74281048940505,0.25996049999999826
10.140465200000001,9.859168038600663,0.26996960000000314
10.1505619,9.693439487586987,0.2800547000000009
10.1604216,9.466918080834294,0.28992320000000404
10.170419899999999,9.693439487586987,0.2999329000000017
10.180431900000002,9.677048205357805,0.30992820000000165
10.190500700000001,9.72632056384844,0.3199836000000005
10.200619500000002,9.70986358518506,0.33002270000000067
10.210969400000003,10.09682765136841,0
10.237839100000002,9.660689672932362,2.0000000020559128e-06
10.239157000000006,9.977166049925785,0.0013458999999969024
10.2570306,10.011184305278535,0
10.257706500000005,9.994158168480158,1.9999999949504854e-06
10.271692800000004,9.960207881646939,0.013911700000001304
10.272559700000002,10.011184305278535,0
10.293044000000002,9.909536400813906,1.6000000044869012e-06
10.293744000000004,9.792478607692077,0.0006619000000043229
10.3100029,9.960207881646939,0.016932100000005335
10.3107039,9.994158168480158,0.01764130000000108
10.3204456,9.89271335666411,0.02736110000000025
10.330693100000005,9.994158168480158,0.037504200000000765
10.340582500000004,9.960207881646939,0.047492600000005325
10.350917500000001,10.011184305278535,0
10.365068,9.94328359581091,1.900000000887303e-06
10.379966800000005,9.72632056384844,0.014961700000000633
10.380457100000001,9.960207881646939,0.015537500000000648
10.390556600000004,9.960207881646939,0.025571900000002756
10.4004768,9.94328359581091,0.03544910000000101
10.4107622,9.792478607692077,0.04571230000000526
10.420544500000005,9.75933342781462,0.05550550000000243
10.430483600000002,9.75933342781462,0.065413300000003
10.440498900000001,9.644363824876494,0.07548979999999972
10.4506193,9.825756633804376,0.08559089999999969
10.460469200000006,9.57938597223622,0.09544020000000586
10.470492800000002,9.70986358518506,0.10540880000000641
10.480463,9.57938597223622,0.11547910000000172
10.4904717,9.62807059588681,0.12550020000000472
10.5006791,9.482888682273867,0.1356944999999996
10.510460200000004,9.466918080834294,0.1454647000000051
10.520510600000001,9.595581734544421,0.15551240000000632
10.5304091,9.482888682273867,0.1654546000000039
10.540445900000002,9.435072542049229,0.17546719999999993
10.550679700000003,9.200248340363991,0.18565650000000034
10.560489600000004,9.51492586865949,0.19550660000000164
10.570463600000004,9.54709146043023,0.2054476000000065
10.580407300000005,9.51492586865949,0.21544120000000078
10.590544000000001,9.74281048940505,0.225558300000003
10.600507800000003,9.482888682273867,0.23545690000000263
10.610897100000003,9.435072542049229,0.24583780000000388
10.620713100000003,9.450979388677672,0.2556088000000045
10.630628600000001,9.482888682273867,0.2655831000000006
10.640598600000004,9.403354130994348,0.2755795000000063
10.650696800000006,9.403354130994348,0.28560790000000225
10.660552899999999,9.293333514473604,0.2954535000000007
10.670738100000001,9.215685068627405,0.3056744000000009
10.680556000000003,9.371762340174383,0.31551660000000226
10.690497900000004,9.231152701241395,0.3255128000000056
10.700546899999999,9.231152701241395,0.33553189999999944
10.710467600000001,8.897909494439109,0.3454692000000037
10.724957500000002,9.06269833412371,0.359960700000002
10.738898400000004,8.987344746665283,0.3738824000000065
10.752551000000004,8.736706421172222,0.38750560000000434
10.753240300000002,8.67896086002344,0.3882649000000029
10.760427200000002,8.508470269933717,0.3954442
10.770404599999999,8.550710084276984,0.4054081000000025
10.780407400000001,8.260285077108826,0.41540800000000644
10.7906221,8.126216529959919,0.42558580000000035
10.800509000000005,8.260285077108826,0.435485700000001
10.810963000000001,8.08651605131745,0.4459301000000053
10.820467900000004,8.099723086052473,0.4554965000000024
10.830500900000004,8.139503045106144,0.4654767000000035
10.840540400000002,8.246757239301694,0.47551170000000553
10.8505361,8.166155927514222,0.4855368999999996
10.860498500000006,8.152816159873417,0.49549040000000133
10.870524100000004,8.152816159873417,0.505478200000006
10.880409900000004,8.301031304013586,0.5154226000000008
10.890618000000003,8.246757239301694,0.5255570000000063
10.900583500000003,8.301031304013586,0.5354978000000017
10.910513700000003,8.21978259559808,0.545480100000006
10.920428000000001,8.099723086052473,0.5554142000000013
10.930418600000003,8.02087563986406,0.5654531000000063
10.940569400000001,8.301031304013586,0.5755085000000051
10.9505561,8.08651605131745,0.5855644000000026
10.960520800000005,8.073335404255426,0.5954957000000007
10.970511900000005,8.073335404255426,0.6054655000000011
10.980558200000004,7.94296870865388,0.6155749999999998
10.994562300000005,8.02087563986406,0.6294909000000004
11.011050400000002,7.955888361417405,0.6460399000000052
11.011744,8.02087563986406,0.6467737000000042
11.0266922,7.994802717912391,0.6616301000000036
11.0424833,7.917206792001785,0.6775011000000006
11.043098800000003,7.94296870865388,0.678113500000002
11.0506642,7.955888361417405,0.6856296000000057
11.060411000000002,7.994802717912391,0.695436100000002
11.070541300000002,7.7522428396548655,0.705545800000003
11.0808349,7.591512672362713,0.7158380000000051
11.091049400000003,7.640523756686739,0.7259790000000024
11.100617400000004,7.542892112532513,0.7355402000000026
11.110549400000004,7.652837914252965,0.745483500000006
11.1204392,7.190375823008391,0.7554067000000018
11.130586200000003,7.494658965463705,0.7656065000000041
11.140537200000004,7.60372870967274,0.7755338000000052
11.150518300000002,7.482660849647961,0.7854753000000017
11.160476100000004,7.6159692035057525,0.7954625000000064
11.1705647,7.506681101523312,0.8054865000000007
11.180365800000004,7.591512672362713,0.8154021
11.190847900000001,7.387534912892297,0.8258797000000015
11.200481200000006,7.35225325423583,0.8354458000000022
11.2105739,7.032968092035166,0.8455366000000026
11.2205704,7.01083890754158,0.855522900000004
11.2304977,6.966845205721355,0.8654368000000048
11.243816800000005,6.934080128015318,0.878818900000006
11.250709100000002,6.86913680573084,0.8855998000000014
11.260586800000006,6.658202150477414,0.8955217000000033
11.2705117,6.465480176582687,0.9055020999999996
11.280489000000003,6.445616409894751,0.9154821999999996
11.2905376,6.376715611123658,0.925533300000005
11.300619700000006,6.147675010315886,0.9355837000000022
11.310523700000005,6.2228036367552635,0.9455022
11.320483600000003,6.0463163929775785,0.9554998000000055
11.3304999,6.0645797609342535,0.9655216000000024
11.340602000000004,6.0009763073095606,0.9755247000000011
11.3506796,5.920498011343938,0
11.363808900000002,5.885192238641251,0
11.3704811,5.876409839490586,0
11.380566700000003,5.78954518471769,0
11.390599800000004,5.679187476864623,0
11.400542800000004,5.547243047539965,0
11.410568699999999,5.341637676374042,0
11.4204723,5.250289336893039,0
11.430594200000002,5.198006519845759,0
11.440495500000004,5.059730946740808,0
11.450559500000004,5.175822698741421,0
11.460404600000004,5.074040069694855,0
11.470486700000002,5.052597820351426,0
11.480367600000001,4.9750678252675264,0
11.493385200000006,5.059730946740808,0
11.509075700000004,5.081216123496028,0
11.510376800000003,5.059730946740808,0
11.520508500000005,5.0030634008624695,0
11.530431400000005,5.010097359277957,0
11.5406196,4.9750678252675264,0
11.5545775,4.989037617526732,0
11.560519300000003,5.045478945958075,0
11.575914400000002,4.968103855907675,0
11.589340900000003,4.968103855907675,0
11.590499600000001,4.9750678252675264,0
11.6006115,4.899224864653134,0
11.610427000000001,5.095611359267912,0
11.623790300000003,4.968103855907675,0
11.637385800000004,4.954217631447924,0
11.640473700000001,4.968103855907675,0
11.650620000000004,4.845104980444953,0
11.660482000000002,4.851822705892051,0
11.670546900000005,4.71998806789923,0
11.680456300000003,4.568592012886777,0
11.690657100000003,4.477594046737503,0
11.7010571,4.3604331243554055,0
11.710553100000006,4.286753449470591,0
11.7204057,4.113343920058039,0
11.730574600000004,4.113343920058039,0
11.740520400000001,3.7934975481085673,0
11.753642900000003,3.734368223985737,0
11.760434600000004,3.570087569959503,0
11.770515600000003,3.5867982240119964,0
11.780360700000003,3.6121162067816948,0
11.790482700000005,3.5742527088499334,0
11.800509600000005,3.6163654870591087,0
11.810461100000005,3.7120324069624946,0
11.8204816,3.835343184879366,0
11.830378100000004,3.8259789530890673,0
11.8404825,3.8589182958239516,0
11.850529800000004,3.784300364546165,0
11.860376700000003,3.7164817196059605,0
11.870472900000003,3.698737736416347,0
11.880357400000001,3.5742527088499334,0
11.890508100000005,3.4965221400737256,0
11.900905200000004,3.387223426124615,0
11.9104156,3.3274607785093675,0
11.9204906,3.2731437837883997,0
11.930473900000003,3.266023857998057,0
11.9404374,3.357103056826146,0
11.9506175,3.3237887302246483,0
11.960437300000002,3.3237887302246483,0
11.9704366,3.283877214583242,0
11.980538500000002,3.2100781990336418,0
11.990677600000005,3.2066406812991475,0
12.000744100000006,3.0124784709189654,0
12.010612200000004,3.0094357577045794,0
12.020610699999999,2.9353124931369345,0
12.036603200000002,2.8348801413241627,0
12.040615299999999,2.7847186011767127,0
12.051246900000002,2.7821309524856006,0
12.060509200000006,2.7364274373417308,0
12.070577400000005,2.74895826141214,0
12.080506500000006,2.738923587534557,0
12.090489300000002,2.7264926101375027,0
12.100706299999999,2.668524137708537,0
12.110443600000004,2.6245655237010075,0
12.120593500000005,2.4902024562821223,0
12.1307118,2.4782669828725323,0
12.1406584,2.4281701065353594,0
12.150846100000003,2.3491057836271256,0
12.1607603,2.352550691985141,0
12.170530900000003,2.3770547675060008,0
12.180595500000003,2.2974347771291006,0
12.190593,2.3137541221473232,0
12.200678400000001,2.337156542514436,0
12.210467600000001,2.3088240025635414,0
12.220469700000002,2.352550691985141,0
12.230418200000003,2.2958207221678215,0
12.240517600000004,2.2673129940441425,0
12.250752000000006,2.2383143636655363,0
12.261067700000005,2.191897816338742,0
12.270525200000002,2.1603238845584065,0
12.280399000000003,2.134024424870939,0
12.290533000000003,2.1366072848465616,0
12.300842800000005,2.147042661799303,0
12.310512200000005,2.1314518756998617,0
12.3204444,2.182134152032804,0
12.330455100000002,2.2060851733266493,0
12.340573800000001,2.2264302602010626,0
12.350594200000003,2.229383483751337,0
12.360688700000004,2.3170573406686654,0
12.3704209,2.31210746111295,0
12.3804047,2.3491057836271256,0
12.3904536,2.3664689522171405,0
12.400573600000001,2.3967951200816673,0
12.410436700000005,2.3577439603623875,0
12.420442200000004,2.3508265153525287,0
12.430441700000003,2.3287232140094365,0
12.440584000000001,2.3735120386173914,0
12.450581800000002,2.3508265153525287,0
12.460486200000005,2.4095851732313394,0
12.470402500000006,2.4357087818828065,0
12.480425100000005,2.4822295706962203,0
12.490570900000002,2.518615247862013,0
12.5006403,2.498239380766767,0
12.510494399999999,2.514507408027352,0
12.520864500000002,2.4703892001552177,0
12.530467200000004,2.4567538217125966,0
12.5405759,2.4567538217125966,0
12.550499200000004,2.4902024562821223,0
12.5604479,2.514507408027352,0
12.5705527,2.6222978610721217,0
12.580454000000003,2.8402720384946067,0
12.590475000000005,3.3055382474235118,0
12.603428100000002,3.5826080191655536,0
12.610525000000003,4.198661526897799,0
12.626112400000004,4.968103855907675,0
12.630371000000004,5.5310448932559035,0
12.644185499999999,5.885192238641251,0
12.650677200000004,6.028125932580405,8.99999996306633e-07
12.6637336,5.885192238641251,0
12.680776999999999,6.037212067551826,7.999999951380232e-07
12.6813583,5.78954518471769,0
12.6960762,5.712838601706433,0
12.700614200000004,5.721293531020849,0
12.710402100000003,5.729765387115033,0
12.7204361,5.9293686750734675,0
12.730519400000006,6.037212067551826,8.000000022434506e-07
12.743825000000001,6.308772702657734,0.013322399999999845
12.7504955,6.731071475665324,0.019876100000004726
12.760562100000001,6.79434803340286,0.030044100000004903
12.770458900000001,6.966845205721355,0.03987920000000145
12.7804949,7.1789856653167865,0.05000010000000543
12.793157300000004,7.293918879685199,0.0626134000000036
12.800521600000003,7.167618265175428,0.06993560000000087
12.810498899999999,7.213224593376143,0.0799331000000052
12.8209358,7.111121039461668,0.09037270000000319
12.830464500000005,7.122375332081784,0.09994329999999962
12.840568400000002,7.077492898532053,0.11003560000000334
12.850613200000005,7.055185970536476,0.12000910000000431
12.860466600000002,7.122375332081784,0.12995719999999977
12.870419900000002,7.270747976866626,0.1399054000000035
12.880432599999999,7.282321842828364,0.1499104000000031
12.890573800000006,7.434907630411287,0.16002670000000307
12.900687000000005,7.665176724779058,0.17008320000000055
12.910464000000005,7.518727305915347,0.17997120000000422
12.920456700000003,7.446810144218417,0.18989520000000226
12.9304177,7.518727305915347,0.19990920000000045
12.940575000000003,7.542892112532513,0.2100110000000015
12.950526000000004,7.542892112532513,0.2199122000000031
12.960431100000001,7.363990293871589,0.22992299999999943
12.970387700000003,7.47068670608361,0.23989480000000185
12.980464699999999,7.542892112532513,0.24991969999999952
12.990487900000005,7.6159692035057525,0.25996669999999966
13.000540800000003,7.640523756686739,0.26996370000000525
13.010524600000004,7.689928502230714,0.27999249999999876
13.0205931,7.677540237620285,0.28996440000000234
13.030616100000003,7.865991073689227,0.300005800000001
13.040549000000006,7.802544922425701,0.30996320000000566
13.050638300000003,8.060181092143798,0.3200782999999987
13.064062400000005,7.865991073689227,0.3335247000000052
13.077635100000002,7.802544922425701,0.34705410000000114
13.0802956,7.677540237620285,0.34980720000000076
13.090541100000003,7.640523756686739,0.35997820000000047
13.1005884,7.840536452576179,0.3700487999999993
13.110379000000002,7.865991073689227,0.3798852000000039
13.120432300000004,7.955888361417405,0.38986280000000306
13.130449600000006,7.7023415681634235,0.39990500000000395
13.140481100000002,7.865991073689227,0.4099375000000052
13.150569700000005,7.789931650057636,0.4198854000000054
13.160519300000004,7.904364425065508,0.43000479999999897
13.1703842,8.20633568180298,0.4398690000000016
13.1838123,7.917206792001785,0.4532635000000056
13.197355600000002,7.878756617124858,0.4668159000000003
13.2005969,7.94296870865388,0.4700545000000034
13.2104116,7.7522428396548655,0.4798900000000046
13.220449300000006,7.878756617124858,0.4899477000000019
13.230403000000003,7.917206792001785,0.4998839000000004
13.240515100000003,7.994802717912391,0.5099719000000036
13.250602100000002,7.714779485070684,0.5199914000000021
13.260504400000002,7.955888361417405,0.5299957000000006
13.270891300000002,7.994802717912391,0.5403355999999988
13.2804267,7.917206792001785,0.549939000000002
13.290544000000004,7.994802717912391,0.5599777000000046
13.3006545,8.060181092143798,0.5700965000000053
13.314790600000002,7.82784727308025,0.5842446000000052
13.3283524,7.994802717912391,0.5978250000000003
13.3303887,7.9300748693738,0.5998657000000023
13.340494200000002,8.099723086052473,0.609941500000005
13.353883500000002,8.08651605131745,0.6233687000000003
13.360917,8.152816159873417,0.6303492999999989
13.3703955,8.179522401387631,0.639896499999999
13.380882400000004,8.02087563986406,0.6503207000000018
13.390495800000004,7.968833879342992,0.6599612999999991
13.402691400000002,7.789931650057636,0.6721533000000051
13.410544300000005,7.677540237620285,0.6799887000000027
13.420488900000002,7.60372870967274,0.6899841000000038
13.4305326,7.567153771952609,0.6999712000000002
13.440529400000003,7.375750831076357,0.7100241000000054
13.4506346,7.09988923293321,0.7199918000000025
13.460447300000006,7.293918879685199,0.729901500000004
13.470431600000005,7.24766957253901,0.7398840000000035
13.4804143,7.167618265175428,0.7499121000000031
13.490466000000005,7.190375823008391,0.7599364000000008
13.500563400000004,7.1789856653167865,0.7699611000000033
13.510486200000003,7.111121039461668,0.7799565000000044
13.520459100000004,6.966845205721355,0.7899051999999998
13.5336146,6.966845205721355,0.8030504000000036
13.540460800000005,6.8476616374779695,0.8099413999999996
13.550524100000004,6.74156490855173,0.8199532000000005
13.560445000000001,6.6272833866223495,0.8298995000000033
13.570515200000003,6.445616409894751,0.8399056000000016
13.580405200000001,6.337774657733094,0.8499115000000046
13.590644100000006,6.213346689581242,0.8600059000000044
13.600577300000005,6.0645797609342535,0.8700122999999991
13.610354800000003,5.679187476864623,0
13.625112800000004,5.712838601706433,0
13.630452400000003,5.596228086525299,0
13.6404012,5.612687495743965,0
13.650562200000003,5.579834383443626,0
13.660459700000004,5.395945471383927,0
13.670426500000005,5.198006519845759,0
13.680369800000001,5.131852375935964,0
13.6904227,4.838400677022255,0
13.703558700000002,4.580932645749876,0
13.7104517,4.4955759026401,0
13.720531800000003,4.424291317624163,0
13.730705900000004,4.337558081531954,0
13.740560100000003,4.270020776989198,0
13.751043899999999,4.0924377050572724,0
13.7606976,4.035800568395378,0
13.7706291,3.897132285244201,0
13.7850125,3.830656386869883,0
13.790721600000005,3.681135138795919,0
13.800724600000002,3.698737736416347,0
13.810451700000002,3.703160433111642,0
13.820459200000002,3.603643099466671,0
13.830419,3.5207502838804214,0
13.840447700000006,3.3948291210780956,0
13.851087,3.43720862701416,0
13.860393800000004,3.4216899156100355,0
13.870476700000005,3.301910000385119,0
13.880402100000005,3.3201240186972973,0
13.890506200000004,3.3274607785093675,0
13.900530700000004,3.4333173023818726,0
13.911012900000003,3.4885104855047704,0
13.920430000000003,3.5742527088499334,0
13.9305016,3.7120324069624946,0
13.940413200000002,3.8259789530890673,0
13.950531400000003,3.965495812250389,0
13.9605161,4.015512225424479,0
13.974029700000003,3.9853824191140568,0
13.987816700000003,4.015512225424479,0
14.003224600000003,4.020569105069346,0
14.003970500000001,4.046005767460161,0
14.010568500000005,4.1878469244146395,0
14.020416600000004,4.025636108594009,0
14.0303531,4.097648589614982,0
14.040597000000005,4.182455823463794,0
14.050602699999999,4.123859913704242,0
14.060420800000003,4.198661526897799,0
14.0704237,4.214964756839351,0
14.080440000000003,4.182455823463794,0
14.090436000000004,4.1878469244146395,0
14.100573500000003,4.177075493939835,0
14.1105618,4.198661526897799,0
14.1205225,4.166347063130264,0
14.130508500000005,4.171705914321434,0
14.140452700000004,4.11859665888607,0
14.150552600000005,4.046005767460161,0
14.160406200000004,4.0924377050572724,0
14.170332300000005,3.9556120097847174,0
14.183257100000006,4.010465449431882,0
14.196210800000003,4.061390309537554,0
14.200855100000005,4.015512225424479,0
14.210590800000006,4.061390309537554,0
14.220550200000005,4.0665390371680195,0
14.230573200000002,4.010465449431882,0
14.2405513,3.935962616077921,0
14.256243900000001,3.9803958425146178,0
14.260456300000001,3.9116209013381265,0
14.2707969,3.935962616077921,0
14.2803975,3.8731769387517763,0
14.290539500000001,3.892322032529845,0
14.300534500000005,3.8731769387517763,0
14.310423400000005,3.7981099540732797,0
14.320397700000001,3.931074780310812,0
14.330449200000004,3.8779488629628496,0
14.340966200000004,3.8779488629628496,0
14.3505064,3.863661674212862,0
14.3604183,3.7981099540732797,0
14.3704574,3.788894357737117,0
14.3803238,3.7981099540732797,0
14.390529200000003,3.743365278995631,0
14.400600400000002,3.6636728001724186,0
14.410401100000001,3.6291644384387713,0
14.4203847,3.5452709168378425,0
14.430394,3.516692042906382,0
14.4404288,3.383431971990317,0
14.450782799999999,3.4216899156100355,0
14.460386100000001,3.312816547308579,0
14.470540300000003,3.2553972266240674,0
14.480431600000003,3.2695802609315208,0
14.4905495,3.1861593270248654,0
14.500413600000002,3.2553972266240674,0
14.510425500000004,3.196369282222762,0
14.520449400000004,3.2066406812991475,0
14.530589900000003,3.2238972270365185,0
14.540566000000005,3.2238972270365185,0
14.550801500000006,3.3274607785093675,0
14.560496400000005,3.5288911559055007,0
14.5704681,3.7569285197020266,0
14.580384500000001,4.102869906370529,0
14.593942300000002,4.513665973999837,0
14.6005356,4.77208998078598,0
14.610405300000004,5.175822698741421,0
14.624513900000004,5.403765980228704,0
14.6304127,5.44310400232517,0
14.640586400000004,5.5229700809732805,0
14.6505407,5.466896331951051,0
14.6604727,5.579834383443626,0
14.670382600000003,5.482837378116464,0
14.680378600000004,5.4908318446744335,0
14.690472200000002,5.474858884513335,0
14.700559000000005,5.579834383443626,0
14.7105168,5.5880230381356535,0
14.720437400000002,5.629212874450519,0
14.7304618,5.9293686750734675,0
14.740588299999999,5.755282855289889,0
14.7504901,5.867644987585125,0
14.760469200000003,5.729765387115033,0
14.7704308,5.938257097883617,0
14.780400800000002,5.7981536807136225,0
14.790490300000002,5.885192238641251,0
14.8004459,6.010008088694971,9.000000034120603e-07
14.813348000000005,5.991962571435397,0
14.826383300000003,5.982966845017518,0
14.830359300000005,6.019057951718768,7.000000010748408e-07
14.844418700000006,5.991962571435397,0
14.8596699,6.019057951718768,7.000000010748408e-07
14.873328300000004,6.092112154082174,0.013559200000003102
14.874057400000005,6.2228036367552635,0.014384800000001974
14.880536900000003,6.27994423832014,0.020825800000004335
14.890470400000005,6.289534513875581,0.03075610000000495
14.900370700000003,6.347480709865341,0.040691000000002475
14.910508300000004,6.455538361358687,0.0507904000000039
14.920490800000003,6.49542520288607,0.06074480000000193
14.930337000000002,6.525550439437387,0.07065640000000428
14.940895700000006,6.6272833866223495,0.08121260000000063
14.950615900000003,6.5965495799240745,0.09074770000000143
14.960453100000002,6.5965495799240745,0.10070840000000203
14.9704701,6.5965495799240745,0.1107686000000001
14.9803827,6.617018288369059,0.12061990000000122
14.990483000000005,6.762614839982228,0.13080350000000607
15.000522199999999,6.752079349304772,0.14074730000000102
15.010471899999999,6.7205990086718055,0.15078700000000111
15.020437600000001,6.6272833866223495,0.16075510000000293
15.030455700000005,6.783749139762662,0.1707490000000007
15.040510500000003,6.879906645592216,0.18077770000000015
15.050627800000001,6.858388484023861,0.19086940000000396
15.060358100000002,6.934080128015318,0.20066060000000618
15.070423300000002,6.901511052181899,0.21069450000000245
15.080377300000002,6.923202049463866,0.22067230000000393
15.090603100000003,7.055185970536476,0.23080310000000281
15.104244600000001,7.259197235504502,0.24454960000000625
15.111018900000005,7.167618265175428,0.25120950000000164
15.1204033,7.317182651729675,0.26067760000000106
15.130426,7.328849479972434,0.2707364000000041
15.140472500000001,7.3055391338252935,0.2807683999999995
15.150595700000004,7.24766957253901,0.2907975000000036
15.160597200000005,7.652837914252965,0.30083880000000107
15.170484000000002,7.47068670608361,0.31075280000000305
15.180420900000001,7.423028897842612,0.3207291000000012
15.190522900000005,7.399342586455758,0.33083160000000333
15.200585799999999,7.518727305915347,0.3408264000000045
15.210357200000004,7.423028897842612,0.3506691000000046
15.220807700000002,7.677540237620285,0.3611193000000057
15.230403100000004,7.518727305915347,0.37070990000000137
15.240489500000002,7.518727305915347,0.3807895000000059
15.250530099999999,7.482660849647961,0.3907758000000001
15.260420800000006,7.518727305915347,0.4006753000000032
15.2703931,7.677540237620285,0.41068850000000623
15.280388000000002,7.567153771952609,0.42071420000000614
15.290416300000004,7.640523756686739,0.4307166000000038
15.300553200000003,7.652837914252965,0.440744500000001
15.310472600000004,7.840536452576179,0.45077970000000533
15.3204602,7.591512672362713,0.46074839999999995
15.3304294,7.60372870967274,0.47073790000000315
15.340545000000006,7.640523756686739,0.4808234999999996
15.350482,7.689928502230714,0.49070300000000344
15.360503200000004,7.7522428396548655,0.5007525000000044
15.370487700000005,7.677540237620285,0.5107479999999995
15.380477300000003,7.506681101523312,0.5207276000000007
15.390528100000004,7.7023415681634235,0.530781300000001
15.400486300000004,7.7522428396548655,0.5407272000000063
15.410388900000001,7.677540237620285,0.5507147000000003
15.420403400000005,7.689928502230714,0.560705200000001
15.430576700000003,7.689928502230714,0.5707952000000063
15.440586500000002,7.764780658974222,0.5807868999999997
15.450765400000002,7.815183446581865,0.5909115000000043
15.4606517,7.739730070915215,0.6008483000000027
15.470627900000004,7.739730070915215,0.6108259000000018
15.480452800000002,7.714779485070684,0.6207376000000053
15.490675200000005,7.677540237620285,0.6308773000000016
15.500799800000003,7.955888361417405,0.6409413000000015
15.510495500000005,7.878756617124858,0.6507813999999996
15.520435800000001,7.94296870865388,0.6607427000000001
15.530364900000002,7.878756617124858,0.6706789999999998
15.5404615,7.878756617124858,0.6807648999999998
15.550440100000003,7.9300748693738,0.6906859000000054
15.560610400000002,7.9300748693738,0.7008486000000005
15.570459400000004,8.126216529959919,0.7107317000000037
15.585123200000005,7.865991073689227,0.7252567000000028
15.597826000000005,8.007826142431599,0.7381288000000055
15.612684100000003,7.878756617124858,0.7529685000000015
15.613316000000005,7.891547717195478,0.7536584000000062
15.626077900000006,8.02087563986406,0.7663995999999997
15.6437563,7.802544922425701,0.7840615
15.644497100000002,7.865991073689227,0.7847966
15.6595966,8.060181092143798,0.7999015000000043
15.6741752,7.94296870865388,0.8144857000000059
15.6748281,7.917206792001785,0.8151655000000062
15.687708800000003,7.994802717912391,0.827984800000003
15.690553900000005,8.02087563986406,0.8307708000000034
15.704603500000005,7.94296870865388,0.844931900000006
15.7182095,7.840536452576179,0.8584782000000004
15.720403600000004,7.789931650057636,0.8607103000000009
15.7303797,7.802544922425701,0.8706791000000038
15.740890300000004,7.840536452576179,0.8811778000000032
15.750466000000003,7.739730070915215,0.8907409000000044
15.7606215,7.727242302704185,0.9008006000000037
15.770462700000003,7.802544922425701,0.9107529000000056
15.780442100000002,7.714779485070684,0.920719400000003
15.7905272,7.665176724779058,0.9308064000000016
15.800567800000003,7.555010811416895,0.9407703000000041
15.810438000000005,7.6159692035057525,0.9507236000000034
15.8204712,7.530797626824645,0.9607051000000055
15.830396800000003,7.45873648687406,0.9706642000000016
15.840459100000004,7.41117389899744,0.9807658000000004
15.850436000000002,7.399342586455758,0.9907162000000014
15.860419,7.375750831076357,1.0007041
15.870525300000004,7.317182651729675,1.0007041
15.8813065,7.35225325423583,1.0007041
15.898211600000003,7.282321842828364,1.0007041
15.900733200000005,7.317182651729675,1.0007041
15.910801500000005,7.270747976866626,1.0007041
15.921214500000005,7.3055391338252935,1.0007041
15.930708899999999,7.236164941859489,1.0007041
15.940666100000001,7.156273577114696,1.0007041
15.950783300000005,7.317182651729675,1.0007041
15.960602000000002,7.328849479972434,1.0007041
15.970833900000002,7.363990293871589,1.0007041
15.9806241,7.423028897842612,1.0007041
15.990804000000004,7.375750831076357,1.0007041
16.0007442,7.282321842828364,1.0007041
16.010590400000005,7.446810144218417,1.0007041
16.0206608,7.423028897842612,1.0007041
16.030569300000003,7.328849479972434,1.0007041
16.0405997,7.293918879685199,1.0007041
16.050717500000005,7.293918879685199,1.0007041
16.060439200000005,7.3055391338252935,1.0007041
16.0705005,7.236164941859489,1.0007041
16.080510000000004,7.201788783810888,1.0007041
16.0906436,7.236164941859489,1.0007041
16.100535800000003,7.282321842828364,1.0007041
16.110571900000004,7.293918879685199,1.0007041
16.120497800000003,7.111121039461668,1.0007041
16.130435600000006,7.293918879685199,1.0007041
16.140587000000004,7.213224593376143,1.0007041
16.1506453,7.122375332081784,1.0007041
16.160553200000003,6.9998074648463415,1.0007041
16.170642,7.111121039461668,1.0007041
16.180990800000004,7.066328281073982,1.0007041
16.1907182,6.966845205721355,1.0007041
16.200655500000003,6.955901662500982,1.0007041
16.2106543,6.988798062988308,1.0007041
16.220601700000003,7.01083890754158,1.0007041
16.2309208,6.9449799844945455,1.0007041
16.2405484,6.934080128015318,1.0007041
16.250691600000003,7.021892435199812,1.0007041
16.2605013,7.09988923293321,1.0007041
16.270533300000004,7.122375332081784,1.0007041
16.280495800000004,7.066328281073982,1.0007041
16.290678400000004,7.032968092035166,1.0007041
16.3006623,6.966845205721355,1.0007041
16.310564500000005,6.9449799844945455,1.0007041
16.3205271,7.09988923293321,1.0007041
16.330478300000003,7.111121039461668,1.0007041
16.340549100000004,7.3055391338252935,1.0007041
16.3508056,7.259197235504502,1.0007041
16.360609600000004,7.317182651729675,1.0007041
16.370595300000005,7.282321842828364,1.0007041
16.380604500000004,7.236164941859489,1.0007041
16.391125300000006,7.423028897842612,1.0007041
16.4006885,7.328849479972434,1.0007041
16.4106157,7.591512672362713,1.0007041
16.420547,7.446810144218417,1.0007041
16.430607300000005,7.434907630411287,1.0007041
16.4405864,7.542892112532513,1.0007041
16.450581400000004,7.677540237620285,1.0007041
16.460653100000002,7.689928502230714,1.0007041
16.470577900000002,7.677540237620285,1.0007041
16.4809579,7.840536452576179,1.0007041
16.490635600000005,7.764780658974222,1.0007041
16.500562600000002,7.878756617124858,1.0007041
16.510709000000006,7.815183446581865,1.0007041
16.5205956,7.853251035826392,1.0007041
16.5304773,7.878756617124858,1.0007041
16.540685000000003,7.7023415681634235,1.0007041
16.550725300000003,7.7773435790245795,1.0007041
16.5606061,7.9300748693738,1.0007041
16.570655100000003,7.7522428396548655,1.0007041
16.580600500000003,7.840536452576179,1.0007041
16.590678500000003,7.739730070915215,1.0007041
16.6007411,7.878756617124858,1.0007041
16.610694600000002,7.677540237620285,1.0007041
16.621047600000004,7.727242302704185,1.0007041
16.6306207,7.677540237620285,1.0007041
16.640601100000005,7.677540237620285,1.0007041
16.6505583,7.530797626824645,1.0007041
16.6606198,7.317182651729675,1.0007041
16.670532,7.144951555755833,1.0007041
16.680522200000006,6.586345887857524,1.0007041
16.690659100000005,5.579834383443626,1.0007041
16.700538800000004,4.41257599861211,1.0007041
16.710635200000006,3.464666907270373,1.0007041
16.720715600000005,2.514507408027352,1.0007041
16.730513100000003,1.9233019529637416,1.0007041
16.740727400000004,1.596549584856404,1.0007041
16.7503496,1.4929614,1.0007041
16.7602873,1.4929614,1.0007041
16.770476100000003,1.4929614,1.0007041
16.780267600000002,1.4929614,1.0007041
16.790410900000005,1.4929614,1.0007041
16.800201800000004,1.4929614,1.0007041
16.810237100000002,1.4929614,1.0007041
16.8202966,1.4929614,1.0007041
16.830235700000003,1.4929614,1.0007041
16.840298400000002,1.4929614,1.0007041
16.8503976,1.4929614,1.0007041
16.8602446,1.4929614,1.0007041
16.870243000000002,1.4929614,1.0007041
