0.0004649999999983834,1.4929614,0
0.010246599999998551,1.4929614,0
0.025937599999998895,1.4929614,0
0.03021129999999772,1.4929614,0
0.040176699999999954,1.4929614,0
0.05019229999999908,1.4929614,0
0.06037119999999874,1.4929614,0
0.07021869999999808,1.4929614,0
0.08022349999999889,1.4929614,0
0.09016549999999768,1.4929614,0
0.10019309999999848,1.4929614,0
0.11020539999999812,1.4929614,0
0.12020689999999945,1.4929614,0
0.13026729999999986,1.4929614,0
0.14017339999999834,1.4929614,0
0.15019099999999952,1.4929614,0
0.16037019999999913,1.4929614,0
0.17018389999999783,1.4929614,0
0.18022140000000064,1.4929614,0
0.19023839999999836,1.4929614,0
0.20022849999999792,1.4929614,0
0.2102359000000007,1.4929614,0
0.22017430000000004,1.4929614,0
0.2302616999999998,1.4929614,0
0.24029660000000064,1.4929614,0
0.2502247000000004,1.4929614,0
0.2602249999999984,1.4929614,0
0.27018899999999846,1.4929614,0
0.2802568999999977,1.4929614,0
0.29022840000000016,1.4929614,0
0.3002476999999999,1.4929614,0
0.3102419999999988,1.4929614,0
0.32041710000000023,1.4929614,0
0.3302250999999998,1.4929614,0
0.34026859999999814,1.4929614,0
0.35030550000000105,1.4929614,0
0.3603671999999989,1.4929614,0
0.37026389999999765,1.4929614,0
0.3802072999999986,1.4929614,0
0.39025099999999924,1.4929614,0
0.4002119999999998,1.4929614,0
0.4102624000000006,1.4929614,0
0.4201923999999977,1.4929614,0
0.43029869999999804,1.4929614,0
0.44018529999999956,1.4929614,0
0.45021949999999933,1.4929614,0
0.4602743999999994,1.4929614,0
0.47016359999999935,1.4929614,0
0.4802028000000007,1.4929614,0
0.49021529999999913,1.4929614,0
0.5002548999999981,1.4929614,0
0.5102647000000005,1.4929614,0
0.5201530000000005,1.4929614,0
0.5301811000000001,1.4929614,0
0.5401959999999981,1.4929614,0
0.5502614000000001,1.4929614,0
0.5602154999999982,1.4929614,0
0.5703601999999997,1.4929614,0
0.5805220999999996,1.4929614,0
0.5904044000000006,1.4929614,0
0.6004033,1.4929614,0
0.6104400000000005,1.4929614,0
0.6203414999999985,1.4929614,0
0.6301729999999992,1.4929614,0
0.6404631999999992,1.4929614,0
0.6502477999999989,1.4929614,0
0.6602375999999985,1.4929614,0
0.6702635000000008,1.4929614,0
0.680185299999998,1.4929614,0
0.6901568999999981,1.4929614,0
0.7002261999999995,1.4929614,0
0.7102275999999996,1.4929614,0
0.7202461000000007,1.4929614,0
0.7302183999999983,1.4929614,0
0.740146799999998,1.4929614,0
0.7502382999999995,1.4929614,0
0.7602443999999977,1.4929614,0
0.7702801000000008,1.4929614,0
0.7802600999999996,1.4929614,0
0.7901242999999987,1.4929614,0
0.800236899999998,1.4929614,0
0.8102304999999994,1.4929614,0
0.8202403999999994,1.4929614,0
0.830171,1.4929614,0
0.8402174000000002,1.4929614,0
0.850207000000001,1.4929614,0
0.860282299999998,1.4929614,0
0.8702840999999992,1.4929614,0
0.8803310999999994,1.4929614,0
0.8902028999999985,1.4929614,0
0.9001629999999992,1.4929614,0
0.9102101000000005,1.4929614,0
0.9201650000000008,1.4929614,0
0.9301765999999994,1.4929614,0
0.9401396999999996,1.4929614,0
0.9502637000000007,1.4929614,0
0.9601714999999977,1.4929614,0
0.9702628000000004,1.4929614,0
0.980227799999998,1.4929614,0
0.9901729999999986,1.4929614,0
1.0002136999999998,1.4929614,0
1.0131353999999995,1.4929614,0
1.0202314000000001,1.4929614,0
1.0302004999999994,1.4929614,0
1.0402674000000012,1.4929614,0
1.0502912999999978,1.4929614,0
1.0602620999999992,1.4929614,0
1.070667799999999,1.4929614,0
1.0802033999999985,1.4929614,0
1.0901250000000005,1.4929614,0
1.1002402999999994,1.4929614,0
1.1101904000000005,1.4929614,0
1.1201711000000003,1.4929614,0
1.1301872999999993,1.4929614,0
1.1402421999999994,1.4929614,0
1.1503127000000006,1.4929614,0
1.1601783999999995,1.4929614,0
1.1702425999999981,1.4929614,0
1.1801989999999982,1.4929614,0
1.1901772999999984,1.4929614,0
1.2002471999999997,1.4929614,0
1.2102429000000008,1.4929614,0
1.2201841000000009,1.4929614,0
1.230311399999998,1.4929614,0
1.2402799000000009,1.4929614,0
1.2502429,1.4929614,0
1.2604234999999981,1.4929614,0
1.2701971000000007,1.4929614,0
1.2802419999999977,1.4929614,0
1.2902145999999988,1.4929614,0
1.3002578999999983,1.4929614,0
1.3101994999999995,1.4929614,0
1.3202861999999982,1.4929614,0
1.3302224999999979,1.4929614,0
1.3402276999999998,1.4929614,0
1.3504818999999983,1.4929614,0
1.360486299999998,1.4929614,0
1.370170899999998,1.4929614,0
1.3802668000000011,1.4929614,0
1.3902955999999982,1.4929614,0
1.4002160000000003,1.4929614,0
1.4105223000000002,1.4929614,0
1.4202396999999998,1.4929614,0
1.4302369000000006,1.4929614,0
1.4402478999999992,1.4929614,0
1.4503090999999984,1.4929614,0
1.4603016999999987,1.4929614,0
1.4705098999999997,1.4929614,0
1.4803898999999987,1.4929614,0
1.490374499999998,1.4929614,0
1.500365500000001,1.4929614,0
1.5102972999999977,1.4929614,0
1.5203561000000008,1.4929614,0
1.5304561999999997,1.4929614,0
1.5402786999999982,1.4929614,0
1.5502102999999998,1.4929614,0
1.5602497,1.4929614,0
1.570166099999998,1.4929614,0
1.5802014,1.4929614,0
1.5901955,1.4929614,0
1.6003223999999996,1.4929614,0
1.6101954999999997,1.4929614,0
1.6201766000000006,1.4929614,0
1.630243,1.4929614,0
1.6402864000000008,1.4929614,0
1.650224099999999,1.4929614,0
1.6602639000000003,1.4929614,0
1.6703302999999998,1.4929614,0
1.6802112999999999,1.4929614,0
1.6901635999999982,1.4929614,0
1.7002407999999996,1.4929614,0
1.7103535,1.4929614,0
1.7201902000000011,1.4929614,0
1.7302220999999989,1.4929614,0
1.7403182999999984,1.4929614,0
1.750342100000001,1.4929614,0
1.7602568999999981,1.4929614,0
1.7702720999999997,1.4929614,0
1.7802441000000009,1.4929614,0
1.7903002999999984,1.4929614,0
1.8002186999999985,1.4929614,0
1.810333400000001,1.4929614,0
1.8202794000000004,1.4929614,0
1.8301513999999983,1.4929614,0
1.8403150000000004,1.4929614,0
1.8502392999999984,1.4929614,0
1.8602761999999977,1.4929614,0
1.8702876999999987,1.4929614,0
1.880229100000001,1.4929614,0
1.8901423999999984,1.4929614,0
1.9002142000000006,1.4929614,0
1.9103007000000005,1.4929614,0
1.9202015999999986,1.4929614,0
1.9302357000000008,1.4929614,0
1.9403135999999996,1.4929614,0
1.9505440999999983,1.4929614,0
1.9602091999999978,1.4929614,0
1.9702386999999995,1.4929614,0
1.9802640999999994,1.4929614,0
1.9901628000000002,1.4929614,0
2.0002083000000006,1.4929614,0
2.010205299999999,1.4929614,0
2.0203400999999985,1.4929614,0
2.030247499999998,1.4929614,0
2.0401631999999985,1.4929614,0
2.050205899999998,1.4929614,0
2.060307999999999,1.4929614,0
2.0703259000000003,1.4929614,0
2.0802011,1.4929614,0
2.0901156999999984,1.4929614,0
2.1001766999999987,1.4929614,0
2.1102634999999985,1.4929614,0
2.1201849999999993,1.4929614,0
2.130175099999999,1.4929614,0
2.140163900000001,1.4929614,0
2.1502090000000003,1.4929614,0
2.1602166999999994,1.4929614,0
2.1702182000000008,1.4929614,0
2.180276899999999,1.4929614,0
2.1900793000000007,1.4929614,0
2.2002094999999997,1.4929614,0
2.210225600000001,1.4929614,0
2.2202126,1.4929614,0
2.230232300000001,1.4929614,0
2.2402106999999987,1.4929614,0
2.250226299999998,1.4929614,0
2.260222299999999,1.4929614,0
2.2702603000000003,1.4929614,0
2.2802033,1.4929614,0
2.2902492999999993,1.4929614,0
2.3002590000000005,1.4929614,0
2.3102829999999983,1.4929614,0
2.320245700000001,1.4929614,0
2.330248600000001,1.4929614,0
2.3401686999999995,1.4929614,0
2.3503138999999997,1.4929614,0
2.3602269999999983,1.4929614,0
2.3703812999999982,1.4929614,0
2.3804814000000007,1.4929614,0
2.3903558999999994,1.4929614,0
2.4003192999999996,1.4929614,0
2.4103768999999993,1.4929614,0
2.420342999999999,1.4929614,0
2.430245799999998,1.4929614,0
2.4405198000000006,1.4929614,0
2.4503167999999995,1.4929614,0
2.4602122999999985,1.4929614,0
2.4702339,1.4929614,0
2.4802748999999977,1.4929614,0
2.490298799999998,1.4929614,0
2.500234899999999,1.4929614,0
2.5102982999999988,1.4929614,0
2.520259499999998,1.4929614,0
2.5301764999999996,1.4929614,0
2.5402324000000007,1.4929614,0
2.5502365000000005,1.4929614,0
2.5602616000000005,1.4929614,0
2.5702286999999977,1.4929614,0
2.5804221,1.4929614,0
2.5902157999999993,1.4929614,0
2.6002830999999986,1.4929614,0
2.6102628999999986,1.4929614,0
2.6202726,1.4929614,0
2.6302190000000003,1.4929614,0
2.6401657000000007,1.4929614,0
2.650203300000001,1.4929614,0
2.6601837999999987,1.4929614,0
2.6702724999999994,1.4929614,0
2.6802268,1.4929614,0
2.690171799999998,1.4929614,0
2.700205799999999,1.4929614,0
2.710426599999998,1.4929614,0
2.7203139000000007,1.4929614,0
2.7302467999999998,1.4929614,0
2.7401944,1.4929614,0
2.7501584,1.4929614,0
2.7603760999999984,1.4929614,0
2.770169299999999,1.4929614,0
2.780278499999998,1.4929614,0
2.790237900000001,1.4929614,0
2.8002509999999994,1.4929614,0
2.810225299999999,1.4929614,0
2.8202010999999985,1.4929614,0
2.8302104999999997,1.4929614,0
2.840251200000001,1.4929614,0
2.850189499999999,1.4929614,0
2.8602270999999995,1.4929614,0
2.870217199999999,1.4929614,0
2.8801755,1.4929614,0
2.890148700000001,1.4929614,0
2.900155299999998,1.4929614,0
2.910281900000001,1.4929614,0
2.9202826,1.4929614,0
2.9302594999999982,1.4929614,0
2.9401919999999997,1.4929614,0
2.9501890999999993,1.4929614,0
2.9602292000000006,1.4929614,0
2.9703270999999987,1.4929614,0
2.9802897999999978,1.4929614,0
2.9901883,1.4929614,0
3.0003573999999986,1.4929614,0
3.010579100000001,1.4929614,0
3.0202962999999983,1.4929614,0
3.0303103,1.4929614,0
3.040393899999998,1.4929614,0
3.0502587000000005,1.4929614,0
3.060356200000001,1.4929614,0
3.0701818000000003,1.4929614,0
3.080172900000001,1.4929614,0
3.090223899999998,1.4929614,0
3.1002940999999993,1.4929614,0
3.110307800000001,1.4929614,0
3.1202453000000006,1.4929614,0
3.1302233999999984,1.4929614,0
3.1401950999999997,1.4929614,0
3.1501674999999985,1.4929614,0
3.1602925000000006,1.4929614,0
3.170274799999998,1.4929614,0
3.180196200000001,1.4929614,0
3.190346899999998,1.4929614,0
3.200234899999998,1.4929614,0
3.2102053999999995,1.4929614,0
3.220300899999998,1.4929614,0
3.2301879000000007,1.4929614,0
3.2401742999999996,1.4929614,0
3.250190700000001,1.4929614,0
3.2602370999999977,1.4929614,0
3.270218100000001,1.4929614,0
3.280280600000001,1.4929614,0
3.290189399999999,1.4929614,0
3.3002357999999994,1.4929614,0
3.310293399999999,1.4929614,0
3.320219999999999,1.4929614,0
3.330216400000001,1.4929614,0
3.3402810999999986,1.4929614,0
3.3502520999999987,1.4929614,0
3.3602968000000004,1.4929614,0
3.3702903000000006,1.4929614,0
3.3802090000000007,1.4929614,0
3.3901839000000002,1.4929614,0
3.4002634999999977,1.4929614,0
3.4102594999999987,1.4929614,0
3.4201802999999984,1.4929614,0
3.4301983999999983,1.4929614,0
3.4401902,1.4929614,0
3.4502205000000004,1.4929614,0
3.460178799999998,1.4929614,0
3.4702889,1.4929614,0
3.4801721000000008,1.4929614,0
3.4901891999999997,1.4929614,0
3.5003214000000007,1.4929614,0
3.5103285,1.4929614,0
3.520226900000001,1.4929614,0
3.530225899999998,1.4929614,0
3.540174199999999,1.4929614,0
3.550153999999999,1.4929614,0
3.5602598999999984,1.4929614,0
3.5702464999999997,1.4929614,0
3.5803228999999988,1.4929614,0
3.590306599999998,1.4929614,0
3.6002586999999977,1.4929614,0
3.610341299999998,1.4929614,0
3.620317700000001,1.4929614,0
3.6301935000000007,1.4929614,0
3.6401743999999994,1.4929614,0
3.650276699999999,1.4929614,0
3.660256399999998,1.4929614,0
3.6702088999999987,1.4929614,0
3.6801761999999982,1.4929614,0
3.6901249000000007,1.4929614,0
3.7001874999999984,1.4929614,0
3.7102477,1.4929614,0
3.7203111,1.4929614,0
3.7301946999999984,1.4929614,0
3.7401975000000007,1.4929614,0
3.7502077000000007,1.4929614,0
3.7602075,1.4929614,0
3.770184499999999,1.4929614,0
3.7802003000000006,1.4929614,0
3.7901717999999995,1.4929614,0
3.800199299999999,1.4929614,0
3.8105683,1.4929614,0
3.8202163999999996,1.4929614,0
3.830203000000001,1.4929614,0
3.840192899999998,1.4929614,0
3.8502118000000003,1.4929614,0
3.8602412999999984,1.4929614,0
3.870307199999999,1.4929614,0
3.8802091999999995,1.4929614,0
3.890153399999999,1.4929614,0
3.900201299999999,1.4929614,0
3.9102259000000004,1.4929614,0
3.920341399999998,1.4929614,0
3.9302719999999987,1.4929614,0
3.9402068999999997,1.4929614,0
3.950250999999998,1.4929614,0
3.9602271999999985,1.4929614,0
3.970209699999998,1.4929614,0
3.980151799999998,1.4929614,0
3.9902057000000006,1.4929614,0
4.0002849000000005,1.4929614,0
4.010335699999999,1.4929614,0
4.020216999999999,1.4929614,0
4.0302133,1.4929614,0
4.040168999999999,1.4929614,0
4.050200399999998,1.4929614,0
4.0602947,1.4929614,0
4.070235699999998,1.4929614,0
4.080242800000001,1.4929614,0
4.090193499999998,1.4929614,0
4.1001747,1.4929614,0
4.1102311,1.4929614,0
4.120350999999999,1.4929614,0
4.130292900000001,1.4929614,0
4.140322399999999,1.4929614,0
4.150137999999998,1.4929614,0
4.160251800000001,1.4929614,0
4.170208299999999,1.4929614,0
4.180147899999998,1.4929614,0
4.190239500000001,1.4929614,0
4.200279699999999,1.4929614,0
4.210343899999998,1.4929614,0
4.220403900000001,1.4929614,0
4.230458200000001,1.4929614,0
4.240513700000001,1.4929614,0
4.250350300000001,1.4929614,0
4.260409599999999,1.4929614,0
4.2704312999999985,1.4929614,0
4.2802811,1.4929614,0
4.290269800000001,1.4929614,0
4.300333500000001,1.4929614,0
4.3101643,1.4929614,0
4.320159099999998,1.4929614,0
4.3302426999999994,1.4929614,0
4.340225399999998,1.4929614,0
4.350181899999999,1.4929614,0
4.3602609,1.4929614,0
4.370191299999998,1.4929614,0
4.380343100000001,1.4929614,0
4.390277900000001,1.4929614,0
4.4002962,1.4929614,0
4.4102581,1.4929614,0
4.420248699999998,1.4929614,0
4.430275899999998,1.4929614,0
4.4402295999999986,1.4929614,0
4.450288799999999,1.4929614,0
4.460238399999998,1.4929614,0
4.4702324,1.4929614,0
4.480208900000001,1.4929614,0
4.490617699999998,1.4929614,0
4.5002545000000005,1.4929614,0
4.5106462,1.4929614,0
4.520406699999999,1.4929614,0
4.530193199999999,1.4929614,0
4.540242199999998,1.4929614,0
4.550193499999999,1.4929614,0
4.5603151,1.4929614,0
4.570112599999998,1.4929614,0
4.5801388,1.4929614,0
4.590253799999999,1.4929614,0
4.600219599999999,1.4929614,0
4.610354099999999,1.4929614,0
4.6202334,1.4929614,0
4.630218799999998,1.4929614,0
4.6402328,1.4929614,0
4.650256800000001,1.4929614,0
4.6601763,1.4929614,0
4.6702443,1.4929614,0
4.6801677999999995,1.4929614,0
4.6902063,1.4929614,0
4.700240300000001,1.4929614,0
4.710234,1.4929614,0
4.7201618,1.4929614,0
4.7301950999999995,1.4929614,0
4.740182699999998,1.4929614,0
4.750139699999998,1.4929614,0
4.760189699999998,1.4929614,0
4.770326699999998,1.4929614,0
4.780235699999999,1.4929614,0
4.790159299999999,1.4929614,0
4.800261599999999,1.4929614,0
4.8102301999999995,1.4929614,0
4.820224799999998,1.4929614,0
4.830189699999998,1.4929614,0
4.840191000000001,1.4929614,0
4.850176600000001,1.4929614,0
4.8602354000000005,1.4929614,0
4.8702383000000005,1.4929614,0
4.880202799999999,1.4929614,0
4.890162799999999,1.4929614,0
4.900176399999999,1.4929614,0
4.910186700000001,1.4929614,0
4.9203601,1.4929614,0
4.930236300000001,1.4929614,0
4.940222800000001,1.4929614,0
4.950142799999998,1.4929614,0
4.960217399999998,1.4929614,0
4.970230300000001,1.4929614,0
4.9801332999999985,1.4929614,0
4.990423700000001,1.4929614,0
5.000364900000001,1.4929614,0
5.010438000000001,1.4929614,0
5.020398699999998,1.4929614,0
5.030312800000001,1.4929614,0
5.040333,1.4929614,0
5.050338400000001,1.4929614,0
5.060245899999998,1.4929614,0
5.070230800000001,1.4929614,0
5.080187200000001,1.4929614,0
5.0901748,1.4929614,0
5.100225200000001,1.4929614,0
5.110213599999998,1.4929614,0
5.120264299999999,1.4929614,0
5.130223300000001,1.4929614,0
5.140198899999998,1.4929614,0
5.1501749,1.4929614,0
5.1602847999999994,1.4929614,0
5.170317300000001,1.4929614,0
5.1802600000000005,1.4929614,0
5.190165199999999,1.4929614,0
5.2002635999999995,1.4929614,0
5.210259199999999,1.4929614,0
5.220250099999998,1.4929614,0
5.230203599999999,1.4929614,0
5.240358999999998,1.4929614,0
5.250268200000001,1.4929614,0
5.260242999999999,1.4929614,0
5.270189800000001,1.4929614,0
5.280141799999999,1.4929614,0
5.2901697,1.4929614,0
5.3002295,1.4929614,0
5.310260199999998,1.4929614,0
5.320301300000001,1.4929614,0
5.3301932,1.4929614,0
5.340254599999998,1.4929614,0
5.350206199999999,1.4929614,0
5.360205199999999,1.4929614,0
5.3701586,1.4929614,0
5.3801977,1.4929614,0
5.3902736,1.4929614,0
5.400260299999999,1.4929614,0
5.4102907999999985,1.4929614,0
5.420256500000001,1.4929614,0
5.430223399999999,1.4929614,0
5.4402559,1.4929614,0
5.450182599999998,1.4929614,0
5.4602268999999986,1.4929614,0
5.470222799999998,1.4929614,0
5.48019,1.4929614,0
5.490218599999999,1.4929614,0
5.500263,1.4929614,0
5.5102541999999985,1.4929614,0
5.520336199999999,1.4929614,0
5.530247799999998,1.4929614,0
5.540239400000001,1.4929614,0
5.5501638,1.4929614,0
5.5602895,1.4929614,0
5.570350299999998,1.4929614,0
5.580216199999999,1.4929614,0
5.590178299999998,1.4929614,0
5.600242599999998,1.4929614,0
5.610220599999998,1.4929614,0
5.6202951,1.4929614,0
5.6302451,1.4929614,0
5.640229399999999,1.4929614,0
5.6502722,1.4929614,0
5.660233299999998,1.4929614,0
5.670259299999998,1.4929614,0
5.6801961,1.4929614,0
5.6901796000000004,1.4929614,0
5.700198999999998,1.4929614,0
5.710198299999998,1.4929614,0
5.7201691,1.4929614,0
5.7301748,1.4929614,0
5.7401664,1.4929614,0
5.750220599999999,1.4929614,0
5.760231000000001,1.4929614,0
5.770190899999999,1.4929614,0
5.7801887,1.4929614,0
5.7901859999999985,1.4929614,0
5.800244799999998,1.4929614,0
5.810162299999998,1.4929614,0
5.820208900000001,1.4929614,0
5.830234699999998,1.4929614,0
5.8402499,1.4929614,0
5.850183299999998,1.4929614,0
5.860200299999999,1.4929614,0
5.870323299999999,1.4929614,0
5.880189699999999,1.4929614,0
5.890156699999999,1.4929614,0
5.900291799999998,1.4929614,0
5.910264999999999,1.4929614,0
5.9203622,1.4929614,0
5.930244899999998,1.4929614,0
5.940215800000001,1.4929614,0
5.950378499999999,1.4929614,0
5.9604623,1.4929614,0
5.970353799999998,1.4929614,0
5.980390799999999,1.4929614,0
5.990311200000001,1.4929614,0
6.0003715,1.4929614,0
6.010406,1.4929614,0
6.020467400000001,1.4929614,0
6.030238799999999,1.4929614,0
6.040154099999999,1.4929614,0
6.050198599999998,1.4929614,0
6.0602586999999986,1.4929614,0
6.070319699999999,1.4929614,0
6.080297299999998,1.4929614,0
6.090127599999999,1.4929614,0
6.100262300000001,1.4929614,0
6.110192699999999,1.4929614,0
6.1203015,1.4929614,0
6.1301889,1.4929614,0
6.140205899999998,1.4929614,0
6.150177299999999,1.4929614,0
6.160223800000001,1.4929614,0
6.170246299999999,1.4929614,0
6.180160399999998,1.4929614,0
6.190151699999998,1.4929614,0
6.200324299999998,1.4929614,0
6.210160200000001,1.4929614,0
6.220238800000001,1.4929614,0
6.230166099999998,1.4929614,0
6.240232199999998,1.4929614,0
6.250236399999999,1.4929614,0
6.260289499999999,1.4929614,0
6.270341999999999,1.4929614,0
6.280222299999998,1.4929614,0
6.2901481,1.4929614,0
6.3002368,1.4929614,0
6.310220399999999,1.4929614,0
6.320212399999999,1.4929614,0
6.330297899999998,1.4929614,0
6.340250399999999,1.4929614,0
6.3505897000000004,1.4929614,0
6.3603086,1.4929614,0
6.370329699999999,1.4929614,0
6.3802240999999995,1.4929614,0
6.390219399999999,1.4929614,0
6.4004163,1.4929614,0
6.410277000000001,1.4929614,0
6.420246299999999,1.4929614,0
6.430428199999998,1.4929614,0
6.440190900000001,1.4929614,0
6.450286599999998,1.4929614,0
6.460270399999999,1.4929614,0
6.470321200000001,1.4929614,0
6.480322600000001,1.4929614,0
6.490162399999999,1.4929614,0
6.500228199999999,1.4929614,0
6.510157400000001,1.4929614,0
6.520205999999998,1.4929614,0
6.530177500000001,1.4929614,0
6.540168999999999,1.4929614,0
6.550388599999998,1.4929614,0
6.560239299999999,1.4929614,0
6.570312099999999,1.4929614,0
6.5802443,1.4929614,0
6.590135099999998,1.4929614,0
6.600151799999999,1.4929614,0
6.610228199999998,1.4929614,0
6.620247599999999,1.4929614,0
6.630180499999998,1.4929614,0
6.640132699999999,1.4929614,0
6.650208599999999,1.4929614,0
6.6602079,1.4929614,0
6.670553299999998,1.4929614,0
6.680225,1.4929614,0
6.690220700000001,1.4929614,0
6.7001855,1.4929614,0
6.710173600000001,1.4929614,0
6.720291499999998,1.4929614,0
6.7303955,1.4929614,0
6.740164499999999,1.4929614,0
6.7502256,1.4929614,0
6.760307099999999,1.4929614,0
6.770358399999999,1.4929614,0
6.780196099999998,1.4929614,0
6.790165200000001,1.4929614,0
6.8002,1.4929614,0
6.8102205,1.4929614,0
6.820264999999999,1.4929614,0
6.830216,1.4929614,0
6.840209899999998,1.4929614,0
6.850240599999999,1.4929614,0
6.860295300000001,1.4929614,0
6.870203799999999,1.4929614,0
6.8801503,1.4929614,0
6.890141100000001,1.4929614,0
6.900164799999999,1.4929614,0
6.9102803,1.4929614,0
6.9201993,1.4929614,0
6.930181300000001,1.4929614,0
6.940127,1.4929614,0
6.9502302,1.4929614,0
6.960190600000001,1.4929614,0
6.970697999999999,1.4929614,0
6.980400700000001,1.4929614,0
6.990441799999999,1.4929614,0
7.000306200000001,1.4929614,0
7.010484099999999,1.4929614,0
7.0203932999999985,1.4929614,0
7.030388500000001,1.4929614,0
7.040203599999998,1.4929614,0
7.050253399999999,1.4929614,0
7.060237900000001,1.4929614,0
7.0702757,1.4929614,0
7.080201299999999,1.4929614,0
7.090172799999998,1.4929614,0
7.100356299999998,1.4929614,0
7.110249199999998,1.4929614,0
7.1202246,1.4929614,0
7.130235599999999,1.4929614,0
7.140183,1.4929614,0
7.150243,1.4929614,0
7.1603463000000005,1.4929614,0
7.1705854,1.4930499424641988,0
7.180475600000001,1.4986463155553549,0
7.1905854,1.5020330413508531,0
7.2004707,1.5102632664010744,0
7.210500799999998,1.5122092147134056,0
7.220658799999999,1.5163988118843432,0
7.230600299999999,1.5257023353311596,0
7.240354700000001,1.5308791509900515,0
7.250471099999999,1.5431361728710167,0
7.2604939,1.5621559184735563,0
7.2704512,1.576465205393792,0
7.2805274,1.5950627229868326,0
7.290444399999998,1.618670343457435,0
7.3005356,1.6345454629175211,0
7.310565,1.6614045603730137,0
7.320546099999998,1.677960476266032,0
7.3304106,1.7036816648896072,0
7.340368099999999,1.7368395127075635,0
7.3505286000000005,1.7585048377119603,0
7.3605372,1.8180411104640009,0
7.3705368,1.8828154002105104,0
7.380468699999998,1.9698743743681726,0
7.390405600000001,2.014053912124568,0
7.4044566,2.0577341405960836,0
7.410653499999999,2.1890942359722265,0
7.420534400000001,2.210397006931932,0
7.4305345,2.31210746111295,0
7.440483,2.345674627379986,0
7.450532499999998,2.4244233246686595,0
7.460480399999998,2.508376375071145,0
7.470572699999998,2.62003472923619,0
7.4804575,2.792512671612885,0
7.490434999999998,2.941106924245793,0
7.500566899999999,3.1001927434562497,0
7.513603700000001,3.2100781990336418,0
7.520549899999999,3.3422226334273053,0
7.530574899999998,3.417829597383815,0
7.5404665999999985,3.464666907270373,0
7.550427299999999,3.4725829965231765,0
7.560572799999999,3.48053081354623,0
7.5705761,3.5452709168378425,0
7.580663299999998,3.5952038168863396,0
7.590540099999998,3.6377398355528943,0
7.600435900000001,3.752398394298066,0
7.610527000000001,3.7981099540732797,0
7.620780700000001,3.8400393658647163,0
7.6304388,3.8779488629628496,0
7.64049,4.0054287569044424,0
7.654361699999999,4.182455823463794,0
7.660535299999999,4.1450185145715945,0
7.6705811,4.182455823463794,0
7.680482699999999,4.129133705565583,0
7.690444299999999,4.231366100206485,0
7.700547799999999,4.707092324309132,0
7.710456399999998,4.618252106430505,0
7.7206700999999995,4.681455071457933,0
7.730519399999999,4.681455071457933,0
7.740453800000001,4.4537854557067424,0
7.750526499999999,4.225888047884412,0
7.7605678000000005,4.220420940718179,0
7.7706588,4.1450185145715945,0
7.7808001,4.198661526897799,0
7.791254800000001,4.320521493915344,0
7.800617199999998,4.3604331243554055,0
7.8107617000000005,4.459719758943291,0
7.820618499999998,4.537955530473567,0
7.830623199999998,4.531864912061239,0
7.8405011999999985,4.550173371988041,0
7.850743599999998,4.630791777478766,0
7.8614596,4.668713152000239,0
7.870746399999998,4.75245400772832,0
7.880628699999999,4.630791777478766,0
7.8903961,4.637080447607629,0
7.9005459999999985,4.694248060664865,0
7.9104505,4.726455309120502,0
7.920510399999998,4.618252106430505,0
7.930548999999999,4.630791777478766,0
7.940421999999998,4.865298530396866,0
7.950452800000001,4.954217631447924,0
7.9606134,4.94038684094419,0
7.9705218,4.9750678252675264,0
7.980489200000001,4.9750678252675264,0
7.990456699999999,5.081216123496028,0
8.003733,5.038374295085245,0
8.010560599999998,5.168457620876828,0
8.0205689,5.102830598819589,0
8.0304666,5.124575150834932,0
8.040456800000001,5.295689464903592,0
8.0505016,5.131852375935964,0
8.0606133,5.153771582052348,0
8.070484,5.198006519845759,0
8.080518599999998,5.227792758097766,0
8.090490599999999,5.2729213009106,0
8.100604099999998,5.175822698741421,0
8.110582699999998,5.4273215722193155,0
8.120591999999998,5.341637676374042,0
8.1304674,5.372577572356361,0
8.140393499999998,5.372577572356361,0
8.150498800000001,5.303309261089653,0
8.160494400000001,5.403765980228704,0
8.170582799999998,5.380351298636114,0
8.1805634,5.403765980228704,0
8.190478200000001,5.326260300922612,0
8.200429100000001,4.320521493915344,0
8.214243100000001,5.451018922611801,0
8.2283465,5.555366454334036,0
8.230443099999999,5.612687495743965,0
8.2404507,5.695979388205552,0
8.250462800000001,5.555366454334036,0
8.260570699999999,5.596228086525299,0
8.270526499999999,5.670816675502524,0
8.2805058,5.620941922410643,0
8.2904227,5.563506124199345,0
8.3006584,5.579834383443626,0
8.310523799999999,5.372577572356361,0
8.3205967,5.310944312117843,0
8.3305367,5.458949688579403,0
8.3404348,5.571662089694587,0
8.3504562,5.687575036582215,0
8.3605765,5.612687495743965,0
8.370556,5.620941922410643,0
8.380446799999998,5.654125213978834,0
8.3904587,5.662462599012697,0
8.4004844,5.679187476864623,0
8.410554999999999,5.7981536807136225,0
8.420769499999999,5.97398909207301,0
8.430470799999998,6.019057951718768,7.999999986907369e-07
8.443437799999998,6.2228036367552635,0.012934999999998809
8.450484,6.185089067084062,0.020022299999997273
8.460508099999998,6.425831939575096,0.030004699999999218
8.4705708,6.465480176582687,0.04003039999999913
8.480573499999998,6.647875276492737,0.05013619999999719
8.490399199999999,6.485423557459608,0.05996749999999906
8.5009264,6.7205990086718055,0.07047279999999745
8.5104753,6.485423557459608,0.08001529999999946
8.5206959,6.535632418935098,0.0901689999999995
8.5305343,6.49542520288607,0.09997259999999741
8.540422499999998,6.465480176582687,0.10996450000000024
8.5504918,6.455538361358687,0.12000869999999964
8.560444799999999,6.337774657733094,0.1300036999999996
8.5704441,6.435714282503059,0.13995729999999895
8.580563099999999,6.435714282503059,0.15007639999999967
8.5905092,6.445616409894751,0.16004530000000017
8.6004465,6.606773699795757,0.1699768999999982
8.610520000000001,6.5965495799240745,0.18005199999999988
8.620531100000001,6.752079349304772,0.1900443999999979
8.630501899999999,6.647875276492737,0.20000619999999714
8.640520299999999,6.5965495799240745,0.2100656999999977
8.650435299999998,6.5965495799240745,0.2200154999999988
8.660451899999998,6.710147465681302,0.22998509999999683
8.6705641,6.5965495799240745,0.2400375999999973
8.6804245,6.5965495799240745,0.24996719999999684
8.6904146,6.545734582569215,0.2599576999999975
8.700540499999999,7.270747976866626,0.27011579999999924
8.713259399999998,6.525550439437387,0.2827906999999996
8.726388700000001,6.565999623962232,0.2959505999999976
8.730615,6.194489442460147,0.30012569999999883
8.740409499999998,6.27994423832014,0.3099349999999994
8.750424899999999,6.386499623096539,0.31994459999999947
8.760545999999998,6.308772702657734,0.33009429999999895
8.7705104,6.308772702657734,0.34004019999999713
8.780449699999998,6.232279516750141,0.35000579999999815
8.7906358,6.251288226892488,0.36015139999999946
8.8005204,6.27994423832014,0.3700735999999978
8.810693699999998,6.337774657733094,0.38018089999999916
8.8206201,6.328087998305943,0.3901418999999997
8.8305817,6.328087998305943,0.4000741999999988
8.840596099999999,6.366951147619736,0.41011649999999733
8.850616800000001,6.455538361358687,0.42014329999999944
8.860701599999999,6.27994423832014,0.4301946999999977
8.8704936,6.455538361358687,0.4400315999999975
8.8807094,6.386499623096539,0.4501860999999998
8.890534800000001,6.5965495799240745,0.4600213999999987
8.9005388,6.435714282503059,0.47008789999999934
8.910529799999999,6.525550439437387,0.4800666999999983
8.92051,6.752079349304772,0.4899886000000002
8.9305761,6.586345887857524,0.5001198000000002
8.940462499999999,6.606773699795757,0.5099978999999983
8.950457700000001,6.435714282503059,0.5199678999999975
8.9605052,6.752079349304772,0.5300009999999986
8.970626,6.505446871620019,0.5400825999999981
8.9805347,6.637569035616036,0.5500460999999994
8.9904273,6.6272833866223495,0.5599868999999984
9.000416399999999,6.5965495799240745,0.5699728999999998
9.0105015,6.5965495799240745,0.5800167999999992
9.020562899999998,6.5965495799240745,0.5900287999999989
9.030507700000001,6.485423557459608,0.5999865
9.0404397,6.5965495799240745,0.6099964999999976
9.050416299999998,6.576162582781321,0.619972299999997
9.0604972,6.710147465681302,0.6300311000000001
9.0706894,6.5965495799240745,0.6400895999999996
9.080504900000001,6.647875276492737,0.650040299999997
9.0904049,6.79434803340286,0.6599655999999996
9.1006183,7.293918879685199,0.6701062999999969
9.1134621,6.901511052181899,0.6830311999999985
9.127225199999998,6.858388484023861,0.6967699999999972
9.1306811,6.783749139762662,0.7001937999999974
9.140535499999999,6.879906645592216,0.7100108999999968
9.1504586,6.699716804887621,0.7199692999999989
9.1605314,6.525550439437387,0.7300855999999989
9.170531999999998,6.366951147619736,0.7400470999999982
9.1804108,6.101326389554399,0.7499693999999977
9.1904684,5.704400565352053,0
9.2033515,5.341637676374042,0
9.210475599999999,5.066878353658739,0
9.2206111,4.968103855907675,0
9.2344564,5.0030634008624695,0
9.247836499999998,5.212869852773224,0
9.2504533,5.403765980228704,0
9.260562999999998,5.6458044870513815,0
9.270514200000001,5.679187476864623,0
9.2804991,5.637500384947417,0
9.2904291,5.364819377992077,0
9.3004456,4.989037617526732,0
9.315866199999999,5.183202521501721,0
9.331072899999999,5.183202521501721,0
9.331639899999999,4.982045736503327,0
9.3453078,5.031283839314333,0
9.359499799999998,5.088406543766483,0
9.360574799999998,5.117312465639354,0
9.370535699999998,5.205430754645505,0
9.380662300000001,5.235276624986227,0
9.3906445,5.411602145742623,0
9.400582499999999,5.3185946485283795,0
9.410660400000001,5.403765980228704,0
9.4205751,5.3185946485283795,0
9.430590299999999,5.395945471383927,0
9.4405328,5.388140587926246,0
9.450493299999998,5.333941299963164,0
9.4605277,5.3185946485283795,0
9.470524000000001,5.198006519845759,0
9.480525700000001,5.031283839314333,0
9.490436599999999,5.168457620876828,0
9.500464399999998,5.024207550283497,0
9.5104614,4.845104980444953,0
9.5235527,4.75245400772832,0
9.5306468,4.713533748234534,0
9.5407544,4.624515672121202,0
9.5507311,4.519720158113891,0
9.560776399999998,4.48956995878066,0
9.5706387,4.40673588867153,0
9.580590399999998,4.441952395781175,0
9.5905548,4.3604331243554055,0
9.6006201,4.354697195947081,0
9.610947199999998,4.3604331243554055,0
9.620672599999999,4.275587183093811,0
9.630540799999999,4.270020776989198,0
9.6406639,4.29796447036223,0
9.6507127,4.377709901602981,0
9.6606809,4.236855119596617,0
9.6705364,4.102869906370529,0
9.680550399999998,4.000402127695384,0
9.6904468,4.015512225424479,0
9.700580299999999,3.931074780310812,0
9.7149298,3.9853824191140568,0
9.720735600000001,4.015512225424479,0
9.7376842,3.9853824191140568,0
9.7535597,4.0665390371680195,0
9.754337199999998,3.950684914502795,0
9.770630699999998,3.8589182958239516,0
9.771219899999998,3.830656386869883,0
9.7804349,3.8073624866179543,0
9.7904592,3.784300364546165,0
9.800632999999998,3.784300364546165,0
9.8107605,3.8447449486106637,0
9.820600500000001,3.854184394711384,0
9.8305988,4.010465449431882,0
9.844993599999999,4.082047149202822,0
9.8504103,4.20951947442318,0
9.8604998,4.123859913704242,0
9.8705438,4.177075493939835,0
9.880455900000001,4.150334665980098,0
9.890423899999998,4.129133705565583,0
9.900485799999998,4.155661460330809,0
9.910570100000001,4.20951947442318,0
9.920492799999998,4.214964756839351,0
9.9305126,4.236855119596617,0
9.940442699999998,4.3604331243554055,0
9.950523099999998,4.441952395781175,0
9.9606177,4.1878469244146395,0
9.970570500000001,4.25892130761927,0
9.9804912,4.354697195947081,0
9.9904494,4.3261890025226135,0
10.000421199999998,4.3604331243554055,0
10.0105143,4.343259697410357,0
10.021180699999999,4.286753449470591,0
10.0304735,4.314865308997826,0
10.0404151,4.29796447036223,0
10.050508999999998,4.459719758943291,0
10.0604771,4.580932645749876,0
10.070572599999998,4.48956995878066,0
10.0804836,4.544058342312084,0
10.0904511,4.537955530473567,0
10.1005149,4.1878469244146395,0
10.110511299999999,4.459719758943291,0
10.1204213,4.337558081531954,0
10.1305357,4.303586819778257,0
10.140493199999998,4.214964756839351,0
10.150439200000001,4.129133705565583,0
10.1605597,4.0408980653299365,0
10.1705623,4.320521493915344,0
10.1804956,4.354697195947081,0
10.1904435,4.3950906511189265,0
10.200477499999998,4.354697195947081,0
10.2104699,4.41257599861211,0
10.220437399999998,4.568592012886777,0
10.230904800000001,4.531864912061239,0
10.240429500000001,4.556300643961566,0
10.250515499999999,4.630791777478766,0
10.2605908,4.389285476925941,0
10.2705832,4.29796447036223,0
10.2804428,4.25892130761927,0
10.290401199999998,4.182455823463794,0
10.3004106,4.1878469244146395,0
10.3105275,4.182455823463794,0
10.3205439,4.198661526897799,0
10.3308875,4.29796447036223,0
10.340434899999998,4.383491901478728,0
10.350472100000001,5.280495515201974,0
10.363774,4.513665973999837,0
10.3767836,4.612001055352405,0
10.3804303,4.4955759026401,0
10.3905727,4.544058342312084,0
10.4004729,4.47162403065012,0
10.4106068,4.447863009215968,0
10.420653899999998,4.41257599861211,0
10.430553199999999,4.354697195947081,0
10.4405739,4.320521493915344,0
10.450661,4.343259697410357,0
10.460885900000001,4.198661526897799,0
10.4706029,4.087237231853853,0
10.4807822,4.0924377050572724,0
10.4911541,3.990378978846497,0
10.507880099999998,3.8400393658647163,0
10.5106362,4.0408980653299365,0
10.524830599999998,4.0665390371680195,0
10.5304206,3.9853824191140568,0
10.543219699999998,4.035800568395378,0
10.5570433,3.9261967104460784,0
10.571143,4.051123695216862,0
10.571747599999998,4.182455823463794,0
10.5864327,4.051123695216862,0
10.590384799999999,4.071698072558067,0
10.6004064,3.8684145488516366,0
10.614304399999998,4.171705914321434,0
10.6278671,4.097648589614982,0
10.6304159,4.182455823463794,0
10.6404143,4.160998918930918,0
10.6504488,4.231366100206485,0
10.6605193,4.160998918930918,0
10.670617799999999,4.231366100206485,0
10.680461999999999,4.225888047884412,0
10.69039,4.331867857489674,0
10.700446199999998,4.3604331243554055,0
10.7104736,4.354697195947081,0
10.720506999999998,4.483576014805055,0
10.7304128,4.525786462712617,0
10.7404556,4.4537854557067424,0
10.7504417,4.459719758943291,0
10.7605003,4.550173371988041,0
10.7706761,4.649695582848366,0
10.7805435,4.745934821072582,0
10.7905217,4.726455309120502,0
10.800466699999998,4.758986245804439,0
10.8105875,4.865298530396866,0
10.8205275,4.785246235677236,0
10.830502599999999,4.605762493882691,0
10.840515799999999,4.732935497767326,0
10.8505103,4.550173371988041,0
10.860499399999998,4.75245400772832,0
10.870482299999999,4.885613605860449,0
10.880489099999998,5.010097359277957,0
10.8951672,5.045478945958075,0
10.900506099999998,5.010097359277957,0
10.910636999999998,5.045478945958075,0
10.9204996,4.9750678252675264,0
10.9336451,4.899224864653134,0
10.940477999999999,4.968103855907675,0
10.950436700000001,4.9750678252675264,0
10.960590400000001,5.017145399687578,0
10.9736702,5.088406543766483,0
10.9805539,5.131852375935964,0
10.990417,5.059730946740808,0
11.0004502,5.1100642912984755,0
11.0106183,5.161107258447625,0
11.0205467,5.038374295085245,0
11.0304145,5.146450562348289,0
11.0404589,5.117312465639354,0
11.0504875,5.124575150834932,0
11.060472,5.183202521501721,0
11.0705515,5.205430754645505,0
11.0804307,5.3185946485283795,0
11.090426,5.341637676374042,0
11.1004227,5.419453999270351,0
11.1104943,5.466896331951051,0
11.1206451,5.654125213978834,0
11.130386999999999,5.7981536807136225,0
11.1404617,5.679187476864623,0
11.150413699999998,5.704400565352053,0
11.160676500000001,5.704400565352053,0
11.170651799999998,5.5880230381356535,0
11.180683899999998,5.5310448932559035,0
11.190669799999998,5.662462599012697,0
11.201146999999999,5.604449561432766,0
11.210521199999999,5.596228086525299,0
11.220864599999999,5.596228086525299,0
11.230551299999998,5.721293531020849,0
11.240459399999999,5.885192238641251,0
11.250577799999999,5.806779410930027,0
11.2609681,5.885192238641251,0
11.270516699999998,6.0645797609342535,9.999999974752427e-07
11.283548,5.982966845017518,0
11.297023199999998,6.251288226892488,7.000000010748408e-07
11.310275399999998,6.073738876518667,0.013201900000002098
11.311257600000001,6.299143989175471,0.014108300000000185
11.3205374,6.4061264490717855,0.023501299999999503
11.3304021,6.435714282503059,0.033385700000000185
11.3404511,6.545734582569215,0.04345269999999957
11.350476399999998,6.668549698877585,0.053414400000001194
11.3603743,6.565999623962232,0.06334590000000162
11.370589499999998,6.386499623096539,0.0734837000000006
11.380593699999999,6.6893069845681055,0.0835132999999999
11.390508999999998,6.366951147619736,0.09340519999999941
11.400396099999998,6.445616409894751,0.10336420000000146
11.4105658,6.366951147619736,0.11342460000000187
11.4205367,6.337774657733094,0.12349139999999892
11.430415100000001,6.4061264490717855,0.13340060000000165
11.440433500000001,6.445616409894751,0.14339250000000092
11.450422,6.435714282503059,0.15339279999999889
11.460520899999999,6.525550439437387,0.16345559999999892
11.470586699999998,6.4061264490717855,0.17352920000000083
11.480462,6.455538361358687,0.18341200000000057
11.490455099999998,6.435714282503059,0.19342140000000185
11.500442199999998,6.606773699795757,0.20343330000000037
11.510534700000001,6.445616409894751,0.2134703000000009
11.520443499999999,6.525550439437387,0.2233873000000024
11.530503,6.699716804887621,0.2334586000000023
11.540492599999997,6.783749139762662,0.2434599999999989
11.5505149,6.79434803340286,0.25346019999999925
11.560613700000001,6.6893069845681055,0.2635233000000028
11.570567,6.425831939575096,0.2734729000000016
11.580603999999997,6.485423557459608,0.2835540000000023
11.5907539,6.5965495799240745,0.29365549999999985
11.600413200000002,6.5965495799240745,0.3033654999999982
11.610592700000002,6.545734582569215,0.3135325000000009
11.620677099999998,6.637569035616036,0.3235135999999983
11.6305194,6.565999623962232,0.3334678000000011
11.640422599999997,6.565999623962232,0.34342310000000253
11.6505513,6.337774657733094,0.3535121999999973
11.660439700000001,6.535632418935098,0.36340330000000165
11.670537200000002,6.731071475665324,0.3734275999999994
11.6805081,6.934080128015318,0.3834567999999976
11.690463499999996,6.86913680573084,0.3934317000000007
11.700454099999998,6.858388484023861,0.40344650000000115
11.710506900000002,6.934080128015318,0.4134492000000023
11.720473199999997,6.955901662500982,0.42344500000000096
11.730447199999997,7.111121039461668,0.4334294000000014
11.7423337,7.066328281073982,0.44532790000000233
11.7503961,6.966845205721355,0.45337640000000334
11.764251499999997,7.032968092035166,0.4671908999999985
11.776621099999996,7.032968092035166,0.47958249999999936
11.780481499999997,6.934080128015318,0.48343069999999955
11.793868299999996,6.955901662500982,0.49673440000000113
11.800558200000001,7.077492898532053,0.503540000000001
11.8131065,6.9998074648463415,0.5160036999999988
11.8263377,7.1789856653167865,0.5293269000000009
11.839989800000001,7.213224593376143,0.5429777000000016
11.840680500000001,7.111121039461668,0.543645699999999
11.850515699999999,7.111121039461668,0.5534895999999989
11.860599500000003,7.111121039461668,0.5634994999999989
11.870545599999996,7.077492898532053,0.5734344999999976
11.880446799999998,7.066328281073982,0.5833855999999997
11.890485299999998,7.156273577114696,0.5934274999999971
11.900425000000002,8.047053062365295,0.6034118999999976
11.9136932,7.282321842828364,0.6166333999999978
11.926249600000002,7.111121039461668,0.6292206000000036
11.9304314,7.167618265175428,0.6334062000000031
11.9403587,7.293918879685199,0.6433585999999991
11.950522799999998,7.293918879685199,0.6534885000000017
11.960463799999996,7.09988923293321,0.6634268000000034
11.970499999999998,7.111121039461668,0.6734069999999974
11.9805459,7.066328281073982,0.6834588000000039
11.9905401,6.934080128015318,0.6935173000000034
12.004302399999997,6.8262721983256105,0.707297699999998
12.010513,6.934080128015318,0.7134406999999996
12.020609699999998,7.066328281073982,0.7235055000000017
12.033690500000002,6.934080128015318,0.736659600000003
12.048825400000002,6.912345705327855,0.7517607999999996
12.050396199999998,7.044065922350272,0.7533979999999971
12.0630706,6.966845205721355,0.7660691000000028
12.076168999999997,6.879906645592216,0.7791355000000024
12.0805526,6.901511052181899,0.7835223000000013
12.090657799999999,6.879906645592216,0.7935725999999974
12.100537499999998,6.815609520161351,0.8034686000000022
12.1106971,6.762614839982228,0.8135564999999971
12.120484100000002,6.752079349304772,0.8234352999999999
12.130594300000002,6.858388484023861,0.8335034999999991
12.1405311,6.86913680573084,0.843456500000002
12.1506139,6.934080128015318,0.8535454000000016
12.160386300000003,6.890698046687361,0.8633591000000038
12.170544199999998,6.8262721983256105,0.8734517000000039
12.1804606,6.836956223185779,0.8833906999999996
12.1904243,6.879906645592216,0.8934192000000039
12.200433800000003,6.858388484023861,0.9034170999999986
12.210516699999996,6.6893069845681055,0.9134202999999985
12.220501500000001,6.9998074648463415,0.9234574000000038
12.230441600000002,6.773171422726079,0.9333845000000025
12.240515499999997,6.955901662500982,0.9434655000000021
12.250476899999999,6.752079349304772,0.9534476999999981
12.2604675,6.923202049463866,0.9634084999999999
12.270651499999996,6.912345705327855,0.9735116000000019
12.280505299999998,6.79434803340286,0.9834582000000012
12.290441099999999,6.5965495799240745,0.9934101999999996
12.3005058,6.606773699795757,1.0034357999999983
12.310704400000002,6.647875276492737,1.0034357999999983
12.3217404,6.858388484023861,1.0034357999999983
12.336835699999998,6.912345705327855,1.0034357999999983
12.340498899999996,6.988798062988308,1.0034357999999983
12.350578899999999,6.9778106579298536,1.0034357999999983
12.360639500000001,6.988798062988308,1.0034357999999983
12.370719400000002,7.01083890754158,1.0034357999999983
12.380558699999998,7.213224593376143,1.0034357999999983
12.3906599,6.9449799844945455,1.0034357999999983
12.400658400000001,7.01083890754158,1.0034357999999983
12.410711600000003,6.955901662500982,1.0034357999999983
12.4207651,6.9998074648463415,1.0034357999999983
12.4306284,7.044065922350272,1.0034357999999983
12.4405811,7.032968092035166,1.0034357999999983
12.450592199999999,7.156273577114696,1.0034357999999983
12.460633300000001,7.144951555755833,1.0034357999999983
12.470696899999997,7.3405396652208985,1.0034357999999983
12.480622200000003,7.190375823008391,1.0034357999999983
12.490725999999999,7.156273577114696,1.0034357999999983
12.5005062,7.328849479972434,1.0034357999999983
12.510820300000002,7.167618265175428,1.0034357999999983
12.520742099999996,7.282321842828364,1.0034357999999983
12.5305633,7.236164941859489,1.0034357999999983
12.540585500000002,7.47068670608361,1.0034357999999983
12.5505752,7.282321842828364,1.0034357999999983
12.561032399999998,7.363990293871589,1.0034357999999983
12.570787900000003,7.293918879685199,1.0034357999999983
12.580997800000002,7.190375823008391,1.0034357999999983
12.5904828,7.41117389899744,1.0034357999999983
12.6007152,7.3055391338252935,1.0034357999999983
12.610727100000002,7.293918879685199,1.0034357999999983
12.6208214,7.293918879685199,1.0034357999999983
12.6306884,7.47068670608361,1.0034357999999983
12.640435499999999,7.41117389899744,1.0034357999999983
12.6505197,7.482660849647961,1.0034357999999983
12.6605071,7.35225325423583,1.0034357999999983
12.670601899999998,7.363990293871589,1.0034357999999983
12.6805627,7.190375823008391,1.0034357999999983
12.691132200000002,7.293918879685199,1.0034357999999983
12.700564599999996,7.270747976866626,1.0034357999999983
12.710682099999996,7.317182651729675,1.0034357999999983
12.7207076,7.293918879685199,1.0034357999999983
12.730534600000002,7.293918879685199,1.0034357999999983
12.7405006,7.41117389899744,1.0034357999999983
12.750503599999998,7.399342586455758,1.0034357999999983
12.760531099999998,7.399342586455758,1.0034357999999983
12.770685799999999,7.434907630411287,1.0034357999999983
12.780598199999996,7.423028897842612,1.0034357999999983
12.790645199999997,7.482660849647961,1.0034357999999983
12.800604699999997,7.434907630411287,1.0034357999999983
12.810634099999998,7.446810144218417,1.0034357999999983
12.820755199999997,7.41117389899744,1.0034357999999983
12.831007599999996,7.399342586455758,1.0034357999999983
12.8406087,7.328849479972434,1.0034357999999983
12.850598999999999,7.293918879685199,1.0034357999999983
12.860517699999999,7.317182651729675,1.0034357999999983
12.870670899999997,7.434907630411287,1.0034357999999983
12.8811395,7.41117389899744,1.0034357999999983
12.8906058,7.482660849647961,1.0034357999999983
12.900530100000001,7.542892112532513,1.0034357999999983
12.9108342,7.423028897842612,1.0034357999999983
12.920799900000002,7.865991073689227,1.0034357999999983
12.930731699999999,7.640523756686739,1.0034357999999983
12.940974899999997,7.764780658974222,1.0034357999999983
12.951278499999997,7.82784727308025,1.0034357999999983
12.960702100000002,7.917206792001785,1.0034357999999983
12.970833600000002,8.08651605131745,1.0034357999999983
12.980823499999996,7.878756617124858,1.0034357999999983
12.9906976,7.904364425065508,1.0034357999999983
13.000627099999999,7.994802717912391,1.0034357999999983
13.010541100000001,7.904364425065508,1.0034357999999983
13.020677799999998,7.82784727308025,1.0034357999999983
13.030622400000002,7.904364425065508,1.0034357999999983
13.0405901,7.878756617124858,1.0034357999999983
13.050624000000003,8.03395126240779,1.0034357999999983
13.0608361,7.878756617124858,1.0034357999999983
13.070664499999996,7.865991073689227,1.0034357999999983
13.080515799999997,7.904364425065508,1.0034357999999983
13.090581099999998,7.055185970536476,1.0034357999999983
13.100546499999997,7.853251035826392,1.0034357999999983
13.110646,7.689928502230714,1.0034357999999983
13.121212799999999,7.567153771952609,1.0034357999999983
13.130553199999998,7.591512672362713,1.0034357999999983
13.140555099999997,7.542892112532513,1.0034357999999983
13.150587900000001,7.677540237620285,1.0034357999999983
13.1606542,7.591512672362713,1.0034357999999983
13.170649899999997,7.494658965463705,1.0034357999999983
13.180585699999998,7.3405396652208985,1.0034357999999983
13.190498199999997,6.912345705327855,1.0034357999999983
13.200571499999999,6.6893069845681055,1.0034357999999983
13.210695300000001,6.194489442460147,1.0034357999999983
13.220837,5.670816675502524,1.0034357999999983
13.230678100000002,4.8317097688067285,1.0034357999999983
13.240476499999996,4.231366100206485,1.0034357999999983
13.250529599999997,3.7120324069624946,1.0034357999999983
13.2606218,2.991306720383975,1.0034357999999983
13.271177400000003,2.5649027769269614,1.0034357999999983
13.2806599,2.1001483903366833,1.0034357999999983
13.290536499999998,1.8727235621996479,1.0034357999999983
13.3005679,1.589319131961618,1.0034357999999983
