0.0004577999999995086,1.4929614,0
0.0102733999999991,1.4929614,0
0.02625139999999959,1.4929614,0
0.030187999999998993,1.4929614,0
0.0401176999999997,1.4929614,0
0.05024530000000027,1.4929614,0
0.06025439999999804,1.4929614,0
0.07020419999999916,1.4929614,0
0.08012349999999913,1.4929614,0
0.09014140000000026,1.4929614,0
0.10030369999999778,1.4929614,0
0.11025899999999922,1.4929614,0
0.12024979999999985,1.4929614,0
0.13009609999999938,1.4929614,0
0.14005579999999895,1.4929614,0
0.15021420000000063,1.4929614,0
0.1600766,1.4929614,0
0.1702319999999986,1.4929614,0
0.1801466000000005,1.4929614,0
0.19007059999999854,1.4929614,0
0.20024880000000067,1.4929614,0
0.21008679999999913,1.4929614,0
0.22037260000000103,1.4929614,0
0.2302306999999999,1.4929614,0
0.24038639999999845,1.4929614,0
0.2502992999999982,1.4929614,0
0.2602361999999978,1.4929614,0
0.27021410000000046,1.4929614,0
0.28024759999999915,1.4929614,0
0.2904800999999999,1.4929614,0
0.3003268999999982,1.4929614,0
0.3102222999999995,1.4929614,0
0.32020869999999846,1.4929614,0
0.3300951999999988,1.4929614,0
0.34014239999999774,1.4929614,0
0.35026189999999957,1.4929614,0
0.3602342000000007,1.4929614,0
0.3702021999999978,1.4929614,0
0.3802816999999976,1.4929614,0
0.3901754000000004,1.4929614,0
0.40029679999999956,1.4929614,0
0.41032960000000074,1.4929614,0
0.42015269999999916,1.4929614,0
0.4302734000000008,1.4929614,0
0.4402985000000008,1.4929614,0
0.45025619999999833,1.4929614,0
0.4602517999999982,1.4929614,0
0.47019380000000055,1.4929614,0
0.48006930000000025,1.4929614,0
0.49011289999999974,1.4929614,0
0.5003175999999989,1.4929614,0
0.5100790000000011,1.4929614,0
0.5202567999999985,1.4929614,0
0.5302217999999996,1.4929614,0
0.5402072000000011,1.4929614,0
0.5502076000000002,1.4929614,0
0.5601525000000009,1.4929614,0
0.5702108999999993,1.4929614,0
0.5801428000000008,1.4929614,0
0.5903035999999986,1.4929614,0
0.6002040999999991,1.4929614,0
0.6100706999999979,1.4929614,0
0.6203547999999977,1.4929614,0
0.6303230999999982,1.4929614,0
0.640267999999999,1.4929614,0
0.6502701999999978,1.4929614,0
0.6601733000000003,1.4929614,0
0.6701808000000007,1.4929614,0
0.6802630999999977,1.4929614,0
0.6902097000000005,1.4929614,0
0.7002334999999995,1.4929614,0
0.710109199999998,1.4929614,0
0.7202631000000004,1.4929614,0
0.7301134999999981,1.4929614,0
0.7402021999999988,1.4929614,0
0.7502963999999999,1.4929614,0
0.760130199999999,1.4929614,0
0.7700737000000011,1.4929614,0
0.7800961999999991,1.4929614,0
0.7901691999999976,1.4929614,0
0.8003375999999989,1.4929614,0
0.8101321000000006,1.4929614,0
0.8200924999999977,1.4929614,0
0.8300792999999977,1.4929614,0
0.8402208999999985,1.4929614,0
0.8501866999999983,1.4929614,0
0.8600929999999991,1.4929614,0
0.8701280999999987,1.4929614,0
0.8801296999999977,1.4929614,0
0.8903108999999994,1.4929614,0
0.9001622000000005,1.4929614,0
0.9102287000000011,1.4929614,0
0.9201115000000009,1.4929614,0
0.9300595999999999,1.4929614,0
0.9401198999999991,1.4929614,0
0.9503282999999989,1.4929614,0
0.9601614000000005,1.4929614,0
0.9700710999999984,1.4929614,0
0.9801344999999984,1.4929614,0
0.9902376000000004,1.4929614,0
1.000255899999999,1.4929614,0
1.0101315999999976,1.4929614,0
1.025538000000001,1.4929614,0
1.0303737999999996,1.4929614,0
1.0404680999999982,1.4929614,0
1.050832100000001,1.4929614,0
1.0600847999999985,1.4929614,0
1.0702368999999976,1.4929614,0
1.0800985999999995,1.4929614,0
1.0901560000000003,1.4929614,0
1.1002554999999994,1.4929614,0
1.1100588999999985,1.4929614,0
1.120224499999999,1.4929614,0
1.1301425999999992,1.4929614,0
1.140342399999998,1.4929614,0
1.150328899999998,1.4929614,0
1.1600523000000003,1.4929614,0
1.1701361999999982,1.4929614,0
1.1801867000000001,1.4929614,0
1.190066899999998,1.4929614,0
1.200216900000001,1.4929614,0
1.210124399999998,1.4929614,0
1.2201713000000005,1.4929614,0
1.2301155999999978,1.4929614,0
1.240109099999998,1.4929614,0
1.2502803999999976,1.4929614,0
1.2601043999999995,1.4929614,0
1.2702704999999987,1.4929614,0
1.2801161000000008,1.4929614,0
1.2901980000000002,1.4929614,0
1.300276799999999,1.4929614,0
1.3101649999999978,1.4929614,0
1.3202508000000002,1.4929614,0
1.3301416999999987,1.4929614,0
1.3400654000000003,1.4929614,0
1.3502641000000004,1.4929614,0
1.3601703,1.4929614,0
1.3703544999999977,1.4929614,0
1.3802634000000005,1.4929614,0
1.3900503999999998,1.4929614,0
1.400249200000001,1.4929614,0
1.410259700000001,1.4929614,0
1.4202036999999983,1.4929614,0
1.4301031999999978,1.4929614,0
1.440160500000001,1.4929614,0
1.450266899999999,1.4929614,0
1.4600881999999977,1.4929614,0
1.4702397000000005,1.4929614,0
1.4800830000000005,1.4929614,0
1.4901423999999999,1.4929614,0
1.5002008999999994,1.4929614,0
1.5102955999999992,1.4929614,0
1.5202050999999983,1.4929614,0
1.5300984999999976,1.4929614,0
1.5401561999999984,1.4929614,0
1.5503020999999997,1.4929614,0
1.5601027999999992,1.4929614,0
1.5702071999999987,1.4929614,0
1.5802349000000007,1.4929614,0
1.5902761999999981,1.4929614,0
1.6001638999999983,1.4929614,0
1.6101109999999998,1.4929614,0
1.6203663000000006,1.4929614,0
1.630115700000001,1.4929614,0
1.6401509999999995,1.4929614,0
1.6503224000000003,1.4929614,0
1.6600880999999994,1.4929614,0
1.6701595000000005,1.4929614,0
1.6800832999999997,1.4929614,0
1.6902778000000005,1.4929614,0
1.7002868000000007,1.4929614,0
1.7101769000000004,1.4929614,0
1.7201506999999978,1.4929614,0
1.7300606999999992,1.4929614,0
1.7401528999999982,1.4929614,0
1.7504153999999978,1.4929614,0
1.7600723999999985,1.4929614,0
1.7702278000000007,1.4929614,0
1.7801243999999983,1.4929614,0
1.7902303999999987,1.4929614,0
1.8002900000000004,1.4929614,0
1.8102212000000009,1.4929614,0
1.8201487999999983,1.4929614,0
1.8301735000000008,1.4929614,0
1.8403518000000005,1.4929614,0
1.8502705999999982,1.4929614,0
1.8601199999999984,1.4929614,0
1.8700884000000002,1.4929614,0
1.880107800000001,1.4929614,0
1.890182499999998,1.4929614,0
1.9002367999999983,1.4929614,0
1.910245100000001,1.4929614,0
1.9202139000000003,1.4929614,0
1.9301148999999995,1.4929614,0
1.9403404000000002,1.4929614,0
1.9503744999999988,1.4929614,0
1.9603281999999993,1.4929614,0
1.9703905000000006,1.4929614,0
1.9803056999999988,1.4929614,0
1.9902020999999976,1.4929614,0
2.0002294999999997,1.4929614,0
2.010487399999999,1.4929614,0
2.0203577999999993,1.4929614,0
2.030327400000001,1.4929614,0
2.0402831,1.4929614,0
2.0503110999999983,1.4929614,0
2.0601357,1.4929614,0
2.0703923999999994,1.4929614,0
2.080153799999998,1.4929614,0
2.0902883999999986,1.4929614,0
2.1002905,1.4929614,0
2.1101962999999984,1.4929614,0
2.1201419999999978,1.4929614,0
2.130073499999998,1.4929614,0
2.1401541,1.4929614,0
2.1503434000000006,1.4929614,0
2.160195299999998,1.4929614,0
2.1701644999999985,1.4929614,0
2.1801522999999996,1.4929614,0
2.1901568000000005,1.4929614,0
2.2002805999999993,1.4929614,0
2.210118099999999,1.4929614,0
2.220152500000001,1.4929614,0
2.2301181999999997,1.4929614,0
2.240104500000001,1.4929614,0
2.2502286,1.4929614,0
2.260029799999998,1.4929614,0
2.2701963999999997,1.4929614,0
2.2800924999999985,1.4929614,0
2.290119699999998,1.4929614,0
2.3002295000000004,1.4929614,0
2.3100711999999994,1.4929614,0
2.3202707999999994,1.4929614,0
2.330101599999999,1.4929614,0
2.3401175999999992,1.4929614,0
2.3502410000000005,1.4929614,0
2.360079599999999,1.4929614,0
2.3701127999999976,1.4929614,0
2.3801591,1.4929614,0
2.3902089999999987,1.4929614,0
2.4002674000000006,1.4929614,0
2.4101996999999997,1.4929614,0
2.4200610000000005,1.4929614,0
2.4301186,1.4929614,0
2.440235399999999,1.4929614,0
2.450290299999999,1.4929614,0
2.4601334,1.4929614,0
2.470232799999998,1.4929614,0
2.4801918,1.4929614,0
2.4904490999999993,1.4929614,0
2.500295699999999,1.4929614,0
2.5101277999999994,1.4929614,0
2.5204068,1.4929614,0
2.5301238999999995,1.4929614,0
2.540122399999998,1.4929614,0
2.5501955999999986,1.4929614,0
2.560069200000001,1.4929614,0
2.5701323999999985,1.4929614,0
2.5800805999999987,1.4929614,0
2.5901061,1.4929614,0
2.600230400000001,1.4929614,0
2.6100913000000006,1.4929614,0
2.6205993999999997,1.4929614,0
2.630151999999999,1.4929614,0
2.6401222000000004,1.4929614,0
2.6502102999999977,1.4929614,0
2.6600722999999995,1.4929614,0
2.6701739999999994,1.4929614,0
2.6802460000000004,1.4929614,0
2.690203099999998,1.4929614,0
2.7002643999999982,1.4929614,0
2.7101182,1.4929614,0
2.720255899999998,1.4929614,0
2.7300517999999983,1.4929614,0
2.7401459999999993,1.4929614,0
2.750354999999999,1.4929614,0
2.7601815999999992,1.4929614,0
2.7701393000000003,1.4929614,0
2.780111699999999,1.4929614,0
2.7903044,1.4929614,0
2.800180900000001,1.4929614,0
2.8101172000000005,1.4929614,0
2.8201345999999994,1.4929614,0
2.830161999999998,1.4929614,0
2.8403196999999984,1.4929614,0
2.850237100000001,1.4929614,0
2.860085899999998,1.4929614,0
2.870143500000001,1.4929614,0
2.8801100999999996,1.4929614,0
2.890099899999999,1.4929614,0
2.9006121,1.4929614,0
2.910112299999998,1.4929614,0
2.9201546999999977,1.4929614,0
2.9300940000000004,1.4929614,0
2.940234099999998,1.4929614,0
2.950436700000001,1.4929614,0
2.9600790000000003,1.4929614,0
2.9701023000000006,1.4929614,0
2.9803071999999986,1.4929614,0
2.990187800000001,1.4929614,0
3.0004311999999977,1.4929614,0
3.0101718999999996,1.4929614,0
3.0201805999999998,1.4929614,0
3.030117999999998,1.4929614,0
3.040128499999998,1.4929614,0
3.0502785999999986,1.4929614,0
3.060174,1.4929614,0
3.0701411999999983,1.4929614,0
3.0801206999999984,1.4929614,0
3.090106500000001,1.4929614,0
3.1003048,1.4929614,0
3.1100981999999995,1.4929614,0
3.120164299999999,1.4929614,0
3.1301339000000006,1.4929614,0
3.1401043999999985,1.4929614,0
3.1503411999999997,1.4929614,0
3.1600681,1.4929614,0
3.1701261999999986,1.4929614,0
3.180118499999999,1.4929614,0
3.1900680999999977,1.4929614,0
3.200258099999999,1.4929614,0
3.210193099999998,1.4929614,0
3.220199300000001,1.4929614,0
3.2302204000000003,1.4929614,0
3.2401178999999978,1.4929614,0
3.2502224999999996,1.4929614,0
3.2603675999999986,1.4929614,0
3.2701244000000003,1.4929614,0
3.2801554999999993,1.4929614,0
3.290107599999999,1.4929614,0
3.300284399999999,1.4929614,0
3.3100932999999984,1.4929614,0
3.3202326999999983,1.4929614,0
3.330137699999998,1.4929614,0
3.3400779000000007,1.4929614,0
3.3502735999999977,1.4929614,0
3.3600978999999995,1.4929614,0
3.3701404000000004,1.4929614,0
3.380116000000001,1.4929614,0
3.3901018999999977,1.4929614,0
3.4002438999999995,1.4929614,0
3.4100925999999987,1.4929614,0
3.4203200000000002,1.4929614,0
3.4300937000000005,1.4929614,0
3.4402063,1.4929614,0
3.4501874999999984,1.4929614,0
3.4600769000000007,1.4929614,0
3.470168900000001,1.4929614,0
3.4802815000000002,1.4929614,0
3.4902203999999983,1.4929614,0
3.5002315999999993,1.4929614,0
3.5100796999999986,1.4929614,0
3.5201291999999995,1.4929614,0
3.530098800000001,1.4929614,0
3.5401129000000005,1.4929614,0
3.5503870000000006,1.4929614,0
3.5602143999999996,1.4929614,0
3.5701569000000006,1.4929614,0
3.5801520999999994,1.4929614,0
3.590370499999999,1.4929614,0
3.6003013999999993,1.4929614,0
3.6103904999999976,1.4929614,0
3.6204541,1.4929614,0
3.6303072999999983,1.4929614,0
3.6403155,1.4929614,0
3.650397999999999,1.4929614,0
3.6601745,1.4929614,0
3.670217600000001,1.4929614,0
3.6802229000000004,1.4929614,0
3.6901189999999993,1.4929614,0
3.7002558999999984,1.4929614,0
3.710155499999999,1.4929614,0
3.720226399999998,1.4929614,0
3.7301322,1.4929614,0
3.7401193,1.4929614,0
3.7503579999999985,1.4929614,0
3.7602981,1.4929614,0
3.7703825,1.4929614,0
3.7802591999999997,1.4929614,0
3.7902245999999984,1.4929614,0
3.8002257999999998,1.4929614,0
3.810274700000001,1.4929614,0
3.820295599999998,1.4929614,0
3.830115599999999,1.4929614,0
3.8400782999999983,1.4929614,0
3.8501911,1.4929614,0
3.860108799999999,1.4929614,0
3.8701115999999978,1.4929614,0
3.880119699999998,1.4929614,0
3.8900948,1.4929614,0
3.900272300000001,1.4929614,0
3.9100982,1.4929614,0
3.9201811999999983,1.4929614,0
3.930131799999998,1.4929614,0
3.9401173000000007,1.4929614,0
3.9502372,1.4929614,0
3.960067500000001,1.4929614,0
3.970164399999998,1.4929614,0
3.980136999999999,1.4929614,0
3.9902425999999984,1.4929614,0
4.000360499999999,1.4929614,0
4.010190099999999,1.4929614,0
4.020174900000001,1.4929614,0
4.030114399999999,1.4929614,0
4.040259599999999,1.4929614,0
4.050195200000001,1.4929614,0
4.060066899999999,1.4929614,0
4.070157299999998,1.4929614,0
4.080162599999998,1.4929614,0
4.0901244000000005,1.4929614,0
4.100303699999998,1.4929614,0
4.1100706,1.4929614,0
4.1201358,1.4929614,0
4.130127999999999,1.4929614,0
4.1400766,1.4929614,0
4.150359699999999,1.4929614,0
4.160157899999998,1.4929614,0
4.1701595000000005,1.4929614,0
4.1800961,1.4929614,0
4.1901282,1.4929614,0
4.200314299999999,1.4929614,0
4.210160800000001,1.4929614,0
4.2202853000000005,1.4929614,0
4.230117400000001,1.4929614,0
4.240147099999998,1.4929614,0
4.250198099999999,1.4929614,0
4.260145399999999,1.4929614,0
4.270179800000001,1.4929614,0
4.280082199999999,1.4929614,0
4.290125100000001,1.4929614,0
4.300184599999998,1.4929614,0
4.310153700000001,1.4929614,0
4.320136999999999,1.4929614,0
4.330125799999998,1.4929614,0
4.3400995999999985,1.4929614,0
4.3502583,1.4929614,0
4.360115699999998,1.4929614,0
4.370111899999998,1.4929614,0
4.3800637999999985,1.4929614,0
4.3901729,1.4929614,0
4.400310099999999,1.4929614,0
4.410157299999998,1.4929614,0
4.420233100000001,1.4929614,0
4.4301829999999995,1.4929614,0
4.440094599999998,1.4929614,0
4.4501726999999995,1.4929614,0
4.4601012,1.4929614,0
4.470261999999998,1.4929614,0
4.480093699999998,1.4929614,0
4.490252299999998,1.4929614,0
4.500286899999999,1.4929614,0
4.5101327,1.4929614,0
4.520139699999998,1.4929614,0
4.5301817,1.4929614,0
4.5400779,1.4929614,0
4.550163899999998,1.4929614,0
4.5600752,1.4929614,0
4.570161199999998,1.4929614,0
4.580155099999999,1.4929614,0
4.590059999999998,1.4929614,0
4.600190699999999,1.4929614,0
4.610111,1.4929614,0
4.620141799999999,1.4929614,0
4.630077,1.4929614,0
4.6400915000000005,1.4929614,0
4.650256499999998,1.4929614,0
4.660113299999999,1.4929614,0
4.670078999999998,1.4929614,0
4.6801442999999985,1.4929614,0
4.690083299999998,1.4929614,0
4.700198099999998,1.4929614,0
4.710098200000001,1.4929614,0
4.720211599999999,1.4929614,0
4.730133800000001,1.4929614,0
4.7401312,1.4929614,0
4.750250099999999,1.4929614,0
4.7600932,1.4929614,0
4.770205399999998,1.4929614,0
4.7801377999999985,1.4929614,0
4.7900636,1.4929614,0
4.800176399999998,1.4929614,0
4.810136,1.4929614,0
4.820272199999998,1.4929614,0
4.8300828,1.4929614,0
4.8401610999999995,1.4929614,0
4.850240199999998,1.4929614,0
4.8600779,1.4929614,0
4.870140299999999,1.4929614,0
4.880147699999998,1.4929614,0
4.890094099999999,1.4929614,0
4.900259699999999,1.4929614,0
4.910121,1.4929614,0
4.920093299999998,1.4929614,0
4.9301065999999985,1.4929614,0
4.940106399999998,1.4929614,0
4.950251099999999,1.4929614,0
4.960113,1.4929614,0
4.970239100000001,1.4929614,0
4.980125600000001,1.4929614,0
4.990130499999999,1.4929614,0
5.0001891,1.4929614,0
5.0100932,1.4929614,0
5.020148799999998,1.4929614,0
5.0301832,1.4929614,0
5.040090199999998,1.4929614,0
5.050144199999998,1.4929614,0
5.060035899999999,1.4929614,0
5.070231100000001,1.4929614,0
5.080123099999998,1.4929614,0
5.0900882,1.4929614,0
5.100221999999999,1.4929614,0
5.110223299999998,1.4929614,0
5.120275100000001,1.4929614,0
5.1303972999999985,1.4929614,0
5.140299199999998,1.4929614,0
5.150346799999998,1.4929614,0
5.160101000000001,1.4929614,0
5.170304099999999,1.4929614,0
5.180277799999999,1.4929614,0
5.190105299999999,1.4929614,0
5.200269800000001,1.4929614,0
5.2101364,1.4929614,0
5.220130600000001,1.4929614,0
5.2301185,1.4929614,0
5.240106600000001,1.4929614,0
5.250263,1.4929614,0
5.260075499999999,1.4929614,0
5.270198199999999,1.4929614,0
5.280114399999999,1.4929614,0
5.2900223,1.4929614,0
5.3002213000000005,1.4929614,0
5.3100676,1.4929614,0
5.320190699999998,1.4929614,0
5.330115199999998,1.4929614,0
5.3401236999999995,1.4929614,0
5.3502320999999995,1.4929614,0
5.360116099999999,1.4929614,0
5.370082799999999,1.4929614,0
5.380150199999999,1.4929614,0
5.390131199999999,1.4929614,0
5.400253299999999,1.4929614,0
5.410130800000001,1.4929614,0
5.420172600000001,1.4929614,0
5.4301958,1.4929614,0
5.4401145,1.4929614,0
5.450169199999998,1.4929614,0
5.4601258,1.4929614,0
5.470150999999998,1.4929614,0
5.480101900000001,1.4929614,0
5.4900965,1.4929614,0
5.5003883999999985,1.4929614,0
5.5101189999999995,1.4929614,0
5.520176299999999,1.4929614,0
5.530087899999998,1.4929614,0
5.540017499999998,1.4929614,0
5.550197900000001,1.4929614,0
5.560084400000001,1.4929614,0
5.570282800000001,1.4929614,0
5.580120999999998,1.4929614,0
5.590229900000001,1.4929614,0
5.600279099999998,1.4929614,0
5.610319399999998,1.4929614,0
5.620262399999998,1.4929614,0
5.6301117000000005,1.4929614,0
5.640229599999998,1.4929614,0
5.650132499999998,1.4929614,0
5.660211099999998,1.4929614,0
5.6703303,1.4929614,0
5.680122900000001,1.4929614,0
5.690330299999999,1.4929614,0
5.7002062,1.4929614,0
5.7101042,1.4929614,0
5.720334300000001,1.4929614,0
5.730228199999999,1.4929614,0
5.740167199999998,1.4929614,0
5.750258299999999,1.4929614,0
5.760138399999999,1.4929614,0
5.770266799999998,1.4929614,0
5.7800577,1.4929614,0
5.790145499999998,1.4929614,0
5.8002642999999985,1.4929614,0
5.810089099999999,1.4929614,0
5.820149099999998,1.4929614,0
5.830175199999999,1.4929614,0
5.8400757,1.4929614,0
5.850179799999999,1.4929614,0
5.860088399999999,1.4929614,0
5.8702279,1.4929614,0
5.8800716999999985,1.4929614,0
5.890095299999999,1.4929614,0
5.900145899999998,1.4929614,0
5.910149499999999,1.4929614,0
5.9201324,1.4929614,0
5.930136900000001,1.4929614,0
5.940133400000001,1.4929614,0
5.9501691,1.4929614,0
5.960059600000001,1.4929614,0
5.970212499999999,1.4929614,0
5.980151199999998,1.4929614,0
5.990302400000001,1.4929614,0
6.000394199999999,1.4929614,0
6.0102683,1.4929614,0
6.020260499999999,1.4929614,0
6.030175,1.4929614,0
6.0400963999999995,1.4929614,0
6.0502094,1.4929614,0
6.060097799999998,1.4929614,0
6.0701627999999985,1.4929614,0
6.080100999999999,1.4929614,0
6.0901160999999995,1.4929614,0
6.1001531,1.4929614,0
6.1100674999999995,1.4929614,0
6.120201999999999,1.4929614,0
6.130206900000001,1.4929614,0
6.140076499999999,1.4929614,0
6.150227000000001,1.4929614,0
6.160144299999999,1.4929614,0
6.1701823000000005,1.4929614,0
6.180160300000001,1.4929614,0
6.190137700000001,1.4929614,0
6.2001873,1.4929614,0
6.2101887,1.4929614,0
6.220188,1.4929614,0
6.230041100000001,1.4929614,0
6.240032799999998,1.4929614,0
6.250237200000001,1.4929614,0
6.260058999999998,1.4929614,0
6.270147099999999,1.4929614,0
6.280178499999998,1.4929614,0
6.290222,1.4929614,0
6.300187000000001,1.4929614,0
6.3100621,1.4929614,0
6.320333099999999,1.4929614,0
6.3301789,1.4929614,0
6.340284199999999,1.4929614,0
6.3501732,1.4929614,0
6.360102599999998,1.4929614,0
6.370097999999999,1.4929614,0
6.3800761,1.4929614,0
6.390118099999999,1.4929614,0
6.400255099999999,1.4929614,0
6.4102771999999995,1.4929614,0
6.4201948999999985,1.4929614,0
6.430102099999999,1.4929614,0
6.440099399999998,1.4929614,0
6.450159299999999,1.4929614,0
6.4600741,1.4929614,0
6.470277100000001,1.4929614,0
6.4801985,1.4929614,0
6.490075600000001,1.4929614,0
6.500337599999998,1.4929614,0
6.510062700000002,1.4929614,0
6.520312100000002,1.4929614,0
6.5300853,1.4929614,0
6.540060899999997,1.4929614,0
6.5501538,1.4929614,0
6.560072600000002,1.4929614,0
6.5703071999999985,1.4929614,0
6.580123500000003,1.4929614,0
6.590110599999999,1.4929614,0
6.600217099999998,1.4929614,0
6.6102235,1.4929614,0
6.620123199999998,1.4929614,0
6.630203300000002,1.4929614,0
6.640060999999999,1.4929614,0
6.6501707,1.4929614,0
6.660081100000003,1.4929614,0
6.670098399999997,1.4929614,0
6.680050099999999,1.4929614,0
6.690172399999998,1.4929614,0
6.7002109999999995,1.4929614,0
6.710136899999998,1.4929614,0
6.720193300000002,1.4929614,0
6.730181900000002,1.4929614,0
6.740259399999996,1.4929614,0
6.750274000000001,1.4929614,0
6.760126599999996,1.4929614,0
6.770211200000002,1.4929614,0
6.780057799999998,1.4929614,0
6.7903344000000025,1.4929614,0
6.800221599999997,1.4929614,0
6.810384899999999,1.4929614,0
6.820452999999997,1.4929614,0
6.830272400000002,1.4929614,0
6.840248399999997,1.4929614,0
6.850229899999999,1.4929614,0
6.8603203000000015,1.4929614,0
6.8703064000000005,1.4929614,0
6.8801298999999965,1.4929614,0
6.890128899999997,1.4929614,0
6.900398399999997,1.4929614,0
6.910132199999996,1.4929614,0
6.920061499999999,1.4929614,0
6.930101500000003,1.4929614,0
6.9400338999999995,1.4929614,0
6.9501045999999995,1.4929614,0
6.960116699999997,1.4929614,0
6.9701495000000016,1.4929614,0
6.980030199999998,1.4929614,0
6.990083699999996,1.4929614,0
7.000239099999998,1.4929614,0
7.010177600000002,1.4929614,0
7.020078000000002,1.4929614,0
7.0301050999999966,1.4929614,0
7.040233699999998,1.4929614,0
7.0502365000000005,1.4929614,0
7.060001599999996,1.4929614,0
7.070097399999998,1.4929614,0
7.0800558,1.4929614,0
7.090094400000002,1.4929614,0
7.100353000000002,1.4929614,0
7.110262000000002,1.4929614,0
7.120276299999997,1.4929614,0
7.130275700000002,1.4929614,0
7.140106800000002,1.4929614,0
7.1502734,1.4929614,0
7.160130399999996,1.4929614,0
7.170224199999996,1.4929614,0
7.1801037,1.4929614,0
7.1900887,1.4929614,0
7.2002334999999995,1.4929614,0
7.210109900000003,1.4929614,0
7.220149799999998,1.4929614,0
7.230157199999997,1.4929614,0
7.240356299999998,1.4929614,0
7.250093799999998,1.4929614,0
7.260071800000002,1.4929614,0
7.270146200000003,1.4929614,0
7.280114000000001,1.4929614,0
7.290153899999996,1.4929614,0
7.3002608,1.4929614,0
7.310109299999997,1.4929614,0
7.320164799999997,1.4929614,0
7.330129699999997,1.4929614,0
7.3400572,1.4929614,0
7.350281599999999,1.4929614,0
7.360100300000003,1.4929614,0
7.370102300000003,1.4929614,0
7.380028300000003,1.4929614,0
7.3901924,1.4929614,0
7.400307600000001,1.4929614,0
7.410109099999996,1.4929614,0
7.420161199999999,1.4929614,0
7.430082699999996,1.4929614,0
7.4401337000000005,1.4929614,0
7.450253399999998,1.4929614,0
7.460109900000003,1.4929614,0
7.470187999999997,1.4929614,0
7.480096200000002,1.4929614,0
7.4900780000000005,1.4929614,0
7.5001434000000025,1.4929614,0
7.510055400000002,1.4929614,0
7.520324200000001,1.4929614,0
7.530139999999999,1.4929614,0
7.540188400000002,1.4929614,0
7.550272799999998,1.4929614,0
7.560086999999999,1.4929614,0
7.570215000000001,1.4929614,0
7.580113399999998,1.4929614,0
7.590149899999997,1.4929614,0
7.600150299999999,1.4929614,0
7.610161700000003,1.4929614,0
7.620161499999998,1.4929614,0
7.630107200000001,1.4929614,0
7.640207,1.4929614,0
7.6502475000000025,1.4929614,0
7.660079800000002,1.4929614,0
7.6702105,1.4929614,0
7.680100999999997,1.4929614,0
7.690019899999999,1.4929614,0
7.700225999999997,1.4929614,0
7.710059499999996,1.4929614,0
7.7201579,1.4929614,0
7.7300628000000025,1.4929614,0
7.740129,1.4929614,0
7.7501295999999975,1.4929614,0
7.760095799999998,1.4929614,0
7.770092999999999,1.4929614,0
7.780133099999997,1.4929614,0
7.790141099999996,1.4929614,0
7.800174099999996,1.4929614,0
7.8101677999999986,1.4929614,0
7.820127600000003,1.4929614,0
7.830120900000001,1.4929614,0
7.8403699000000024,1.4929614,0
7.850201500000001,1.4929614,0
7.860076299999999,1.4929614,0
7.870248899999996,1.4929614,0
7.880106899999998,1.4929614,0
7.890032700000003,1.4929614,0
7.900161499999999,1.4929614,0
7.910078299999999,1.4929614,0
7.920096300000001,1.4929614,0
7.9300543999999995,1.4929614,0
7.9401098999999995,1.4929614,0
7.950205100000002,1.4929614,0
7.960154900000003,1.4929614,0
7.9701117,1.4929614,0
7.980114599999997,1.4929614,0
7.9900483000000015,1.4929614,0
8.000217899999999,1.4929614,0
8.010116399999998,1.4929614,0
8.020292299999998,1.4929614,0
8.030318900000001,1.4929614,0
8.0402977,1.4929614,0
8.050194700000002,1.4929614,0
8.060145699999996,1.4929614,0
8.070215399999999,1.4929614,0
8.080149699999996,1.4929614,0
8.090269000000003,1.4929614,0
8.1001631,1.4929614,0
8.110039500000003,1.4929614,0
8.120130299999996,1.4929614,0
8.130124200000001,1.4929614,0
8.140080999999999,1.4929614,0
8.150183199999997,1.4929614,0
8.1600814,1.4929614,0
8.170105799999998,1.4929614,0
8.180246200000003,1.4929614,0
8.190079,1.4929614,0
8.200254099999999,1.4929614,0
8.210133199999998,1.4929614,0
8.2201159,1.4929614,0
8.230115600000001,1.4929614,0
8.240146900000003,1.4929614,0
8.250247400000003,1.4929614,0
8.260033799999999,1.4929614,0
8.2701442,1.4929614,0
8.280059400000003,1.4929614,0
8.2900776,1.4929614,0
8.300169399999998,1.4929614,0
8.310104200000001,1.4929614,0
8.3202283,1.4929614,0
8.330121899999998,1.4929614,0
8.3402402,1.4929614,0
8.350258999999998,1.4929614,0
8.3600733,1.4929614,0
8.3701756,1.4929614,0
8.380072699999996,1.4929614,0
8.390227299999996,1.4929614,0
8.400237100000002,1.4929614,0
8.4101161,1.4929614,0
8.420100000000001,1.4929614,0
8.430084400000002,1.4929614,0
8.440178200000002,1.4929614,0
8.450275399999999,1.4929614,0
8.4600586,1.4929614,0
8.470112199999999,1.4929614,0
8.480061600000003,1.4929614,0
8.490102400000001,1.4929614,0
8.5002831,1.4929614,0
8.510114900000001,1.4929614,0
8.5202523,1.4929614,0
8.530344599999996,1.4929614,0
8.5401445,1.4929614,0
8.550253299999998,1.4929614,0
8.560320700000002,1.4929614,0
8.570278900000002,1.4929614,0
8.580251299999997,1.4929614,0
8.590238699999997,1.4929614,0
8.600267200000001,1.4929614,0
8.610150799999996,1.4929614,0
8.6204037,1.4929614,0
8.630093499999997,1.4929614,0
8.640151900000003,1.4929614,0
8.650172799999996,1.4929614,0
8.660052199999999,1.4929614,0
8.670069799999997,1.4929614,0
8.6800624,1.4929614,0
8.6901641,1.4929614,0
8.700395199999999,1.4929614,0
8.710112800000001,1.4929614,0
8.7203415,1.4929614,0
8.730094900000001,1.4929614,0
8.740113099999999,1.4929614,0
8.750265699999996,1.4929614,0
8.760137799999999,1.4929614,0
8.770230100000003,1.4929614,0
8.780088699999997,1.4929614,0
8.7900649,1.4929614,0
8.8001611,1.4929614,0
8.810273499999997,1.4929614,0
8.820249,1.4929614,0
8.830240800000002,1.4929614,0
8.840475700000002,1.4929614,0
8.850265599999997,1.4929614,0
8.8602655,1.4929614,0
8.8704827,1.4929614,0
8.880036999999998,1.4929614,0
8.890217199999999,1.4929614,0
8.9002467,1.4929614,0
8.9100876,1.4929614,0
8.920115999999997,1.4929614,0
8.930051699999996,1.4929614,0
8.940079899999997,1.4929614,0
8.950331699999996,1.4929614,0
8.960109499999998,1.4929614,0
8.9700995,1.4929614,0
8.9800237,1.4929614,0
8.990103899999998,1.4929614,0
9.000263999999998,1.4929614,0
9.010019599999996,1.4929614,0
9.020104499999999,1.4929614,0
9.030084599999999,1.4929614,0
9.040084199999999,1.4929614,0
9.0502189,1.4929614,0
9.060060099999998,1.4929614,0
9.070166799999999,1.4929614,0
9.080089699999998,1.4929614,0
9.090151199999998,1.4929614,0
9.1003024,1.4929614,0
9.1100447,1.4929614,0
9.120222099999996,1.4929614,0
9.130055199999997,1.4929614,0
9.140173100000002,1.4929614,0
9.150105299999996,1.4929614,0
9.160032300000001,1.4929614,0
9.170613999999997,1.4929614,0
9.180046100000002,1.4929614,0
9.190015499999998,1.4929614,0
9.200218199999998,1.4929614,0
9.210075999999997,1.4929614,0
9.2201743,1.4929614,0
9.230097599999997,1.4929614,0
9.2401686,1.4929614,0
9.250174699999999,1.4929614,0
9.260074800000002,1.4929614,0
9.270471599999997,1.4929614,0
9.280050999999997,1.4929614,0
9.290110899999998,1.4929614,0
9.300352999999998,1.4929614,0
9.310149399999997,1.4929614,0
9.3200428,1.4929614,0
9.330121600000002,1.4929614,0
9.3400486,1.4929614,0
9.350162899999997,1.4929614,0
9.360098400000002,1.4929614,0
9.370252400000002,1.4929614,0
9.3800469,1.4929614,0
9.390117,1.4929614,0
9.4003068,1.4929614,0
9.410045499999999,1.4929614,0
9.420250999999997,1.4929614,0
9.430194799999999,1.4929614,0
9.440081699999997,1.4929614,0
9.450389300000001,1.4929614,0
9.460136199999997,1.4929614,0
9.470246800000002,1.4929614,0
9.479987300000001,1.4929614,0
9.490131299999998,1.4929614,0
9.500280200000002,1.4929614,0
9.510026299999996,1.4929614,0
9.5202433,1.4929614,0
9.530148899999997,1.4929614,0
9.540038499999998,1.4929614,0
9.550310200000002,1.4929614,0
9.560096300000001,1.4929614,0
9.5701644,1.4929614,0
9.580273600000002,1.4929614,0
9.590115399999998,1.4929614,0
9.600093499999996,1.4929614,0
9.610065799999997,1.4929614,0
9.620088599999999,1.4929614,0
9.630138300000002,1.4929614,0
9.640466100000001,1.4929614,0
9.6502503,1.4929614,0
9.660031700000001,1.4929614,0
9.6702051,1.4929614,0
9.680078300000002,1.4929614,0
9.690053500000001,1.4929614,0
9.700199299999998,1.4929614,0
9.710067599999999,1.4929614,0
9.720116799999996,1.4929614,0
9.730039700000003,1.4929614,0
9.740064,1.4929614,0
9.750326300000001,1.4929614,0
9.760121899999998,1.4929614,0
9.770135200000002,1.4929614,0
9.780043600000003,1.4929614,0
9.790084400000001,1.4929614,0
9.8002918,1.4929614,0
9.810077599999996,1.4929614,0
9.820235499999999,1.4929614,0
9.8301051,1.4929614,0
9.840031800000002,1.4929614,0
9.850281999999996,1.4929614,0
9.8601341,1.4929614,0
9.8700802,1.4929614,0
9.880045399999997,1.4929614,0
9.890041999999998,1.4929614,0
9.900206999999998,1.4929614,0
9.910077300000001,1.4929614,0
9.920161599999997,1.4929614,0
9.9300599,1.4929614,0
9.94002,1.4929614,0
9.95018,1.4929614,0
9.960088500000001,1.4929614,0
9.970179599999998,1.4929614,0
9.980081899999998,1.4929614,0
9.990216800000002,1.4929614,0
10.000239500000003,1.4929614,0
10.010046999999997,1.4929614,0
10.020087,1.4929614,0
10.0301285,1.4929614,0
10.0401207,1.4929614,0
10.0502073,1.4929614,0
10.060094600000003,1.4929614,0
10.070230399999996,1.4929614,0
10.080063800000001,1.4929614,0
10.090018599999997,1.4929614,0
10.100227800000003,1.4929614,0
10.110055499999998,1.4929614,0
10.120125599999998,1.4929614,0
10.130114099999997,1.4929614,0
10.140109900000002,1.4929614,0
10.150193699999999,1.4929614,0
10.160054399999996,1.4929614,0
10.170160200000002,1.4929614,0
10.180052800000002,1.4929614,0
10.190045000000001,1.4929614,0
10.200212400000002,1.4929614,0
10.210011499999997,1.4929614,0
10.220124899999998,1.4929614,0
10.230112099999996,1.4929614,0
10.240023099999998,1.4929614,0
10.250310299999999,1.4929614,0
10.260076700000003,1.4929614,0
10.270291799999999,1.4929614,0
10.280318400000002,1.4929614,0
10.290309400000002,1.4929614,0
10.300276200000003,1.4929614,0
10.310371,1.4929614,0
10.320150299999998,1.4929614,0
10.330307600000001,1.4929614,0
10.340156599999997,1.4929614,0
10.350182800000002,1.4929614,0
10.360095599999998,1.4929614,0
10.3702468,1.4929614,0
10.380051900000002,1.4929614,0
10.390052299999997,1.4929614,0
10.400315099999997,1.4929614,0
10.410225800000003,1.4929614,0
10.420239800000001,1.4929614,0
10.4303336,1.4929614,0
10.440388199999997,1.4929614,0
10.450583900000002,1.4929614,0
10.460134499999999,1.4929614,0
10.470484099999997,1.4929614,0
10.480071300000002,1.4929614,0
10.490100000000002,1.4929614,0
10.500327600000002,1.4929614,0
10.5100527,1.4929614,0
10.520062,1.4929614,0
10.530082699999998,1.4929614,0
10.540102100000002,1.4929614,0
10.550204699999998,1.4929614,0
10.560110599999998,1.4929614,0
10.570151800000001,1.4929614,0
10.580083599999998,1.4929614,0
10.5902335,1.4929614,0
10.600542,1.4929614,0
10.6100295,1.4929614,0
10.620070699999996,1.4929614,0
10.630035500000002,1.4929614,0
10.640050900000002,1.4929614,0
10.6502436,1.4929614,0
10.660073299999997,1.4929614,0
10.670092399999998,1.4929614,0
10.680095300000001,1.4929614,0
10.6901312,1.4929614,0
10.7003661,1.4929614,0
10.710031099999998,1.4929614,0
10.720148499999997,1.4929614,0
10.730243300000001,1.4929614,0
10.7400646,1.4929614,0
10.750216499999997,1.4929614,0
10.760128499999997,1.4929614,0
10.7701284,1.4929614,0
10.780180699999999,1.4929614,0
10.7901037,1.4929614,0
10.800176099999998,1.4929614,0
10.810033399999998,1.4929614,0
10.820088000000002,1.4929614,0
10.830136999999997,1.4929614,0
10.840020499999998,1.4929614,0
10.850141599999997,1.4929614,0
10.860049999999998,1.4929614,0
10.8700766,1.4929614,0
10.880509,1.4929614,0
10.890060099999996,1.4929614,0
10.900223299999997,1.4929614,0
10.910055599999996,1.4929614,0
10.920110599999997,1.4929614,0
10.9301329,1.4929614,0
10.940059299999998,1.4929614,0
10.950214999999996,1.4929614,0
10.960089800000002,1.4929614,0
10.9702339,1.4929614,0
10.9800097,1.4929614,0
10.9900913,1.4929614,0
11.000171599999998,1.4929614,0
11.010014600000002,1.4929614,0
11.0201685,1.4929614,0
11.030056599999998,1.4929614,0
11.0400205,1.4929614,0
11.050253700000003,1.4929614,0
11.060125099999997,1.4929614,0
11.070366699999997,1.4929614,0
11.080063599999999,1.4929614,0
11.090017200000002,1.4929614,0
11.100211300000002,1.4929614,0
11.110057799999996,1.4929614,0
11.120097599999998,1.4929614,0
11.1300815,1.4929614,0
11.140024,1.4929614,0
11.150223700000002,1.4929614,0
11.160090200000003,1.4929614,0
11.1700318,1.4929614,0
11.180073599999997,1.4929614,0
11.190075500000003,1.4929614,0
11.200146800000002,1.4929614,0
11.2100319,1.4929614,0
11.2201561,1.4929614,0
11.230047000000003,1.4929614,0
11.240085599999997,1.4929614,0
11.250215100000002,1.4929614,0
11.260127999999998,1.4929614,0
11.2700511,1.4929614,0
11.280047899999996,1.4929614,0
11.290149599999996,1.4929614,0
11.3004267,1.4929614,0
11.310211599999999,1.4929614,0
11.320329099999999,1.4929614,0
11.3301445,1.4929614,0
11.340144999999996,1.4929614,0
11.3502519,1.4929614,0
11.3600788,1.4929614,0
11.370312000000002,1.4929614,0
11.380166900000003,1.4929614,0
11.3901687,1.4929614,0
11.400156900000002,1.4929614,0
11.410249500000003,1.4929614,0
11.420111099999996,1.4929614,0
11.430119000000001,1.4929614,0
11.4400595,1.4929614,0
11.450195400000002,1.4929614,0
11.460062400000002,1.4929614,0
11.470007399999997,1.4929614,0
11.480164300000002,1.4929614,0
11.490140700000001,1.4929614,0
11.500374699999998,1.4929614,0
11.510017700000002,1.4929614,0
11.52016,1.4929614,0
11.530054799999998,1.4929614,0
11.540005699999998,1.4929614,0
11.550239000000001,1.4929614,0
11.560030199999996,1.4929614,0
11.570153000000001,1.4929614,0
11.580226399999997,1.4929614,0
11.590141200000001,1.4929614,0
11.600325700000003,1.4929614,0
11.610223600000001,1.4929614,0
11.620103199999999,1.4929614,0
11.6301247,1.4929614,0
11.640035799999996,1.4929614,0
11.6502358,1.4929614,0
11.660099900000002,1.4929614,0
11.6700768,1.4929614,0
11.6800368,1.4929614,0
11.690302999999997,1.4929614,0
11.700269600000002,1.4929614,0
11.710162800000003,1.4929614,0
11.720135899999999,1.4929614,0
11.730175599999999,1.4929614,0
11.740077500000002,1.4929614,0
11.7501183,1.4929614,0
11.7600448,1.4929614,0
11.770124800000001,1.4929614,0
11.780170199999997,1.4929614,0
11.790125,1.4929614,0
11.8001295,1.4929614,0
11.8100658,1.4929614,0
11.8201894,1.4929614,0
11.830082999999998,1.4929614,0
11.840078799999997,1.4929614,0
11.850189199999999,1.4929614,0
11.8602667,1.4929614,0
11.870153999999996,1.4929614,0
11.8800888,1.4929614,0
11.890138099999998,1.4929614,0
11.900200600000002,1.4929614,0
11.910038099999998,1.4929614,0
11.920132200000001,1.4929614,0
11.930182999999996,1.4929614,0
11.940083900000001,1.4929614,0
11.9502603,1.4929614,0
11.960490500000002,1.4929614,0
11.970355999999999,1.4929614,0
11.980251499999998,1.4929614,0
11.990304399999996,1.4929614,0
12.000221299999996,1.4929614,0
12.010302300000003,1.4929614,0
12.0203879,1.4929614,0
12.030266700000002,1.4929614,0
12.0401949,1.4929614,0
12.050303500000002,1.4929614,0
12.06027,1.4929614,0
12.070275200000001,1.4929614,0
12.080330700000001,1.4929614,0
12.090404199999998,1.4929614,0
12.100210399999998,1.4929614,0
12.1100836,1.4929614,0
12.120143699999996,1.4929614,0
12.130180300000003,1.4929614,0
12.139999899999996,1.4929614,0
12.150249300000002,1.4929614,0
12.1600365,1.4929614,0
12.170038000000002,1.4929614,0
12.180037899999999,1.4929614,0
12.1901319,1.4929614,0
12.200202399999998,1.4929614,0
12.210085199999998,1.4929614,0
12.220133299999997,1.4929614,0
12.230161999999996,1.4929614,0
12.240005800000002,1.4929614,0
12.250152500000002,1.4929614,0
12.260052300000002,1.4929614,0
12.270158300000002,1.4929614,0
12.2800647,1.4929614,0
12.290016599999998,1.4929614,0
12.300244000000003,1.4929614,0
12.310143299999996,1.4929614,0
12.320072200000002,1.4929614,0
12.3301463,1.4929614,0
12.340102599999998,1.4929614,0
12.3501352,1.4929614,0
12.3603925,1.4929614,0
12.370209999999997,1.4929614,0
12.380060599999997,1.4929614,0
12.3900051,1.4929614,0
12.400216799999999,1.4929614,0
12.410177299999997,1.4929614,0
12.4201108,1.4929614,0
12.430074700000002,1.4929614,0
12.440127700000001,1.4929614,0
12.4500992,1.4929614,0
12.4600701,1.4929614,0
12.470097399999997,1.4929614,0
12.4800657,1.4929614,0
12.490042599999999,1.4929614,0
12.5004229,1.4961689733295858,0
12.510368699999997,1.4989591788211754,0
12.520535999999996,1.4996578915362249,0
12.530454500000001,1.4977854448098458,0
12.540395299999997,1.4975594313101879,0
12.550501100000002,1.4962882854370763,0
12.560475999999998,1.4934588050146917,0
12.570483399999997,1.4941830171786439,0
12.580386700000002,1.4943891720838336,0
12.590392699999999,1.496450746016486,0
12.600505299999998,1.49817076980269,0
12.6105622,1.5006271184646212,0
12.620555200000002,1.5043074997956225,0
12.630354200000003,1.5053423975556932,0
12.6404483,1.5069285867984257,0
12.650484799999997,1.5049690777709508,0
12.6603757,1.5053109442243975,0
12.670519699999996,1.5077080674395076,0
12.680422699999998,1.5048466156503961,0
12.690413699999997,1.4998201121046613,0
12.7005795,1.5006934800611138,0
12.710407399999998,1.4992828623400039,0
12.720612999999997,1.4968164096718866,0
12.730445200000002,1.4940743341790852,0
12.740382800000003,1.49605178962692,0
12.750454199999997,1.4946853179463093,0
12.760419000000002,1.4963150921565211,0
12.770552599999998,1.4967876016875783,0
12.780331200000003,1.498153645393202,0
12.790361,1.497967520079991,0
12.800478000000002,1.4993606359182448,0
12.810383900000001,1.4998816171077838,0
12.820519899999997,1.5000893195510032,0
12.830403700000002,1.5052482259676376,0
12.840389399999996,1.499458731940071,0
12.850494199999996,1.4983264404922585,0
12.860380000000003,1.4998405727827282,0
12.8705016,1.4989779159096603,0
12.880369599999998,1.4985742337425991,0
12.890336600000001,1.4986463155553549,0
12.900638699999998,1.49839653200844,0
12.9103775,1.4971561179064146,0
12.920479199999999,1.4995777493999047,0
12.930510600000002,1.4984141426772557,0
12.940504899999997,1.4992249391094252,0
12.9505418,1.4970959101154349,0
12.960415000000001,1.4966031325343385,0
12.970549899999998,1.4955557524680578,0
12.980487499999999,1.4953451588087001,0
12.990431699999998,1.4944083671366815,0
13.0004983,1.4949034500088982,0
13.010434899999996,1.496730330265214,0
13.0205163,1.5005611538455845,0
13.030363900000001,1.5077806447671513,0
13.0404764,1.5130848974736706,0
13.050573099999998,1.5152452290882983,0
13.060506999999998,1.5130848974736706,0
13.070431500000002,1.5117615222665877,0
13.080413400000001,1.5080001267625518,0
13.0903606,1.5012856027964327,0
13.1003833,1.4982569074712468,0
13.110441599999998,1.497934116850667,0
13.1204662,1.4973241945645577,0
13.130483600000002,1.4978677098978432,0
13.140371300000002,1.501262254946473,0
13.150488,1.507926673260444,0
13.160373599999996,1.513226230433393,0
13.1705577,1.5241482726691722,0
13.180427300000002,1.5292605723284152,0
13.190365699999997,1.5387244833880496,0
13.200433299999997,1.54228641033357,0
13.210453300000001,1.5480608648739982,0
13.220538799999996,1.5519246836671932,0
13.230359599999996,1.5643655751562378,0
13.240407600000001,1.583324305616387,0
13.250450599999997,1.604533942911341,0
13.260379500000003,1.6272009120655082,0
13.270562000000002,1.6610612946324301,0
13.280433200000001,1.7007054040193466,0
13.290455900000001,1.7187455872792141,0
13.3006378,1.7590431855557789,0
13.310384600000003,1.766694209222324,0
13.320479000000002,1.8064275291899168,0
13.330376699999999,1.8307620396002546,0
13.340351799999997,1.8789028416060285,0
13.350491799999997,1.9155651578586792,0
13.360591500000002,1.9854916988846019,0
13.370498299999998,2.0797386763017363,0
13.384789799999997,2.1630121530492645,0
13.390432899999997,2.219098676613419,0
13.400515899999998,2.2519132449754933,0
13.410394499999999,2.2958207221678215,0
13.420503800000002,2.362968482015966,0
13.430356200000002,2.4822295706962203,0
13.440408899999998,2.6268377261935005,0
13.450518900000002,2.751479498331471,0
13.460457700000003,2.870316096209127,0
13.470614199999996,3.0873594033135787,0
13.483754100000002,3.2378272506538988,0
13.490381699999997,3.3796480931864337,0
13.5005889,3.504565905439734,0
13.510388299999999,3.6206232744013063,0
13.5204488,3.784300364546165,0
13.5303425,3.849459951939548,0
13.540396699999999,3.990378978846497,0
13.550525699999998,4.1450185145715945,0
13.563703499999999,4.102869906370529,0
13.570544899999998,4.20951947442318,0
13.580398800000001,4.242355128010889,0
13.590391499999999,4.371939454170687,0
13.6004659,4.459719758943291,0
13.610407200000001,4.556300643961566,0
13.620530800000001,4.75245400772832,0
13.630449199999997,4.8317097688067285,0
13.640517300000003,4.954217631447924,0
13.6506146,5.052597820351426,0
13.669063300000001,5.059730946740808,0
13.676003099999999,5.205430754645505,0
13.687187599999998,5.198006519845759,0
13.690577000000001,5.3185946485283795,0
13.700643699999997,5.310944312117843,0
13.710401299999997,5.326260300922612,0
13.7206103,5.333941299963164,0
13.730497699999997,5.3185946485283795,0
13.7403711,5.3185946485283795,0
13.750488999999998,5.547243047539965,0
13.7605124,5.419453999270351,0
13.7704707,5.620941922410643,0
13.780372799999999,5.704400565352053,0
13.790402799999999,5.704400565352053,0
13.800779000000002,5.876409839490586,0
13.810331399999999,5.902809819266964,0
13.820454100000003,5.858897647865455,0
13.830358499999999,5.7467600152602865,0
13.840333099999999,5.885192238641251,0
13.850520499999998,5.7467600152602865,0
13.860369600000002,5.712838601706433,0
13.870450199999997,5.687575036582215,0
13.880443500000002,5.704400565352053,0
13.890436699999999,5.704400565352053,0
13.900443,5.629212874450519,0
13.9104049,5.78954518471769,0
13.920529499999997,5.7981536807136225,0
13.930551099999999,5.7981536807136225,0
13.940634200000002,5.920498011343938,0
13.9506786,6.073738876518667,1.0999999986438525e-06
13.966559800000002,6.0829163286647,0.01594620000000191
13.970608699999996,6.0645797609342535,0.01997029999999711
13.980561900000001,5.911645071212362,0
13.997489300000002,5.965029276690851,0
14.000627900000001,6.0645797609342535,1.1999999998124622e-06
14.0139113,6.073738876518667,0.013307399999995084
14.020453700000001,5.982966845017518,0
14.033391300000002,5.947163315328091,0
14.040390499999997,6.010008088694971,8.99999996306633e-07
14.054054099999998,5.938257097883617,0
14.068332799999997,5.763822758056602,0
14.0705366,5.679187476864623,0
14.080377299999999,5.604449561432766,0
14.090399399999999,5.596228086525299,0
14.1005718,5.411602145742623,0
14.110403199999997,5.349349460940765,0
14.120551699999996,5.2729213009106,0
14.130460699999997,5.265362219909473,0
14.1404374,5.205430754645505,0
14.150580299999998,5.102830598819589,0
14.1604298,5.052597820351426,0
14.170559299999997,5.010097359277957,0
14.180421599999999,4.968103855907675,0
14.193071399999997,4.8924124296296645,0
14.2004981,5.010097359277957,0
14.2138667,4.811717148034032,0
14.227347900000002,4.878828366150185,0
14.230365799999998,4.865298530396866,0
14.240367099999997,4.919744110019454,0
14.250520400000003,4.811717148034032,0
14.260405199999997,4.811717148034032,0
14.2704713,4.8250322290347345,0
14.2804063,4.798455220978574,0
14.290532600000002,4.872056683357902,0
14.300493399999997,4.818368030996101,0
14.310393899999998,4.785246235677236,0
14.320425799999999,4.818368030996101,0
14.330367999999996,4.8250322290347345,0
14.340460699999998,4.818368030996101,0
14.350420699999997,4.785246235677236,0
14.360426,4.968103855907675,0
14.370507800000002,4.75245400772832,0
14.380387000000002,4.811717148034032,0
14.390423199999997,4.765531561429901,0
14.400428100000003,4.791844123837453,0
14.410393000000003,4.838400677022255,0
14.420508100000003,4.838400677022255,0
14.430399699999999,4.838400677022255,0
14.440362400000001,4.858553880234452,0
14.450508000000003,4.758986245804439,0
14.460342799999996,4.858553880234452,0
14.470605600000003,4.778661530106355,0
14.480378300000002,4.845104980444953,0
14.490384600000002,4.858553880234452,0
14.500541899999998,4.8250322290347345,0
14.510414100000002,5.010097359277957,0
14.5233722,4.845104980444953,0
14.537535899999998,4.811717148034032,0
14.540398299999996,4.838400677022255,0
14.550609599999998,4.8317097688067285,0
14.560598899999999,5.059730946740808,0
14.574275799999999,4.745934821072582,0
14.587399799999996,4.858553880234452,0
14.590499699999999,4.845104980444953,0
14.6005133,4.838400677022255,0
14.610384700000001,4.732935497767326,0
14.620565500000001,4.968103855907675,0
14.630469299999998,4.872056683357902,0
14.6406059,4.919744110019454,0
14.6504813,4.865298530396866,0
14.660338200000002,4.865298530396866,0
14.670437199999999,4.838400677022255,0
14.6803883,4.845104980444953,0
14.6903757,4.858553880234452,0
14.7005296,4.858553880234452,0
14.7105341,4.785246235677236,0
14.720456899999999,4.8250322290347345,0
14.730413099999996,4.878828366150185,0
14.740546499999997,4.94729532080311,0
14.750550299999997,4.878828366150185,0
14.760440900000003,4.858553880234452,0
14.770555900000002,4.899224864653134,0
14.780368999999997,4.858553880234452,0
14.7904595,4.926611263103525,0
14.800438500000002,4.791844123837453,0
14.810339500000001,4.8250322290347345,0
14.820517200000001,4.9750678252675264,0
14.830356900000002,4.968103855907675,0
14.840407000000003,4.933492164237235,0
14.850441999999997,5.017145399687578,0
14.865335300000002,5.088406543766483,0
14.8704565,5.198006519845759,0
14.880355699999999,5.280495515201974,0
14.8903711,5.295689464903592,0
14.9004661,5.474858884513335,0
14.910418599999996,5.435204896059818,0
14.920549699999999,5.435204896059818,0
14.930373,5.596228086525299,0
14.940327800000002,5.6458044870513815,0
14.9505442,5.679187476864623,0
14.960517900000003,5.6458044870513815,0
14.970392200000003,5.920498011343938,0
14.980770699999997,5.5880230381356535,0
14.990564899999999,5.704400565352053,0
15.000942900000002,5.763822758056602,0
15.010393500000003,5.729765387115033,0
15.020572400000002,5.982966845017518,0
15.030570899999997,6.129079925238219,1.0999999986438525e-06
15.044166199999996,5.938257097883617,0
15.0591793,6.2228036367552635,1.0999999986438525e-06
15.072657599999996,6.260821133074819,0.01355859999999609
15.0732113,6.347480709865341,0.014150199999996005
15.080404300000001,6.4061264490717855,0.02129279999999767
15.090445999999996,6.637569035616036,0.03130559999999605
15.100492800000001,6.606773699795757,0.04130569999999523
15.110443899999996,6.731071475665324,0.05128819999999479
15.120512199999997,6.79434803340286,0.06130359999999513
15.130334299999998,6.934080128015318,0.07124040000000065
15.140393999999997,7.224683297447398,0.08130620000000022
15.153125800000002,7.066328281073982,0.09398290000000031
15.160321299999996,7.190375823008391,0.10121209999999792
15.170671000000002,7.213224593376143,0.11148519999999706
15.180548900000002,7.1789856653167865,0.1213862999999975
15.190332199999997,7.293918879685199,0.1312457000000009
15.200524499999997,7.293918879685199,0.14136269999999485
15.210431199999999,7.293918879685199,0.1513019
15.220739499999997,7.363990293871589,0.16151509999999547
15.230408999999998,7.35225325423583,0.1712786999999949
15.240392599999996,7.270747976866626,0.1812927000000002
15.250482100000003,7.41117389899744,0.19133879999999692
15.2603026,7.35225325423583,0.20120779999999883
15.270485599999997,7.236164941859489,0.21131099999999492
15.280474600000002,7.3055391338252935,0.22129509999999897
15.290511300000002,7.363990293871589,0.23133169999999836
15.300737000000002,7.317182651729675,0.24156339999999688
15.310365999999998,7.328849479972434,0.2512643999999966
15.3204679,7.35225325423583,0.26130579999999526
15.330506799999998,7.293918879685199,0.271370399999995
15.340381599999997,7.317182651729675,0.28128979999999615
15.350461800000001,7.399342586455758,0.291298900000001
15.360410300000002,7.41117389899744,0.3012475999999964
15.370455599999996,7.35225325423583,0.3112704999999991
15.380390299999998,7.35225325423583,0.3212435999999954
15.3905299,7.3405396652208985,0.3313180999999972
15.4005713,7.375750831076357,0.3414356999999981
15.410530900000001,7.434907630411287,0.351385999999998
15.420738699999998,7.482660849647961,0.36146009999999507
15.430566799999998,7.328849479972434,0.37134899999999504
15.440705300000001,7.317182651729675,0.38139859999999715
15.4505595,7.282321842828364,0.39138339999999516
15.4606971,7.293918879685199,0.4014288999999991
15.470690899999997,7.293918879685199,0.41142409999999785
15.4804541,7.259197235504502,0.4213123999999979
15.490314700000003,7.446810144218417,0.4311973000000009
15.500465000000002,7.35225325423583,0.441324299999998
15.510402500000001,7.293918879685199,0.4512949000000006
15.520513599999997,7.375750831076357,0.4613151000000002
15.530346900000001,7.423028897842612,0.471195299999998
15.540422799999998,7.35225325423583,0.48133539999999897
15.550422000000001,7.259197235504502,0.49128899999999476
15.560368700000001,7.293918879685199,0.5012359999999987
15.570602599999997,7.236164941859489,0.5114458999999982
15.580420800000002,7.282321842828364,0.5212845999999942
15.5904104,7.328849479972434,0.531306199999996
15.600533299999999,7.293918879685199,0.5413817999999964
15.610451100000002,7.282321842828364,0.5513517999999991
15.620508300000001,7.293918879685199,0.5613332
15.630437599999997,7.24766957253901,0.5713264999999978
15.640333799999997,7.3055391338252935,0.581236699999998
15.6504449,7.236164941859489,0.5913058000000007
15.6603581,7.293918879685199,0.6012449999999987
15.670610999999997,7.259197235504502,0.6113981999999965
15.680406199999997,7.41117389899744,0.6212905999999947
15.6903562,7.3055391338252935,0.6311912999999976
15.700424000000002,7.259197235504502,0.6412295999999955
15.710402900000002,7.236164941859489,0.6513113999999973
15.720482899999997,7.259197235504502,0.6612858999999958
15.730332700000002,7.213224593376143,0.671232499999995
15.740334299999997,7.293918879685199,0.6812506999999997
15.750547700000002,7.24766957253901,0.6913887999999986
15.760397199999996,7.555010811416895,0.7012955000000005
15.770497500000001,7.45873648687406,0.7113300999999979
15.780381099999996,7.317182651729675,0.7212551000000005
15.790482299999997,7.282321842828364,0.7313687999999985
15.8005362,7.293918879685199,0.7413361999999992
15.810365799999996,7.293918879685199,0.7511721999999992
15.8205433,7.293918879685199,0.7614108000000002
15.8304114,7.47068670608361,0.7712992999999955
15.840399700000003,7.293918879685199,0.7812699999999992
15.850581799999997,7.328849479972434,0.7913532999999973
15.8603403,7.41117389899744,0.8012477999999987
15.8704134,7.375750831076357,0.8112947999999989
15.880323800000003,7.293918879685199,0.8212090999999972
15.890786799999997,7.363990293871589,0.8316598999999982
15.900493799999996,7.41117389899744,0.841303400000001
15.9103605,7.542892112532513,0.8512624999999971
15.920494899999998,7.3055391338252935,0.8612843999999953
15.930297399999997,7.363990293871589,0.8711883
15.940422799999997,7.328849479972434,0.8813230999999959
15.950443099999998,7.35225325423583,0.8913008999999974
15.960362499999999,7.3405396652208985,0.901238499999998
15.9708061,7.293918879685199,0.9115386000000001
15.980583399999997,7.259197235504502,0.9213779999999971
15.990663700000002,7.293918879685199,0.9314707999999996
16.000615999999997,7.09988923293321,0.9414613000000003
16.010549,7.293918879685199,0.9514001999999948
16.0206219,7.1789856653167865,0.9613469999999964
16.0306258,7.259197235504502,0.9714103999999963
16.040513999999998,7.282321842828364,0.9813915999999949
16.050568600000002,7.111121039461668,0.9913956999999982
16.0605266,7.044065922350272,1.0012757000000008
16.070679099999996,7.190375823008391,1.0012757000000008
16.081979999999998,7.144951555755833,1.0012757000000008
16.0979178,7.144951555755833,1.0012757000000008
16.100651199999998,7.111121039461668,1.0012757000000008
16.110525900000003,7.236164941859489,1.0012757000000008
16.120552200000002,7.259197235504502,1.0012757000000008
16.1304646,7.24766957253901,1.0012757000000008
16.1405596,7.282321842828364,1.0012757000000008
16.150658099999998,7.293918879685199,1.0012757000000008
16.1605502,7.555010811416895,1.0012757000000008
16.1705667,7.47068670608361,1.0012757000000008
16.180576300000002,7.591512672362713,1.0012757000000008
16.190616000000002,7.494658965463705,1.0012757000000008
16.200803699999998,7.423028897842612,1.0012757000000008
16.2106039,7.45873648687406,1.0012757000000008
16.2207143,7.3055391338252935,1.0012757000000008
16.230554899999998,7.35225325423583,1.0012757000000008
16.240586699999998,7.446810144218417,1.0012757000000008
16.2505225,7.293918879685199,1.0012757000000008
16.260458599999996,7.375750831076357,1.0012757000000008
16.2707066,7.35225325423583,1.0012757000000008
16.280583699999998,7.282321842828364,1.0012757000000008
16.290458400000002,7.3055391338252935,1.0012757000000008
16.300737199999997,7.494658965463705,1.0012757000000008
16.310705199999997,7.41117389899744,1.0012757000000008
16.3205445,7.293918879685199,1.0012757000000008
16.330518899999998,7.35225325423583,1.0012757000000008
16.340600300000002,7.423028897842612,1.0012757000000008
16.3505591,7.35225325423583,1.0012757000000008
16.3605013,7.3405396652208985,1.0012757000000008
16.370603900000003,7.363990293871589,1.0012757000000008
16.3803988,7.482660849647961,1.0012757000000008
16.390593900000002,7.270747976866626,1.0012757000000008
16.400696399999998,7.41117389899744,1.0012757000000008
16.410541399999996,7.434907630411287,1.0012757000000008
16.420602499999998,7.423028897842612,1.0012757000000008
16.430479799999997,7.446810144218417,1.0012757000000008
16.440648399999997,7.482660849647961,1.0012757000000008
16.450697299999998,7.482660849647961,1.0012757000000008
16.4606102,7.518727305915347,1.0012757000000008
16.4705562,7.542892112532513,1.0012757000000008
16.480536400000002,7.45873648687406,1.0012757000000008
16.490544500000002,7.677540237620285,1.0012757000000008
16.5006125,7.665176724779058,1.0012757000000008
16.510631299999996,7.6159692035057525,1.0012757000000008
16.5206142,7.689928502230714,1.0012757000000008
16.530602399999996,7.542892112532513,1.0012757000000008
16.5405865,7.727242302704185,1.0012757000000008
16.5505429,7.555010811416895,1.0012757000000008
16.560407299999998,7.677540237620285,1.0012757000000008
16.5706887,7.677540237620285,1.0012757000000008
16.5805348,7.506681101523312,1.0012757000000008
16.590701900000003,7.7773435790245795,1.0012757000000008
16.6007224,7.7023415681634235,1.0012757000000008
16.610481500000002,7.7023415681634235,1.0012757000000008
16.6206346,7.853251035826392,1.0012757000000008
16.6307163,7.82784727308025,1.0012757000000008
16.640567100000002,7.7522428396548655,1.0012757000000008
16.6508383,7.677540237620285,1.0012757000000008
16.6605522,7.789931650057636,1.0012757000000008
16.6706246,7.677540237620285,1.0012757000000008
16.6805543,7.739730070915215,1.0012757000000008
16.690487799999996,7.7522428396548655,1.0012757000000008
16.7005516,7.7023415681634235,1.0012757000000008
16.710490099999998,7.7023415681634235,1.0012757000000008
16.7205733,7.6159692035057525,1.0012757000000008
16.730461799999997,7.665176724779058,1.0012757000000008
16.7406551,7.677540237620285,1.0012757000000008
16.750582599999998,7.542892112532513,1.0012757000000008
16.760489099999997,7.328849479972434,1.0012757000000008
16.7706408,7.144951555755833,1.0012757000000008
16.780597699999998,6.5965495799240745,1.0012757000000008
16.7904339,6.129079925238219,1.0012757000000008
16.8005647,5.419453999270351,1.0012757000000008
16.8105493,4.694248060664865,1.0012757000000008
16.820702700000002,4.035800568395378,1.0012757000000008
16.830572999999998,3.2308483088401645,1.0012757000000008
16.840591200000002,2.611027329042492,1.0012757000000008
16.8506332,2.0300259115984205,1.0012757000000008
16.860502999999998,1.7757046216407284,1.0012757000000008
16.870680099999998,1.5831370443288622,1.0012757000000008
16.8805107,1.5065515208227973,1.0012757000000008
16.890152699999998,1.4929614,1.0012757000000008
16.900279100000002,1.4929614,1.0012757000000008
16.9102421,1.4929614,1.0012757000000008
16.920124400000002,1.4929614,1.0012757000000008
16.9300886,1.4929614,1.0012757000000008
16.9402454,1.4929614,1.0012757000000008
16.9505924,1.4929614,1.0012757000000008
16.9601509,1.4929614,1.0012757000000008
16.9702425,1.4929614,1.0012757000000008
16.980160100000003,1.4929614,1.0012757000000008
16.9900981,1.4929614,1.0012757000000008
17.0004059,1.4929614,1.0012757000000008
17.010229,1.4929614,1.0012757000000008
17.020321300000003,1.4929614,1.0012757000000008
17.0302069,1.4929614,1.0012757000000008
17.040072999999996,1.4929614,1.0012757000000008
17.050271399999996,1.4929614,1.0012757000000008
17.060194499999998,1.4929614,1.0012757000000008
17.070420699999996,1.4929614,1.0012757000000008
