0.0004885999999970636,1.4929614,0
0.010555400000001214,1.4929614,0
0.025697499999999707,1.4929614,0
0.030309400000000153,1.4929614,0
0.040212499999995543,1.4929614,0
0.05024759999999873,1.4929614,0
0.06028009999999995,1.4929614,0
0.07029589999999786,1.4929614,0
0.0803465999999986,1.4929614,0
0.09018139999999875,1.4929614,0
0.10038029999999765,1.4929614,0
0.11024909999999721,1.4929614,0
0.12024559999999695,1.4929614,0
0.13020499999999657,1.4929614,0
0.140244899999999,1.4929614,0
0.15026239999999547,1.4929614,0
0.16033469999999994,1.4929614,0
0.1702669999999955,1.4929614,0
0.18035589999999502,1.4929614,0
0.19020460000000128,1.4929614,0
0.20022110000000026,1.4929614,0
0.21022190000000052,1.4929614,0
0.2203117999999975,1.4929614,0
0.2302901999999989,1.4929614,0
0.240314699999999,1.4929614,0
0.25041619999999654,1.4929614,0
0.26043689999999486,1.4929614,0
0.2703333999999984,1.4929614,0
0.2803950999999998,1.4929614,0
0.2901388999999952,1.4929614,0
0.30026209999999764,1.4929614,0
0.31027110000000135,1.4929614,0
0.3204153000000005,1.4929614,0
0.3303140999999954,1.4929614,0
0.3402012999999968,1.4929614,0
0.35027749999999713,1.4929614,0
0.3602686999999989,1.4929614,0
0.3703293999999957,1.4929614,0
0.3804064999999994,1.4929614,0
0.3901498999999973,1.4929614,0
0.40020419999999746,1.4929614,0
0.4102068999999986,1.4929614,0
0.4202843999999999,1.4929614,0
0.43036479999999955,1.4929614,0
0.44024149999999906,1.4929614,0
0.45019669999999934,1.4929614,0
0.46022680000000094,1.4929614,0
0.4703093999999979,1.4929614,0
0.48041419999999846,1.4929614,0
0.49033070000000123,1.4929614,0
0.5001627999999982,1.4929614,0
0.510461399999997,1.4929614,0
0.5205055999999999,1.4929614,0
0.5304252999999974,1.4929614,0
0.5403844999999947,1.4929614,0
0.5503008999999963,1.4929614,0
0.5603909999999956,1.4929614,0
0.5703156999999948,1.4929614,0
0.5804353999999989,1.4929614,0
0.5905355999999955,1.4929614,0
0.600451299999996,1.4929614,0
0.6102234999999965,1.4929614,0
0.6203402000000011,1.4929614,0
0.6302510999999953,1.4929614,0
0.6402282999999969,1.4929614,0
0.6502708999999953,1.4929614,0
0.6602193999999955,1.4929614,0
0.6703273999999979,1.4929614,0
0.6803047000000007,1.4929614,0
0.6902220999999997,1.4929614,0
0.7002200000000016,1.4929614,0
0.7103522999999967,1.4929614,0
0.7202123,1.4929614,0
0.7303274000000002,1.4929614,0
0.740312099999997,1.4929614,0
0.7502169999999992,1.4929614,0
0.7602801999999969,1.4929614,0
0.770281599999997,1.4929614,0
0.7802527999999995,1.4929614,0
0.790220699999999,1.4929614,0
0.8003146000000001,1.4929614,0
0.8102422999999987,1.4929614,0
0.8205602999999968,1.4929614,0
0.8303364000000002,1.4929614,0
0.8402460999999946,1.4929614,0
0.850255599999997,1.4929614,0
0.8603402999999972,1.4929614,0
0.8702967999999984,1.4929614,0
0.8802479000000005,1.4929614,0
0.8902657000000005,1.4929614,0
0.9002493999999999,1.4929614,0
0.9103561000000013,1.4929614,0
0.9202382,1.4929614,0
0.9302931000000001,1.4929614,0
0.9402082000000007,1.4929614,0
0.950278499999996,1.4929614,0
0.9602511000000007,1.4929614,0
0.9702296999999973,1.4929614,0
0.9803913000000009,1.4929614,0
0.9903108999999972,1.4929614,0
1.0003303999999957,1.4929614,0
1.0149181999999968,1.4929614,0
1.020255800000001,1.4929614,0
1.0303511999999984,1.4929614,0
1.0401906999999966,1.4929614,0
1.0502363999999957,1.4929614,0
1.060253699999997,1.4929614,0
1.070321700000001,1.4929614,0
1.0803359000000015,1.4929614,0
1.090243799999996,1.4929614,0
1.100268199999995,1.4929614,0
1.1102834000000001,1.4929614,0
1.120348100000001,1.4929614,0
1.1302492999999956,1.4929614,0
1.1402160999999964,1.4929614,0
1.1503358000000006,1.4929614,0
1.1602271000000002,1.4929614,0
1.1703244999999995,1.4929614,0
1.1803467000000012,1.4929614,0
1.1901498000000004,1.4929614,0
1.2002612,1.4929614,0
1.2103037999999984,1.4929614,0
1.2202225999999996,1.4929614,0
1.2302661000000015,1.4929614,0
1.2401636999999965,1.4929614,0
1.2502911999999995,1.4929614,0
1.2602045000000004,1.4929614,0
1.2702534000000014,1.4929614,0
1.2802661999999998,1.4929614,0
1.290162500000001,1.4929614,0
1.3002393999999953,1.4929614,0
1.3103105,1.4929614,0
1.3202465999999973,1.4929614,0
1.3302489000000008,1.4929614,0
1.3402692999999957,1.4929614,0
1.3502200000000002,1.4929614,0
1.3604613999999984,1.4929614,0
1.3702888999999985,1.4929614,0
1.3802108000000004,1.4929614,0
1.3902,1.4929614,0
1.4001944999999978,1.4929614,0
1.4102193000000014,1.4929614,0
1.420361899999996,1.4929614,0
1.4303706999999974,1.4929614,0
1.4401782999999995,1.4929614,0
1.4502649999999946,1.4929614,0
1.460257899999995,1.4929614,0
1.4703275999999974,1.4929614,0
1.4803922999999983,1.4929614,0
1.4904775999999984,1.4929614,0
1.5004010999999977,1.4929614,0
1.5105219000000005,1.4929614,0
1.5203525999999954,1.4929614,0
1.5303697000000014,1.4929614,0
1.5403961999999964,1.4929614,0
1.5503506999999956,1.4929614,0
1.560502999999997,1.4929614,0
1.5703995999999947,1.4929614,0
1.5802625999999975,1.4929614,0
1.5900926999999996,1.4929614,0
1.600256899999998,1.4929614,0
1.6103106999999994,1.4929614,0
1.6202795999999964,1.4929614,0
1.6304295999999994,1.4929614,0
1.6401778999999976,1.4929614,0
1.6502900999999994,1.4929614,0
1.6602041999999955,1.4929614,0
1.6703258000000005,1.4929614,0
1.6802373999999958,1.4929614,0
1.690223599999996,1.4929614,0
1.7002730999999969,1.4929614,0
1.7109629999999996,1.4929614,0
1.7203419999999952,1.4929614,0
1.7303004999999985,1.4929614,0
1.7401744999999949,1.4929614,0
1.750210299999999,1.4929614,0
1.7603429999999989,1.4929614,0
1.7702420999999973,1.4929614,0
1.780256399999999,1.4929614,0
1.790159899999999,1.4929614,0
1.8002021,1.4929614,0
1.8102130999999986,1.4929614,0
1.820367300000001,1.4929614,0
1.830221899999998,1.4929614,0
1.8401335000000003,1.4929614,0
1.8501678000000013,1.4929614,0
1.8602692999999988,1.4929614,0
1.8702907999999994,1.4929614,0
1.8802199000000002,1.4929614,0
1.890151699999997,1.4929614,0
1.9002373999999946,1.4929614,0
1.9102406000000016,1.4929614,0
1.9203515999999965,1.4929614,0
1.930211700000001,1.4929614,0
1.9401715999999993,1.4929614,0
1.9501533999999978,1.4929614,0
1.9602130999999972,1.4929614,0
1.970312700000001,1.4929614,0
1.9803505000000001,1.4929614,0
1.9901099000000002,1.4929614,0
2.0002263000000013,1.4929614,0
2.010199700000001,1.4929614,0
2.020264399999995,1.4929614,0
2.0304146000000003,1.4929614,0
2.040316699999998,1.4929614,0
2.051665700000001,1.4929614,0
2.0605487999999994,1.4929614,0
2.07038,1.4929614,0
2.0803476999999972,1.4929614,0
2.0902916000000005,1.4929614,0
2.100418900000001,1.4929614,0
2.110485599999997,1.4929614,0
2.1204290999999955,1.4929614,0
2.130335599999995,1.4929614,0
2.1401676999999992,1.4929614,0
2.1501507999999987,1.4929614,0
2.160237500000001,1.4929614,0
2.170353399999996,1.4929614,0
2.1802002000000016,1.4929614,0
2.1902584999999988,1.4929614,0
2.2002418999999946,1.4929614,0
2.210199699999997,1.4929614,0
2.2203272,1.4929614,0
2.2302376999999964,1.4929614,0
2.240227999999995,1.4929614,0
2.2503974999999983,1.4929614,0
2.2603541999999948,1.4929614,0
2.2703103999999996,1.4929614,0
2.2802944999999966,1.4929614,0
2.2902519000000012,1.4929614,0
2.3002151999999967,1.4929614,0
2.3102567999999977,1.4929614,0
2.3203172999999992,1.4929614,0
2.3304063,1.4929614,0
2.340285399999999,1.4929614,0
2.3502980999999963,1.4929614,0
2.3602658000000005,1.4929614,0
2.3702688999999992,1.4929614,0
2.3801697999999973,1.4929614,0
2.3902333999999996,1.4929614,0
2.4002380999999957,1.4929614,0
2.410221100000001,1.4929614,0
2.4203264000000004,1.4929614,0
2.430377100000001,1.4929614,0
2.440169399999995,1.4929614,0
2.4502470999999986,1.4929614,0
2.4602328,1.4929614,0
2.4702093999999946,1.4929614,0
2.480148899999996,1.4929614,0
2.4902587999999994,1.4929614,0
2.5002476000000016,1.4929614,0
2.5102654000000015,1.4929614,0
2.5202402999999975,1.4929614,0
2.530238599999997,1.4929614,0
2.540227899999998,1.4929614,0
2.550184299999998,1.4929614,0
2.560219400000001,1.4929614,0
2.5703020999999993,1.4929614,0
2.5803167999999985,1.4929614,0
2.5904014999999987,1.4929614,0
2.6001797999999994,1.4929614,0
2.6102186999999972,1.4929614,0
2.620199399999997,1.4929614,0
2.6302096000000006,1.4929614,0
2.640160199999997,1.4929614,0
2.6502696000000014,1.4929614,0
2.660208499999996,1.4929614,0
2.670315599999995,1.4929614,0
2.680207899999999,1.4929614,0
2.6901974999999965,1.4929614,0
2.700255200000001,1.4929614,0
2.7102469000000013,1.4929614,0
2.720306299999997,1.4929614,0
2.7302887999999967,1.4929614,0
2.740401999999996,1.4929614,0
2.7501813999999953,1.4929614,0
2.7603111999999967,1.4929614,0
2.7702136999999993,1.4929614,0
2.7803454000000016,1.4929614,0
2.7901886000000005,1.4929614,0
2.800190399999998,1.4929614,0
2.8102203999999986,1.4929614,0
2.820280699999998,1.4929614,0
2.830281399999997,1.4929614,0
2.8402711999999966,1.4929614,0
2.8502797999999956,1.4929614,0
2.8602665000000016,1.4929614,0
2.870211900000001,1.4929614,0
2.8803616000000005,1.4929614,0
2.8902372999999955,1.4929614,0
2.9002403,1.4929614,0
2.9102274999999977,1.4929614,0
2.920243599999999,1.4929614,0
2.9301758999999947,1.4929614,0
2.940365100000001,1.4929614,0
2.9502310999999963,1.4929614,0
2.9602594999999994,1.4929614,0
2.9701853999999983,1.4929614,0
2.9801714999999973,1.4929614,0
2.9901624999999967,1.4929614,0
3.0002222999999972,1.4929614,0
3.0102599999999953,1.4929614,0
3.020190299999996,1.4929614,0
3.0302288999999973,1.4929614,0
3.0402130000000014,1.4929614,0
3.050179100000001,1.4929614,0
3.0601781999999957,1.4929614,0
3.0702895999999953,1.4929614,0
3.0803089999999997,1.4929614,0
3.090248199999998,1.4929614,0
3.1002313999999984,1.4929614,0
3.1102209000000016,1.4929614,0
3.120338799999999,1.4929614,0
3.1304084000000003,1.4929614,0
3.140514599999996,1.4929614,0
3.150416199999995,1.4929614,0
3.160322999999998,1.4929614,0
3.1704700999999957,1.4929614,0
3.1801829999999995,1.4929614,0
3.190217699999998,1.4929614,0
3.2002178999999984,1.4929614,0
3.2102734999999996,1.4929614,0
3.2203839000000016,1.4929614,0
3.2303382999999997,1.4929614,0
3.240173399999996,1.4929614,0
3.2502742,1.4929614,0
3.260261799999995,1.4929614,0
3.2702528999999956,1.4929614,0
3.2803799,1.4929614,0
3.2902077999999975,1.4929614,0
3.300200099999998,1.4929614,0
3.3101778999999993,1.4929614,0
3.3203391999999994,1.4929614,0
3.3302349000000007,1.4929614,0
3.3401786999999956,1.4929614,0
3.3501711999999984,1.4929614,0
3.3601784999999964,1.4929614,0
3.370282099999997,1.4929614,0
3.380346799999998,1.4929614,0
3.3904324999999957,1.4929614,0
3.4002835000000005,1.4929614,0
3.410252100000001,1.4929614,0
3.4202790000000007,1.4929614,0
3.4301804999999987,1.4929614,0
3.440224999999998,1.4929614,0
3.4503065999999976,1.4929614,0
3.460267199999997,1.4929614,0
3.470442200000001,1.4929614,0
3.4802237999999974,1.4929614,0
3.4901545999999968,1.4929614,0
3.500207699999997,1.4929614,0
3.510196999999998,1.4929614,0
3.520231899999999,1.4929614,0
3.530284799999997,1.4929614,0
3.5403068999999974,1.4929614,0
3.5502125000000007,1.4929614,0
3.560198799999995,1.4929614,0
3.570413799999997,1.4929614,0
3.580152599999998,1.4929614,0
3.5901548000000005,1.4929614,0
3.600261599999996,1.4929614,0
3.6102506999999946,1.4929614,0
3.6201367999999974,1.4929614,0
3.6302261999999956,1.4929614,0
3.6401619999999966,1.4929614,0
3.6505511000000013,1.4929614,0
3.6603958999999975,1.4929614,0
3.6704745999999986,1.4929614,0
3.680367099999998,1.4929614,0
3.690387699999995,1.4929614,0
3.700347799999996,1.4929614,0
3.7103460999999953,1.4929614,0
3.7205000000000013,1.4929614,0
3.7303269000000014,1.4929614,0
3.7404689999999974,1.4929614,0
3.7505098999999973,1.4929614,0
3.7602085999999986,1.4929614,0
3.770300200000001,1.4929614,0
3.7802409999999966,1.4929614,0
3.7902343999999957,1.4929614,0
3.8002144999999956,1.4929614,0
3.8101594999999975,1.4929614,0
3.8202387999999985,1.4929614,0
3.830248399999995,1.4929614,0
3.840482999999999,1.4929614,0
3.850171599999996,1.4929614,0
3.8601569,1.4929614,0
3.870157800000001,1.4929614,0
3.880369199999997,1.4929614,0
3.890213199999998,1.4929614,0
3.9002675999999994,1.4929614,0
3.9101725999999957,1.4929614,0
3.9202021999999985,1.4929614,0
3.9302820999999994,1.4929614,0
3.9402775000000005,1.4929614,0
3.950302799999996,1.4929614,0
3.9602068999999958,1.4929614,0
3.9704008,1.4929614,0
3.980231499999995,1.4929614,0
3.990152799999997,1.4929614,0
4.000269199999998,1.4929614,0
4.010409299999999,1.4929614,0
4.0202276999999995,1.4929614,0
4.030318199999996,1.4929614,0
4.040131500000001,1.4929614,0
4.050190299999997,1.4929614,0
4.0602862,1.4929614,0
4.0704967,1.4929614,0
4.080299199999999,1.4929614,0
4.090171099999999,1.4929614,0
4.100187599999998,1.4929614,0
4.110222799999995,1.4929614,0
4.120337999999997,1.4929614,0
4.130329799999998,1.4929614,0
4.1402035999999995,1.4929614,0
4.1502531000000005,1.4929614,0
4.160232399999998,1.4929614,0
4.170395299999996,1.4929614,0
4.180176400000001,1.4929614,0
4.1901376,1.4929614,0
4.200216399999995,1.4929614,0
4.2102377,1.4929614,0
4.2202579,1.4929614,0
4.230353000000001,1.4929614,0
4.240234799999996,1.4929614,0
4.250225700000001,1.4929614,0
4.260184500000001,1.4929614,0
4.270305100000002,1.4929614,0
4.280230400000001,1.4929614,0
4.2903161999999995,1.4929614,0
4.300280699999995,1.4929614,0
4.3103286999999995,1.4929614,0
4.320256799999996,1.4929614,0
4.3302999,1.4929614,0
4.340153199999996,1.4929614,0
4.350209199999995,1.4929614,0
4.3603235,1.4929614,0
4.370319899999998,1.4929614,0
4.3803032,1.4929614,0
4.390121099999995,1.4929614,0
4.400198099999997,1.4929614,0
4.410236499999996,1.4929614,0
4.420180899999998,1.4929614,0
4.430233299999998,1.4929614,0
4.440186799999999,1.4929614,0
4.450193800000001,1.4929614,0
4.460165199999999,1.4929614,0
4.470339299999999,1.4929614,0
4.480174399999996,1.4929614,0
4.490165599999997,1.4929614,0
4.500253199999996,1.4929614,0
4.510185799999995,1.4929614,0
4.520369799999997,1.4929614,0
4.530273999999999,1.4929614,0
4.540231200000001,1.4929614,0
4.5502082,1.4929614,0
4.560152099999996,1.4929614,0
4.570321999999997,1.4929614,0
4.580228900000002,1.4929614,0
4.590139899999997,1.4929614,0
4.600190699999999,1.4929614,0
4.610194299999996,1.4929614,0
4.620348100000001,1.4929614,0
4.630197899999999,1.4929614,0
4.640146999999999,1.4929614,0
4.650255099999995,1.4929614,0
4.660285199999997,1.4929614,0
4.670335699999995,1.4929614,0
4.6802201,1.4929614,0
4.690164099999997,1.4929614,0
4.700290899999999,1.4929614,0
4.710189999999997,1.4929614,0
4.7203547999999955,1.4929614,0
4.730233699999999,1.4929614,0
4.740144999999998,1.4929614,0
4.750234999999996,1.4929614,0
4.760172599999997,1.4929614,0
4.770288899999997,1.4929614,0
4.780160699999996,1.4929614,0
4.790122599999997,1.4929614,0
4.800157800000001,1.4929614,0
4.810180599999995,1.4929614,0
4.8202552999999995,1.4929614,0
4.830333799999998,1.4929614,0
4.840131599999999,1.4929614,0
4.850248299999997,1.4929614,0
4.860386200000001,1.4929614,0
4.8703754,1.4929614,0
4.880346899999999,1.4929614,0
4.890353999999995,1.4929614,0
4.900256599999999,1.4929614,0
4.910527799999997,1.4929614,0
4.920400799999996,1.4929614,0
4.930286500000001,1.4929614,0
4.940295299999995,1.4929614,0
4.950197599999996,1.4929614,0
4.9602079,1.4929614,0
4.970227999999999,1.4929614,0
4.980153999999999,1.4929614,0
4.990175600000001,1.4929614,0
5.000268599999998,1.4929614,0
5.010170299999999,1.4929614,0
5.020217299999999,1.4929614,0
5.030280999999995,1.4929614,0
5.0401533,1.4929614,0
5.0502313,1.4929614,0
5.060258099999999,1.4929614,0
5.070239799999996,1.4929614,0
5.080225899999995,1.4929614,0
5.090162100000001,1.4929614,0
5.100195899999996,1.4929614,0
5.110188899999997,1.4929614,0
5.120357599999998,1.4929614,0
5.130300200000001,1.4929614,0
5.140208999999999,1.4929614,0
5.150185199999996,1.4929614,0
5.160153699999995,1.4929614,0
5.170321799999996,1.4929614,0
5.180228999999997,1.4929614,0
5.190169300000001,1.4929614,0
5.200325299999996,1.4929614,0
5.210273299999997,1.4929614,0
5.220290800000001,1.4929614,0
5.2302859999999995,1.4929614,0
5.240148699999999,1.4929614,0
5.250215300000001,1.4929614,0
5.260216399999997,1.4929614,0
5.270287099999997,1.4929614,0
5.280255699999998,1.4929614,0
5.290358699999999,1.4929614,0
5.300381299999998,1.4929614,0
5.310434000000001,1.4929614,0
5.3204481,1.4929614,0
5.330394599999998,1.4929614,0
5.3401977999999986,1.4929614,0
5.350292099999997,1.4929614,0
5.360346299999996,1.4929614,0
5.370485599999995,1.4929614,0
5.380296299999998,1.4929614,0
5.390194000000001,1.4929614,0
5.400221699999996,1.4929614,0
5.4101956000000015,1.4929614,0
5.420283699999999,1.4929614,0
5.430208899999997,1.4929614,0
5.440194499999997,1.4929614,0
5.450203099999996,1.4929614,0
5.4602127,1.4929614,0
5.470251999999995,1.4929614,0
5.480212999999999,1.4929614,0
5.490139299999996,1.4929614,0
5.500245799999995,1.4929614,0
5.5101900999999955,1.4929614,0
5.5202162,1.4929614,0
5.530366899999997,1.4929614,0
5.5402632999999994,1.4929614,0
5.550249899999997,1.4929614,0
5.560310299999998,1.4929614,0
5.5703721,1.4929614,0
5.580273699999999,1.4929614,0
5.590189599999995,1.4929614,0
5.6003636999999955,1.4929614,0
5.6101831,1.4929614,0
5.620241399999998,1.4929614,0
5.630316499999999,1.4929614,0
5.640158499999998,1.4929614,0
5.6501857000000015,1.4929614,0
5.660215799999996,1.4929614,0
5.670375299999996,1.4929614,0
5.680193199999998,1.4929614,0
5.6902179,1.4929614,0
5.700197599999996,1.4929614,0
5.710184499999997,1.4929614,0
5.720263899999999,1.4929614,0
5.7303269999999955,1.4929614,0
5.740183599999995,1.4929614,0
5.750239899999997,1.4929614,0
5.760317000000001,1.4929614,0
5.7702164999999965,1.4929614,0
5.7803156000000016,1.4929614,0
5.790217999999996,1.4929614,0
5.800283299999997,1.4929614,0
5.810186999999999,1.4929614,0
5.820535,1.4929614,0
5.830189699999998,1.4929614,0
5.8401957999999965,1.4929614,0
5.850316399999997,1.4929614,0
5.860323899999997,1.4929614,0
5.8704164999999975,1.4929614,0
5.880158999999999,1.4929614,0
5.8901805,1.4929614,0
5.900257400000001,1.4929614,0
5.9103894,1.4929614,0
5.920245600000001,1.4929614,0
5.930254900000001,1.4929614,0
5.940169599999997,1.4929614,0
5.950271799999996,1.4929614,0
5.960146299999998,1.4929614,0
5.970691599999995,1.4929614,0
5.9803229999999985,1.4929614,0
5.990188400000001,1.4929614,0
6.000311199999999,1.4929614,0
6.010264199999995,1.4929614,0
6.020318799999998,1.4929614,0
6.030231199999996,1.4929614,0
6.040210399999999,1.4929614,0
6.050206899999999,1.4929614,0
6.0602102,1.4929614,0
6.070230799999997,1.4929614,0
6.0802075,1.4929614,0
6.090164600000001,1.4929614,0
6.100170299999995,1.4929614,0
6.1101958,1.4929614,0
6.120195599999995,1.4929614,0
6.1302154999999985,1.4929614,0
6.1402766,1.4929614,0
6.1502543,1.4929614,0
6.160315599999997,1.4929614,0
6.170300499999996,1.4929614,0
6.180268499999997,1.4929614,0
6.190241,1.4929614,0
6.2002007999999975,1.4929614,0
6.210223499999998,1.4929614,0
6.220162699999996,1.4929614,0
6.230267699999999,1.4929614,0
6.240186399999999,1.4929614,0
6.250245299999996,1.4929614,0
6.260570000000001,1.4931692573675577,0
6.270746199999998,1.5045447124329363,0
6.280697799999999,1.5120290625651018,0
6.290653899999995,1.4998201121046613,0
6.300414099999998,1.4929614,0
6.314230199999997,1.4929614,0
6.3204645,1.4929614,0
6.330759299999997,1.5020579323162235,0
6.340558799999997,1.5117615222665877,0
6.350596099999997,1.5265792725329475,0
6.360682300000001,1.5313774848249497,0
6.3707499,1.5303052694205455,0
6.380771699999997,1.5303052694205455,0
6.3906524000000005,1.5268018151283038,0
6.400654799999998,1.524286742514914,0
6.410766199999998,1.5267274858521,0
6.4207234,1.5268762932118178,0
6.430937199999995,1.5298197252788648,0
6.440687199999999,1.5157110227787398,0
6.450992299999996,1.5561768922322148,0
6.4608931,1.5961226409740015,0
6.470830999999997,1.6648752427152562,0
6.480878499999996,1.711529009534322,0
6.4907473999999965,1.7363455278316857,0
6.500932399999996,1.7655880461863904,0
6.510696099999997,1.8186986500052906,0
6.520896100000002,1.9584850084585672,0
6.5307545000000005,1.9538195246718817,0
6.540592199999999,1.9233019529637416,0
6.550747199999996,1.9276607300557569,0
6.560606499999999,1.938301364444209,0
6.570585000000001,1.9285377282217016,0
6.580749399999995,1.9854916988846019,0
6.590616799999999,1.9805574940382926,0
6.600631499999999,2.1038226925624812,0
6.610795699999997,2.1849098363085755,0
6.6207274,2.254968604600834,0
6.6308188,2.3949825430227554,0
6.640595300000001,2.3154040797992836,0
6.6507125999999985,2.4942128816106766,0
6.660615700000001,2.492205663734404,0
6.6707230999999965,2.514507408027352,0
6.680638699999996,2.4842168164209233,0
6.690614499999995,2.3823955022932037,0
6.700609,2.558470277062481,0
6.710576099999997,2.508376375071145,0
6.720696699999998,2.4586900649538483,0
6.730636699999998,2.5735397007742216,0
6.740756599999997,2.6268377261935005,0
6.750644299999998,2.57788414266852,0
6.760652499999999,2.5998689406802926,0
6.7706997000000015,2.591022223207186,0
6.780665200000001,2.5394027347767896,0
6.790649899999998,2.520675337760939,0
6.800614199999998,2.418831177937271,0
6.8107623,2.4132724836286465,0
6.820802799999996,2.3154040797992836,0
6.830771299999995,2.2704300760281795,0
6.840607399999996,2.22055913393715,0
6.850635499999996,2.1603238845584065,0
6.860677599999995,2.106284503672537,0
6.8707192999999975,2.0520811114443793,0
6.8806286999999955,2.022512664283221,0
6.8906311,2.009875018688723,0
6.900959,1.9894747434109024,0
6.910822899999999,1.946451116732677,0
6.920851499999998,1.9104841231449277,0
6.9307931999999965,1.8355718986069312,0
6.940833999999995,1.748478167133552,0
6.950980799999996,1.7201245936850902,0
6.960600499999998,1.669492158852289,0
6.970910799999999,1.616114579420225,0
6.980845199999997,1.593804733344683,0
6.990812399999996,1.5791106447408365,0
7.000534699999996,1.5584794278672465,0
7.010794300000001,1.550446698029463,0
7.020672900000001,1.5437824770147,0
7.030718299999997,1.5392181926540232,0
7.040623699999998,1.5316289032348742,0
7.0505330000000015,1.5303052694205455,0
7.060836099999996,1.4998816171077838,0
7.070675899999998,1.4929614,0
7.080560999999996,1.4929614,0
7.090410399999996,1.4929614,0
7.100330700000001,1.4929614,0
7.110286699999996,1.4929614,0
7.1203766,1.4929614,0
7.130466800000001,1.4929614,0
7.140271800000001,1.4929614,0
7.150373799999997,1.4929614,0
7.160376899999996,1.4929614,0
7.170451799999995,1.4929614,0
7.180358299999995,1.4929614,0
7.190277999999999,1.4929614,0
7.200374799999999,1.4929614,0
7.210384300000001,1.4929614,0
7.220411800000001,1.4929614,0
7.230499299999998,1.4929614,0
7.240336499999998,1.4929614,0
7.250334500000001,1.4929614,0
7.260434499999995,1.4929614,0
7.270523099999998,1.4929614,0
7.280332099999995,1.4929614,0
7.290315199999995,1.4929614,0
7.3002544,1.4929614,0
7.3103134999999995,1.4929614,0
7.320505499999996,1.4929614,0
7.330373899999998,1.4929614,0
7.3402423,1.4929614,0
7.350379799999999,1.4929614,0
7.360382000000001,1.4929614,0
7.370414199999999,1.4929614,0
7.3804047,1.4929614,0
7.390456700000001,1.4929614,0
7.400342099999996,1.4929614,0
7.410413399999996,1.4929614,0
7.420439999999999,1.4929614,0
7.4304317,1.4929614,0
7.440479400000001,1.4929614,0
7.4504711000000015,1.4929614,0
7.460404499999996,1.4929614,0
7.470307599999998,1.4929614,0
7.480331700000001,1.4929614,0
7.490442899999998,1.4929614,0
7.5003784999999965,1.4929614,0
7.510670499999996,1.4929614,0
7.520378299999997,1.4929614,0
7.530322699999999,1.4929614,0
7.5402844999999985,1.4929614,0
7.550353099999995,1.4929614,0
7.560351699999998,1.4929614,0
7.570310399999997,1.4929614,0
7.580403599999997,1.4929614,0
7.590335599999996,1.4929614,0
7.600341100000001,1.4929614,0
7.6103279000000015,1.4929614,0
7.620305899999998,1.4929614,0
7.6302888999999965,1.4929614,0
7.640337899999999,1.4929614,0
7.650313399999995,1.4929614,0
7.660458800000001,1.4929614,0
7.670349199999997,1.4929614,0
7.680243599999997,1.4929614,0
7.690314799999996,1.4929614,0
7.7002668999999955,1.4929614,0
7.710422699999995,1.4929614,0
7.720440099999998,1.4929614,0
7.730353600000001,1.4929614,0
7.740259399999999,1.4929614,0
7.750341800000001,1.4929614,0
7.760424799999996,1.4929614,0
7.770425400000001,1.4929614,0
7.780374899999998,1.4929614,0
7.7902871000000005,1.4929614,0
7.8003061,1.4929614,0
7.810396999999995,1.4929614,0
7.820379299999999,1.4929614,0
7.830330599999996,1.4929614,0
7.840394599999996,1.4929614,0
7.850455099999998,1.4929614,0
7.860449699999997,1.4929614,0
7.870354800000001,1.4929614,0
7.880325599999999,1.4929614,0
7.890343799999997,1.4929614,0
7.900334299999997,1.4929614,0
7.910585699999999,1.4929614,0
7.920445199999996,1.4929614,0
7.930420699999999,1.4929614,0
7.940317700000001,1.4929614,0
7.9502701999999985,1.4929614,0
7.960376199999999,1.4929614,0
7.970427399999998,1.4929614,0
7.9804411,1.4929614,0
7.990279000000001,1.4929614,0
8.000332999999998,1.4929614,0
8.010510699999998,1.4929614,0
8.0205141,1.4929614,0
8.030266999999995,1.4929614,0
8.0403004,1.4929614,0
8.050373999999998,1.4929614,0
8.0603968,1.4929614,0
8.0703903,1.4929614,0
8.080356299999998,1.4929614,0
8.090484499999995,1.4929614,0
8.100250299999999,1.4929614,0
8.1103108,1.4929614,0
8.120453999999995,1.4929614,0
8.1302959,1.4929614,0
8.140405299999998,1.4929614,0
8.1504002,1.4929614,0
8.160342700000001,1.4929614,0
8.170320599999997,1.4929614,0
8.1802597,1.4929614,0
8.190363499999997,1.4929614,0
8.200428199999998,1.4929614,0
8.210413699999997,1.4929614,0
8.220399,1.4929614,0
8.2304234,1.4929614,0
8.240725399999995,1.4929614,0
8.2506403,1.4929614,0
8.260673399999995,1.4929614,0
8.270466499999998,1.4929614,0
8.280467799999997,1.4929614,0
8.290547699999998,1.4929614,0
8.3005292,1.4929614,0
8.310298099999997,1.4929614,0
8.320491499999996,1.4929614,0
8.330334299999997,1.4929614,0
8.340444900000001,1.4929614,0
8.3503853,1.4929614,0
8.360362599999995,1.4929614,0
8.370344099999997,1.4929614,0
8.380348099999999,1.4929614,0
8.3903472,1.4929614,0
8.400363599999999,1.4929614,0
8.410462299999999,1.4929614,0
8.420396799999999,1.4929614,0
8.4302815,1.4929614,0
8.4405176,1.4929614,0
8.450336799999995,1.4929614,0
8.460531499999995,1.4929614,0
8.4705334,1.4929614,0
8.480282099999997,1.4929614,0
8.490397000000002,1.4929614,0
8.500334199999998,1.4929614,0
8.5102933,1.4929614,0
8.520470699999997,1.4929614,0
8.530334499999995,1.4929614,0
8.540253700000001,1.4929614,0
8.5505262,1.4929614,0
8.560325999999996,1.4929614,0
8.5703325,1.4929614,0
8.580400399999995,1.4929614,0
8.590359199999995,1.4929614,0
8.6002491,1.4929614,0
8.610435899999999,1.4929614,0
8.620366999999995,1.4929614,0
8.630281499999995,1.4929614,0
8.6404693,1.4929614,0
8.650334,1.4929614,0
8.660458299999995,1.4929614,0
8.670478099999997,1.4929614,0
8.680321499999998,1.4929614,0
8.690321699999998,1.4929614,0
8.7003646,1.4929614,0
8.7102693,1.4929614,0
8.720446299999999,1.4929614,0
8.730370799999996,1.4929614,0
8.740199499999996,1.4929614,0
8.750416399999999,1.4929614,0
8.760516299999999,1.4929614,0
8.770501199999998,1.4929614,0
8.780490799999995,1.4929614,0
8.7905357,1.4929614,0
8.800511399999998,1.4929614,0
8.810398800000002,1.4929614,0
8.820540699999995,1.4929614,0
8.830335300000002,1.4929614,0
8.840359499999998,1.4929614,0
8.850386899999997,1.4929614,0
8.860301299999996,1.4929614,0
8.8704234,1.4929614,0
8.880303300000001,1.4929614,0
8.890432699999998,1.4929614,0
8.9004106,1.4929614,0
8.910662299999998,1.4929614,0
8.920501699999996,1.4929614,0
8.930355499999997,1.4929614,0
8.940553999999999,1.4929614,0
8.9504303,1.4929614,0
8.960316299999995,1.4929614,0
8.970377499999998,1.4929614,0
8.980455999999997,1.4929614,0
8.990401499999997,1.4929614,0
9.000372599999999,1.4929614,0
9.010401600000002,1.4929614,0
9.0204034,1.4929614,0
9.030255400000001,1.4929614,0
9.0403704,1.4929614,0
9.050252100000002,1.4929614,0
9.060232200000002,1.4929614,0
9.070434299999995,1.4929614,0
9.0803267,1.4929614,0
9.090430999999995,1.4929614,0
9.100402500000001,1.4929614,0
9.1102767,1.4929614,0
9.120460299999998,1.4929614,0
9.130369799999997,1.4929614,0
9.140399799999997,1.4929614,0
9.150433999999997,1.4929614,0
9.160489499999997,1.4929614,0
9.170405799999997,1.4929614,0
9.1803922,1.4929614,0
9.190548399999997,1.4929614,0
9.200379499999997,1.4929614,0
9.210438400000001,1.4929614,0
9.220638399999999,1.4929614,0
9.230251899999999,1.4929614,0
9.240392799999995,1.4929614,0
9.250305499999996,1.4929614,0
9.260604699999995,1.4929614,0
9.270431799999997,1.4929614,0
9.280344299999996,1.4929614,0
9.290542699999996,1.4929614,0
9.300429799999996,1.4929614,0
9.310337599999997,1.4929614,0
9.320537000000002,1.4929614,0
9.330359699999995,1.4929614,0
9.340331200000001,1.4929614,0
9.350440800000001,1.4929614,0
9.360449899999999,1.4929614,0
9.370526900000002,1.4929614,0
9.380363099999997,1.4929614,0
9.3904299,1.4929614,0
9.400261700000001,1.4929614,0
9.410412,1.4929614,0
9.420419299999999,1.4929614,0
9.4302998,1.4929614,0
9.440630599999999,1.4929614,0
9.450374699999998,1.4929614,0
9.460625299999997,1.4929614,0
9.470462699999999,1.4929614,0
9.4803693,1.4929614,0
9.490556599999998,1.4929614,0
9.500351199999997,1.4929614,0
9.510312499999998,1.4929614,0
9.5204406,1.4929614,0
9.530373499999996,1.4929614,0
9.540397599999999,1.4929614,0
9.550363499999996,1.4929614,0
9.560387399999996,1.4929614,0
9.570362199999998,1.4929614,0
9.5804045,1.4929614,0
9.5903736,1.4929614,0
9.600426899999995,1.4929614,0
9.6103934,1.4929614,0
9.620436399999996,1.4929614,0
9.630342800000001,1.4929614,0
9.640352799999995,1.4929614,0
9.650326199999995,1.4929614,0
9.660274199999996,1.4929614,0
9.670494999999995,1.4929614,0
9.680321399999997,1.4929614,0
9.690410100000001,1.4929614,0
9.700374199999999,1.4929614,0
9.710302399999996,1.4929614,0
9.7206367,1.4929614,0
9.730328499999999,1.4929614,0
9.740405299999999,1.4929614,0
9.750365500000001,1.4929614,0
9.760387000000001,1.4929614,0
9.770309399999995,1.4929614,0
9.780470600000001,1.4929614,0
9.790393299999998,1.4929614,0
9.800273399999995,1.4929614,0
9.810485499999999,1.4929614,0
9.820556799999999,1.4929614,0
9.830269299999998,1.4929614,0
9.840479299999998,1.4929614,0
9.850396799999999,1.4929614,0
9.860281299999997,1.4929614,0
9.870500499999999,1.4929614,0
9.880404599999999,1.4929614,0
9.890557999999999,1.4929614,0
9.900379199999996,1.4929614,0
9.910342499999999,1.4929614,0
9.920608000000001,1.4929614,0
9.930337000000002,1.4929614,0
9.940401099999995,1.4929614,0
9.950404299999995,1.4929614,0
9.9603672,1.4929614,0
9.970431300000001,1.4929614,0
9.980382299999995,1.4929614,0
9.9903896,1.4929614,0
10.000325699999998,1.4929614,0
10.010593100000001,1.4929614,0
10.020428199999998,1.4929614,0
10.0303088,1.4929614,0
10.040468699999998,1.4929614,0
10.050347199999997,1.4929614,0
10.060349500000001,1.4929614,0
10.070498299999997,1.4929614,0
10.080366999999995,1.4929614,0
10.0903961,1.4929614,0
10.100389,1.4929614,0
10.110281799999996,1.4929614,0
10.120494699999995,1.4929614,0
10.1303846,1.4929614,0
10.140348599999996,1.4929614,0
10.150444799999995,1.4929614,0
10.160362399999997,1.4929614,0
10.170345300000001,1.4929614,0
10.180465399999996,1.4929614,0
10.1904356,1.4929614,0
10.2002995,1.4929614,0
10.210484199999996,1.4929614,0
10.2204573,1.4929614,0
10.230328,1.4929614,0
10.240537699999997,1.4929614,0
10.2503053,1.4929614,0
10.260251400000001,1.4929614,0
10.2705925,1.4929614,0
10.280415900000001,1.4929614,0
10.2905053,1.4929614,0
10.3005487,1.4929614,0
10.310461499999995,1.4929614,0
10.320524599999999,1.4929614,0
10.330435000000001,1.4929614,0
10.340308299999997,1.4929614,0
10.350527299999996,1.4929614,0
10.360331199999997,1.4929614,0
10.370421299999997,1.4929614,0
10.380384399999997,1.4929614,0
10.390361999999996,1.4929614,0
10.400318999999996,1.4929614,0
10.410367999999998,1.4929614,0
10.4203969,1.4929614,0
10.430407299999999,1.4929614,0
10.440506499999998,1.4929614,0
10.4503931,1.4929614,0
10.4603338,1.4929614,0
10.4704665,1.4929614,0
10.480401899999997,1.4929614,0
10.490465999999998,1.4929614,0
10.500376099999997,1.4929614,0
10.5104179,1.4929614,0
10.5204928,1.4929614,0
10.530327499999999,1.4929614,0
10.540317099999996,1.4929614,0
10.550368999999996,1.4929614,0
10.560356399999996,1.4929614,0
10.570367699999998,1.4929614,0
10.5803558,1.4929614,0
10.5904375,1.4929614,0
10.600549299999997,1.4929614,0
10.610602299999996,1.4929614,0
10.620457199999997,1.4929614,0
10.630314999999996,1.4929614,0
10.640533099999999,1.4929614,0
10.650419299999996,1.4929614,0
10.660278900000002,1.4929614,0
10.670441199999999,1.4929614,0
10.680355599999999,1.4929614,0
10.6902678,1.4929614,0
10.7003464,1.4929614,0
10.7103107,1.4929614,0
10.720367699999997,1.4929614,0
10.7303414,1.4929614,0
10.740378299999996,1.4929614,0
10.750391899999997,1.4929614,0
10.7603218,1.4929614,0
10.770364199999996,1.4929614,0
10.780319800000001,1.4929614,0
10.790466899999998,1.4929614,0
10.800242499999996,1.4929614,0
10.8103987,1.4929614,0
10.820410699999996,1.4929614,0
10.8302823,1.4929614,0
10.840454899999997,1.4929614,0
10.850326599999995,1.4929614,0
10.860292399999999,1.4929614,0
10.8704593,1.4929614,0
10.880319399999998,1.4929614,0
10.8903459,1.4929614,0
10.900355599999997,1.4929614,0
10.9103092,1.4929614,0
10.920477499999997,1.4929614,0
10.930322099999998,1.4929614,0
10.9402555,1.4929614,0
10.950398100000001,1.4929614,0
10.960365499999995,1.4929614,0
10.970328599999995,1.4929614,0
10.980379399999997,1.4929614,0
10.990426800000002,1.4929614,0
11.000301,1.4929614,0
11.010367099999996,1.4929614,0
11.020347899999997,1.4929614,0
11.030267899999998,1.4929614,0
11.040521999999996,1.4929614,0
11.050324199999999,1.4929614,0
11.060285799999996,1.4929614,0
11.0704025,1.4929614,0
11.080299699999998,1.4929614,0
11.0903269,1.4929614,0
11.100431100000002,1.4929614,0
11.110281199999996,1.4929614,0
11.120502699999996,1.4929614,0
11.1303767,1.4929614,0
11.1402657,1.4929614,0
11.150392599999996,1.4929614,0
11.160340399999995,1.4929614,0
11.170402699999997,1.4929614,0
11.180382699999996,1.4929614,0
11.190374299999995,1.4929614,0
11.2003098,1.4929614,0
11.210324700000001,1.4929614,0
11.2203838,1.4929614,0
11.2302873,1.4929614,0
11.240400699999995,1.4929614,0
11.250305499999996,1.4929614,0
11.260311399999999,1.4929614,0
11.270402599999997,1.4929614,0
11.2803203,1.4929614,0
11.290271499999996,1.4929614,0
11.300357499999997,1.4929614,0
11.310354199999999,1.4929614,0
11.320503599999995,1.4929614,0
11.330385499999998,1.4929614,0
11.340712799999999,1.4929614,0
11.350581899999995,1.4929614,0
11.360553099999997,1.4929614,0
11.370612999999999,1.4929614,0
11.3805726,1.4929614,0
11.3903107,1.4929614,0
11.400444399999998,1.4929614,0
11.410392299999998,1.4929614,0
11.420480499999996,1.4929614,0
11.430249400000001,1.4929614,0
11.4404623,1.4929614,0
11.450387,1.4929614,0
11.460289699999997,1.4929614,0
11.470401099999997,1.4929614,0
11.480322699999995,1.4929614,0
11.490243399999997,1.4929614,0
11.500374699999995,1.4929614,0
11.510367699999996,1.4929614,0
11.520412499999999,1.4929614,0
11.530392999999997,1.4929614,0
11.5403309,1.4929614,0
11.550416599999998,1.4929614,0
11.5603385,1.4929614,0
11.570551299999998,1.4929614,0
11.580362399999999,1.4929614,0
11.590432999999997,1.4929614,0
11.600268,1.4929614,0
11.610373599999996,1.4929614,0
11.620434499999995,1.4929614,0
11.630296299999998,1.4929614,0
11.640534099999996,1.4929614,0
11.650383699999999,1.4929614,0
11.6602776,1.4929614,0
11.670390099999999,1.4929614,0
11.680287100000001,1.4929614,0
11.690270900000002,1.4929614,0
11.700343400000001,1.4929614,0
11.710380199999996,1.4929614,0
11.720384199999998,1.4929614,0
11.730392799999997,1.4929614,0
11.740353800000001,1.4929614,0
11.7504481,1.4929614,0
11.7603893,1.4929614,0
11.770427900000001,1.4929614,0
11.7803963,1.4929614,0
11.790452299999998,1.4929614,0
11.800329399999995,1.4929614,0
11.810439500000001,1.4929614,0
11.8203612,1.4929614,0
11.830224299999998,1.4929614,0
11.840465199999997,1.4929614,0
11.850352799999996,1.4929614,0
11.860241799999997,1.4929614,0
11.8703978,1.4929614,0
11.8803178,1.4929614,0
11.890214299999997,1.4929614,0
11.900309899999996,1.4929614,0
11.9103778,1.4929614,0
11.9203938,1.4929614,0
11.930422899999996,1.4929614,0
11.940391900000002,1.4929614,0
11.950407899999995,1.4929614,0
11.960355999999997,1.4929614,0
11.970342899999999,1.4929614,0
11.980331199999995,1.4929614,0
11.990292099999998,1.4929614,0
12.000355299999995,1.4929614,0
12.0104082,1.4929614,0
12.020393999999996,1.4929614,0
12.030324100000001,1.4929614,0
12.0405023,1.4929614,0
12.050311799999996,1.4929614,0
12.0602661,1.4929614,0
12.0704517,1.4929614,0
12.080316499999995,1.4929614,0
12.0903348,1.4929614,0
12.100312500000001,1.4929614,0
12.110340399999998,1.4929614,0
12.120395199999997,1.4929614,0
12.130360199999998,1.4929614,0
12.1403727,1.4929614,0
12.150514600000001,1.4929614,0
12.1603505,1.4929614,0
12.170336499999998,1.4929614,0
12.1803947,1.4929614,0
12.190469899999997,1.4929614,0
12.2002557,1.4929614,0
12.210385500000001,1.4929614,0
12.220523299999996,1.4929614,0
12.2302703,1.4929614,0
12.240503799999999,1.4929614,0
12.2503588,1.4929614,0
12.260286399999998,1.4929614,0
12.270484099999997,1.4929614,0
12.2803672,1.4929614,0
12.290315399999997,1.4929614,0
12.3004058,1.4929614,0
12.310505800000001,1.4929614,0
12.320422799999996,1.4929614,0
12.330476499999996,1.4929614,0
12.3404198,1.4929614,0
12.350444199999998,1.4929614,0
12.3603333,1.4929614,0
12.370454799999997,1.4929614,0
12.3803554,1.4929614,0
12.3903848,1.4929614,0
12.400326899999996,1.4929614,0
12.410352599999996,1.4929614,0
12.4204097,1.4929614,0
12.4302262,1.4929614,0
12.440423899999999,1.4929614,0
12.450308799999995,1.4929614,0
12.460300799999999,1.4929614,0
12.470405399999997,1.4929614,0
12.480297199999995,1.4929614,0
12.4903288,1.4929614,0
12.5003709,1.4929614,0
12.510305299999999,1.4929614,0
12.520468299999997,1.4929614,0
12.530331599999997,1.4929614,0
12.540425899999995,1.4929614,0
12.550388999999996,1.4929614,0
12.560350799999995,1.4929614,0
12.570396599999995,1.4929614,0
12.580404600000001,1.4929614,0
12.590468699999995,1.4929614,0
12.600288800000001,1.4929614,0
12.6104141,1.4929614,0
12.620379999999997,1.4929614,0
12.630214500000001,1.4929614,0
12.640341199999995,1.4929614,0
12.650490300000001,1.4929614,0
12.6602381,1.4929614,0
12.6704632,1.4929614,0
12.680343899999997,1.4929614,0
12.690332599999998,1.4929614,0
12.700318599999996,1.4929614,0
12.710365099999997,1.4929614,0
12.720372300000001,1.4929614,0
12.730384199999996,1.4929614,0
12.740446899999995,1.4929614,0
12.7504761,1.4929614,0
12.760359000000001,1.4929614,0
12.770403699999996,1.4929614,0
12.780494699999998,1.4929614,0
12.790477599999996,1.4929614,0
12.800206599999996,1.4929614,0
12.810319299999996,1.4929614,0
12.820350599999998,1.4929614,0
12.830298399999997,1.4929614,0
12.840459799999998,1.4929614,0
12.850334499999995,1.4929614,0
12.860209499999996,1.4929614,0
12.8705718,1.4929614,0
12.880280200000001,1.4929614,0
12.890245199999995,1.4929614,0
12.900358099999998,1.4929614,0
12.910316699999996,1.4929614,0
12.920282799999995,1.4929614,0
12.930383299999995,1.4929614,0
12.940379,1.4929614,0
12.950352199999998,1.4929614,0
12.960383199999995,1.4929614,0
12.9704051,1.4929614,0
12.980413200000001,1.4929614,0
12.990353200000001,1.4929614,0
13.000273499999999,1.4929614,0
13.010389699999998,1.4929614,0
13.0204704,1.4929614,0
13.030390599999997,1.4929614,0
13.040349599999999,1.4929614,0
13.0503723,1.4929614,0
13.0603275,1.4929614,0
13.070449799999999,1.4929614,0
13.080336899999999,1.4929614,0
13.090287499999995,1.4929614,0
13.100476899999997,1.4929614,0
13.110374499999999,1.4929614,0
13.1203127,1.4929614,0
13.1303902,1.4929614,0
13.140455099999997,1.4929614,0
13.150335499999997,1.4929614,0
13.160390499999998,1.4929614,0
13.1703677,1.4929614,0
13.180526899999997,1.4929614,0
13.190392599999996,1.4929614,0
13.2003098,1.4929614,0
13.210379099999997,1.4929614,0
13.220424099999995,1.4929614,0
13.230308399999998,1.4929614,0
13.240322800000001,1.4929614,0
13.250349100000001,1.4929614,0
13.2602781,1.4929614,0
13.2704193,1.4929614,0
13.280257200000001,1.4929614,0
13.290312499999999,1.4929614,0
13.300386499999995,1.4929614,0
13.310364399999997,1.4929614,0
13.320398099999998,1.4929614,0
13.3303735,1.4929614,0
13.340260299999997,1.4929614,0
13.3504206,1.4929614,0
13.360373099999997,1.4929614,0
13.3704149,1.4929614,0
13.380449299999995,1.4929614,0
13.390469799999998,1.4929614,0
13.4003273,1.4929614,0
13.410340599999998,1.4929614,0
13.420526799999998,1.4929614,0
13.430273399999997,1.4929614,0
13.440533699999996,1.4929614,0
13.4504302,1.4929614,0
13.460315199999997,1.4929614,0
13.4704069,1.4929614,0
13.4803347,1.4929614,0
13.490332099999996,1.4929614,0
13.500519599999997,1.4929614,0
13.510393299999997,1.4929614,0
13.520282099999996,1.4929614,0
13.530456299999997,1.4929614,0
13.5404002,1.4929614,0
13.550327500000002,1.4929614,0
13.560379399999995,1.4929614,0
13.570374699999995,1.4929614,0
13.580503999999998,1.4929614,0
13.590528499999998,1.4929614,0
13.6002674,1.4929614,0
13.610387500000002,1.4929614,0
13.620412199999997,1.4929614,0
13.6302375,1.4929614,0
13.640408299999997,1.4929614,0
13.650399999999998,1.4929614,0
13.660570299999996,1.4929614,0
13.6705435,1.4929614,0
13.6805028,1.4929614,0
13.6903133,1.4929614,0
13.7006819,1.4929614,0
13.710332699999995,1.4929614,0
13.7203229,1.4929614,0
13.730295599999998,1.4929614,0
13.740419699999997,1.4929614,0
13.750306599999995,1.4929614,0
13.760356799999997,1.4929614,0
13.770351999999995,1.4929614,0
13.780311599999997,1.4929614,0
13.790453499999998,1.4929614,0
13.800292800000001,1.4929614,0
13.810409199999995,1.4929614,0
13.8205277,1.4929614,0
13.830252099999996,1.4929614,0
13.840376599999999,1.4929614,0
13.850496999999997,1.4929614,0
13.860494899999999,1.4929614,0
13.8706399,1.4929614,0
13.880424099999999,1.4929614,0
13.890418699999998,1.4929614,0
13.9004579,1.4929614,0
13.9103967,1.4929614,0
13.920507099999995,1.4929614,0
13.930408799999995,1.4929614,0
13.940333500000001,1.4929614,0
13.950321799999998,1.4929614,0
13.960377899999997,1.4929614,0
13.970482400000002,1.4929614,0
13.980477299999997,1.4929614,0
13.990421900000001,1.4929614,0
14.000287499999999,1.4929614,0
14.010406699999997,1.4929614,0
14.020454799999996,1.4929614,0
14.030230699999997,1.4929614,0
14.040340899999997,1.4929614,0
14.050380599999997,1.4929614,0
14.060495099999997,1.4929614,0
14.0704815,1.4929614,0
14.080333699999997,1.4929614,0
14.090263199999995,1.4929614,0
14.100612599999998,1.4929614,0
14.110368000000001,1.4929614,0
14.120344599999996,1.4929614,0
14.130343499999995,1.4929614,0
14.140403499999998,1.4929614,0
14.150270200000001,1.4929614,0
14.160358899999999,1.4929614,0
14.1703945,1.4929614,0
14.180382899999998,1.4929614,0
14.190477600000001,1.4929614,0
14.2002643,1.4929614,0
14.210302899999995,1.4929614,0
14.220970000000001,1.4929614,0
14.230231099999997,1.4929614,0
14.240445600000001,1.4929614,0
14.2503569,1.4929614,0
14.260337299999996,1.4929614,0
14.2706947,1.4929614,0
14.282936,1.4929614,0
14.290724999999995,1.4929614,0
14.300652299999996,1.4929614,0
14.310791099999996,1.4929614,0
14.320543699999995,1.4929614,0
14.330598099999996,1.4929614,0
14.3404254,1.4929614,0
14.350434,1.4929614,0
14.360572900000001,1.4929614,0
14.370441,1.4929614,0
14.3805105,1.4929614,0
14.390437499999997,1.4929614,0
14.400334799999996,1.4929614,0
14.4105311,1.4929614,0
14.420401499999997,1.4929614,0
14.4303199,1.4929614,0
14.440386699999998,1.4929614,0
14.4503768,1.4929614,0
14.4606305,1.4929614,0
14.470374799999995,1.4929614,0
14.480454099999996,1.4929614,0
14.490415999999996,1.4929614,0
14.500446199999999,1.4929614,0
14.510509800000001,1.4929614,0
14.5204205,1.4929614,0
14.530664099999996,1.4929614,0
14.540310599999998,1.4929614,0
14.550484499999996,1.4929614,0
14.560569899999997,1.4929614,0
14.570342599999996,1.4929614,0
14.580493599999997,1.4929614,0
14.5903913,1.4929614,0
14.600272499999996,1.4929614,0
14.610582699999995,1.4929614,0
14.620428400000002,1.4929614,0
14.630261599999997,1.4929614,0
14.640442399999998,1.4929614,0
14.650387599999995,1.4929614,0
14.660552500000001,1.4929614,0
14.670403299999997,1.4929614,0
14.680405700000001,1.4929614,0
14.690375599999996,1.4929614,0
14.700482999999998,1.4929614,0
14.710454999999996,1.4929614,0
14.720287899999995,1.4929614,0
14.730379299999996,1.4929614,0
14.740448299999997,1.4929614,0
14.750323299999998,1.4929614,0
14.760515999999996,1.4929614,0
14.770368999999995,1.4929614,0
14.780321299999997,1.4929614,0
14.790475199999996,1.4929614,0
14.800328799999996,1.4929614,0
14.8106972,1.4929614,0
14.820568600000001,1.4929614,0
14.830263599999995,1.4929614,0
14.840409000000001,1.4929614,0
14.850380600000001,1.4929614,0
14.8605212,1.4929614,0
14.8705377,1.4929614,0
14.8803537,1.4929614,0
14.8903393,1.4929614,0
14.9003516,1.4929614,0
14.910593899999995,1.4929614,0
14.9203385,1.4929614,0
14.9303606,1.4929614,0
14.940447899999995,1.4929614,0
14.950336100000001,1.4929614,0
14.960566199999995,1.4929614,0
14.970534299999997,1.4929614,0
14.9802538,1.4929614,0
14.990310099999995,1.4929614,0
15.000334899999999,1.4929614,0
15.010527799999998,1.4929614,0
15.0204412,1.4929614,0
15.030287600000001,1.4929614,0
15.040435899999999,1.4929614,0
15.050373199999996,1.4929614,0
15.060327399999998,1.4929614,0
15.070487199999995,1.4929614,0
15.080333799999998,1.4929614,0
15.090218999999998,1.4929614,0
15.100419099999996,1.4929614,0
15.110542199999998,1.4929614,0
15.120320299999996,1.4929614,0
15.130352899999998,1.4929614,0
15.140307299999996,1.4929614,0
15.1504202,1.4929614,0
15.160485899999998,1.4929614,0
15.170394699999996,1.4929614,0
15.180317899999999,1.4929614,0
15.1903553,1.4929614,0
15.200376200000001,1.4929614,0
15.2105368,1.4929614,0
15.220427,1.4929614,0
15.230305899999998,1.4929614,0
15.240344899999997,1.4929614,0
15.250334500000001,1.4929614,0
15.2605534,1.4929614,0
15.270380099999997,1.4929614,0
15.2803008,1.4929614,0
15.290308199999998,1.4929614,0
15.300478299999995,1.4929614,0
15.310546599999995,1.4929614,0
15.320324499999998,1.4929614,0
15.330395799999998,1.4929614,0
15.340580699999997,1.4929614,0
15.350280399999995,1.4929614,0
15.3605917,1.4929614,0
15.3703347,1.4929614,0
15.380395199999995,1.4929614,0
15.3904328,1.4929614,0
15.400370899999999,1.4929614,0
15.412351899999997,1.4929614,0
15.4206949,1.4929614,0
15.430665300000001,1.4929614,0
15.4408538,1.4929614,0
15.450339999999997,1.4929614,0
15.4603945,1.4929614,0
15.470390599999995,1.4929614,0
15.480316099999996,1.4929614,0
15.4901925,1.4929614,0
15.500373699999997,1.4929614,0
15.510291299999999,1.4929614,0
15.5202222,1.4929614,0
15.530298199999997,1.4929614,0
15.540386699999999,1.4929614,0
15.550269100000001,1.4929614,0
15.560336399999997,1.4929614,0
15.570386899999995,1.4929614,0
15.5802489,1.4929614,0
15.5904004,1.4929614,0
15.600354499999995,1.4929614,0
15.610276800000001,1.4929614,0
15.620460600000001,1.4929614,0
15.6302546,1.4929614,0
15.640404400000001,1.4929614,0
15.650557399999997,1.4929614,0
15.660302999999999,1.4929614,0
15.670322299999995,1.4929614,0
15.680290499999998,1.4929614,0
15.6902695,1.4929614,0
15.700361899999997,1.4929614,0
15.7102936,1.4929614,0
15.720395599999996,1.4929614,0
15.7303657,1.4929614,0
15.740282799999996,1.4929614,0
15.750284399999998,1.4929614,0
15.760341699999998,1.4929614,0
15.7703506,1.4929614,0
15.7802492,1.4929614,0
15.790360799999995,1.4929614,0
15.800328299999997,1.4929614,0
15.8103124,1.4929614,0
15.820425100000001,1.4929614,0
15.830367599999995,1.4929614,0
15.840371900000001,1.4929614,0
15.850324099999995,1.4929614,0
15.860215699999998,1.4929614,0
15.8705462,1.4929614,0
15.880657800000002,1.4929614,0
15.890242799999996,1.4929614,0
15.900452699999995,1.4929614,0
15.9103505,1.4929614,0
15.920452699999998,1.4929614,0
15.9304822,1.4929614,0
15.940296400000001,1.4929614,0
15.9502916,1.4929614,0
15.960375999999997,1.4929614,0
15.970374499999998,1.4929614,0
15.980229600000001,1.4929614,0
15.990399699999998,1.4929614,0
16.000375899999995,1.4929614,0
16.0103004,1.4929614,0
16.0203912,1.4929614,0
16.030311599999997,1.4929614,0
16.040424,1.4929614,0
16.050305699999996,1.4929614,0
16.0605013,1.4929614,0
16.070552499999998,1.4929614,0
16.080482099999998,1.4929614,0
16.090555199999997,1.4929614,0
16.1004474,1.4929614,0
16.1104602,1.4929614,0
16.1204543,1.4929614,0
16.1303045,1.4929614,0
16.1403192,1.4929614,0
16.150264899999996,1.4929614,0
16.160322299999997,1.4929614,0
16.1703573,1.4929614,0
16.1802695,1.4929614,0
16.1903097,1.4929614,0
16.2003129,1.4929614,0
16.2102986,1.4929614,0
16.2204068,1.4929614,0
16.2302775,1.4929614,0
16.240523699999997,1.4929614,0
16.2504373,1.4929614,0
16.260218799999997,1.4929614,0
16.2704333,1.4929614,0
16.2803393,1.4929614,0
16.290279399999996,1.4929614,0
16.3004239,1.4929614,0
16.3103858,1.4929614,0
16.3204348,1.4929614,0
16.3303997,1.4929614,0
16.3403888,1.4929614,0
16.350352699999995,1.4929614,0
16.360390199999998,1.4929614,0
16.370299199999998,1.4929614,0
16.3802589,1.4929614,0
16.3903556,1.4929614,0
16.400406499999995,1.4929614,0
16.410359999999997,1.4929614,0
16.4206024,1.4929614,0
16.430475099999995,1.4929614,0
16.440491,1.4929614,0
16.450523499999996,1.4929614,0
16.4605417,1.4929614,0
16.470424299999998,1.4929614,0
16.480339099999995,1.4929614,0
16.490639699999996,1.4929614,0
16.5004889,1.4929614,0
16.510290599999998,1.4929614,0
16.520462799999997,1.4929614,0
16.5304315,1.4929614,0
16.5402931,1.4929614,0
16.5505007,1.4929614,0
16.560344099999995,1.4929614,0
16.570361999999996,1.4929614,0
16.580403599999997,1.4929614,0
16.5903238,1.4929614,0
16.6002819,1.4929614,0
16.610311599999996,1.4929614,0
16.620399499999998,1.4929614,0
16.630260899999996,1.4929614,0
16.640410099999997,1.4929614,0
16.6504215,1.4929614,0
16.6603285,1.4929614,0
16.670391099999996,1.4929614,0
16.6803138,1.4929614,0
16.690210399999998,1.4929614,0
16.700448299999998,1.4929614,0
16.7102954,1.4929614,0
16.7202871,1.4929614,0
16.730333299999998,1.4929614,0
16.740396599999997,1.4929614,0
16.750258199999998,1.4929614,0
16.7603229,1.4929614,0
16.770348499999997,1.4929614,0
16.7803046,1.4929614,0
16.790373199999998,1.4929614,0
16.800441999999997,1.4929614,0
16.8104346,1.4929614,0
16.8209771,1.4929614,0
16.8303278,1.4929614,0
16.840334399999996,1.4929614,0
16.850479999999997,1.4929614,0
16.8603186,1.4929614,0
16.8703821,1.4929614,0
16.8803962,1.4929614,0
16.890368599999995,1.4929614,0
16.900463799999997,1.4929614,0
16.9102726,1.4929614,0
16.920378999999997,1.4929614,0
16.930483799999998,1.4929614,0
16.9404422,1.4929614,0
16.9502673,1.4929614,0
16.9603155,1.4929614,0
16.9704963,1.4929614,0
16.980224999999997,1.4929614,0
16.9904169,1.4929614,0
17.0003157,1.4929614,0
17.010422899999995,1.4929614,0
17.0203281,1.4929614,0
17.0302189,1.4929614,0
17.040380399999997,1.4929614,0
17.0504014,1.4929614,0
17.0602752,1.4929614,0
17.0704184,1.4929614,0
17.080284499999998,1.4929614,0
17.0902569,1.4929614,0
17.100435499999996,1.4929614,0
17.1103083,1.4929614,0
17.120379,1.4929614,0
17.1303191,1.4929614,0
17.140334799999998,1.4929614,0
17.150218799999998,1.4929614,0
17.1603396,1.4929614,0
17.1704035,1.4929614,0
17.1802329,1.4929614,0
17.190342299999998,1.4929614,0
17.200261999999995,1.4929614,0
17.2103508,1.4929614,0
17.2205553,1.4929614,0
17.230309299999995,1.4929614,0
17.240249999999996,1.4929614,0
17.2504353,1.4929614,0
17.260370599999995,1.4929614,0
17.270387199999995,1.4929614,0
17.2803647,1.4929614,0
17.290390799999997,1.4929614,0
17.300405999999995,1.4929614,0
17.310477999999996,1.4929614,0
17.3204038,1.4929614,0
17.3303418,1.4929614,0
17.3404923,1.4929614,0
17.350238999999995,1.4929614,0
17.3603649,1.4929614,0
17.3703425,1.4929614,0
17.380225099999997,1.4929614,0
17.390395599999998,1.4929614,0
17.400356099999996,1.4929614,0
17.410172699999997,1.4929614,0
17.420486699999998,1.4929614,0
17.430411499999998,1.4929614,0
17.440249799999997,1.4929614,0
17.4504637,1.4929614,0
17.4606644,1.4929614,0
17.470447199999995,1.4929614,0
17.480333299999998,1.4929614,0
17.490305199999995,1.4929614,0
17.500340799999996,1.4929614,0
17.510281,1.4929614,0
17.5204521,1.4929614,0
17.530315099999996,1.4929614,0
17.5404981,1.4929614,0
17.5502922,1.4929614,0
17.560439099999996,1.4929614,0
17.570367499999996,1.4929614,0
17.5802268,1.4929614,0
17.590473799999998,1.4929614,0
17.6003684,1.4929614,0
17.6102414,1.4929614,0
17.620485599999995,1.4929614,0
17.6303823,1.4929614,0
17.640321799999995,1.4929614,0
17.650327499999996,1.4929614,0
17.660252,1.4929614,0
17.670475099999997,1.4929614,0
17.6803405,1.4929614,0
17.690246199999997,1.4929614,0
17.700469399999996,1.4929614,0
17.710383199999995,1.4929614,0
17.720292799999996,1.4929614,0
17.7304002,1.4929614,0
17.7403932,1.4929614,0
17.750293499999998,1.4929614,0
17.7603942,1.4929614,0
17.7702642,1.4929614,0
17.780382699999997,1.4929614,0
17.7903109,1.4929614,0
17.8003505,1.4929614,0
17.8103884,1.4929614,0
17.8204249,1.4929614,0
17.8303036,1.4929614,0
17.8403372,1.4929614,0
17.850409399999997,1.4929614,0
17.8602852,1.4929614,0
17.870621199999995,1.4929614,0
17.8803748,1.4929614,0
17.890197299999997,1.4929614,0
17.9003375,1.4929614,0
17.910366099999997,1.4929614,0
17.920290699999995,1.4929614,0
17.9303595,1.4929614,0
17.9404064,1.4929614,0
17.9502522,1.4929614,0
17.960395899999995,1.4929614,0
17.9703631,1.4929614,0
17.980167299999998,1.4929614,0
17.990418599999998,1.4929614,0
18.0003162,1.4929614,0
18.010292299999996,1.4929614,0
18.0204229,1.4929614,0
18.0302747,1.4929614,0
18.040272099999996,1.4929614,0
18.0503651,1.4929614,0
18.060467099999997,1.4929614,0
18.0703842,1.4929614,0
18.080337399999998,1.4929614,0
18.090412299999997,1.4929614,0
18.1003433,1.4929614,0
18.110268599999998,1.4929614,0
18.1203305,1.4929614,0
18.1303349,1.4929614,0
18.1403521,1.4929614,0
18.150281999999997,1.4929614,0
18.160352599999996,1.4929614,0
18.1702942,1.4929614,0
18.180219899999997,1.4929614,0
18.190355099999998,1.4929614,0
18.2003663,1.4929614,0
18.2102724,1.4929614,0
18.220321,1.4929614,0
18.2303183,1.4929614,0
18.240419199999998,1.4929614,0
18.250353699999998,1.4929614,0
18.2603116,1.4929614,0
18.2703456,1.4929614,0
18.280326199999998,1.4929614,0
18.2902671,1.4929614,0
18.300358699999997,1.4929614,0
18.310316,1.4929614,0
18.3204177,1.4929614,0
18.3303892,1.4929614,0
18.3403159,1.4929614,0
18.3503143,1.4929614,0
18.360452099999996,1.4929614,0
18.370568499999997,1.4929614,0
18.380216599999997,1.4929614,0
18.390416799999997,1.4929614,0
18.4002761,1.4929614,0
18.410275299999995,1.4929614,0
18.4204468,1.4929614,0
18.430295299999997,1.4929614,0
18.440328,1.4929614,0
18.4504254,1.4929614,0
18.4603148,1.4929614,0
18.4704542,1.4929614,0
18.480344099999996,1.4929614,0
18.4903409,1.4929614,0
18.500421699999997,1.4929614,0
18.510511799999996,1.4929614,0
18.520585599999997,1.4929614,0
18.530542699999998,1.4929614,0
18.540453299999996,1.4929614,0
18.5505498,1.4929614,0
18.560502299999996,1.4929614,0
18.5704408,1.4929614,0
18.580321599999998,1.4929614,0
18.5904678,1.4929614,0
18.6004461,1.4929614,0
18.6103899,1.4929614,0
18.620435399999998,1.4929614,0
18.6303073,1.4929614,0
18.640313,1.4929614,0
18.6505382,1.4929614,0
18.6603487,1.4929614,0
18.670328599999998,1.4929614,0
18.6803465,1.4929614,0
18.6903413,1.4929614,0
18.700368999999995,1.4929614,0
18.710334499999995,1.4929614,0
18.720373699999996,1.4929614,0
18.7302944,1.4929614,0
18.740271299999996,1.4929614,0
18.7502748,1.4929614,0
18.7603132,1.4929614,0
18.7704064,1.4929614,0
18.7802205,1.4929614,0
18.790398499999995,1.4929614,0
18.800388599999998,1.4929614,0
18.810209,1.4929614,0
18.8204571,1.4929614,0
18.830316599999996,1.4929614,0
18.840494,1.4929614,0
18.850456899999998,1.4929614,0
18.8605174,1.4929614,0
18.870454199999998,1.4929614,0
18.880507,1.4929614,0
18.890355399999997,1.4929614,0
18.900590899999997,1.4929614,0
18.9104029,1.4929614,0
18.9208566,1.4929614,0
18.930801599999995,1.4929614,0
18.940288799999998,1.4929614,0
18.9507088,1.4929614,0
18.9603021,1.4929614,0
18.9703223,1.4929614,0
18.980157999999996,1.4929614,0
18.9908208,1.4929614,0
19.0003155,1.4929614,0
19.0103961,1.4929614,0
19.0204042,1.4929614,0
19.030235999999995,1.4929614,0
19.0408362,1.4929614,0
19.050320999999997,1.4929614,0
19.0603082,1.4929614,0
19.0703233,1.4929614,0
19.0803389,1.4929614,0
19.090811699999996,1.4929614,0
19.100490099999995,1.4929614,0
19.1103144,1.4929614,0
19.1202744,1.4929614,0
19.130364799999995,1.4929614,0
19.140242399999998,1.4929614,0
19.150237399999995,1.4929614,0
19.160404399999997,1.4929614,0
19.170349299999998,1.4929614,0
19.180198999999995,1.4929614,0
19.1903098,1.4929614,0
19.200384999999997,1.4929614,0
19.210219599999995,1.4929614,0
19.220450899999996,1.4929614,0
19.230232,1.4929614,0
19.2402478,1.4929614,0
19.250784699999997,1.4929614,0
19.2602927,1.4929614,0
19.2703148,1.4929614,0
19.2803191,1.4929614,0
19.290342699999997,1.4929614,0
19.300385899999995,1.4929614,0
19.3103477,1.4929614,0
19.3203769,1.4929614,0
19.330284299999995,1.4929614,0
19.340334499999997,1.4929614,0
19.350669599999996,1.4929614,0
19.3603206,1.4929614,0
19.3703152,1.4929614,0
19.380221899999995,1.4929614,0
19.390833699999995,1.4929614,0
19.400289099999995,1.4929614,0
19.410232399999998,1.4929614,0
19.420401399999996,1.4929614,0
19.430242999999997,1.4929614,0
19.4403723,1.4929614,0
19.4502964,1.4929614,0
19.460387499999996,1.4929614,0
19.4703503,1.4929614,0
19.4802823,1.4929614,0
19.490349699999996,1.4929614,0
19.5006039,1.4929614,0
19.5103012,1.4929614,0
19.520365599999998,1.4929614,0
19.530266499999996,1.4929614,0
19.5403083,1.4929614,0
19.550658,1.4929614,0
19.5609745,1.4929614,0
19.5702974,1.4929614,0
19.580201599999995,1.4929614,0
19.5907123,1.4929614,0
19.6003082,1.4929614,0
19.610365899999998,1.4929614,0
19.620551,1.4929614,0
19.630271899999997,1.4929614,0
19.640342499999996,1.4929614,0
19.6503168,1.4929614,0
19.6603882,1.4929614,0
19.670777699999995,1.4929614,0
19.6808961,1.4929614,0
19.690310699999998,1.4929614,0
19.7006168,1.4929614,0
19.7102856,1.4929614,0
19.7208088,1.4929614,0
19.730358599999995,1.4929614,0
19.7402879,1.4929614,0
19.750312299999997,1.4929614,0
19.760288599999996,1.4929614,0
19.7708551,1.4929614,0
19.780286099999998,1.4929614,0
19.790301999999997,1.4929614,0
19.800327599999996,1.4929614,0
19.810732899999998,1.4929614,0
19.8204372,1.4929614,0
19.8302791,1.4929614,0
19.840212699999995,1.4929614,0
19.850337699999997,1.4929614,0
19.8603819,1.4929614,0
19.870436499999997,1.4929614,0
19.880331399999996,1.4929614,0
19.890391799999996,1.4929614,0
19.900675199999995,1.4929614,0
19.910802499999996,1.4929614,0
19.920307699999995,1.4929614,0
19.930861999999998,1.4929614,0
19.940384299999998,1.4929614,0
19.9502678,1.4929614,0
19.9603519,1.4929614,0
19.9703181,1.4929614,0
19.9801894,1.4929614,0
19.990925399999995,1.4929614,0
20.000368799999997,1.4929614,0
20.0101997,1.4929614,0
20.0204253,1.4929614,0
20.0302437,1.4929614,0
20.0402203,1.4929614,0
20.050484399999995,1.4929614,0
20.060295099999998,1.4929614,0
20.0702354,1.4929614,0
20.080313699999998,1.4929614,0
20.090364699999995,1.4929614,0
20.100365499999995,1.4929614,0
20.110323,1.4929614,0
20.120374599999998,1.4929614,0
20.1302826,1.4929614,0
20.1402773,1.4929614,0
20.1503107,1.4929614,0
20.1603111,1.4929614,0
20.170322499999997,1.4929614,0
20.180180899999996,1.4929614,0
20.190390299999997,1.4929614,0
20.2003118,1.4929614,0
20.2102292,1.4929614,0
20.220339799999998,1.4929614,0
20.230381199999997,1.4929614,0
20.2407835,1.4929614,0
20.250711199999998,1.4929614,0
20.260364199999998,1.4929614,0
20.2702642,1.4929614,0
20.280312599999995,1.4929614,0
20.2907529,1.4929614,0
20.3002653,1.4929614,0
20.3103337,1.4929614,0
20.3202917,1.4929614,0
20.3303249,1.4929614,0
20.3403731,1.4929614,0
20.350380299999998,1.4929614,0
20.3604057,1.4929614,0
20.3703468,1.4929614,0
20.3802326,1.4929614,0
20.3909109,1.4929614,0
20.400909399999996,1.4929614,0
20.4101918,1.4929614,0
20.420340699999997,1.4929614,0
20.430335799999995,1.4929614,0
20.4402052,1.4929614,0
20.450370899999996,1.4929614,0
20.460378499999997,1.4929614,0
20.470374899999996,1.4929614,0
20.4803688,1.4929614,0
20.490825199999996,1.4929614,0
20.500315999999998,1.4929614,0
20.510334199999996,1.4929614,0
20.5203353,1.4929614,0
20.5303277,1.4929614,0
20.5404116,1.4929614,0
20.5502514,1.4929614,0
20.560293099999996,1.4929614,0
20.570339699999998,1.4929614,0
20.5801959,1.4929614,0
20.590325,1.4929614,0
20.600361799999995,1.4929614,0
20.610883899999997,1.4929614,0
20.6203597,1.4929614,0
20.6302545,1.4929614,0
20.640203299999996,1.4929614,0
20.650805599999998,1.4929614,0
20.6604296,1.4929614,0
20.6703014,1.4929614,0
20.680289599999995,1.4929614,0
20.690253999999996,1.4929614,0
20.7004867,1.4929614,0
20.7103685,1.4929614,0
20.72027,1.4929614,0
20.730360999999995,1.4929614,0
20.7404783,1.4929614,0
20.750723199999996,1.4929614,0
20.761029999999998,1.4929614,0
20.770415299999996,1.4929614,0
20.7802268,1.4929614,0
20.7904591,1.4929614,0
20.800601199999996,1.4929614,0
20.810795,1.4929614,0
20.820508699999998,1.4929614,0
20.8303499,1.4929614,0
20.8407384,1.4929614,0
20.850339599999998,1.4929614,0
20.860385699999995,1.4929614,0
20.8708155,1.4929614,0
20.8808588,1.4929614,0
20.890821799999998,1.4929614,0
20.9003661,1.4929614,0
20.9108607,1.4929614,0
20.920336999999996,1.4929614,0
20.9306896,1.4929614,0
20.9404843,1.4929614,0
20.950780899999998,1.4929614,0
20.960552999999997,1.4929614,0
20.9703613,1.4929614,0
20.980218799999996,1.4929614,0
20.990857299999995,1.4929614,0
21.000260599999997,1.4929614,0
21.0102725,1.4929614,0
21.020393999999996,1.4929614,0
21.0302989,1.4929614,0
21.0403212,1.4929614,0
21.0503297,1.4929614,0
21.060284199999998,1.4929614,0
21.0703203,1.4929614,0
21.0803789,1.4929614,0
21.090478999999995,1.4929614,0
21.100311999999995,1.4929614,0
21.1103637,1.4929614,0
21.120343399999996,1.4929614,0
21.1304619,1.4929614,0
21.1402688,1.4929614,0
21.1502531,1.4929614,0
21.160313799999997,1.4929614,0
21.1709193,1.4929614,0
21.180202199999997,1.4929614,0
21.1903754,1.4929614,0
21.200541199999996,1.4929614,0
21.2110148,1.4929614,0
21.2206337,1.4929614,0
21.230316099999996,1.4929614,0
21.240486399999995,1.4929614,0
21.2505879,1.4929614,0
21.260426099999997,1.4929614,0
21.2704898,1.4929614,0
21.280553399999995,1.4929614,0
21.290427799999996,1.4929614,0
21.300558099999996,1.4929614,0
21.310453699999997,1.4929614,0
21.320463099999998,1.4929614,0
21.330674699999996,1.4929614,0
21.340302,1.4929614,0
21.3503465,1.4929614,0
21.3603357,1.4929614,0
21.370299799999998,1.4929614,0
21.380246,1.4929614,0
21.390363299999997,1.4929614,0
21.4003478,1.4929614,0
21.4102373,1.4929614,0
21.420413099999998,1.4929614,0
21.430844399999998,1.4929614,0
21.440269699999995,1.4929614,0
21.450314999999996,1.4929614,0
21.460273,1.4929614,0
21.470253399999997,1.4929614,0
21.4802794,1.4929614,0
21.490367299999996,1.4929614,0
21.5002791,1.4929614,0
21.5103533,1.4929614,0
21.520407999999996,1.4929614,0
21.5303416,1.4929614,0
21.5404511,1.4929614,0
21.550804,1.4929614,0
21.560338299999998,1.4929614,0
21.570304,1.4929614,0
21.580221099999996,1.4929614,0
21.5908429,1.4929614,0
21.6003403,1.4929614,0
21.6102883,1.4929614,0
21.6203546,1.4929614,0
21.630825899999998,1.4929614,0
21.6403677,1.4929614,0
21.6502973,1.4929614,0
21.660282799999997,1.4929614,0
21.670817299999996,1.4929614,0
21.6802966,1.4929614,0
21.690369499999996,1.4929614,0
21.7002461,1.4929614,0
21.7103241,1.4929614,0
21.7202896,1.4929614,0
21.7303285,1.4929614,0
21.740370299999995,1.4929614,0
21.750296,1.4929614,0
21.7603432,1.4929614,0
21.770352599999995,1.4929614,0
21.780206799999995,1.4929614,0
21.7902579,1.4929614,0
21.8003025,1.4929614,0
21.8102443,1.4929614,0
21.8202882,1.4929614,0
21.830247899999996,1.4929614,0
21.840215199999996,1.4929614,0
21.850323599999996,1.4929614,0
21.860321,1.4929614,0
21.8702713,1.4929614,0
21.880269499999997,1.4929614,0
21.890286499999995,1.4929614,0
21.900304,1.4929614,0
21.910320999999996,1.4929614,0
21.9203294,1.4929614,0
21.930351299999998,1.4929614,0
21.9403219,1.4929614,0
21.9502923,1.4929614,0
21.960403399999997,1.4929614,0
21.970322599999996,1.4929614,0
21.9802051,1.4929614,0
21.990333999999997,1.4929614,0
22.0007484,1.4929614,0
22.0103742,1.4929614,0
22.020342499999998,1.4929614,0
22.0303172,1.4929614,0
22.040812099999997,1.4929614,0
22.050829899999997,1.4929614,0
22.060288399999997,1.4929614,0
22.070287399999998,1.4929614,0
22.080300699999995,1.4929614,0
22.0902698,1.4929614,0
22.100308299999995,1.4929614,0
22.1103655,1.4929614,0
22.120835399999997,1.4929614,0
22.130243,1.4929614,0
22.140448399999997,1.4929614,0
22.150300299999998,1.4929614,0
22.1603889,1.4929614,0
22.170905999999995,1.4929614,0
22.180283099999997,1.4929614,0
22.190295,1.4929614,0
22.2003809,1.4929614,0
22.2102273,1.4929614,0
22.220413399999998,1.4929614,0
22.2303354,1.4929614,0
22.240274999999997,1.4929614,0
22.250306199999997,1.4929614,0
22.260325199999997,1.4929614,0
22.2702951,1.4929614,0
22.2803494,1.4929614,0
22.2904373,1.4929614,0
22.3005236,1.4929614,0
22.310799499999995,1.4929614,0
22.320398499999996,1.4929614,0
22.330220399999995,1.4929614,0
22.340516799999996,1.4929614,0
22.350451199999995,1.4929614,0
22.3605211,1.4929614,0
22.3703632,1.4929614,0
22.380308799999995,1.4929614,0
22.390312,1.4929614,0
22.400295999999997,1.4929614,0
22.4102904,1.4929614,0
22.4204334,1.4929614,0
22.430797299999995,1.4929614,0
22.440204699999995,1.4929614,0
22.450448899999998,1.4929614,0
22.460417799999995,1.4929614,0
22.470783599999997,1.4929614,0
22.480353799999996,1.4929614,0
22.490335799999997,1.4929614,0
22.500284999999998,1.4929614,0
22.5104226,1.4929614,0
22.520398299999997,1.4929614,0
22.5302304,1.4929614,0
22.540456899999995,1.4929614,0
22.5507669,1.4929614,0
22.5603963,1.4929614,0
22.570875299999997,1.4929614,0
22.580233299999996,1.4929614,0
22.590281499999996,1.4929614,0
22.600318199999997,1.4929614,0
22.6103818,1.4929614,0
22.6204269,1.4929614,0
22.630287799999998,1.4929614,0
22.6403508,1.4929614,0
22.6503879,1.4929614,0
22.660285099999996,1.4929614,0
22.6703367,1.4929614,0
22.6803034,1.4929614,0
22.6903383,1.4929614,0
22.700331899999995,1.4929614,0
22.7103892,1.4929614,0
22.7203217,1.4929614,0
22.730723599999997,1.4929614,0
22.740383199999997,1.4929614,0
22.750815199999998,1.4929614,0
22.7603487,1.4929614,0
22.770387799999995,1.4929614,0
22.7802212,1.4929614,0
22.790386399999996,1.4929614,0
22.800317399999997,1.4929614,0
22.810839099999995,1.4929614,0
22.820397799999995,1.4929614,0
22.8303023,1.4929614,0
22.8402047,1.4929614,0
22.8503672,1.4929614,0
22.860349,1.4929614,0
22.870260299999998,1.4929614,0
22.880342499999998,1.4929614,0
22.8902522,1.4929614,0
22.9002633,1.4929614,0
22.910392299999998,1.4929614,0
22.9203434,1.4929614,0
22.9302286,1.4929614,0
22.940468199999998,1.4929614,0
22.950341099999996,1.4929614,0
22.960334599999996,1.4929614,0
22.9703788,1.4929614,0
22.9803729,1.4929614,0
22.9909289,1.4929614,0
23.000377199999996,1.4929614,0
23.010373,1.4929614,0
23.0204814,1.4929614,0
23.0302973,1.4929614,0
23.0402835,1.4929614,0
23.050300399999998,1.4929614,0
23.060332599999995,1.4929614,0
23.070795499999996,1.4929614,0
23.0808126,1.4929614,0
23.090385399999995,1.4929614,0
23.100279,1.4929614,0
23.1103368,1.4929614,0
23.1202994,1.4929614,0
23.130202399999995,1.4929614,0
23.140358299999995,1.4929614,0
23.150322799999998,1.4929614,0
23.160272899999995,1.4929614,0
23.1703646,1.4929614,0
23.1802583,1.4929614,0
23.190877899999997,1.4929614,0
23.2007884,1.4929614,0
23.2102802,1.4929614,0
23.2203345,1.4929614,0
23.230267599999998,1.4929614,0
23.240211799999997,1.4929614,0
23.2503332,1.4929614,0
23.2603211,1.4929614,0
23.270763099999996,1.4929614,0
23.280264099999997,1.4929614,0
23.290314799999997,1.4929614,0
23.300256499999996,1.4929614,0
23.310428099999996,1.4929614,0
23.3202711,1.4929614,0
23.3302032,1.4929614,0
23.340400099999997,1.4929614,0
23.3507318,1.4929614,0
23.3603193,1.4929614,0
23.370870099999998,1.4929614,0
23.3802606,1.4929614,0
23.3904176,1.4929614,0
23.400335299999995,1.4929614,0
23.4102521,1.4929614,0
23.4203154,1.4929614,0
23.430322599999997,1.4929614,0
23.440312999999996,1.4929614,0
23.4507633,1.4929614,0
23.4603593,1.4929614,0
23.470388199999995,1.4929614,0
23.4803189,1.4929614,0
23.490497999999995,1.4929614,0
23.5002476,1.4929614,0
23.5108622,1.4929614,0
23.520323399999995,1.4929614,0
23.5307179,1.4929614,0
23.540299999999995,1.4929614,0
23.5503359,1.4929614,0
23.561157299999998,1.4929614,0
23.570435699999997,1.4929614,0
23.580444799999995,1.4929614,0
23.590650599999996,1.4929614,0
23.600435499999996,1.4929614,0
23.611049199999997,1.4929614,0
23.620473699999998,1.4929614,0
23.630270099999997,1.4929614,0
23.640151099999997,1.4929614,0
23.650377399999996,1.4929614,0
23.660361099999996,1.4929614,0
23.670298699999996,1.4929614,0
23.680300099999997,1.4929614,0
23.6902186,1.4929614,0
23.700367399999998,1.4929614,0
23.7106997,1.4929614,0
23.7209467,1.4929614,0
23.7304714,1.4929614,0
23.7404521,1.4929614,0
23.7503794,1.4929614,0
23.7604605,1.4929614,0
23.770527299999998,1.4929614,0
23.780372,1.4929614,0
23.7903496,1.4929614,0
23.8003285,1.4929614,0
23.810259699999996,1.4929614,0
23.820370599999997,1.4929614,0
23.830312899999996,1.4929614,0
23.840261999999996,1.4929614,0
23.850312199999998,1.4929614,0
23.860275799999997,1.4929614,0
23.8702178,1.4929614,0
23.880261599999997,1.4929614,0
23.8902881,1.4929614,0
23.900245399999996,1.4929614,0
23.910305299999997,1.4929614,0
23.920318199999997,1.4929614,0
23.930206599999998,1.4929614,0
23.9402913,1.4929614,0
23.9503377,1.4929614,0
23.9602175,1.4929614,0
23.970339599999996,1.4929614,0
23.9803134,1.4929614,0
23.990395299999996,1.4929614,0
24.0003489,1.4929614,0
24.0105102,1.4929614,0
24.020424,1.4929614,0
24.0302347,1.4929614,0
24.040163199999995,1.4929614,0
24.050314999999998,1.4929614,0
24.0603458,1.4929614,0
24.0701878,1.4929614,0
24.0803176,1.4929614,0
24.090309599999998,1.4929614,0
24.100217,1.4929614,0
24.110352699999993,1.4929614,0
24.120356799999996,1.4929614,0
24.130300899999995,1.4929614,0
24.140416700000003,1.4929614,0
24.1503273,1.4929614,0
24.160193899999996,1.4929614,0
24.170308899999995,1.4929614,0
24.180300700000004,1.4929614,0
24.190302200000005,1.4929614,0
24.200321200000005,1.4929614,0
24.210330799999994,1.4929614,0
24.220373699999996,1.4929614,0
