0.0004863999999997759,1,0
0.010274400000000128,1,0
0.02549929999999989,1,0
0.030286099999997873,1,0
0.04041219999999868,1,0
0.05025020000000069,1,0
0.06025469999999444,1,0
0.07026779999999633,1,0
0.08023869999999533,1,0
0.09028039999999748,1,0
0.10017979999999937,1,0
0.1107561999999973,1,0
0.120287900000001,1,0
0.13046909999999912,1,0
0.14056379999999535,1,0
0.15038539999999756,1,0
0.1604419999999962,1,0
0.1701650999999984,1,0
0.18014919999999535,1,0
0.19041089999999627,1,0
0.20014799999999866,1,0
0.21022639999999626,1,0
0.220164699999998,1,0
0.23021909999999934,1,0
0.24025779999999486,1,0
0.2503050999999985,1,0
0.2602796999999981,1,0
0.27024739999999525,1,0
0.2802208999999962,1,0
0.29038809999999415,1,0
0.30033050000000117,1,0
0.3103245999999942,1,0
0.3201767999999987,1,0
0.3302467999999976,1,0
0.34050049999999743,1,0
0.3502834999999962,1,0
0.3602433000000005,1,0
0.37014529999999723,1,0
0.3801995999999974,1,0
0.3904232999999948,1,0
0.4001228999999995,1,0
0.4103010999999981,1,0
0.4201914000000002,1,0
0.4302548999999942,1,0
0.44018390000000096,1,0
0.4502444999999966,1,0
0.4602408000000011,1,0
0.4702981999999949,1,0
0.4802414999999982,1,0
0.4902647999999985,1,0
0.5003600999999946,1,0
0.5104126999999963,1,0
0.5202066999999957,1,0
0.530445499999999,1,0
0.5404219999999995,1,0
0.5502698999999964,1,0
0.5602233999999982,1,0
0.5701678999999942,1,0
0.5802497999999972,1,0
0.590522,1,0
0.6003146999999984,1,0
0.6104342000000003,1,0
0.6203727999999984,1,0
0.6302778999999958,1,0
0.6403715000000005,1,0
0.6501765000000006,1,0
0.6602590999999975,1,0
0.6704304999999948,1,0
0.6803771000000012,1,0
0.690226899999999,1,0
0.7003148999999951,1,0
0.7103445999999991,1,0
0.720236100000001,1,0
0.7302640999999994,1,0
0.7402377999999956,1,0
0.7502870999999942,1,0
0.7602923999999973,1,0
0.7701934999999978,1,0
0.7802039999999977,1,0
0.7903120000000001,1,0
0.8001480999999941,1,0
0.8102421999999976,1,0
0.8201869999999971,1,0
0.8302534999999978,1,0
0.8403664000000006,1,0
0.8501618999999963,1,0
0.8602494000000007,1,0
0.8703517000000005,1,0
0.8801638999999994,1,0
0.8902622999999963,1,0
0.9001288999999986,1,0
0.9102768999999995,1,0
0.9201972999999981,1,0
0.9303047999999947,1,0
0.9403833999999947,1,0
0.9504039999999989,1,0
0.9603327999999962,1,0
0.9701771000000008,1,0
0.9801298999999943,1,0
0.9904312999999973,1,0
1.0001466000000008,1,0
1.0104297999999972,1,0
1.0231860999999967,1,0
1.0302462999999946,1,0
1.0402598999999952,1,0
1.0501956999999962,1,0
1.0602659999999986,1,0
1.0703582999999952,1,0
1.080364099999997,1,0
1.0903947999999986,1,0
1.100077800000001,1,0
1.1103688999999974,1,0
1.1202113999999952,1,0
1.1302205,1,0
1.1402833999999942,1,0
1.1502669999999995,1,0
1.160343300000001,1,0
1.1702257999999972,1,0
1.1801646999999988,1,0
1.1904138999999958,1,0
1.2001391999999953,1,0
1.210252599999997,1,0
1.2202509999999975,1,0
1.2302751,1,0
1.2404212999999942,1,0
1.2502133999999998,1,0
1.2602758999999963,1,0
1.2702765999999954,1,0
1.2803012999999979,1,0
1.2902833999999999,1,0
1.3003025999999949,1,0
1.3102786999999978,1,0
1.3201506999999992,1,0
1.3303258999999983,1,0
1.3402339000000012,1,0
1.3502194000000003,1,0
1.360254999999995,1,0
1.3701514999999986,1,0
1.3801713999999947,1,0
1.3903819999999953,1,0
1.4002069000000006,1,0
1.4102014999999994,1,0
1.4202157,1,0
1.4302934999999977,1,0
1.4403318999999968,1,0
1.4503044999999943,1,0
1.4601839999999982,1,0
1.4702768000000006,1,0
1.480226799999997,1,0
1.4904381999999998,1,0
1.5001630000000006,1,0
1.5103240999999983,1,0
1.520173199999995,1,0
1.5301939999999945,1,0
1.5403203999999988,1,0
1.5503466999999986,1,0
1.560227900000001,1,0
1.5701739999999944,1,0
1.5803049999999956,1,0
1.5903714999999963,1,0
1.6001704999999973,1,0
1.6102498999999995,1,0
1.6201831999999996,1,0
1.630286599999998,1,0
1.640520599999995,1,0
1.6501471999999993,1,0
1.6602470999999994,1,0
1.6702581999999992,1,0
1.6801683999999995,1,0
1.6902988999999948,1,0
1.7001688000000001,1,0
1.710291599999998,1,0
1.7202497999999977,1,0
1.7301815999999945,1,0
1.7403800999999959,1,0
1.7503365999999971,1,0
1.7603544999999983,1,0
1.7701709999999977,1,0
1.7801438999999988,1,0
1.790401899999999,1,0
1.8001689999999968,1,0
1.8102207999999962,1,0
1.8201973999999979,1,0
1.830219999999997,1,0
1.840250999999995,1,0
1.8501996999999974,1,0
1.860289899999998,1,0
1.8702450999999982,1,0
1.8802011000000007,1,0
1.8902500999999958,1,0
1.9003305999999967,1,0
1.9106141999999977,1,0
1.9203971999999965,1,0
1.9303012999999964,1,0
1.9405079,1,0
1.9504871999999978,1,0
1.9602438999999947,1,0
1.9701548999999972,1,0
1.980189199999998,1,0
1.9904705000000007,1,0
2.0001370999999963,1,0
2.0102270999999945,1,0
2.020195799999996,1,0
2.0303030999999976,1,0
2.040315299999996,1,0
2.0502594999999957,1,0
2.060406399999998,1,0
2.0704746999999983,1,0
2.0804231999999985,1,0
2.0905462999999997,1,0
2.100341699999994,1,0
2.110457999999994,1,0
2.120199299999996,1,0
2.130242299999999,1,0
2.1402450999999942,1,0
2.1502228999999957,1,0
2.1603524000000007,1,0
2.1701570999999973,1,0
2.1801360999999986,1,0
2.1903527999999994,1,0
2.2003038000000004,1,0
2.2103234,1,0
2.2202664,1,0
2.2302430999999956,1,0
2.2402656000000007,1,0
2.250217499999998,1,0
2.2602237999999986,1,0
2.2702846999999977,1,0
2.2802672999999984,1,0
2.2903552999999945,1,0
2.3002090999999965,1,0
2.3103434000000007,1,0
2.3202521999999988,1,0
2.330158599999997,1,0
2.3404377999999966,1,0
2.3503076000000007,1,0
2.3603959000000003,1,0
2.3702386000000004,1,0
2.380192099999995,1,0
2.3904037999999943,1,0
2.4001607000000007,1,0
2.410305000000001,1,0
2.4201709999999963,1,0
2.4301320000000004,1,0
2.4403276999999974,1,0
2.4501925,1,0
2.4602450000000005,1,0
2.470276999999996,1,0
2.4801438999999945,1,0
2.4902146999999957,1,0
2.5001865999999993,1,0
2.510377399999996,1,0
2.520219499999996,1,0
2.5301337000000004,1,0
2.5403530999999973,1,0
2.550296699999997,1,0
2.560367999999997,1,0
2.570218099999998,1,0
2.5801865999999976,1,0
2.5904098999999974,1,0
2.6001683,1,0
2.6105030999999954,1,0
2.6202781999999942,1,0
2.630168099999999,1,0
2.6404367999999963,1,0
2.650315599999999,1,0
2.660324299999999,1,0
2.6702867999999995,1,0
2.6802245999999954,1,0
2.690678399999996,1,0
2.700167499999999,1,0
2.7105445999999986,1,0
2.7203322999999955,1,0
2.730379499999998,1,0
2.740358399999998,1,0
2.750210899999999,1,0
2.760324699999998,1,0
2.7702381000000003,1,0
2.780273000000001,1,0
2.7903974999999974,1,0
2.8001573999999962,1,0
2.8102528999999947,1,0
2.8201825999999954,1,0
2.8303024000000008,1,0
2.840311899999996,1,0
2.8501434999999944,1,0
2.8603814999999955,1,0
2.8703125999999983,1,0
2.8802398999999994,1,0
2.8905022999999943,1,0
2.9001467000000005,1,0
2.9102809999999977,1,0
2.9202055999999956,1,0
2.9301743999999985,1,0
2.9402569999999955,1,0
2.9504822999999973,1,0
2.9602012999999943,1,0
2.970193699999996,1,0
2.9801272999999995,1,0
2.9904876999999956,1,0
3.000174699999995,1,0
3.010231900000001,1,0
3.0201001000000005,1,0
3.030238699999998,1,0
3.0401900999999967,1,0
3.05021,1,0
3.0602474999999956,1,0
3.0702868999999993,1,0
3.0802221000000003,1,0
3.0902511999999973,1,0
3.100155899999997,1,0
3.110508699999997,1,0
3.1203278999999995,1,0
3.1301238,1,0
3.140416699999996,1,0
3.150279300000001,1,0
3.160345299999996,1,0
3.1702523999999954,1,0
3.1801677999999995,1,0
3.1904058000000006,1,0
3.200195799999996,1,0
3.210246599999998,1,0
3.220185899999997,1,0
3.2303376999999998,1,0
3.240254,1,0
3.250186399999997,1,0
3.2602103999999983,1,0
3.2703287999999944,1,0
3.280149299999998,1,0
3.290313300000001,1,0
3.3001746999999995,1,0
3.3103105,1,0
3.3201767999999987,1,0
3.330399700000001,1,0
3.3402502,1,0
3.3502592999999976,1,0
3.360270100000001,1,0
3.370277299999998,1,0
3.3802450999999962,1,0
3.390437200000001,1,0
3.400315499999998,1,0
3.4103719999999953,1,0
3.420228399999999,1,0
3.4303600000000003,1,0
3.4404399999999953,1,0
3.4504394000000005,1,0
3.460461500000001,1,0
3.4704022999999964,1,0
3.480269100000001,1,0
3.490302899999996,1,0
3.500301399999998,1,0
3.510500299999997,1,0
3.5203244,1,0
3.5303544999999943,1,0
3.540323799999996,1,0
3.5503420000000006,1,0
3.560374799999998,1,0
3.570200199999995,1,0
3.5801613999999944,1,0
3.590351599999998,1,0
3.6001389999999986,1,0
3.6104295999999962,1,0
3.620169599999997,1,0
3.6303245999999945,1,0
3.640243499999997,1,0
3.6501724999999965,1,0
3.660283899999996,1,0
3.6703715999999957,1,0
3.680094699999998,1,0
3.6902455999999972,1,0
3.7001828999999944,1,0
3.7104049999999944,1,0
3.7201649000000003,1,0
3.730205599999998,1,0
3.7402541999999954,1,0
3.7504538999999966,1,0
3.7602469999999997,1,0
3.7701958999999974,1,0
3.780203499999999,1,0
3.7905289999999994,1,0
3.8003712000000007,1,0
3.8106116999999955,1,0
3.820445399999997,1,0
3.8302294000000003,1,0
3.8403813999999983,1,0
3.850214000000001,1,0
3.860252299999999,1,0
3.8701504,1,0
3.8801983999999976,1,0
3.890404099999998,1,0
3.9001461999999947,1,0
3.9104282999999995,1,0
3.9201010999999966,1,0
3.930179899999999,1,0
3.940320100000001,1,0
3.9503952999999967,1,0
3.9601168999999956,1,0
3.970169399999996,1,0
3.9802642999999946,1,0
3.9903914,1,0
4.000287699999994,1,0
4.010179299999997,1,0
4.0202785999999975,1,0
4.030166600000001,1,0
4.040354399999998,1,0
4.050201299999998,1,0
4.060282000000001,1,0
4.070263799999999,1,0
4.080091699999997,1,0
4.090251699999996,1,0
4.100202799999998,1,0
4.110295199999996,1,0
4.120188499999998,1,0
4.1301711999999995,1,0
4.140312199999997,1,0
4.1503185999999985,1,0
4.1602429,1,0
4.170199999999994,1,0
4.180230999999999,1,0
4.190341199999999,1,0
4.200141899999998,1,0
4.210174500000001,1,0
4.2202132999999975,1,0
4.2303371,1,0
4.240358199999996,1,0
4.250291699999998,1,0
4.2602045999999945,1,0
4.2703050999999945,1,0
4.280201599999998,1,0
4.290278000000001,1,0
4.300224,1,0
4.310329599999996,1,0
4.320171599999995,1,0
4.3301924999999954,1,0
4.340338699999997,1,0
4.3503604,1,0
4.360220699999999,1,0
4.370203599999996,1,0
4.380237000000001,1,0
4.390375599999999,1,0
4.400187199999998,1,0
4.410362799999994,1,0
4.420251999999998,1,0
4.430225700000001,1,0
4.440235999999999,1,0
4.450181499999999,1,0
4.460270999999999,1,0
4.470292899999997,1,0
4.480194900000001,1,0
4.490275199999999,1,0
4.500174699999995,1,0
4.5103281999999965,1,0
4.520160199999999,1,0
4.530211099999995,1,0
4.540278199999996,1,0
4.550311499999999,1,0
4.560267699999997,1,0
4.570172799999995,1,0
4.580156500000001,1,0
4.590315399999994,1,0
4.600200899999997,1,0
4.610348799999997,1,0
4.6201890999999975,1,0
4.630063399999997,1,0
4.640230899999999,1,0
4.6502281,1,0
4.6602722999999955,1,0
4.670305199999994,1,0
4.680174899999997,1,0
4.690266299999998,1,0
4.700157999999995,1,0
4.710337099999997,1,0
4.720217699999999,1,0
4.730103399999997,1,0
4.740199699999998,1,0
4.750306199999997,1,0
4.760268599999996,1,0
4.770290299999999,1,0
4.7802177999999955,1,0
4.7903274999999965,1,0
4.800089199999995,1,0
4.810243299999996,1,0
4.820329799999996,1,0
4.830335499999997,1,0
4.840208499999996,1,0
4.850203899999997,1,0
4.860278600000001,1,0
4.8701130999999975,1,0
4.880086800000001,1,0
4.890231499999999,1,0
4.900151600000001,1,0
4.910140200000001,1,0
4.920245600000001,1,0
4.930121399999997,1,0
4.940265499999995,1,0
4.950491700000001,1,0
4.9605497999999955,1,0
4.970420099999998,1,0
4.980430899999995,1,0
4.9905629000000005,1,0
5.000423499999997,1,0
5.010573999999998,1,0
5.020497499999998,1,0
5.030642399999998,1,0
5.040501799999994,1,0
5.050528799999995,1,0
5.060549399999999,1,0
5.071127099999998,1,0
5.080695399999996,1,0
5.0907141,1,0
5.100569899999996,1,0
5.1109157,1,0
5.120552099999998,1,0
5.130445299999998,1,0
5.140568199999997,1,0
5.150471599999996,1,0
5.160513699999996,1,0
5.170502499999998,1,0
5.180451099999999,1,0
5.1905,1,0
5.200417899999998,1,0
5.211110999999995,1,0
5.220516799999999,1,0
5.2304174,1,0
5.240463800000001,1,0
5.2505326,1,0
5.2604828999999995,2,0
5.273690799999997,2,0
5.280398499999997,2,0
5.290443400000001,2,0
5.3004088,2,0
5.310398399999997,2,0
5.320349999999998,2,0
5.3303419000000005,2,0
5.340470699999997,2,0
5.350379199999999,2,0
5.360593599999994,2,0
5.3704003,2,0
5.3804509,2,0
5.390511199999999,2,0
5.400377399999996,2,0
5.411088299999996,2,0
5.420416899999999,2,0
5.4304790999999994,2,0
5.440549099999998,2,0
5.451037999999997,2,0
5.460616799999997,2,0
5.470354499999999,2,0
5.480687599999996,2,0
5.490782699999997,2,0
5.500595799999999,2,0
5.510885299999998,2,0
5.520510599999994,2,0
5.5305092999999985,2,0
5.540834099999998,2,0
5.5505663,2,0
5.5610073,2,0
5.570442700000001,2,0
5.580447599999999,2,0
5.590486899999995,2,0
5.600568799999998,3,0
5.613569999999996,3,0
5.6203602,3,0
5.630403799999996,3,0
5.640693499999998,3,0
5.650587399999999,3,0
5.660531499999998,3,0
5.670472099999998,3,0
5.6803991999999965,3,0
5.690407199999996,3,0
5.700380799999998,3,0
5.710546000000001,3,0
5.7203655,2,0
5.7330167,2,0
5.740462699999995,2,0
5.750380499999999,2,0
5.7604716999999965,2,0
5.770408099999997,2,0
5.780550099999999,3,0
5.793373099999997,3,0
5.800405899999994,3,0
5.810533399999997,3,0
5.820473700000001,3,0
5.830465599999997,3,0
5.840449499999998,3,0
5.850534599999996,3,0
5.860568799999996,3,0
5.871041599999998,3,0
5.880410399999995,3,0
5.890415399999995,3,0
5.900515399999996,3,0
5.910496799999997,3,0
5.9204024999999945,2,0
5.933137799999997,2,0
5.940453299999994,2,0
5.950620600000001,2,0
5.960546799999996,2,0
5.970474699999997,2,0
5.9804908999999995,1,0
5.994523600000001,1,0
6.000390400000001,1,0
6.010457199999998,1,0
6.020362999999996,2,0
6.033946499999999,2,0
6.040508499999994,2,0
6.0504563999999945,2,0
6.060647299999999,2,0
6.0704128,2,0
6.080441899999997,2,0
6.090438899999995,2,0
6.100429899999995,2,0
6.111147899999999,2,0
6.120409699999996,2,0
6.130908099999999,2,0
6.140498099999995,1,0
6.153459099999999,1,0
6.161093000000001,1,0
6.170387699999999,1,0
6.1804913,1,0
6.190480199999996,1,0
6.200373499999998,1,0
6.2105887999999965,1,0
6.220423499999995,1,0
6.230920999999995,1,0
6.240469599999997,1,0
6.250367599999997,1,0
6.260482400000001,1,0
6.2703992,1,0
6.280362799999999,1,0
6.290423099999998,1,0
6.300352799999999,1,0
6.310550299999996,1,0
6.320373599999996,1,0
6.330379199999996,1,0
6.340526799999999,1,0
6.350987199999999,1,0
6.360528599999995,1,0
6.370419699999999,1,0
6.380513899999997,1,0
6.390548099999997,1,0
6.4004707,1,0
6.4104679999999945,1,0
6.420347299999996,1,0
6.430384400000001,1,0
6.440474399999999,1,0
6.450411499999994,1,0
6.460419699999996,1,0
6.470420799999999,1,0
6.480385399999996,1,0
6.490441799999999,1,0
6.500352499999998,1,0
6.510524799999999,1,0
6.5203605999999965,2,0
6.533033499999995,2,0
6.540458399999999,2,0
6.5503809,1,0
6.5633358999999984,2,0
6.576725499999995,2,0
6.581059099999997,2,0
6.590536,2,0
6.600942699999997,2,0
6.610398099999998,2,0
6.620580199999999,2,0
6.630538599999994,2,0
6.640506799999997,2,0
6.650492499999999,2,0
6.660458200000001,2,0
6.670392499999998,2,0
6.680427799999997,2,0
6.6904909,2,0
6.700386399999999,1,0
6.713016599999996,1,0
6.720342899999999,1,0
6.7303858000000005,1,0
6.7405311999999995,2,0
6.7533525999999995,2,0
6.760514899999997,2,0
6.770387199999995,2,0
6.7803939,2,0
6.7905773999999965,2,0
6.800439300000001,1,0
6.8134333,1,0
6.820389999999996,1,0
6.830431699999998,1,0
6.840424299999995,1,0
6.850318299999998,1,0
6.860492799999996,1,0
6.870371999999996,1,0
6.880396699999999,1,0
6.890433099999996,1,0
6.900641,1,0
6.910558699999996,1,0
6.920446999999996,1,0
6.930456399999997,1,0
6.940435399999998,1,0
6.950980299999998,1,0
6.9604748,1,0
6.970388899999996,1,0
6.980327699999997,1,0
6.990502599999999,1,0
7.000484099999994,1,0
7.010419200000001,1,0
7.0206282999999985,1,0
7.030725799999999,1,0
7.040586399999995,1,0
7.050570699999994,1,0
7.0605455999999975,1,0
7.0706010999999975,1,0
7.0807828999999955,1,0
7.090718899999999,1,0
7.100609899999995,1,0
7.110847499999998,1,0
7.1205943999999946,1,0
7.1305367999999945,1,0
7.140815699999997,1,0
7.150606199999999,1,0
7.1604052,1,0
7.1704295999999985,2,0
7.183896499999996,2,0
7.1910264999999995,2,0
7.200612700000001,2,0
7.211077899999999,2,0
7.220388899999996,2,0
7.2310035,2,0
7.240474199999994,3,0
7.254154100000001,3,0
7.260554899999995,3,0
7.270343499999996,3,0
7.2805812,3,0
7.290443699999997,3,0
7.300470699999998,3,0
7.310450599999996,3,0
7.320332899999997,3,0
7.330493399999995,3,0
7.340505799999995,4,0
7.353569,4,0
7.360500999999999,4,0
7.370418099999995,3,0
7.383852499999996,3,0
7.3905113,3,0
7.400500999999998,3,0
7.410611699999997,3,0
7.420408699999996,3,0
7.430380799999995,3,0
7.440525799999996,2,0
7.4535662999999985,1,0
7.466856100000001,1,0
7.470226499999995,1,0
7.480138399999994,1,0
7.490445999999999,1,0
7.500376899999999,1,0
7.510490699999998,1,0
7.520446700000001,1,0
7.530369899999997,1,0
7.540544599999997,1,0
7.550401999999998,1,0
7.5606072,1,0
7.570377799999996,1,0
7.580328799999997,1,0
7.590422199999999,1,0
7.6004482999999965,1,0
7.610413799999996,1,0
7.620445099999998,1,0
7.630422199999998,1,0
7.640471099999999,1,0
7.650314699999996,1,0
7.660481300000001,1,0
7.670375199999995,2,0
7.683534599999994,2,0
7.690558899999999,2,0
7.700426699999994,1,0
7.7130996,1,0
7.720487499999997,1,0
7.730342699999994,1,0
7.7404399999999995,1,0
7.750345499999995,1,0
7.7604805,1,0
7.7704497,1,0
7.780337599999996,1,0
7.790441699999995,1,0
7.800387499999999,1,0
7.8106420999999955,1,0
7.820416799999997,1,0
7.830374499999998,1,0
7.8405123,1,0
7.850358799999995,1,0
7.8604026000000005,1,0
7.870907599999995,2,0
7.884278799999997,2,0
7.890514400000001,2,0
7.900452999999999,2,0
7.910657099999995,2,0
7.920345099999999,2,0
7.930426699999998,2,0
7.9404447000000005,1,0
7.953101399999994,1,0
7.960615799999999,1,0
7.970477299999999,1,0
7.980353199999996,1,0
7.9903993,1,0
8.000636399999998,1,0
8.010472,1,0
8.0203469,1,0
8.031028,2,0
8.045141299999997,2,0
8.050331199999995,2,0
8.060573999999995,2,0
8.070378999999996,2,0
8.080308899999999,2,0
8.090480499999998,2,0
8.100505499999997,2,0
8.110514199999997,2,0
8.120459399999994,2,0
8.130362899999994,2,0
8.140405299999998,2,0
8.150343899999996,2,0
8.160469399999997,2,0
8.170454999999997,2,0
8.180377199999995,2,0
8.190928999999997,2,0
8.200342899999995,2,0
8.2104924,2,0
8.2205461,2,0
8.230391599999997,2,0
8.2404631,2,0
8.2504889,2,0
8.2605438,3,0
8.274321,3,0
8.280448399999997,3,0
8.290500299999998,3,0
8.300390699999994,4,0
8.3131852,4,0
8.3203757,4,0
8.3310259,4,0
8.340531299999995,4,0
8.350465100000001,4,0
8.360452899999999,4,0
8.3704204,4,0
8.380355599999994,4,0
8.3905034,4,0
8.400435899999998,4,0
8.410425400000001,3,0
8.424168599999994,3,0
8.4304366,3,0
8.440553999999999,3,0
8.450356499999998,3,0
8.460626099999999,4,0
8.4736708,4,0
8.480424399999997,4,0
8.4904699,4,0
8.500403599999999,4,0
8.510510799999999,4,0
8.520388499999996,2,0
8.533318799999996,1,0
8.546432799999998,1,0
8.5510199,2,0
8.567923199999996,2,0
8.570351599999995,3,0
8.5839188,3,0
8.590480899999996,3,0
8.6004085,3,0
8.610563299999995,4,0
8.623612699999995,4,0
8.630484599999996,4,0
8.6406068,4,0
8.6502993,4,0
8.660468899999998,4,0
8.670427499999995,4,0
8.680352199999994,4,0
8.690405399999996,4,0
8.700401499999998,4,0
8.710557199999997,4,0
8.720374799999995,4,0
8.7304818,4,0
8.7403999,4,0
8.7503861,4,0
8.760519299999999,4,0
8.770536100000001,4,0
8.780418999999995,4,0
8.790927400000001,4,0
8.800473099999998,4,0
8.810519799999994,4,0
8.820560899999997,4,0
8.8304719,4,0
8.840944399999998,4,0
8.851154099999995,4,0
8.860695299999996,5,0
8.877279799999997,5,0
8.880552299999998,5,0
8.890531699999997,5,0
8.9019002,5,0
8.9109536,5,0
8.920665,5,0
8.930611800000001,4,0
8.9454304,4,0
8.950499699999995,4,0
8.960584599999997,4,0
8.970361399999994,4,0
8.9803778,4,0
8.990622699999996,4,0
9.0004244,4,0
9.010391999999996,4,0
9.020357099999998,4,0
9.030392499999998,4,0
9.040508299999999,5,0
9.053454299999999,5,0
9.0604795,5,0
9.070423599999998,5,0
9.080459599999998,5,0
9.090487699999997,5,0
9.100416599999996,5,0
9.110475999999998,5,0
9.120390799999996,5,0
9.130388400000001,5,0
9.140695699999995,5,0
9.1504756,5,0
9.1607038,5,0
9.170455399999994,6,7.000000010748408e-07
9.184852199999995,6,0.014396200000000192
9.1905803,6,0.020144100000003107
9.200383899999999,6,0.03000380000000291
9.210619699999995,6,0.04016759999999664
9.220398599999996,6,0.04998700000000156
9.230401,6,0.06000439999999685
9.240420899999997,6,0.06997710000000268
9.2503636,6,0.07996030000000331
9.261096799999997,6,0.09067929999999791
9.270390299999995,6,0.09999009999999942
9.280342599999997,6,0.10993909999999829
9.290518599999999,6,0.12009009999999876
9.300399499999997,6,0.12997920000000107
9.310420099999995,6,0.14001129999999762
9.320363999999998,6,0.14997590000000116
9.330419399999997,6,0.15999399999999753
9.340529799999999,6,0.17005000000000337
9.350486599999996,6,0.18002859999999998
9.360480599999995,6,0.19006710000000027
9.3703699,5,0
9.383099299999998,5,0
9.390445999999997,5,0
9.4003747,5,0
9.410424999999996,5,0
9.420509199999998,5,0
9.430421799999998,5,0
9.4404581,5,0
9.450391199999999,5,0
9.4604718,4,0
9.473251599999998,4,0
9.4803627,4,0
9.490388499999995,4,0
9.500975399999994,4,0
9.5104307,4,0
9.520384,4,0
9.530459299999997,4,0
9.5405321,4,0
9.550345299999996,4,0
9.560595899999996,4,0
9.570454899999994,4,0
9.580407000000001,5,0
9.593347299999998,5,0
9.600373499999996,5,0
9.610443599999996,5,0
9.6204045,6,7.000000010748408e-07
9.633767800000001,6,0.013412299999998822
9.640465499999998,6,0.020073600000003466
9.650477299999999,6,0.03009020000000362
9.660514399999997,6,0.04010250000000326
9.670903299999999,6,0.05056960000000288
9.680458699999996,6,0.06009689999999779
9.690502799999997,6,0.07014019999999732
9.7003494,6,0.07998930000000115
9.711065999999995,6,0.09066190000000063
9.7204586,6,0.10008470000000358
9.7303396,6,0.10999720000000224
9.740955299999996,6,0.12059430000000049
9.750398699999998,6,0.13004709999999875
9.7605772,6,0.1401235000000014
9.770462099999996,6,0.15002419999999717
9.780442699999995,6,0.16005990000000025
9.790467899999996,6,0.17007209999999873
9.800368200000001,6,0.1800131000000036
9.810403299999997,6,0.19001020000000324
9.820390699999997,6,0.2000060000000019
9.830409699999997,6,0.20999129999999866
9.840421299999996,6,0.22006760000000014
9.850589999999997,6,0.23022840000000144
9.860429099999998,5,0
9.873463899999997,5,0
9.8803975,5,0
9.8904183,5,0
9.900977300000001,5,0
9.910613299999994,5,0
9.920434799999995,5,0
9.9304432,5,0
9.940594999999995,5,0
9.951023,5,0
9.960392399999996,5,0
9.970377799999994,6,6.999999939694135e-07
9.983125099999995,6,0.012694799999998452
9.990597299999997,6,0.020143999999994833
10.000445499999998,6,0.0300251999999972
10.010403099999998,6,0.039978499999996586
10.020454,6,0.050015899999998226
10.030948299999999,6,0.06057619999999986
10.0405048,6,0.07005609999999507
10.0503481,6,0.07995549999999696
10.0604935,6,0.0900721999999945
10.070391699999995,6,0.09995769999999737
10.0805242,6,0.11001689999999797
10.090458299999995,6,0.12001579999999734
10.100457299999995,6,0.12996279999999416
10.110444699999995,6,0.1400354999999962
10.1203778,6,0.14998429999999985
10.130378999999998,6,0.15996809999999329
10.140530499999997,6,0.1701204999999959
10.150370599999995,6,0.17994099999999946
10.160440299999998,6,0.1900452999999942
10.170381799999994,6,0.19998729999999654
10.1803818,6,0.20998769999999922
10.190533799999997,6,0.22009149999999522
10.200361799999996,6,0.22995979999999605
10.2104571,6,0.23997739999999368
10.220418500000001,6,0.24998719999999963
10.230412799999996,6,0.26002339999999435
10.240422899999999,6,0.2700374999999937
10.250380399999997,6,0.27997699999999526
10.260432299999998,6,0.2899895999999984
10.2703955,6,0.2999504000000002
10.2804948,6,0.31006299999999953
10.290432199999998,6,0.3200358999999935
10.300354800000001,6,0.3299487999999968
10.310397299999998,6,0.3399667999999991
10.320939599999996,6,0.35052059999999585
10.3304045,6,0.36001979999999634
10.340505,6,0.3700607999999974
10.350324399999998,6,0.3799357999999984
10.3605364,6,0.39008339999999464
10.370475799999994,6,0.4000024999999994
10.3805148,6,0.41004689999999755
10.390898499999999,6,0.42050109999999563
10.4004044,6,0.4299897999999942
10.4104083,5,0
10.424538299999995,5,0
10.430945699999995,6,7.000000010748408e-07
10.444868199999995,6,0.013913799999997423
10.450325999999997,6,0.01936510000000169
10.460483499999995,6,0.02948549999999983
10.4703606,6,0.039378200000001584
10.480331299999996,6,0.049395599999996875
10.4904546,6,0.059498099999999
10.5003569,6,0.06938759999999888
10.511111199999995,6,0.08008490000000279
10.520408799999998,6,0.08944240000000292
10.530431199999995,6,0.09947259999999858
10.540390199999997,6,0.10942899999999867
10.5505736,6,0.119631499999997
10.560451099999995,6,0.1294208999999995
10.570391799999996,5,0
10.5833947,6,8.99999996306633e-07
10.599058299999996,5,0
10.613988199999994,5,0
10.6147152,5,0
10.620578699999996,5,0
10.6306273,5,0
10.643565500000001,5,0
10.650648599999997,5,0
10.660852299999995,4,0
10.677431299999995,5,0
10.696494799999996,5,0
10.697205399999994,5,0
10.700445599999995,4,0
10.718260199999996,4,0
10.7204379,4,0
10.7304745,4,0
10.740593599999997,4,0
10.7503636,4,0
10.760571399999996,4,0
10.7705166,4,0
10.7804772,4,0
10.790389099999999,4,0
10.800432099999995,4,0
10.810446299999995,4,0
10.820379299999999,4,0
10.830427199999995,4,0
10.840628299999999,4,0
10.850477299999994,3,0
10.863656599999999,3,0
10.870408099999999,3,0
10.880407599999998,3,0
10.890545099999997,3,0
10.900378699999997,3,0
10.910548999999996,3,0
10.9203768,3,0
10.9303831,3,0
10.940467899999994,3,0
10.950501799999998,3,0
10.960469499999995,3,0
10.970385099999994,3,0
10.980330199999997,3,0
10.9910244,3,0
11.000383,3,0
11.010407899999997,3,0
11.020471299999997,3,0
11.030428199999996,3,0
11.0404463,3,0
11.0504185,3,0
11.060657299999995,3,0
11.070417899999995,3,0
11.080461799999995,3,0
11.0904612,2,0
11.10324,2,0
11.110662399999995,2,0
11.120436899999994,2,0
11.130382599999997,2,0
11.140416299999998,3,0
11.153420099999998,3,0
11.160557399999995,3,0
11.1706407,3,0
11.1804713,2,0
11.193986799999998,2,0
11.200443799999995,2,0
11.210442699999994,2,0
11.220403699999999,2,0
11.230421799999995,2,0
11.240467099999996,3,0
11.253465899999995,3,0
11.2604641,3,0
11.270429700000001,3,0
11.280317699999998,3,0
11.290426599999996,3,0
11.300335499999996,3,0
11.3104236,3,0
11.320390199999999,3,0
11.330452299999997,3,0
11.340430299999994,3,0
11.3503252,3,0
11.360479999999995,3,0
11.370442099999998,3,0
11.380456799999997,3,0
11.390455499999995,4,0
11.403365999999998,4,0
11.410597499999994,4,0
11.420355099999995,4,0
11.430412699999998,4,0
11.440459099999998,4,0
11.450592399999998,5,0
11.465388399999995,5,0
11.4703381,5,0
11.480533699999995,5,0
11.4905167,5,0
11.500356799999999,5,0
11.510444299999996,5,0
11.5203591,5,0
11.5303787,6,7.000000010748408e-07
11.543916599999996,6,0.013473999999995101
11.5504751,6,0.020069100000000617
11.560469099999999,6,0.030046299999995085
11.5704159,6,0.04003709999999927
11.580399299999996,6,0.04998589999999581
11.5904308,6,0.06004679999999496
11.600404599999997,6,0.07004819999999512
11.610403699999999,6,0.08002739999999875
11.6204599,6,0.09008959999999888
11.630501299999999,6,0.10012049999999562
11.6404463,7,0.11005970000000076
11.653324499999997,7,0.12294550000000015
11.660564399999998,7,0.13011900000000054
11.670378299999996,7,0.13999109999999604
11.680427199999997,7,0.1500281000000001
11.690494799999996,7,0.16011309999999668
11.700358599999994,7,0.1699587999999963
11.710502299999995,7,0.18007709999999832
11.720370799999998,7,0.19001189999999468
11.730413299999995,7,0.2000096999999954
11.740426799999995,7,0.210025899999998
11.750424299999999,7,0.22006349999999486
11.7604404,7,0.2300435999999948
11.770333799999996,7,0.23995730000000037
11.780483099999998,7,0.25003609999999554
11.7904232,7,0.2600253999999964
11.800390299999997,7,0.2700272999999953
11.810417999999999,7,0.2800332999999995
11.8203672,7,0.29000779999999793
11.8304027,7,0.3000112999999942
11.840545299999995,7,0.31007040000000075
11.850381399999996,7,0.32001439999999803
11.860372499999997,7,0.32998309999999975
11.870335999999995,7,0.3399556999999973
11.880340999999994,7,0.3499622999999943
11.890456399999998,7,0.3600980000000007
11.9003753,7,0.3699954999999946
11.911126499999995,7,0.3807191000000003
11.920486999999994,7,0.39008579999999426
11.930369499999998,7,0.400025399999997
11.940452399999998,7,0.4100534999999965
11.950417199999997,8,0.4200244999999967
11.963789299999995,8,0.4334087000000011
11.970576199999996,8,0.44016279999999597
11.980393899999996,7,0.449975699999996
11.992788499999996,7,0.46237589999999784
12.0004207,7,0.4700184000000007
12.010468699999997,7,0.4800487999999987
12.020407200000001,7,0.4899996999999985
12.030519599999998,8,0.5001366999999988
12.043937299999996,8,0.5135129999999961
12.050371899999995,8,0.5199895000000012
12.060513699999994,8,0.5300938999999971
12.070332799999996,8,0.5399500999999987
12.0802969,8,0.5499466999999996
12.0904016,8,0.5600426999999968
12.100379099999998,8,0.5699964999999949
12.110496900000001,8,0.5800326999999967
12.120466199999996,8,0.5900333999999958
12.130298199999999,8,0.5999478999999965
12.140484199999996,8,0.6100841999999957
12.150372599999997,8,0.6200041999999968
12.160440999999999,8,0.6300108999999949
12.1702947,8,0.6399222000000009
12.180373599999996,8,0.650020099999999
12.190465799999998,8,0.6600487999999984
12.200376899999995,8,0.6699860999999956
12.210709299999998,8,0.6801466999999946
12.2205661,8,0.6900991999999988
12.230403599999995,8,0.7000160999999991
12.240447199999998,8,0.7100404999999981
12.250301299999997,8,0.719935999999997
12.260482499999995,8,0.7300988999999944
12.270370799999995,8,0.7400114999999943
12.280439999999999,8,0.7500402999999949
12.2905504,8,0.7601001999999966
12.300367999999999,8,0.7699974999999952
12.310430599999997,8,0.7800477999999984
12.320323899999998,8,0.7899719999999988
12.330393999999998,8,0.7999848999999983
12.340461999999995,8,0.8100617999999997
12.350607799999999,8,0.820161800000001
12.3607534,8,0.8302453999999955
12.370686499999998,8,0.8400937999999982
12.380555199999996,8,0.8501429999999957
12.390448,8,0.8600911999999994
12.400720799999995,8,0.8702259000000012
12.410504099999997,8,0.880029399999998
12.420350799999994,8,0.8899552999999969
12.430451699999999,8,0.9000552999999982
12.440506799999994,8,0.9100576999999959
12.450346599999996,8,0.9199728999999977
12.460543600000001,8,0.930104
12.470354399999998,8,0.9399815999999959
12.480285199999997,8,0.9499262000000002
12.4904808,8,0.9601152999999982
12.500364900000001,8,0.9699753999999956
12.510518699999999,8,0.9801462000000001
12.5203937,8,0.9900263999999979
12.5304407,8,1.0000201999999945
12.5406993,8,1.0000201999999945
12.5539342,8,1.0000201999999945
12.5689439,8,1.0000201999999945
12.5703775,8,1.0000201999999945
12.580579299999997,8,1.0000201999999945
12.5906144,8,1.0000201999999945
12.6005872,8,1.0000201999999945
12.6106409,8,1.0000201999999945
12.620653399999995,8,1.0000201999999945
12.630422499999995,8,1.0000201999999945
12.6405709,8,1.0000201999999945
12.650774299999995,8,1.0000201999999945
12.660727699999995,8,1.0000201999999945
12.670758,8,1.0000201999999945
12.6807096,8,1.0000201999999945
12.6908137,8,1.0000201999999945
12.7005008,8,1.0000201999999945
12.710849499999995,8,1.0000201999999945
12.720555599999997,8,1.0000201999999945
12.730528799999995,8,1.0000201999999945
12.7405811,8,1.0000201999999945
12.750471599999997,8,1.0000201999999945
12.760707099999998,8,1.0000201999999945
12.770558299999998,8,1.0000201999999945
12.780472099999997,8,1.0000201999999945
12.790642399999996,8,1.0000201999999945
12.800560499999996,8,1.0000201999999945
12.8106151,8,1.0000201999999945
12.8205745,8,1.0000201999999945
12.8305626,8,1.0000201999999945
12.8405682,8,1.0000201999999945
12.850460499999997,8,1.0000201999999945
12.860711699999996,8,1.0000201999999945
12.870502899999998,8,1.0000201999999945
12.8806321,8,1.0000201999999945
12.890535100000001,8,1.0000201999999945
12.9005236,8,1.0000201999999945
12.910642799999998,8,1.0000201999999945
12.920583,8,1.0000201999999945
12.930587699999997,8,1.0000201999999945
12.9406247,8,1.0000201999999945
12.950707399999999,8,1.0000201999999945
12.960777699999994,8,1.0000201999999945
12.970468799999999,8,1.0000201999999945
12.9805834,8,1.0000201999999945
12.990607599999997,8,1.0000201999999945
13.0005241,8,1.0000201999999945
13.010733599999995,8,1.0000201999999945
13.020566699999996,8,1.0000201999999945
13.0305368,8,1.0000201999999945
13.0406184,8,1.0000201999999945
13.050472599999999,8,1.0000201999999945
13.060727700000001,8,1.0000201999999945
13.070468399999996,8,1.0000201999999945
13.080520700000001,8,1.0000201999999945
13.0906266,8,1.0000201999999945
13.100525399999995,8,1.0000201999999945
13.110725599999995,8,1.0000201999999945
13.1205627,8,1.0000201999999945
13.1305659,8,1.0000201999999945
13.1406189,8,1.0000201999999945
13.150598899999999,8,1.0000201999999945
13.160684499999995,8,1.0000201999999945
13.170623499999998,8,1.0000201999999945
13.1807539,8,1.0000201999999945
13.190659799999999,8,1.0000201999999945
13.200647499999995,8,1.0000201999999945
13.210646099999998,8,1.0000201999999945
13.220531799999996,7,1.0000201999999945
13.230506599999998,8,1.0000201999999945
13.240594699999995,8,1.0000201999999945
13.2504603,7,1.0000201999999945
13.2607067,7,1.0000201999999945
13.2706455,7,1.0000201999999945
13.280516899999995,6,1.0000201999999945
13.290575399999994,6,1.0000201999999945
13.300448199999998,6,1.0000201999999945
13.3106066,6,1.0000201999999945
13.320555299999995,6,1.0000201999999945
13.3305534,6,1.0000201999999945
13.340589199999997,6,1.0000201999999945
13.3504735,6,1.0000201999999945
13.360747199999999,5,1.0000201999999945
13.3704405,5,1.0000201999999945
13.380518599999995,4,1.0000201999999945
13.390619399999999,3,1.0000201999999945
13.400610499999999,3,1.0000201999999945
13.410633699999998,3,1.0000201999999945
13.420517399999994,2,1.0000201999999945
13.4305187,2,1.0000201999999945
13.440562499999999,2,1.0000201999999945
13.450552799999997,2,1.0000201999999945
13.460691599999997,1,1.0000201999999945
13.470548199999996,1,1.0000201999999945
13.4804277,1,1.0000201999999945
13.490596199999999,1,1.0000201999999945
13.500438799999998,1,1.0000201999999945
13.510617400000001,1,1.0000201999999945
13.5206029,1,1.0000201999999945
13.5305051,1,1.0000201999999945
13.540608299999995,1,1.0000201999999945
