0.0004881000000018787,1,0
0.010234199999999305,1,0
0.025412900000002736,1,0
0.030152900000000926,1,0
0.040185000000001025,1,0
0.050157600000002134,1,0
0.060220300000001004,1,0
0.07022030000000257,1,0
0.08014470000000173,1,0
0.09014100000000269,1,0
0.10014380000000145,1,0
0.11018149999999949,1,0
0.12022590000000122,1,0
0.13066840000000113,1,0
0.14025430000000227,1,0
0.15042800000000156,1,0
0.1601360000000014,1,0
0.1701781000000011,1,0
0.18027580000000043,1,0
0.19023510000000243,1,0
0.20023409999999942,1,0
0.21028610000000114,1,0
0.22010210000000185,1,0
0.23018749999999955,1,0
0.24030910000000105,1,0
0.2501230000000021,1,0
0.2602329000000019,1,0
0.2702701000000012,1,0
0.2801082000000008,1,0
0.2901771000000011,1,0
0.3002287000000017,1,0
0.3100915999999998,1,0
0.32047740000000147,1,0
0.33036670000000257,1,0
0.3405383000000022,1,0
0.3502554999999994,1,0
0.36015719999999973,1,0
0.3703490000000009,1,0
0.38030769999999947,1,0
0.3902011000000023,1,0
0.4001456999999995,1,0
0.41015970000000124,1,0
0.42013290000000225,1,0
0.43013300000000143,1,0
0.4402612000000019,1,0
0.4501441000000028,1,0
0.4601483000000002,1,0
0.4702579,1,0
0.48019740000000155,1,0
0.49012920000000193,1,0
0.5002275000000012,1,0
0.5101630000000021,1,0
0.5203820000000015,1,0
0.5301162000000019,1,0
0.540139400000001,1,0
0.5501146000000006,1,0
0.5601514999999999,1,0
0.5701473000000021,1,0
0.5801122999999997,1,0
0.5901990999999995,1,0
0.6001925000000021,1,0
0.6103459999999998,1,0
0.6201486000000003,1,0
0.6300950000000007,1,0
0.6402125000000005,1,0
0.6502268000000022,1,0
0.6601765999999998,1,0
0.6702186000000019,1,0
0.6801192,1,0
0.6903090000000027,1,0
0.7002535999999999,1,0
0.7101828000000019,1,0
0.7201886000000002,1,0
0.7301114999999996,1,0
0.7402623000000013,1,0
0.7501432000000001,1,0
0.7602484000000018,1,0
0.7701151000000017,1,0
0.7800739000000014,1,0
0.7901387,1,0
0.8001789000000024,1,0
0.8102578999999999,1,0
0.820125100000002,1,0
0.8301701000000001,1,0
0.840250000000001,1,0
0.8501925000000021,1,0
0.8601349999999996,1,0
0.8702220000000018,1,0
0.8801582000000003,1,0
0.8901491000000021,1,0
0.9001636000000026,1,0
0.9102549000000018,1,0
0.9202688000000023,1,0
0.9301345000000012,1,0
0.9402089999999994,1,0
0.9500907000000005,1,0
0.9601608000000006,1,0
0.9701540000000008,1,0
0.9802338000000006,1,0
0.9903247000000022,1,0
1.0001786999999993,1,0
1.0102373,1,0
1.0228403000000021,1,0
1.0301511000000012,1,0
1.0402123000000003,1,0
1.0502187999999997,1,0
1.0601474000000017,1,0
1.0701947000000018,1,0
1.0801827000000017,1,0
1.0902016000000003,1,0
1.1001516000000002,1,0
1.1101317000000002,1,0
1.1201925000000017,1,0
1.1301576000000004,1,0
1.1407292000000027,1,0
1.1502960000000009,1,0
1.1602354000000012,1,0
1.1703031000000017,1,0
1.1800946000000003,1,0
1.1903938000000025,1,0
1.2007919999999999,1,0
1.2104822000000013,1,0
1.2203701000000002,1,0
1.2301649999999995,1,0
1.2403730999999993,1,0
1.2501497000000015,1,0
1.2602037000000017,1,0
1.2702124999999995,1,0
1.2800550000000008,1,0
1.2902638000000017,1,0
1.300212000000002,1,0
1.3101157000000008,1,0
1.3201305000000012,1,0
1.3300930000000015,1,0
1.3406693000000018,1,0
1.3501891000000015,1,0
1.360240600000001,1,0
1.3701235999999994,1,0
1.3801197000000016,1,0
1.3903818000000001,1,0
1.4001340000000013,1,0
1.4101835999999999,1,0
1.420127100000002,1,0
1.4301397000000016,1,0
1.4402352,1,0
1.4502272000000005,1,0
1.4602324000000024,1,0
1.4701514000000024,1,0
1.480140900000002,1,0
1.4902176000000011,1,0
1.5002717000000025,1,0
1.5100809999999996,1,0
1.5202308000000002,1,0
1.5302878,1,0
1.5407797000000016,1,0
1.5503610000000023,1,0
1.5602958999999998,1,0
1.570192800000001,1,0
1.5800981000000007,1,0
1.590251300000002,1,0
1.6001517000000014,1,0
1.6102838000000013,1,0
1.6201849000000017,1,0
1.6301810000000003,1,0
1.6402543000000023,1,0
1.6501294000000009,1,0
1.6601741000000025,1,0
1.6702025999999996,1,0
1.6801949,1,0
1.6901216000000012,1,0
1.700134600000002,1,0
1.7101112000000036,1,0
1.7201793000000016,1,0
1.730212599999998,1,0
1.7401500000000034,1,0
1.7501434000000025,1,0
1.7601647000000007,1,0
1.7701519999999995,1,0
1.780092800000002,1,0
1.7901881999999993,1,0
1.8001557000000012,1,0
1.8100986,1,0
1.8201889000000016,1,0
1.8301095000000025,1,0
1.8401414000000038,1,0
1.8501221000000037,1,0
1.8601690000000026,1,0
1.8702149000000041,1,0
1.8801892000000002,1,0
1.8901554000000012,1,0
1.9006594999999997,1,0
1.9101468000000033,1,0
1.920175099999998,1,0
1.9301668999999997,1,0
1.9407306999999996,1,0
1.9501527000000003,1,0
1.9601634000000026,1,0
1.9701737000000001,1,0
1.9801202999999994,1,0
1.9905659999999976,1,0
2.0003125000000033,1,0
2.010377000000002,1,0
2.020394300000003,1,0
2.030330000000003,1,0
2.0402582000000002,1,0
2.050409500000004,1,0
2.060141500000004,1,0
2.070159300000004,1,0
2.0801485000000035,1,0
2.0901239999999994,1,0
2.100602400000003,1,0
2.1101605000000028,1,0
2.120082700000001,1,0
2.1301140000000025,1,0
2.1402414999999984,1,0
2.150159800000001,1,0
2.160208800000003,1,0
2.1703107999999993,1,0
2.180190200000002,1,0
2.190209900000003,1,0
2.200173700000004,1,0
2.210529300000001,1,0
2.220145900000002,1,0
2.2301585999999993,1,0
2.2403153000000025,1,0
2.250217000000003,1,0
2.2600871000000033,1,0
2.270150900000001,1,0
2.2801970999999988,1,0
2.2900810999999983,1,0
2.3001736000000044,1,0
2.3101526999999997,1,0
2.320199900000002,1,0
2.3301610000000004,1,0
2.3400789999999994,1,0
2.3502179000000005,1,0
2.3601424999999985,1,0
2.370139400000003,1,0
2.380165899999998,1,0
2.390237100000004,1,0
2.4001832000000043,1,0
2.4100630999999986,1,0
2.4201945999999985,1,0
2.430124799999998,1,0
2.4402976000000045,1,0
2.450138599999999,1,0
2.460189500000002,1,0
2.4701889,1,0
2.4801402000000046,1,0
2.490147699999998,1,0
2.5001275000000014,1,0
2.5101216000000015,1,0
2.5201862000000013,1,0
2.530109200000002,1,0
2.5402141999999976,1,0
2.5502974000000016,1,0
2.5601655,1,0
2.5701918,1,0
2.5802033999999985,1,0
2.5902595999999996,1,0
2.600114399999999,1,0
2.6100910000000006,1,0
2.6201760000000043,1,0
2.630207500000001,1,0
2.6402303000000025,1,0
2.650178999999998,1,0
2.660288699999999,1,0
2.670233300000003,1,0
2.6801578,1,0
2.6902137999999987,1,0
2.700170400000001,1,0
2.7101244000000015,1,0
2.720117400000003,1,0
2.7306789000000045,1,0
2.7402578999999996,1,0
2.7501283999999977,1,0
2.7601565999999984,1,0
2.770220500000004,1,0
2.780123200000002,1,0
2.790162900000002,1,0
2.8001888000000044,1,0
2.8100798000000005,1,0
2.820200500000002,1,0
2.8301187000000034,1,0
2.8401175000000016,1,0
2.850379,1,0
2.860331800000001,1,0
2.8702633000000013,1,0
2.880345700000003,1,0
2.890329099999999,1,0
2.9008946999999985,1,0
2.9106936999999995,1,0
2.9201111000000033,1,0
2.9306056000000034,1,0
2.9402402000000016,1,0
2.9501872999999996,1,0
2.9602103999999976,1,0
2.970654300000003,1,0
2.980154500000001,1,0
2.9901126,1,0
3.0001823000000023,1,0
3.0101267000000043,1,0
3.020172800000001,1,0
3.0301604000000033,1,0
3.0401878000000018,1,0
3.0501726,1,0
3.060187100000004,1,0
3.070234000000003,1,0
3.0801543000000002,1,0
3.0902707000000014,1,0
3.1001999000000033,1,0
3.1102152000000025,1,0
3.1201551000000016,1,0
3.1301324999999984,1,0
3.1401331000000035,1,0
3.1500736000000025,1,0
3.1601721000000005,1,0
3.1701767000000025,1,0
3.180213300000002,1,0
3.1901887000000038,1,0
3.2001864000000033,1,0
3.2104171000000044,1,0
3.220178200000003,1,0
3.230134000000003,1,0
3.2402917000000038,1,0
3.2502122000000035,1,0
3.260120000000004,1,0
3.270210500000001,1,0
3.2801814,1,0
3.290159499999998,1,0
3.300267299999998,1,0
3.310109900000004,1,0
3.320179900000003,1,0
3.330121800000004,1,0
3.340207100000004,1,0
3.3501364000000002,1,0
3.360198999999998,1,0
3.3701608999999983,1,0
3.380171999999998,1,0
3.390198399999999,1,0
3.400397100000003,1,0
3.4101763,1,0
3.4203167999999984,1,0
3.4302462000000027,1,0
3.4403894000000044,1,0
3.450152599999999,1,0
3.4601456000000006,1,0
3.4702579000000036,1,0
3.4801469999999988,1,0
3.490092100000002,1,0
3.500211099999998,1,0
3.510141700000002,1,0
3.5202721000000032,1,0
3.530136500000001,1,0
3.5401890000000016,1,0
3.550118399999999,1,0
3.560142299999999,1,0
3.5702766000000032,1,0
3.5801821999999994,1,0
3.5903019999999977,1,0
3.600081900000003,1,0
3.610267699999998,1,0
3.6204160000000023,1,0
3.6302771000000043,1,0
3.640411199999999,1,0
3.6502969999999983,1,0
3.6602978999999998,1,0
3.6703286000000013,1,0
3.6802433000000043,1,0
3.690225299999998,1,0
3.700098800000003,1,0
3.7102179,1,0
3.720149799999998,1,0
3.7301864999999985,1,0
3.7401653000000046,1,0
3.750181399999999,1,0
3.7601628,1,0
3.7702986000000003,1,0
3.780167600000002,1,0
3.790081600000004,1,0
3.8001761999999992,1,0
3.8101491000000003,1,0
3.820225600000004,1,0
3.830164800000002,1,0
3.840114400000001,1,0
3.8501306999999976,1,0
3.860156700000001,1,0
3.870242600000001,1,0
3.8800762000000013,1,0
3.890093099999998,1,0
3.9001040000000025,1,0
3.9101283000000002,1,0
3.920304599999998,1,0
3.930178399999999,1,0
3.9400411999999996,1,0
3.950151700000003,1,0
3.9601539999999993,1,0
3.970215900000003,1,0
3.980106199999998,1,0
3.9901810000000033,1,0
4.000173499999999,1,0
4.0101312,1,0
4.0201559000000024,1,0
4.030089,1,0
4.040206299999998,1,0
4.050205100000003,1,0
4.060173600000002,1,0
4.070245000000003,1,0
4.080109699999998,1,0
4.0901768999999994,1,0
4.100281599999999,1,0
4.110132799999999,1,0
4.120229400000003,1,0
4.130140100000002,1,0
4.140201399999999,1,0
4.150130399999998,1,0
4.1606749,1,0
4.170178600000003,1,0
4.180090199999999,1,0
4.190140000000003,1,0
4.200130099999999,1,0
4.210259099999998,1,0
4.220247500000003,1,0
4.2301177000000045,1,0
4.240070599999999,1,0
4.250221,1,0
4.260190900000001,1,0
4.2701356,1,0
4.280184000000002,1,0
4.290146199999999,1,0
4.300736400000002,1,0
4.3101175000000005,1,0
4.320122899999998,1,0
4.3301617000000014,1,0
4.3401374,1,0
4.350123100000001,1,0
4.3601998,1,0
4.370143899999999,1,0
4.380077700000005,1,0
4.390176200000003,1,0
4.400134099999999,1,0
4.410094600000004,1,0
4.420700100000001,1,0
4.4301502999999975,1,0
4.440189300000004,1,0
4.450163200000002,1,0
4.460131700000002,1,0
4.4701676,1,0
4.4803808000000025,1,0
4.4912156,1,0
4.500328900000003,1,0
4.5103118,1,0
4.520170699999998,1,0
4.530423199999998,1,0
4.540159599999999,1,0
4.550311799999999,1,0
4.560141900000001,1,0
4.5703274,1,0
4.580201800000001,1,0
4.590136400000002,1,0
4.600134100000002,1,0
4.6101396,1,0
4.620767400000002,1,0
4.630058600000002,1,0
4.640059000000004,1,0
4.6501518,1,0
4.660127900000003,1,0
4.670286000000001,1,0
4.680136800000003,1,0
4.6903398,1,0
4.700738300000001,1,0
4.710111600000001,1,0
4.720213400000002,1,0
4.730187500000003,1,0
4.740150199999999,1,0
4.750181399999999,1,0
4.760188500000002,1,0
4.770137999999999,1,0
4.780093600000004,1,0
4.790103300000002,1,0
4.800112100000003,1,0
4.810299600000004,1,0
4.8202155,1,0
4.830105900000003,1,0
4.8406859,1,0
4.850152699999999,1,0
4.860088700000002,1,0
4.870196099999998,1,0
4.8801357,1,0
4.890127700000004,1,0
4.900185099999998,1,0
4.910084700000002,1,0
4.920188400000004,1,0
4.930091000000001,1,0
4.940078500000002,1,0
4.9501326,1,0
4.9601547,1,0
4.9703081000000005,1,0
4.980103799999998,1,0
4.990112800000002,1,0
5.000142200000003,1,0
5.010205899999999,1,0
5.020148500000001,1,0
5.0301757000000045,1,0
5.040248399999999,1,0
5.0501261000000035,1,0
5.060155699999999,1,0
5.070130500000001,1,0
5.080140000000004,1,0
5.090037300000002,1,0
5.100204800000004,1,0
5.110102200000004,1,0
5.120256899999998,1,0
5.130132400000004,1,0
5.140063999999999,1,0
5.150311500000004,1,0
5.160330400000003,1,0
5.1703084,1,0
5.1802131,1,0
5.1903258,1,0
5.200175599999998,1,0
5.210427200000002,1,0
5.220195200000003,1,0
5.230191800000004,1,0
5.240144300000001,1,0
5.2504594,1,0
5.260430199999998,1,0
5.270459400000004,1,0
5.280430800000001,1,0
5.290452500000004,1,0
5.300375400000004,1,0
5.310408200000001,1,0
5.320555899999999,2,0
5.333439299999998,2,0
5.340409500000003,2,0
5.350424900000004,3,0
5.363571799999999,3,0
5.370443699999999,4,0
5.3842915,4,0
5.390522600000001,4,0
5.400654200000002,4,0
5.410413700000003,5,0
5.423075999999998,5,0
5.430447600000004,5,0
5.4404498,5,0
5.4504135,5,0
5.460653199999999,5,0
5.470392300000004,5,0
5.480388600000001,5,0
5.490501699999999,6,1.0999999986438525e-06
5.503650000000004,6,0.013192499999995277
5.510403300000004,6,0.019972799999997903
5.520391499999999,6,0.029953499999997746
5.530512099999999,5,0
5.543758800000003,5,0
5.550414100000001,6,1.1000000057492798e-06
5.565190300000001,6,0.014666000000005397
5.570418700000001,5,0
5.585472300000003,6,1.00000000458067e-06
5.6001233999999975,6,0.014695700000004308
5.600719299999998,6,0.015364500000004
5.610445899999998,6,0.025031800000000715
5.620518000000001,6,0.035094100000002015
5.630409199999999,6,0.04498810000000475
5.640506599999998,6,0.05503759999999858
5.650504200000004,6,0.06509790000000493
5.660375800000001,6,0.07499880000000303
5.670395700000004,6,0.08499160000000217
5.680457300000004,6,0.09508449999999868
5.690434800000002,6,0.10498230000000319
5.7004383999999995,5,0
5.713228000000004,6,7.000000010748408e-07
5.726597299999998,5,0
5.739413700000004,5,0
5.740418800000004,5,0
5.750381100000002,5,0
5.760470999999999,5,0
5.7705155999999995,5,0
5.780499799999998,5,0
5.7903859,5,0
5.800399299999999,5,0
5.810452600000001,5,0
5.820638599999999,5,0
5.8305596999999985,5,0
5.840441000000002,5,0
5.850400500000003,5,0
5.860419699999998,5,0
5.8706872000000025,5,0
5.880478999999998,5,0
5.890687199999999,5,0
5.900382099999998,4,0
5.913777100000001,4,0
5.9205013000000015,4,0
5.930526500000003,4,0
5.940691699999999,4,0
5.950351399999999,4,0
5.960476500000002,4,0
5.970539300000002,3,0
5.983518,3,0
5.990508200000004,3,0
6.000399400000003,3,0
6.0105307,3,0
6.020616800000003,3,0
6.030406600000003,3,0
6.0403737,3,0
6.050423300000002,3,0
6.060458999999998,3,0
6.0705491000000045,3,0
6.080466300000001,3,0
6.090513300000001,3,0
6.1004135999999995,3,0
6.110488,3,0
6.120585999999999,3,0
6.1304742999999995,3,0
6.140396400000004,2,0
6.154672100000003,2,0
6.160427200000004,2,0
6.1706520000000005,2,0
6.180461500000003,2,0
6.190477699999999,2,0
6.200535400000003,2,0
6.2103973,2,0
6.220900400000001,2,0
6.230627999999999,2,0
6.2408216,2,0
6.250615,2,0
6.260579500000002,2,0
6.270595199999999,1,0
6.287008400000001,1,0
6.290376900000002,1,0
6.300781300000001,1,0
6.310464900000003,1,0
6.320548200000001,1,0
6.330714500000003,1,0
6.3403963999999995,1,0
6.350427100000001,1,0
6.360484400000001,1,0
6.3705362,1,0
6.3803665000000045,1,0
6.390485800000004,1,0
6.400410000000004,1,0
6.410361099999999,1,0
6.420618200000003,1,0
6.430415499999999,1,0
6.4403828999999995,1,0
6.450698400000004,1,0
6.460481900000001,1,0
6.470469900000001,1,0
6.4805917000000015,1,0
6.4905183000000015,1,0
6.500396200000001,1,0
6.510406300000003,1,0
6.5205750000000045,1,0
6.530431000000004,1,0
6.540353,1,0
6.5504724,1,0
6.560502700000004,1,0
6.5704612000000004,1,0
6.580349700000003,1,0
6.590343700000002,1,0
6.600368200000002,1,0
6.610554699999998,1,0
6.620535700000001,1,0
6.630337900000004,1,0
6.640522800000003,1,0
6.650372399999998,1,0
6.660430700000003,1,0
6.670461499999998,1,0
6.680370300000003,1,0
6.6905556,1,0
6.700464800000002,1,0
6.710414199999999,1,0
6.720541600000001,1,0
6.730481000000001,1,0
6.740466800000004,1,0
6.7503797,1,0
6.760528900000001,1,0
6.770615799999998,1,0
6.780395600000002,1,0
6.790417899999998,1,0
6.800395300000002,1,0
6.810426600000003,1,0
6.8205504999999995,1,0
6.830346500000001,1,0
6.840361099999999,1,0
6.850472800000002,1,0
6.860428199999998,1,0
6.870449500000003,1,0
6.880411200000001,1,0
6.890381999999999,1,0
6.900663699999999,1,0
6.9105259,1,0
6.9205085,1,0
6.930392299999998,1,0
6.9404034000000046,1,0
6.950413200000003,1,0
6.9601627000000015,1,0
6.970710399999998,1,0
6.980632799999999,1,0
6.9904112000000005,1,0
7.000414100000004,1,0
7.010487700000002,1,0
7.0204765000000044,1,0
7.030397699999998,1,0
7.040391199999998,1,0
7.050415400000002,1,0
7.060390700000003,1,0
7.070602099999999,1,0
7.080578900000003,1,0
7.090543399999998,2,0
7.1050912,2,0
7.110401599999999,2,0
7.120498700000002,2,0
7.130394599999999,2,0
7.140453900000001,2,0
7.1503762,2,0
7.160486800000005,2,0
7.170673000000004,3,0
7.1853799000000045,3,0
7.190575499999998,3,0
7.200414500000004,3,0
7.210357400000003,3,0
7.220459700000003,3,0
7.230385100000003,4,0
7.2439359,4,0
7.250667500000002,4,0
7.260585500000001,4,0
7.2706038,3,0
7.285883700000003,3,0
7.290737400000001,2,0
7.3069594,2,0
7.310538300000001,2,0
7.3205253000000035,2,0
7.330424699999998,2,0
7.340433200000003,2,0
7.3504380000000005,1,0
7.363176599999999,1,0
7.370439800000003,2,0
7.383544600000004,2,0
7.390573,2,0
7.400402799999998,2,0
7.410464700000002,2,0
7.420468100000004,1,0
7.433155700000004,1,0
7.4406057000000025,1,0
7.450131500000001,1,0
7.460615000000001,1,0
7.470138700000003,1,0
7.480116200000001,1,0
7.490129100000001,1,0
7.500137400000003,1,0
7.510146600000002,1,0
7.520242499999998,1,0
7.530106499999999,1,0
7.540143600000004,1,0
7.550143100000003,1,0
7.560218100000004,1,0
7.570064900000002,1,0
7.580580900000005,1,0
7.590194300000004,1,0
7.600117000000001,1,0
7.610217000000002,1,0
7.620140199999998,1,0
7.630111299999999,1,0
7.640088000000002,1,0
7.650306799999999,1,0
7.660281100000002,1,0
7.670135400000003,1,0
7.680139100000002,1,0
7.690102499999998,1,0
7.7001567999999985,1,0
7.710170600000001,1,0
7.720736200000001,1,0
7.730171000000002,1,0
7.740131999999999,1,0
7.750289900000002,1,0
7.760355700000002,1,0
7.770312200000003,1,0
7.780102600000003,1,0
7.790063900000003,1,0
7.800122200000001,1,0
7.8101994999999995,1,0
7.820148,1,0
7.830106099999998,1,0
7.840050600000001,1,0
7.850156000000002,1,0
7.860136800000003,1,0
7.870245499999999,1,0
7.8801695000000045,1,0
7.890078400000004,1,0
7.900176400000003,1,0
7.910159099999998,1,0
7.920136700000004,1,0
7.930078400000003,1,0
7.9400406,1,0
7.9501624,1,0
7.960254899999999,1,0
7.970118100000004,1,0
7.980284600000001,1,0
7.9905705000000005,1,0
8.000620999999999,1,0
8.010318000000002,1,0
8.020228200000002,1,0
8.030243700000003,1,0
8.040235300000003,1,0
8.050175900000003,1,0
8.060092200000003,1,0
8.070207700000001,1,0
8.080095400000001,1,0
8.090200300000003,1,0
8.1001565,1,0
8.110160500000003,1,0
8.1201884,1,0
8.130132400000004,1,0
8.140183000000004,1,0
8.150122499999998,1,0
8.160181099999999,1,0
8.170106,1,0
8.180574500000002,1,0
8.1900832,1,0
8.200139400000001,1,0
8.210183000000004,1,0
8.220155200000004,1,0
8.230095500000001,1,0
8.240232600000002,1,0
8.2501614,1,0
8.260110399999999,1,0
8.270534299999998,1,0
8.280397500000003,2,0
8.294425800000003,3,0
8.308908800000001,4,0
8.3221339,4,0
8.322757300000003,4,0
8.3303513,4,0
8.340432700000004,4,0
8.350393300000004,4,0
8.3604041,4,0
8.370395300000002,4,0
8.380481200000002,5,0
8.393525700000001,5,0
8.400364200000002,5,0
8.410455199999998,6,8.000000022434506e-07
8.423237000000004,6,0.012746900000003336
8.430343099999998,7,0.019907799999998588
8.442704799999998,7,0.032233099999999126
8.450456499999998,7,0.04000080000000139
8.460438200000002,7,0.04997749999999712
8.470431000000001,7,0.05992719999999707
8.480445499999998,7,0.0699577999999974
8.4903613,7,0.07992620000000272
8.500886699999999,6,0.09040949999999981
8.5140511,7,0.10353589999999713
8.526903900000004,6,0.11644139999999936
8.541121200000003,7,0.13061890000000176
8.541799800000003,7,0.1313904000000008
8.554971400000003,7,0.14453490000000357
8.560383900000001,7,0.14991640000000217
8.570550700000002,7,0.1600520000000003
8.580442999999999,7,0.16999309999999923
8.590600500000004,8,0.1801025999999979
8.603657600000002,8,0.19321359999999999
8.610450600000004,7,0.1999794000000037
8.623655100000004,7,0.21311430000000087
8.630410200000004,7,0.21993690000000043
8.640501000000004,7,0.23004430000000298
8.650398800000001,7,0.2399856999999983
8.660461000000002,7,0.2500062000000014
8.670469399999998,8,0.2599802000000011
8.6844468,8,0.27396490000000284
8.6904571,8,0.2799307000000013
8.700511899999999,8,0.2900630000000035
8.710638200000002,8,0.3000468999999981
8.720528500000004,8,0.3100215999999989
8.7304688,8,0.31998370000000165
8.740404000000002,8,0.3299702999999994
8.7504052,8,0.33993569999999806
8.760423499999998,8,0.34996060000000284
8.770511100000004,8,0.3600034999999977
8.780513199999998,7,0.3700289000000012
8.7936041,8,0.38314410000000265
8.807318200000001,8,0.3968644999999995
8.810462699999999,8,0.3999990000000011
8.820491100000002,8,0.40999670000000066
8.8303939,8,0.41988179999999886
8.840308099999998,7,0.4298798000000019
8.853710000000003,7,0.4430727000000019
8.860590400000003,7,0.4501008000000013
8.870495100000003,8,0.46002510000000285
8.886331100000003,8,0.47581739999999684
8.890741299999998,7,0.48016489999999834
8.905989600000002,8,0.4954443000000026
8.921599099999998,7,0.5111319000000023
8.9223174,7,0.5118475000000018
8.937001400000003,7,0.5265380000000022
8.940396500000002,7,0.5299412000000032
8.950477700000004,7,0.5399852999999979
8.960451000000003,7,0.5499745999999988
8.970560000000003,7,0.5600433999999979
8.980415500000003,7,0.5699466000000015
8.990489800000002,7,0.5799524000000034
9.0003414,7,0.5899013000000011
9.010539400000003,7,0.6000031000000021
9.020478399999998,7,0.6099832000000021
9.030380699999998,6,0.6199676000000025
9.043611800000004,6,0.633184
9.050434800000001,6,0.6399382999999972
9.060406400000002,6,0.6499701999999985
9.070430599999998,6,0.6599507000000031
9.080335299999998,6,0.6699205999999975
9.090373600000003,6,0.6799147999999988
9.100317,6,0.6898915000000017
9.110411899999999,6,0.6999978999999996
9.120432600000004,6,0.7099574000000004
9.130373500000001,6,0.7199090000000012
9.140403100000004,6,0.7299314999999993
9.150423,6,0.7399671000000012
9.160439399999998,6,0.749945799999999
9.170556200000004,6,0.7600114999999974
9.180395,6,0.7699234000000033
9.190520700000004,6,0.7800050999999968
9.200423400000002,6,0.7899603999999982
9.210491999999999,6,0.7999867999999992
9.2205817,6,0.8100986000000034
9.230392300000002,6,0.8199352999999974
9.240337800000002,6,0.8299152000000021
9.250409900000005,6,0.8399864000000008
9.260352700000002,6,0.8498865000000038
9.270416900000004,6,0.8599123999999989
9.280441800000002,6,0.8699597000000026
9.290386200000004,6,0.8799318000000014
9.300368700000003,5,0
9.313781899999999,5,0
9.320677800000002,5,0
9.3304108,5,0
9.340350600000004,5,0
9.350396300000003,5,0
9.3603494,5,0
9.3704687,5,0
9.380458300000004,5,0
9.3904229,5,0
9.400472099999998,5,0
9.410653100000001,5,0
9.420503100000001,5,0
9.430500500000004,5,0
9.440709100000003,5,0
9.450392500000003,5,0
9.460443600000001,5,0
9.470517600000004,5,0
9.480379600000003,4,0
9.492936600000004,4,0
9.500451600000002,4,0
9.5104164,5,0
9.523390899999999,5,0
9.5303723,5,0
9.5403791,5,0
9.550443400000002,5,0
9.560461999999998,5,0
9.570520500000004,5,0
9.580354500000002,5,0
9.590374700000002,5,0
9.600629800000004,4,0
9.6136983,4,0
9.6204809,4,0
9.630499099999998,5,0
9.644274300000003,5,0
9.650408800000005,5,0
9.6604371,5,0
9.670583699999998,5,0
9.680649300000002,5,0
9.691941700000005,5,0
9.700568399999998,5,0
9.710525200000003,5,0
9.720590599999998,5,0
9.730662499999998,5,0
9.740674299999998,5,0
9.750364000000001,5,0
9.760372399999998,5,0
9.770496599999998,5,0
9.78048,5,0
9.790325400000004,5,0
9.800436299999998,5,0
9.810534900000004,5,0
9.8204678,5,0
9.8304212,5,0
9.840520800000004,5,0
9.850379200000003,5,0
9.8604436,5,0
9.870520299999999,5,0
9.880420099999998,5,0
9.890313199999998,5,0
9.9003597,5,0
9.9104171,5,0
9.920536800000004,5,0
9.930627699999999,5,0
9.9403514,5,0
9.950379600000002,5,0
9.9604709,5,0
9.970529299999999,5,0
9.980343000000001,5,0
9.990285600000004,5,0
10.000355299999999,5,0
10.010388100000004,5,0
10.020581199999999,5,0
10.030408400000002,5,0
10.040355100000003,5,0
10.0505313,5,0
10.060664800000001,5,0
10.070518500000002,4,0
10.083437200000002,4,0
10.090333500000003,4,0
10.1003766,4,0
10.110488999999998,5,0
10.123325300000001,5,0
10.130436400000004,6,1.00000000458067e-06
10.143412700000003,6,0.01273980000000563
10.150446300000002,6,0.020056900000000155
10.160478999999999,6,0.030097300000001326
10.170556299999998,7,0.04017040000000094
10.184116,7,0.053749500000002115
10.190441700000004,7,0.06002520000000544
10.200435500000001,7,0.07008920000000529
10.210422099999999,8,0.08005180000000678
10.223944400000004,8,0.09358600000000195
10.2306415,8,0.10020680000000226
10.2404652,8,0.11011030000000233
10.2503749,8,0.12004750000000541
10.260447799999998,8,0.13010820000000223
10.270554900000004,8,0.14016120000000143
10.280373300000004,8,0.15003100000000558
10.290879399999998,9,0.16049710000000061
10.304199,9,0.1737971000000016
10.310410800000003,9,0.1800936000000064
10.320425000000004,9,0.1900295000000014
10.330393600000004,9,0.20002730000000213
10.3404244,9,0.21008180000000465
10.350429800000004,9,0.22004160000000184
10.360546000000003,9,0.23016800000000615
10.370453899999998,9,0.24009920000000307
10.380357499999999,9,0.25002190000000013
10.390511800000002,9,0.2600908000000004
10.400378800000002,9,0.2700378000000043
10.4104354,9,0.280052100000006
10.420477700000003,9,0.29012450000000456
10.430356100000001,9,0.30001800000000145
10.4403769,9,0.31001250000000624
10.450418600000003,9,0.32005560000000344
10.460692900000002,10,0
10.475427900000003,10,0
10.480581099999998,10,0
10.491021800000002,10,0
10.501059800000004,10,0
10.510839100000002,10,0
10.520765999999998,10,0
10.5306131,10,0
10.541049099999999,10,0
10.550563800000003,10,0
10.560500600000001,10,0
10.570730900000004,10,0
10.5805319,10,0
10.59067,10,0
10.600576399999998,10,0
10.610728900000002,10,0
10.620553000000005,10,0
10.630517399999999,10,0
10.640712400000002,10,0
10.6509726,10,0
10.660581500000003,10,0
10.670575100000004,10,0
10.680490500000001,10,0
10.690565600000003,10,0
10.700441299999998,9,1.7999999997186933e-06
10.713475599999999,9,0.013006300000000692
10.720501299999999,9,0.020010799999994333
10.730539000000004,9,0.030086799999999414
10.740594900000001,9,0.04007519999999687
10.7504216,9,0.04992099999999766
10.760574299999998,10,0
10.775267500000002,10,0
10.780620500000001,10,0
10.790629599999999,10,0
10.800588700000002,10,0
10.810458900000004,9,1.9999999949504854e-06
10.823505200000003,9,0.013095499999998594
10.8303707,9,0.019953699999994967
10.840369900000002,9,0.029925099999999816
10.850416400000004,9,0.039975499999997055
10.860428000000002,9,0.04992289999999855
10.8704602,9,0.06000909999999493
10.880632200000004,10,0
10.895003400000004,9,2.300000005561742e-06
10.909215800000002,9,0.014147300000004748
10.910377900000004,9,0.01546340000000157
10.920448500000003,9,0.02543170000000572
10.930371000000004,9,0.03544490000000167
10.9403805,9,0.04545850000000229
10.950449199999998,9,0.05545670000000058
10.960454700000003,9,0.06543070000000029
10.970401200000001,9,0.07550030000000163
10.980428499999999,9,0.08542960000000477
10.990419499999998,10,0
11.0054299,10,0
11.010676499999999,10,0
11.020714899999998,10,0
11.030697200000002,10,0
11.0403628,9,1.7999999997186933e-06
11.0546897,9,0.014306000000004815
11.060404000000002,9,0.02000550000000345
11.070551900000002,9,0.03010900000000305
11.080420999999998,9,0.040032600000003526
11.0903113,9,0.04995350000000087
11.100399400000004,9,0.06000080000000452
11.110389100000003,9,0.06998280000000534
11.120444899999999,9,0.07998870000000124
11.130350099999998,9,0.08999890000000477
11.140320300000003,9,0.09995590000000476
11.150406700000001,9,0.11000980000000027
11.1604275,9,0.12001479999999987
11.170598600000002,9,0.13005790000000417
11.180773500000004,9,0.14036070000000223
11.190357800000005,9,0.1499962000000039
11.200407000000002,9,0.16004850000000204
11.210393400000005,9,0.1700186000000059
11.220502300000003,9,0.18010710000000074
11.230383499999999,9,0.19001110000000665
11.240339199999998,9,0.19996240000000398
11.250463,8,0.21007940000000502
11.263302300000003,9,0.22293499999999966
11.277038200000003,8,0.2365811000000022
11.290504299999998,8,0.2501211000000012
11.291278000000002,8,0.2508543000000003
11.300377999999998,8,0.26000450000000086
11.3104488,8,0.2700487000000038
11.320496100000003,8,0.2800077999999999
11.330448399999998,8,0.28997650000000164
11.340411200000002,8,0.3000575000000012
11.350349500000004,8,0.309986600000002
11.360375800000003,8,0.31996300000000133
11.370516500000004,8,0.33006740000000434
11.380479400000002,8,0.34004670000000203
11.390502600000001,8,0.3500028999999998
11.400646900000002,9,0.3601891000000066
11.4168379,9,0.37635720000000106
11.4205461,9,0.38010189999999966
11.430509600000004,9,0.3901176000000035
11.440559000000004,9,0.4000669000000059
11.450456900000002,9,0.41004290000000054
11.460669,8,0.42023710000000136
11.475229299999999,8,0.4348400000000012
11.480376500000002,8,0.43999750000000404
11.490483300000005,8,0.45003160000000264
11.500377600000004,8,0.4600069000000033
11.510391299999998,8,0.47001550000000236
11.520428900000002,8,0.48002270000000635
11.5303128,8,0.4899529000000058
11.540645200000004,8,0.5002635000000026
11.550382700000004,8,0.5099653000000046
11.560382900000004,8,0.5200205000000011
11.5704648,7,0.5300618999999998
11.583437,7,0.5430678000000029
11.590366,7,0.5499887000000001
11.6003395,7,0.5599696000000023
11.6106443,8,0.5702815000000001
11.6248039,8,0.5843032000000008
11.630388100000001,8,0.5899983000000049
11.640434799999998,7,0.6000014000000036
11.6562218,7,0.6157708
11.6603855,7,0.6200093000000066
11.670499500000002,7,0.6300382000000013
11.6803281,7,0.6399690000000007
11.690340000000003,7,0.6499821000000026
11.700390600000002,7,0.6600110000000043
11.710456500000003,7,0.6700453000000053
11.720484299999999,7,0.6800455999999997
11.730298999999999,7,0.6899315000000001
11.740346499999998,7,0.6999892000000045
11.750365500000004,7,0.7100162000000054
11.760402700000004,7,0.7200101000000032
11.770504200000001,7,0.7300617000000003
11.780646100000002,7,0.7402670000000029
11.790332700000004,8,0.7499493000000044
11.803580300000004,7,0.7631666000000052
11.816957300000002,7,0.7765701000000007
11.820361600000002,7,0.7799289000000016
11.830377200000004,7,0.7899835000000053
11.840313500000004,6,0.7999591000000024
11.853438300000004,6,0.8129837000000038
11.860409300000004,6,0.8200164000000001
11.8704881,6,0.8300178000000002
11.880401299999999,6,0.840036700000006
11.890370300000004,6,0.8500241000000059
11.900349600000002,6,0.8600044000000011
11.910515700000001,6,0.870110700000005
11.920607,6,0.8801937000000066
11.930429700000001,6,0.8900272999999999
11.940793700000004,5,0
11.954328499999999,5,0
11.9605778,5,0
11.970434000000001,5,0
11.9804943,4,0
11.996771400000004,5,0
12.012550000000001,5,0
12.013244000000004,5,0
12.020514800000004,5,0
12.030379800000002,5,0
12.040682800000003,5,0
12.050451400000004,5,0
12.060379600000001,5,0
12.070488800000003,5,0
12.080593000000004,5,0
12.090332399999998,5,0
12.100377500000004,5,0
12.110431200000004,5,0
12.120521800000002,6,1.1000000057492798e-06
12.133365800000004,5,0
12.1479575,5,0
12.1503112,5,0
12.160377300000004,5,0
12.170483300000004,5,0
12.180422600000004,5,0
12.190426400000003,5,0
12.200420900000001,6,7.000000010748408e-07
12.213907100000004,6,0.013506800000001817
12.220439299999999,6,0.020016400000002932
12.230448200000001,6,0.029967599999999095
12.240328200000004,5,0
12.2539828,5,0
12.260435900000001,5,0
12.270490200000001,5,0
12.280378799999998,5,0
12.290388400000001,5,0
12.300352700000001,5,0
12.310407600000001,6,7.999999951380232e-07
12.323584800000003,6,0.013231499999996288
12.330335299999998,6,0.019968399999996223
12.340382200000004,6,0.030025699999995936
12.3503261,6,0.03997569999999939
12.360467500000002,6,0.05001829999999785
12.370465800000002,6,0.060037999999998704
12.380441100000002,6,0.0699702000000002
12.390446100000002,6,0.08002330000000057
12.4003507,6,0.09000580000000014
12.4104146,6,0.10001519999999431
12.4205194,6,0.1100793999999965
12.4303852,6,0.11995269999999891
12.440319300000002,6,0.12995889999999832
12.450405300000003,6,0.14000839999999926
12.460469499999999,6,0.1500602999999998
12.470676200000003,6,0.16024699999999825
12.480433399999999,6,0.17001469999999586
12.490322500000001,6,0.17996509999999688
12.500390400000004,6,0.19002229999999543
12.510431300000004,6,0.20002929999999708
12.520544500000003,6,0.21006629999999404
12.530349900000001,6,0.22000589999999676
12.541031800000003,6,0.23062239999999434
12.550534600000002,6,0.24011699999999792
12.560442500000004,6,0.2499661999999958
12.5708691,6,0.2604980999999995
12.580329000000003,6,0.26996929999999963
12.590307400000004,7,0.27993179999999995
12.602560100000002,7,0.292162299999994
12.610859800000004,6,0.3004657999999978
12.62358,6,0.31323030000000074
12.630386300000001,6,0.32002399999999653
12.640850799999999,7,0.33045239999999865
12.653301600000002,7,0.3429198999999983
12.660801700000004,7,0.3504314999999991
12.6704543,7,0.3600305000000006
12.680448600000002,7,0.37001079999999575
12.690355100000001,6,0.37996689999999944
12.704047900000003,6,0.3936803999999938
12.710395800000004,6,0.4000389999999996
12.7203975,6,0.409996299999996
12.730479499999998,7,0.4200873999999999
12.744295000000005,7,0.4338509999999971
12.750453199999999,7,0.44004209999999944
12.7604364,7,0.4499963999999963
12.7705303,7,0.46007739999999586
12.7804416,7,0.469953799999999
12.790356200000002,7,0.47998029999999403
12.800375300000002,7,0.49003019999999964
12.810363400000004,7,0.4999857999999975
12.820699700000002,7,0.5100612999999967
12.830351799999999,7,0.5199822999999952
12.840265900000002,7,0.5299120999999971
12.8504307,7,0.5400374999999968
12.860423700000002,7,0.5500246000000004
12.8704262,7,0.560012399999998
12.880523700000001,7,0.5701052000000004
12.890445799999998,7,0.5800690999999958
12.900307299999998,7,0.5899602999999942
12.910431800000001,7,0.6000434999999982
12.920472300000004,7,0.6100283999999974
12.930345400000004,7,0.6199861999999996
12.940328000000004,7,0.629965999999996
12.950364500000003,7,0.6399749999999997
12.960370900000004,7,0.6499849999999938
12.970564300000003,7,0.6600978999999967
12.980323200000004,7,0.6699342000000001
12.990322000000003,7,0.6799557000000007
13.000397500000002,7,0.6900043999999994
13.010455600000004,7,0.6999885999999975
13.020584199999998,7,0.710058999999994
13.0303516,7,0.719948599999995
13.040708300000002,8,0.7301782999999986
13.064928300000002,8,0.7544468999999978
13.069107200000001,8,0.7586745999999991
13.070552500000002,8,0.7601701999999975
13.080577700000003,8,0.7701330999999954
13.090360700000002,8,0.7799989999999966
13.100896600000002,8,0.7904498999999987
13.110432300000003,8,0.8000644999999977
13.120463699999998,8,0.8100358999999955
13.130328200000005,8,0.8199803999999986
13.140290799999999,8,0.8299339000000003
13.1503962,8,0.8400012999999973
13.1603952,8,0.8499997999999991
13.170507400000002,8,0.8600350999999975
13.180335100000004,8,0.8699607
13.190383,8,0.8800255999999962
13.200325000000003,8,0.8899753999999973
13.210403000000003,9,0.8999898000000002
13.223197899999999,9,0.9127907999999962
13.230434900000002,9,0.9199999999999946
13.2403819,9,0.9299893999999966
13.250359800000002,9,0.9400282000000004
13.260389499999999,9,0.9500211000000007
13.270509399999998,8,0.9600301999999985
13.285079200000002,9,0.9747290999999976
13.300233899999998,9,0.9898603999999978
13.300836900000004,8,0.9904985999999951
13.314592700000002,8,1.0041793999999982
13.320556200000002,8,1.0041793999999982
13.333635699999999,9,1.0041793999999982
13.350697700000001,9,1.0041793999999982
13.3514381,9,1.0041793999999982
13.3605367,9,1.0041793999999982
13.370556600000004,9,1.0041793999999982
13.380406600000004,9,1.0041793999999982
13.390524100000004,9,1.0041793999999982
13.400653299999998,9,1.0041793999999982
13.4104815,9,1.0041793999999982
13.420561199999998,9,1.0041793999999982
13.430578100000002,9,1.0041793999999982
13.4405124,9,1.0041793999999982
13.450546400000004,9,1.0041793999999982
13.460576900000003,9,1.0041793999999982
13.470560199999998,9,1.0041793999999982
13.480394700000002,9,1.0041793999999982
13.4911086,9,1.0041793999999982
13.500938299999998,9,1.0041793999999982
13.5105227,9,1.0041793999999982
13.520581099999998,9,1.0041793999999982
13.530545,9,1.0041793999999982
13.540485399999998,9,1.0041793999999982
13.550477699999998,9,1.0041793999999982
13.560990100000001,9,1.0041793999999982
13.570589700000003,9,1.0041793999999982
13.580438099999999,9,1.0041793999999982
13.590542199999998,9,1.0041793999999982
13.600547600000002,9,1.0041793999999982
13.610721000000002,9,1.0041793999999982
13.620953000000004,9,1.0041793999999982
13.6304482,9,1.0041793999999982
13.640486200000002,9,1.0041793999999982
13.650501000000002,10,1.0041793999999982
13.660506800000004,10,1.0041793999999982
13.6705784,10,1.0041793999999982
13.6806521,10,1.0041793999999982
13.690461500000001,10,1.0041793999999982
13.700515300000003,10,1.0041793999999982
13.710559800000002,10,1.0041793999999982
13.7206984,10,1.0041793999999982
13.730487100000001,10,1.0041793999999982
13.7406033,10,1.0041793999999982
13.750473100000004,10,1.0041793999999982
13.760491500000004,10,1.0041793999999982
13.7706585,10,1.0041793999999982
13.780457200000004,10,1.0041793999999982
13.790477900000003,10,1.0041793999999982
13.800641800000005,10,1.0041793999999982
13.810505500000001,10,1.0041793999999982
13.8205998,10,1.0041793999999982
13.830471,10,1.0041793999999982
13.840585700000002,10,1.0041793999999982
13.850506499999998,10,1.0041793999999982
13.860579599999998,10,1.0041793999999982
13.870568600000002,10,1.0041793999999982
13.8804445,10,1.0041793999999982
13.890519100000002,10,1.0041793999999982
13.9005677,10,1.0041793999999982
13.910511199999998,10,1.0041793999999982
13.920506400000004,10,1.0041793999999982
13.930494400000004,10,1.0041793999999982
13.940546999999999,10,1.0041793999999982
13.950565399999999,10,1.0041793999999982
13.960663399999998,10,1.0041793999999982
13.970746899999998,10,1.0041793999999982
13.980695700000002,10,1.0041793999999982
13.990724400000001,10,1.0041793999999982
14.000738600000002,10,1.0041793999999982
14.010689799999998,10,1.0041793999999982
14.020674799999998,10,1.0041793999999982
14.030472800000002,10,1.0041793999999982
14.040806499999999,10,1.0041793999999982
14.050579299999999,10,1.0041793999999982
14.0605327,10,1.0041793999999982
14.070578800000003,10,1.0041793999999982
14.080481299999999,10,1.0041793999999982
14.0904828,10,1.0041793999999982
14.100528300000004,10,1.0041793999999982
14.110552100000003,10,1.0041793999999982
14.121137700000002,10,1.0041793999999982
14.1304567,10,1.0041793999999982
14.1404794,10,1.0041793999999982
14.150430400000001,10,1.0041793999999982
14.160551899999998,10,1.0041793999999982
14.170896600000003,10,1.0041793999999982
14.180523099999998,10,1.0041793999999982
14.190614100000001,10,1.0041793999999982
14.200525799999998,10,1.0041793999999982
14.210546400000002,10,1.0041793999999982
14.2205829,10,1.0041793999999982
14.230521400000004,10,1.0041793999999982
14.240472300000004,10,1.0041793999999982
14.250510800000004,10,1.0041793999999982
14.260563000000001,10,1.0041793999999982
14.270646500000002,10,1.0041793999999982
14.280494100000002,10,1.0041793999999982
14.290511500000004,9,1.0041793999999982
14.300846700000005,9,1.0041793999999982
14.310661300000003,8,1.0041793999999982
