0.00040959999999756747,1.4929614,0
0.010199599999999975,1.4929614,0
0.025633299999999082,1.4929614,0
0.03022849999999977,1.4929614,0
0.04039949999999948,1.4929614,0
0.05021340000000052,1.4929614,0
0.06021849999999773,1.4929614,0
0.07037539999999964,1.4929614,0
0.08018829999999966,1.4929614,0
0.09021439999999714,1.4929614,0
0.10023499999999785,1.4929614,0
0.11019749999999817,1.4929614,0
0.1204812000000004,1.4929614,0
0.13025439999999833,1.4929614,0
0.14030099999999734,1.4929614,0
0.15022179999999707,1.4929614,0
0.16022359999999836,1.4929614,0
0.17031029999999703,1.4929614,0
0.1802248999999989,1.4929614,0
0.19017359999999783,1.4929614,0
0.20019359999999864,1.4929614,0
0.2102127999999972,1.4929614,0
0.22033929999999913,1.4929614,0
0.23020659999999893,1.4929614,0
0.24014339999999734,1.4929614,0
0.2501882000000002,1.4929614,0
0.26028599999999713,1.4929614,0
0.2703308999999976,1.4929614,0
0.28016039999999975,1.4929614,0
0.2902731000000003,1.4929614,0
0.30021640000000005,1.4929614,0
0.3102082999999993,1.4929614,0
0.3203304999999972,1.4929614,0
0.33014989999999855,1.4929614,0
0.34038329999999917,1.4929614,0
0.35017509999999774,1.4929614,0
0.3602017999999987,1.4929614,0
0.370473699999998,1.4929614,0
0.3802354000000001,1.4929614,0
0.39024530000000013,1.4929614,0
0.400229699999997,1.4929614,0
0.4101990999999998,1.4929614,0
0.4204264000000002,1.4929614,0
0.43020509999999845,1.4929614,0
0.4402013999999994,1.4929614,0
0.4502936999999996,1.4929614,0
0.4602769000000002,1.4929614,0
0.4704412999999974,1.4929614,0
0.4802155999999975,1.4929614,0
0.49019369999999896,1.4929614,0
0.5002004999999983,1.4929614,0
0.510233699999997,1.4929614,0
0.5203968000000003,1.4929614,0
0.5301873999999991,1.4929614,0
0.5402045999999991,1.4929614,0
0.5501851999999978,1.4929614,0
0.5602540000000005,1.4929614,0
0.570467899999997,1.4929614,0
0.5803851999999985,1.4929614,0
0.590504499999998,1.4929614,0
0.6005235999999989,1.4929614,0
0.6104071999999974,1.4929614,0
0.6205438999999977,1.4929614,0
0.6302378999999974,1.4929614,0
0.6401301000000004,1.4929614,0
0.6502175000000001,1.4929614,0
0.6602190999999991,1.4929614,0
0.670417399999998,1.4929614,0
0.6802220000000005,1.4929614,0
0.6902210999999987,1.4929614,0
0.7002130999999991,1.4929614,0
0.7101189999999988,1.4929614,0
0.7204554999999999,1.4929614,0
0.7302210000000002,1.4929614,0
0.7402778999999988,1.4929614,0
0.7501658999999989,1.4929614,0
0.7602869000000005,1.4929614,0
0.7704314999999973,1.4929614,0
0.7801611999999984,1.4929614,0
0.7902121999999991,1.4929614,0
0.8002238999999989,1.4929614,0
0.8101666999999999,1.4929614,0
0.8203882999999976,1.4929614,0
0.8302826000000003,1.4929614,0
0.8401538999999971,1.4929614,0
0.8502131999999989,1.4929614,0
0.8603053000000003,1.4929614,0
0.8704264999999971,1.4929614,0
0.8802292999999999,1.4929614,0
0.8903525999999999,1.4929614,0
0.9002655999999973,1.4929614,0
0.9101457999999987,1.4929614,0
0.9205636999999989,1.4929614,0
0.930170099999998,1.4929614,0
0.9401908999999975,1.4929614,0
0.9502395999999997,1.4929614,0
0.9602131999999983,1.4929614,0
0.9703923000000003,1.4929614,0
0.9801627999999987,1.4929614,0
0.9902327999999976,1.4929614,0
1.000180499999999,1.4929614,0
1.0102450999999988,1.4929614,0
1.0233261999999996,1.4929614,0
1.0303653999999973,1.4929614,0
1.0402915999999998,1.4929614,0
1.0502754000000003,1.4929614,0
1.0602210999999997,1.4929614,0
1.0703807999999988,1.4929614,0
1.0802716999999973,1.4929614,0
1.0901906999999973,1.4929614,0
1.1001814000000003,1.4929614,0
1.1101548999999977,1.4929614,0
1.1203471999999977,1.4929614,0
1.1301826999999989,1.4929614,0
1.1401584999999983,1.4929614,0
1.1502189999999999,1.4929614,0
1.1602377999999973,1.4929614,0
1.170342999999999,1.4929614,0
1.1803410999999997,1.4929614,0
1.190566699999998,1.4929614,0
1.2004269999999977,1.4929614,0
1.2102056999999995,1.4929614,0
1.2204040999999997,1.4929614,0
1.2301845999999976,1.4929614,0
1.2401769999999992,1.4929614,0
1.2501931999999982,1.4929614,0
1.2601635999999985,1.4929614,0
1.2702995999999978,1.4929614,0
1.2801694999999995,1.4929614,0
1.2901843,1.4929614,0
1.3001724999999986,1.4929614,0
1.3102026000000002,1.4929614,0
1.3204603999999982,1.4929614,0
1.330184899999999,1.4929614,0
1.3402667999999984,1.4929614,0
1.3502042000000003,1.4929614,0
1.3601519999999994,1.4929614,0
1.370422099999999,1.4929614,0
1.3801720999999993,1.4929614,0
1.3901876999999985,1.4929614,0
1.4002061999999995,1.4929614,0
1.4101980999999988,1.4929614,0
1.4204068999999997,1.4929614,0
1.4302366999999983,1.4929614,0
1.4401701999999972,1.4929614,0
1.4502009999999999,1.4929614,0
1.4603091999999975,1.4929614,0
1.4703947,1.4929614,0
1.4803292999999975,1.4929614,0
1.490208599999999,1.4929614,0
1.5001946000000004,1.4929614,0
1.5103656999999977,1.4929614,0
1.5204026999999982,1.4929614,0
1.5303038999999998,1.4929614,0
1.540385699999998,1.4929614,0
1.5502465,1.4929614,0
1.560255399999999,1.4929614,0
1.5704840000000004,1.4929614,0
1.5801809999999996,1.4929614,0
1.5903266999999985,1.4929614,0
1.600249999999999,1.4929614,0
1.610228799999998,1.4929614,0
1.6204207000000004,1.4929614,0
1.6302149999999997,1.4929614,0
1.6403073999999975,1.4929614,0
1.6502152999999993,1.4929614,0
1.660240899999998,1.4929614,0
1.6704535999999983,1.4929614,0
1.6802198999999973,1.4929614,0
1.690278499999998,1.4929614,0
1.700165499999997,1.4929614,0
1.7102603999999992,1.4929614,0
1.720368699999998,1.4929614,0
1.7301992999999989,1.4929614,0
1.740216799999999,1.4929614,0
1.7502497999999989,1.4929614,0
1.7601952999999995,1.4929614,0
1.7704702999999995,1.4929614,0
1.7801985999999985,1.4929614,0
1.7902734000000002,1.4929614,0
1.8002636999999986,1.4929614,0
1.8102242000000004,1.4929614,0
1.8203540999999994,1.4929614,0
1.8301926999999978,1.4929614,0
1.8402279999999998,1.4929614,0
1.850235699999999,1.4929614,0
1.860154399999999,1.4929614,0
1.8703441000000005,1.4929614,0
1.8803511999999998,1.4929614,0
1.890336399999999,1.4929614,0
1.9002762000000004,1.4929614,0
1.9104350999999973,1.4929614,0
1.9203380999999986,1.4929614,0
1.9301928000000004,1.4929614,0
1.9401325999999983,1.4929614,0
1.9502080999999976,1.4929614,0
1.9601860000000002,1.4929614,0
1.9703798,1.4929614,0
1.9802049000000004,1.4929614,0
1.9901729999999986,1.4929614,0
2.0002116,1.4929614,0
2.010273299999998,1.4929614,0
2.0204843999999973,1.4929614,0
2.0302140999999985,1.4929614,0
2.040326399999998,1.4929614,0
2.0502949999999984,1.4929614,0
2.0602135999999973,1.4929614,0
2.0703505999999976,1.4929614,0
2.0801955999999997,1.4929614,0
2.0904117999999983,1.4929614,0
2.1001921999999986,1.4929614,0
2.1102178999999985,1.4929614,0
2.1203793999999974,1.4929614,0
2.1301977999999977,1.4929614,0
2.1401483999999975,1.4929614,0
2.1503166999999976,1.4929614,0
2.1602037000000003,1.4929614,0
2.1703443,1.4929614,0
2.1802354999999984,1.4929614,0
2.1902375999999997,1.4929614,0
2.200289999999999,1.4929614,0
2.2102106,1.4929614,0
2.220483299999998,1.4929614,0
2.2302330999999995,1.4929614,0
2.240237399999998,1.4929614,0
2.2502724999999977,1.4929614,0
2.2601778999999986,1.4929614,0
2.2703160999999987,1.4929614,0
2.280184499999997,1.4929614,0
2.2903424,1.4929614,0
2.3002208999999993,1.4929614,0
2.3102652,1.4929614,0
2.3203043999999977,1.4929614,0
2.3302028999999997,1.4929614,0
2.3401624000000005,1.4929614,0
2.3502039000000003,1.4929614,0
2.360193599999999,1.4929614,0
2.3704330999999996,1.4929614,0
2.3802181000000004,1.4929614,0
2.3902377,1.4929614,0
2.4003134999999993,1.4929614,0
2.4101231,1.4929614,0
2.42033,1.4929614,0
2.4301563,1.4929614,0
2.440345399999998,1.4929614,0
2.4501729999999995,1.4929614,0
2.4601824999999984,1.4929614,0
2.4704291000000005,1.4929614,0
2.4802001999999987,1.4929614,0
2.490232599999999,1.4929614,0
2.5002320000000005,1.4929614,0
2.5102522999999977,1.4929614,0
2.5203533999999976,1.4929614,0
2.530368899999999,1.4929614,0
2.5404039999999988,1.4929614,0
2.5502602000000003,1.4929614,0
2.5603860999999988,1.4929614,0
2.5703450999999973,1.4929614,0
2.5801669999999994,1.4929614,0
2.5902858,1.4929614,0
2.600159599999998,1.4929614,0
2.610200599999999,1.4929614,0
2.6204477999999973,1.4929614,0
2.6301962000000003,1.4929614,0
2.6401965999999994,1.4929614,0
2.650192399999998,1.4929614,0
2.6601398999999972,1.4929614,0
2.670344,1.4929614,0
2.6801677999999995,1.4929614,0
2.6901221999999976,1.4929614,0
2.700251999999999,1.4929614,0
2.710230499999998,1.4929614,0
2.7203722,1.4929614,0
2.7301931999999987,1.4929614,0
2.7402274999999996,1.4929614,0
2.7502525999999996,1.4929614,0
2.7602341999999993,1.4929614,0
2.7702959999999983,1.4929614,0
2.7801592,1.4929614,0
2.7902479999999983,1.4929614,0
2.8003848,1.4929614,0
2.8101930999999993,1.4929614,0
2.8203064999999974,1.4929614,0
2.8301809999999996,1.4929614,0
2.840240399999999,1.4929614,0
2.8501744,1.4929614,0
2.860287099999997,1.4929614,0
2.8703579999999995,1.4929614,0
2.880279699999999,1.4929614,0
2.8903785999999982,1.4929614,0
2.9001991999999994,1.4929614,0
2.9102743999999987,1.4929614,0
2.9204428,1.4929614,0
2.9301943999999978,1.4929614,0
2.9401571000000004,1.4929614,0
2.950240899999997,1.4929614,0
2.9601952999999988,1.4929614,0
2.9704601000000004,1.4929614,0
2.9802754999999976,1.4929614,0
2.9902371999999993,1.4929614,0
3.0002514999999974,1.4929614,0
3.0102086999999997,1.4929614,0
3.020388999999998,1.4929614,0
3.030201999999999,1.4929614,0
3.0402264999999993,1.4929614,0
3.0502038999999996,1.4929614,0
3.0602519999999984,1.4929614,0
3.070384999999998,1.4929614,0
3.0801373000000005,1.4929614,0
3.0902218999999995,1.4929614,0
3.100197999999999,1.4929614,0
3.1101569,1.4929614,0
3.1203705999999976,1.4929614,0
3.1302778999999994,1.4929614,0
3.1421706,1.4929614,0
3.150354799999999,1.4929614,0
3.1603434999999998,1.4929614,0
3.170205499999998,1.4929614,0
3.1802890999999995,1.4929614,0
3.1903144999999995,1.4929614,0
3.2003331999999993,1.4929614,0
3.2101605999999983,1.4929614,0
3.2202856000000004,1.4929614,0
3.230231,1.4929614,0
3.2401424999999975,1.4929614,0
3.2502074999999984,1.4929614,0
3.2602008,1.4929614,0
3.270397899999999,1.4929614,0
3.2802222999999984,1.4929614,0
3.2902056,1.4929614,0
3.3002062999999993,1.4929614,0
3.3101229999999973,1.4929614,0
3.3204636999999977,1.4929614,0
3.3302243999999988,1.4929614,0
3.3404144000000002,1.4929614,0
3.3502212999999976,1.4929614,0
3.3602658000000005,1.4929614,0
3.3703295000000004,1.4929614,0
3.3803351999999975,1.4929614,0
3.3902105999999996,1.4929614,0
3.4002187999999975,1.4929614,0
3.410223799999997,1.4929614,0
3.4203191000000004,1.4929614,0
3.4302114999999986,1.4929614,0
3.4402051,1.4929614,0
3.450188599999997,1.4929614,0
3.460252399999998,1.4929614,0
3.470352899999998,1.4929614,0
3.4801696999999976,1.4929614,0
3.4901891999999997,1.4929614,0
3.5001378999999986,1.4929614,0
3.5101561999999973,1.4929614,0
3.520388799999999,1.4929614,0
3.5301322999999982,1.4929614,0
3.540348999999999,1.4929614,0
3.5501894999999983,1.4929614,0
3.5602412,1.4929614,0
3.5702736999999978,1.4929614,0
3.580228599999998,1.4929614,0
3.590232499999999,1.4929614,0
3.6003291999999973,1.4929614,0
3.610183199999998,1.4929614,0
3.6203517000000005,1.4929614,0
3.6302084999999984,1.4929614,0
3.640348099999997,1.4929614,0
3.6504613999999975,1.4929614,0
3.660361299999998,1.4929614,0
3.6703861999999994,1.4929614,0
3.680186599999999,1.4929614,0
3.6902066999999974,1.4929614,0
3.7001712999999974,1.4929614,0
3.7101732999999975,1.4929614,0
3.7204409,1.4929614,0
3.7301482999999998,1.4929614,0
3.7403012999999987,1.4929614,0
3.7502347,1.4929614,0
3.7603764999999996,1.4929614,0
3.7703553999999997,1.4929614,0
3.7803679999999993,1.4929614,0
3.7904422999999987,1.4929614,0
3.8002654999999983,1.4929614,0
3.8102355999999986,1.4929614,0
3.8203119999999977,1.4929614,0
3.830198799999998,1.4929614,0
3.8401940000000003,1.4929614,0
3.850142899999998,1.4929614,0
3.860183899999999,1.4929614,0
3.870361199999998,1.4929614,0
3.880168099999999,1.4929614,0
3.890162199999999,1.4929614,0
3.900194499999998,1.4929614,0
3.9102289,1.4929614,0
3.9204218999999974,1.4929614,0
3.9301648,1.4929614,0
3.940185699999997,1.4929614,0
3.950192699999999,1.4929614,0
3.9602059999999994,1.4929614,0
3.9703501999999986,1.4929614,0
3.9801763,1.4929614,0
3.9901114,1.4929614,0
4.0002762999999995,1.4929614,0
4.0102838999999975,1.4929614,0
4.020364899999997,1.4929614,0
4.030453299999998,1.4929614,0
4.0402339000000005,1.4929614,0
4.050114399999998,1.4929614,0
4.060184899999999,1.4929614,0
4.070418999999998,1.4929614,0
4.080131699999999,1.4929614,0
4.090187,1.4929614,0
4.100213199999999,1.4929614,0
4.1101685,1.4929614,0
4.120551899999999,1.4929614,0
4.1301837,1.4929614,0
4.140245699999998,1.4929614,0
4.150227399999999,1.4929614,0
4.160176799999999,1.4929614,0
4.170354399999997,1.4929614,0
4.180230599999998,1.4929614,0
4.1902896999999975,1.4929614,0
4.200131799999998,1.4929614,0
4.2101901999999995,1.4929614,0
4.2203205,1.4929614,0
4.230273799999999,1.4929614,0
4.240196999999998,1.4929614,0
4.250235799999999,1.4929614,0
4.2602808,1.4929614,0
4.270229699999998,1.4929614,0
4.280154699999997,1.4929614,0
4.290206099999999,1.4929614,0
4.300125399999999,1.4929614,0
4.310162699999999,1.4929614,0
4.3203675,1.4929614,0
4.330227799999999,1.4929614,0
4.340293899999999,1.4929614,0
4.350158799999999,1.4929614,0
4.360265499999997,1.4929614,0
4.370467699999999,1.4929614,0
4.380171099999998,1.4929614,0
4.3902748,1.4929614,0
4.400200699999999,1.4929614,0
4.410300899999999,1.4929614,0
4.420324099999998,1.4929614,0
4.430520699999999,1.4929614,0
4.440441699999997,1.4929614,0
4.450218699999997,1.4929614,0
4.460232399999999,1.4929614,0
4.470420699999998,1.4929614,0
4.4801626,1.4929614,0
4.490220299999997,1.4929614,0
4.500194799999999,1.4929614,0
4.5101756,1.4929614,0
4.520333299999997,1.4929614,0
4.530112499999998,1.4929614,0
4.540227399999999,1.4929614,0
4.5502176999999975,1.4929614,0
4.560207999999999,1.4929614,0
4.570388399999999,1.4929614,0
4.5802274999999995,1.4929614,0
4.590302599999998,1.4929614,0
4.6001452,1.4929614,0
4.610185599999998,1.4929614,0
4.6203045,1.4929614,0
4.630192299999997,1.4929614,0
4.640242399999998,1.4929614,0
4.650172899999998,1.4929614,0
4.6601605999999975,1.4929614,0
4.6703948,1.4929614,0
4.680222799999999,1.4929614,0
4.690189199999999,1.4929614,0
4.7001650999999995,1.4929614,0
4.7102258999999975,1.4929614,0
4.720430099999998,1.4929614,0
4.730286099999997,1.4929614,0
4.7402038,1.4929614,0
4.750184599999997,1.4929614,0
4.7601239,1.4929614,0
4.770492299999997,1.4929614,0
4.780241399999998,1.4929614,0
4.790272899999998,1.4929614,0
4.800204599999997,1.4929614,0
4.810179599999998,1.4929614,0
4.820322999999998,1.4929614,0
4.830226399999997,1.4929614,0
4.840305399999998,1.4929614,0
4.850149999999999,1.4929614,0
4.8602107,1.4929614,0
4.870338699999998,1.4929614,0
4.8802816,1.4929614,0
4.8903438,1.4929614,0
4.900249299999999,1.4929614,0
4.9102274,1.4929614,0
4.920378099999997,1.4929614,0
4.930239799999999,1.4929614,0
4.9401762,1.4929614,0
4.9502062,1.4929614,0
4.960179,1.4929614,0
4.970307699999999,1.4929614,0
4.980215299999998,1.4929614,0
4.9901816,1.4929614,0
5.0001198,1.4929614,0
5.010296499999999,1.4929614,0
5.0203691999999975,1.4929614,0
5.030156899999998,1.4929614,0
5.040181199999999,1.4929614,0
5.0501656,1.4929614,0
5.060116999999998,1.4929614,0
5.070361299999998,1.4929614,0
5.0804507,1.4929614,0
5.090369599999999,1.4929614,0
5.1002835,1.4929614,0
5.1105160000000005,1.4929614,0
5.120260199999997,1.4929614,0
5.130123999999999,1.4929614,0
5.140345199999999,1.4929614,0
5.150264,1.4929614,0
5.160107399999998,1.4929614,0
5.170296199999999,1.4929614,0
5.1801496,1.4929614,0
5.1902422,1.4929614,0
5.200275299999998,1.4929614,0
5.210333499999997,1.4929614,0
5.220265299999998,1.4929614,0
5.230211999999998,1.4929614,0
5.240226499999999,1.4929614,0
5.250266799999999,1.4929614,0
5.260124099999999,1.4929614,0
5.270437999999999,1.4929614,0
5.280211899999998,1.4929614,0
5.290243,1.4929614,0
5.3002061000000005,1.4929614,0
5.31015,1.4929614,0
5.320280199999999,1.4929614,0
5.3301096,1.4929614,0
5.340275299999998,1.4929614,0
5.3501555,1.4929614,0
5.360117499999998,1.4929614,0
5.370331,1.4929614,0
5.380128599999999,1.4929614,0
5.390207,1.4929614,0
5.4001896999999985,1.4929614,0
5.4101626,1.4929614,0
5.4203461,1.4929614,0
5.430216699999999,1.4929614,0
5.440286699999998,1.4929614,0
5.450181499999999,1.4929614,0
5.460137999999997,1.4929614,0
5.4702731,1.4929614,0
5.4801626999999975,1.4929614,0
5.490217999999999,1.4929614,0
5.500128099999998,1.4929614,0
5.510121299999998,1.4929614,0
5.5203448,1.4929614,0
5.530142899999998,1.4929614,0
5.5402077999999975,1.4929614,0
5.5501581999999985,1.4929614,0
5.5601062999999975,1.4929614,0
5.5703554,1.4929614,0
5.5801689,1.4929614,0
5.5902235000000005,1.4929614,0
5.600299399999997,1.4929614,0
5.610201099999998,1.4929614,0
5.6203024999999975,1.4929614,0
5.630136399999998,1.4929614,0
5.640223199999998,1.4929614,0
5.650146499999998,1.4929614,0
5.660254899999998,1.4929614,0
5.6704992999999995,1.4929614,0
5.6803138,1.4929614,0
5.690206799999999,1.4929614,0
5.700155599999999,1.4929614,0
5.710288499999997,1.4929614,0
5.720392,1.4929614,0
5.730274999999999,1.4929614,0
5.740311599999998,1.4929614,0
5.750276699999997,1.4929614,0
5.7602242,1.4929614,0
5.770437099999999,1.4929614,0
5.780159399999999,1.4929614,0
5.790204799999998,1.4929614,0
5.800158999999997,1.4929614,0
5.810129499999999,1.4929614,0
5.820323699999999,1.4929614,0
5.83015,1.4929614,0
5.840332799999999,1.4929614,0
5.8502145999999975,1.4929614,0
5.8602305,1.4929614,0
5.870347499999998,1.4929614,0
5.880205199999999,1.4929614,0
5.890161799999998,1.4929614,0
5.900169899999998,1.4929614,0
5.910100999999997,1.4929614,0
5.920249799999997,1.4929614,0
5.9301654,1.4929614,0
5.940206999999997,1.4929614,0
5.950209899999997,1.4929614,0
5.9602115,1.4929614,0
5.970240199999999,1.4929614,0
5.9801158,1.4929614,0
5.990285699999998,1.4929614,0
6.000169699999997,1.4929614,0
6.010303499999999,1.4929614,0
6.020339799999999,1.4929614,0
6.030272,1.4929614,0
6.040169199999998,1.4929614,0
6.0501951,1.4929614,0
6.060273299999999,1.4929614,0
6.070408699999998,1.4929614,0
6.0802765,1.4929614,0
6.090308799999999,1.4929614,0
6.100152899999998,1.4929614,0
6.110134199999997,1.4929614,0
6.120325699999999,1.4929614,0
6.130208699999997,1.4929614,0
6.140229099999999,1.4929614,0
6.150237499999999,1.4929614,0
6.1601818,1.4929614,0
6.170217299999997,1.4929614,0
6.180211,1.4929614,0
6.190194099999999,1.4929614,0
6.200212499999999,1.4929614,0
6.2102070000000005,1.4929614,0
6.2203520999999995,1.4929614,0
6.230128399999998,1.4929614,0
6.240218799999997,1.4929614,0
6.250207,1.4929614,0
6.260354399999997,1.4929614,0
6.270356099999997,1.4929614,0
6.280167899999999,1.4929614,0
6.290133599999997,1.4929614,0
6.300114099999998,1.4929614,0
6.3101907,1.4929614,0
6.3204873,1.4929614,0
6.330161999999998,1.4929614,0
6.3400985999999975,1.4929614,0
6.3503267,1.4929614,0
6.360377999999997,1.4929614,0
6.370338399999998,1.4929614,0
6.380224299999998,1.4929614,0
6.390279699999997,1.4929614,0
6.4001932,1.4929614,0
6.410187499999999,1.4929614,0
6.420278399999997,1.4929614,0
6.430095599999998,1.4929614,0
6.4401622,1.4929614,0
6.4502086,1.4929614,0
6.4601699,1.4929614,0
6.4703172,1.4929614,0
6.4802523,1.4929614,0
6.490220699999998,1.4929614,0
6.500209999999999,1.4929614,0
6.5101151,1.4929614,0
6.5203314,1.4929614,0
6.530188499999998,1.4929614,0
6.5402021999999995,1.4929614,0
6.550193499999999,1.4929614,0
6.560149799999998,1.4929614,0
6.5703444,1.4929614,0
6.580197499999997,1.4929614,0
6.590339199999999,1.4929614,0
6.600225699999999,1.4929614,0
6.610244699999999,1.4929614,0
6.6203050999999995,1.4929614,0
6.6301235,1.4929614,0
6.640184999999999,1.4929614,0
6.650170599999999,1.4929614,0
6.660216199999997,1.4929614,0
6.670380399999999,1.4929614,0
6.680195699999999,1.4929614,0
6.690129299999999,1.4929614,0
6.700163399999997,1.4929614,0
6.7102325,1.4929614,0
6.720367799999998,1.4929614,0
6.730142399999998,1.4929614,0
6.740086699999999,1.4929614,0
6.7501961,1.4929614,0
6.760158399999998,1.4929614,0
6.7704241,1.4929614,0
6.7801817,1.4929614,0
6.790123299999998,1.4929614,0
6.800157499999997,1.4929614,0
6.810217999999999,1.4929614,0
6.820361899999998,1.4929614,0
6.8301412,1.4929614,0
6.840283799999998,1.4929614,0
6.850134099999998,1.4929614,0
6.860168599999998,1.4929614,0
6.8702784,1.4929614,0
6.880151899999998,1.4929614,0
6.8902094,1.4929614,0
6.900213399999998,1.4929614,0
6.9101955,1.4929614,0
6.920386499999999,1.4929614,0
6.930111699999998,1.4929614,0
6.940142899999998,1.4929614,0
6.950216899999997,1.4929614,0
6.960146399999999,1.4929614,0
6.970332799999998,1.4929614,0
6.980185899999999,1.4929614,0
6.990242799999997,1.4929614,0
7.000209999999999,1.4929614,0
7.010160199999998,1.4929614,0
7.020438499999997,1.4929614,0
7.030159299999998,1.4929614,0
7.040241899999998,1.4929614,0
7.050195599999999,1.4929614,0
7.060319999999997,1.4929614,0
7.070379599999999,1.4929614,0
7.080392699999997,1.4929614,0
7.090734299999998,1.4929614,0
7.1002823999999976,1.4929614,0
7.1101335999999975,1.4929614,0
7.120245099999998,1.4929614,0
7.130149799999998,1.4929614,0
7.1402052000000005,1.4929614,0
7.150188199999999,1.4929614,0
7.1600736000000005,1.4929614,0
7.170315499999997,1.4929614,0
7.180176799999998,1.4929614,0
7.190201199999997,1.4929614,0
7.200327299999998,1.4929614,0
7.210178299999999,1.4929614,0
7.2202546000000005,1.4929614,0
7.2301161,1.4929614,0
7.240281399999997,1.4929614,0
7.250177699999998,1.4929614,0
7.260104499999997,1.4929614,0
7.270319099999998,1.4929614,0
7.2802127,1.4929614,0
7.2902287,1.4929614,0
7.3001094,1.4929614,0
7.310132299999999,1.4929614,0
7.320394999999998,1.4929614,0
7.330147799999999,1.4929614,0
7.340150999999999,1.4929614,0
7.3501875000000005,1.4929614,0
7.360131299999999,1.4929614,0
7.370481599999998,1.4929614,0
7.3802156,1.4929614,0
7.390348099999997,1.4929614,0
7.400187299999999,1.4929614,0
7.4101967,1.4929614,0
7.420302099999997,1.4929614,0
7.4301128,1.4929614,0
7.440258099999998,1.4929614,0
7.4501633,1.4929614,0
7.460143299999999,1.4929614,0
7.470267,1.4929614,0
7.480152399999998,1.4929614,0
7.490274899999999,1.4929614,0
7.500127799999998,1.4929614,0
7.5101254,1.4929614,0
7.520318399999997,1.4929614,0
7.5301069,1.4929614,0
7.5402398999999996,1.4929614,0
7.550169999999998,1.4929614,0
7.560142499999998,1.4929614,0
7.5703748,1.4929614,0
7.580205799999998,1.4929614,0
7.590180999999998,1.4929614,0
7.6001379,1.4929614,0
7.610138599999999,1.4929614,0
7.6203568,1.4929614,0
7.6301691,1.4929614,0
7.640145399999998,1.4929614,0
7.6501132999999975,1.4929614,0
7.660506099999999,1.4946146195386514,0
7.670682299999999,1.5031225350111082,0
7.6805837,1.5074563208334448,0
7.6904982,1.5091379270575451,0
7.700560499999998,1.5166681444214383,0
7.710732199999999,1.5265792725329475,0
7.7207070999999985,1.5576578142737398,0
7.730535099999997,1.6274763892750232,0
7.7406369999999995,1.767804805771517,0
7.750564499999999,1.9995728830733335,0
7.760938399999997,2.187696645556561,0
7.7769613,2.520675337760939,0
7.780793299999999,2.761615022358159,0
7.7906637,3.159230383819779,0
7.806109799999998,3.3274607785093675,0
7.810543599999999,3.508599869870389,0
7.820786099999999,3.8589182958239516,0
7.830515799999997,4.0924377050572724,0
7.842965599999999,4.303586819778257,0
7.850522599999998,4.447863009215968,0
7.860598099999997,4.477594046737503,0
7.870726099999999,4.662361279685841,0
7.880583299999998,4.838400677022255,0
7.890584999999998,4.933492164237235,0
7.9005601999999975,5.205430754645505,0
7.9141911,5.435204896059818,0
7.920853899999997,5.7467600152602865,0
7.930539,5.991962571435397,0
7.940576,6.27994423832014,1.0000000010279564e-06
7.9535293,6.668549698877585,0.012901299999999338
7.960606899999998,6.879906645592216,0.020050799999999924
7.970843499999997,7.111121039461668,0.030191099999999693
7.9830182,7.213224593376143,0.04245750000000115
7.990535999999999,7.259197235504502,0.04994699999999952
8.000561699999999,7.1336521558107355,0.060021900000002404
8.0105458,7.224683297447398,0.07001200000000196
8.0206737,7.423028897842612,0.08006209999999925
8.030574699999999,7.665176724779058,0.09003320000000059
8.0406944,7.94296870865388,0.10007610000000255
8.050575599999998,8.02087563986406,0.10995760000000132
8.064729999999997,8.301031304013586,0.12414550000000091
8.070765599999998,8.424747169969082,0.13012170000000012
8.080696999999997,8.550710084276984,0.14014210000000205
8.0904882,8.650260854860331,0.14990260000000077
8.100550599999998,8.693353970055812,0.15998460000000136
8.110528799999997,8.650260854860331,0.16994820000000033
8.120854899999998,8.883107682196407,0.18026960000000258
8.130536499999998,8.824195583331818,0.1899468000000013
8.140625499999999,8.693353970055812,0.19999480000000247
8.150467599999999,8.912740939929662,0.20990920000000202
8.160556099999997,9.017395787665905,0.220016600000001
8.173720499999998,8.987344746665283,0.2331347000000008
8.1877861,8.957413669740566,0.24721440000000072
8.190481299999998,9.16946735002452,0.24991149999999962
8.2042954,9.693439487586987,0.2637588000000015
8.210570399999998,9.184842454704212,0.2699932000000018
8.220580599999998,9.482888682273867,0.28000000000000114
8.2304779,9.498891256878826,0.28993360000000123
8.240886399999997,9.246651300076511,0.3002666000000005
8.250500199999998,9.693439487586987,0.3099483999999997
8.2604972,9.563222569082706,0.31996230000000025
8.2706305,9.482888682273867,0.3300307000000018
8.280564199999997,9.693439487586987,0.3400051000000026
8.2905327,9.482888682273867,0.3499231999999992
8.300516599999998,9.563222569082706,0.35996490000000136
8.310510099999998,9.62807059588681,0.36998760000000175
8.320744999999999,9.57938597223622,0.38012190000000246
8.3304203,9.54709146043023,0.3898569000000016
8.340582999999999,9.677048205357805,0.3999869000000018
8.350696499999998,9.693439487586987,0.4101303999999999
8.3607935,9.563222569082706,0.42017590000000027
8.370769899999999,9.482888682273867,0.43008239999999986
8.3806896,9.482888682273867,0.44008600000000087
8.390505299999997,9.32461096172274,0.44993490000000236
8.4005814,9.660689672932362,0.4600490000000015
8.410491799999999,9.74281048940505,0.4699510000000018
8.420542899999997,9.660689672932362,0.4799266000000024
8.4305618,9.563222569082706,0.48997909999999933
8.4407028,9.74281048940505,0.5000646000000017
8.4505175,9.70986358518506,0.5098461000000007
8.460426899999998,9.644363824876494,0.5198713000000019
8.4705525,9.70986358518506,0.530009800000002
8.4805739,9.74281048940505,0.5400358999999995
8.490642699999999,9.74281048940505,0.5500287999999998
8.5004101,9.825756633804376,0.5598710000000011
8.5104851,9.809100981740718,0.5699459000000004
8.520953299999999,10.011184305278535,0
8.5347081,9.994158168480158,2.3000000020090283e-06
8.548249799999997,9.977166049925785,0.013504799999999761
8.5506353,10.200736589911823,0
8.565652499999999,9.825756633804376,2.69999999957804e-06
8.580431599999997,9.75933342781462,0.014765199999999368
8.5810851,9.644363824876494,0.015470800000002782
8.590594099999997,9.660689672932362,0.024920100000002776
8.600583999999998,9.660689672932362,0.03499449999999982
8.6105394,9.595581734544421,0.044945999999999486
8.620615699999998,9.61180992079036,0.05496750000000006
8.6304841,9.482888682273867,0.06486380000000125
8.6407159,9.387542439694219,0.07504780000000011
8.650520999999998,9.482888682273867,0.08487889999999965
8.660536099999998,9.435072542049229,0.09493540000000067
8.6705638,8.853592720743801,0.10491630000000285
8.683389299999998,9.403354130994348,0.11774390000000068
8.697407599999998,9.123526107475662,0.1317705999999994
8.7005254,9.30895659937976,0.13492000000000104
8.710484299999997,9.246651300076511,0.1448890000000027
8.720989799999998,9.215685068627405,0.1552889999999998
8.730546,9.123526107475662,0.1649472000000003
8.740453299999999,9.215685068627405,0.17481350000000262
8.7505126,9.108273512939446,0.18491649999999993
8.760513699999997,9.16946735002452,0.194822300000002
8.7705698,9.215685068627405,0.20494940000000028
8.780485599999999,9.246651300076511,0.2148253000000011
8.7905476,9.09305139310744,0.22489820000000194
8.800706899999998,9.200248340363991,0.23499330000000285
8.810432599999999,9.32461096172274,0.24484860000000097
8.820538299999999,9.215685068627405,0.2548954000000023
8.830500399999998,9.30895659937976,0.2648645000000016
8.840496899999998,9.231152701241395,0.27482069999999936
8.850512299999998,9.466918080834294,0.28490750000000276
8.860447699999998,9.184842454704212,0.29484520000000103
8.8706025,9.231152701241395,0.3049987999999999
8.880428599999998,9.154122964824467,0.3148268000000023
8.8904252,9.16946735002452,0.32480879999999956
8.9005568,9.215685068627405,0.3349516000000001
8.9106788,9.077859687091145,0.34485210000000066
8.920821,8.751215137895052,0.3551800000000007
8.934858199999997,8.246757239301694,0.36925440000000265
8.940660399999999,7.878756617124858,0.37496280000000226
8.9539786,7.994802717912391,0.3881888000000018
8.960585899999998,8.273839997665297,0.3949403999999994
8.974716899999997,8.693353970055812,0.4091041000000004
8.9804499,8.987344746665283,0.4148347000000001
8.990493699999998,9.032466444874892,0.42486840000000115
9.009018599999997,9.435072542049229,0.44329830000000214
9.010531999999998,9.123526107475662,0.4448875000000001
9.020812,8.987344746665283,0.4550555000000003
9.0378245,8.780319768902485,0.4721922999999997
9.040876299999997,8.722226692884746,0.47517790000000204
9.0506016,8.564846436085226,0.4849432
9.0605203,8.438631343854855,0.49489170000000016
9.0706749,8.751215137895052,0.5050729999999994
9.080563399999999,8.66459650744409,0.5149320999999993
9.0904517,8.522522057577296,0.5248439000000005
9.100567299999998,8.897909494439109,0.5349572000000009
9.110515199999998,9.154122964824467,0.5448898
9.1237049,8.927602077993871,0.5580664000000013
9.1372708,9.047567273559713,0.5715924000000001
9.150654499999998,8.912740939929662,0.5850027000000004
9.151234799999997,8.987344746665283,0.5856607999999994
9.1652198,8.707775895113674,0.5995808000000018
9.1707194,8.707775895113674,0.6050606000000016
9.1803782,8.824195583331818,0.6147729999999996
9.190554799999997,8.579011088888649,0.6248567999999999
9.200614899999998,8.707775895113674,0.6350169000000001
9.210430899999999,8.912740939929662,0.6448276000000028
9.2205972,8.809541051581752,0.6549910000000025
9.2305305,8.751215137895052,0.6649317000000003
9.240671799999998,8.751215137895052,0.6750097000000004
9.2505019,8.794915799605649,0.6848903000000028
9.260567199999997,8.853592720743801,0.694903
9.270660199999998,8.868335443994296,0.7049894999999999
9.2806149,8.912740939929662,0.7149600000000014
9.290415099999997,8.897909494439109,0.7247962000000001
9.3004927,8.780319768902485,0.7348813000000014
9.310476899999998,8.751215137895052,0.7448374000000015
9.320633299999997,8.883107682196407,0.7549714999999999
9.3305823,8.780319768902485,0.7649192000000014
9.340682899999997,8.957413669740566,0.7749947000000006
9.350629999999999,8.751215137895052,0.7850230000000025
9.3606163,8.635953844929547,0.7949796000000013
9.370608699999998,8.736706421172222,0.8049754
9.380527899999997,8.794915799605649,0.8149233000000002
9.390391699999999,8.736706421172222,0.824778300000002
9.400602,8.794915799605649,0.834975
9.4105743,8.765752901088112,0.8449852
9.420575799999998,9.017395787665905,0.8549053999999998
9.433501499999998,8.550710084276984,0.8678784999999998
9.4475202,8.536601976918485,0.8819122000000021
9.450537999999998,8.536601976918485,0.8849388000000005
9.4604566,8.522522057577296,0.8948232000000012
9.470619799999998,8.593204099345877,0.9049475999999999
9.4804426,8.438631343854855,0.914791300000001
9.490578199999998,8.536601976918485,0.9249056000000024
9.500539099999997,8.438631343854855,0.934917200000001
9.510535999999998,8.621675420423669,0.9449088000000003
9.5205792,8.536601976918485,0.9549444000000022
9.530524,8.508470269933717,0.9649198000000005
9.540431299999998,8.550710084276984,0.9747841000000008
9.5506356,8.273839997665297,0.984982500000001
9.560581499999998,8.424747169969082,0.9949764000000023
9.5705971,8.273839997665297,1.0049327000000012
9.580585199999998,8.383260870307085,1.0049327000000012
9.5920682,8.328331593408056,1.0049327000000012
9.607058299999998,8.21978259559808,1.0049327000000012
9.610466599999999,8.342022743180927,1.0049327000000012
9.6208831,8.233256430132531,1.0049327000000012
9.630504499999997,8.273839997665297,1.0049327000000012
9.640593299999999,8.355741302653907,1.0049327000000012
9.6507002,8.369487326701252,1.0049327000000012
9.660526399999998,8.314667798570671,1.0049327000000012
9.670859,8.424747169969082,1.0049327000000012
9.680833699999997,8.480450865022997,1.0049327000000012
9.6907809,8.342022743180927,1.0049327000000012
9.700872999999998,8.301031304013586,1.0049327000000012
9.710938899999999,8.328331593408056,1.0049327000000012
9.7209292,8.438631343854855,1.0049327000000012
9.730677699999998,8.287422055190799,1.0049327000000012
9.7408362,8.273839997665297,1.0049327000000012
9.750922199999998,8.410890736681248,1.0049327000000012
9.7605374,7.542892112532513,1.0049327000000012
9.770771699999997,8.273839997665297,1.0049327000000012
9.780615899999997,8.410890736681248,1.0049327000000012
9.790773999999999,8.452543313875262,1.0049327000000012
9.8006961,8.369487326701252,1.0049327000000012
9.810681299999999,8.342022743180927,1.0049327000000012
9.820750799999999,8.707775895113674,1.0049327000000012
9.8304574,8.508470269933717,1.0049327000000012
9.8407673,8.424747169969082,1.0049327000000012
9.8508487,8.494446557780574,1.0049327000000012
9.860515099999997,8.550710084276984,1.0049327000000012
9.870763699999998,8.522522057577296,1.0049327000000012
9.880534899999997,8.355741302653907,1.0049327000000012
9.890695599999997,8.466483135678205,1.0049327000000012
9.900653199999997,8.480450865022997,1.0049327000000012
9.9106499,8.099723086052473,1.0049327000000012
9.920866,8.20633568180298,1.0049327000000012
9.9307263,8.301031304013586,1.0049327000000012
9.9406772,8.301031304013586,1.0049327000000012
9.950620299999997,8.260285077108826,1.0049327000000012
9.9607557,8.20633568180298,1.0049327000000012
9.9708917,8.287422055190799,1.0049327000000012
9.9806132,8.21978259559808,1.0049327000000012
9.990608299999998,8.233256430132531,1.0049327000000012
10.0005949,8.342022743180927,1.0049327000000012
10.010662399999998,8.20633568180298,1.0049327000000012
10.0207834,8.287422055190799,1.0049327000000012
10.030576799999999,8.593204099345877,1.0049327000000012
10.040557199999999,8.383260870307085,1.0049327000000012
10.050525799999999,8.522522057577296,1.0049327000000012
10.060764199999998,8.480450865022997,1.0049327000000012
10.0708631,8.383260870307085,1.0049327000000012
10.080786699999997,8.314667798570671,1.0049327000000012
10.091032499999997,8.424747169969082,1.0049327000000012
10.100529299999998,8.522522057577296,1.0049327000000012
10.110795499999998,8.314667798570671,1.0049327000000012
10.120804999999997,8.494446557780574,1.0049327000000012
10.130707699999999,8.438631343854855,1.0049327000000012
10.140563999999998,8.301031304013586,1.0049327000000012
10.1506662,8.355741302653907,1.0049327000000012
10.160593899999999,8.246757239301694,1.0049327000000012
10.170850899999998,8.452543313875262,1.0049327000000012
10.1807549,8.593204099345877,1.0049327000000012
10.190723199999997,8.397061988565584,1.0049327000000012
10.2006373,8.438631343854855,1.0049327000000012
10.2107083,8.536601976918485,1.0049327000000012
10.220713099999998,8.550710084276984,1.0049327000000012
10.230481299999997,8.579011088888649,1.0049327000000012
10.2408091,8.897909494439109,1.0049327000000012
10.250598,9.002355241650097,1.0049327000000012
10.2604835,8.824195583331818,1.0049327000000012
10.2708266,9.017395787665905,1.0049327000000012
10.280726899999998,9.047567273559713,1.0049327000000012
10.290633499999998,9.017395787665905,1.0049327000000012
10.3007153,9.032466444874892,1.0049327000000012
10.310537499999999,8.972364242669451,1.0049327000000012
10.320875699999998,8.957413669740566,1.0049327000000012
10.3305306,8.780319768902485,1.0049327000000012
10.340779099999999,8.765752901088112,1.0049327000000012
10.3507949,8.66459650744409,1.0049327000000012
10.360829199999998,8.564846436085226,1.0049327000000012
10.370774699999998,8.480450865022997,1.0049327000000012
10.380896799999999,8.397061988565584,1.0049327000000012
10.390785599999997,8.342022743180927,1.0049327000000012
10.400635299999998,8.536601976918485,1.0049327000000012
10.410592599999998,8.736706421172222,1.0049327000000012
10.420771899999998,8.912740939929662,1.0049327000000012
10.430596699999999,8.972364242669451,1.0049327000000012
10.440609199999997,9.154122964824467,1.0049327000000012
10.4506762,9.06269833412371,1.0049327000000012
10.460574099999999,9.32461096172274,1.0049327000000012
10.470781299999999,7.739730070915215,1.0049327000000012
10.480479799999998,8.233256430132531,1.0049327000000012
10.4906951,7.94296870865388,1.0049327000000012
10.5006506,7.591512672362713,1.0049327000000012
10.5106142,7.60372870967274,1.0049327000000012
10.520712699999997,7.399342586455758,1.0049327000000012
10.5306331,7.555010811416895,1.0049327000000012
10.540595799999998,7.689928502230714,1.0049327000000012
10.550560999999998,8.047053062365295,1.0049327000000012
10.560496999999998,8.287422055190799,1.0049327000000012
10.570832199999998,8.099723086052473,1.0049327000000012
