0.00046069999999787115,1.4929614,0
0.010156099999999668,1.4929614,0
0.025602899999999096,1.4929614,0
0.030141199999999202,1.4929614,0
0.040262899999998325,1.4929614,0
0.05013409999999752,1.4929614,0
0.06016520000000014,1.4929614,0
0.07031539999999836,1.4929614,0
0.08018749999999741,1.4929614,0
0.09027090000000015,1.4929614,0
0.10015860000000032,1.4929614,0
0.11011879999999863,1.4929614,0
0.12029249999999791,1.4929614,0
0.13013059999999754,1.4929614,0
0.14023650000000032,1.4929614,0
0.15024779999999893,1.4929614,0
0.16009389999999968,1.4929614,0
0.1702805000000005,1.4929614,0
0.18017409999999856,1.4929614,0
0.1903605000000006,1.4929614,0
0.20014559999999904,1.4929614,0
0.2102505999999984,1.4929614,0
0.2202440999999986,1.4929614,0
0.23014219999999952,1.4929614,0
0.24036849999999887,1.4929614,0
0.2501356000000001,1.4929614,0
0.26020189999999843,1.4929614,0
0.27036640000000034,1.4929614,0
0.28017110000000045,1.4929614,0
0.2902403999999983,1.4929614,0
0.3001933000000001,1.4929614,0
0.31013639999999754,1.4929614,0
0.3202518999999988,1.4929614,0
0.3301716999999975,1.4929614,0
0.34028029999999987,1.4929614,0
0.3500918999999989,1.4929614,0
0.36028679999999724,1.4929614,0
0.37031809999999865,1.4929614,0
0.3802734000000001,1.4929614,0
0.390456099999998,1.4929614,0
0.4003769999999989,1.4929614,0
0.4104549999999989,1.4929614,0
0.4204922999999994,1.4929614,0
0.4302399000000001,1.4929614,0
0.4401988999999986,1.4929614,0
0.45019419999999855,1.4929614,0
0.46019489999999763,1.4929614,0
0.47021279999999877,1.4929614,0
0.4801480999999974,1.4929614,0
0.4901500999999975,1.4929614,0
0.5001517999999976,1.4929614,0
0.5101340999999984,1.4929614,0
0.5201873999999975,1.4929614,0
0.5301335999999992,1.4929614,0
0.5402287000000001,1.4929614,0
0.5501497999999998,1.4929614,0
0.5601649999999978,1.4929614,0
0.5701678999999977,1.4929614,0
0.580116799999999,1.4929614,0
0.5901949000000002,1.4929614,0
0.600235099999999,1.4929614,0
0.6102107999999973,1.4929614,0
0.6202597999999995,1.4929614,0
0.6300980000000003,1.4929614,0
0.6402719999999995,1.4929614,0
0.6501558999999979,1.4929614,0
0.6601914999999998,1.4929614,0
0.6702835999999976,1.4929614,0
0.6801384000000006,1.4929614,0
0.6902349999999977,1.4929614,0
0.7002257999999983,1.4929614,0
0.7101666999999985,1.4929614,0
0.7201918999999997,1.4929614,0
0.7301134000000005,1.4929614,0
0.7401813999999973,1.4929614,0
0.7503578999999974,1.4929614,0
0.7602848999999985,1.4929614,0
0.7702820999999993,1.4929614,0
0.7801252999999981,1.4929614,0
0.7902859999999983,1.4929614,0
0.8001222999999982,1.4929614,0
0.8101500999999978,1.4929614,0
0.8202473999999995,1.4929614,0
0.8301075999999981,1.4929614,0
0.8402521000000007,1.4929614,0
0.8501955999999993,1.4929614,0
0.8601557,1.4929614,0
0.8702664999999996,1.4929614,0
0.8802497999999979,1.4929614,0
0.8904390999999983,1.4929614,0
0.9001640000000002,1.4929614,0
0.9101474999999972,1.4929614,0
0.9202359999999992,1.4929614,0
0.9301469999999981,1.4929614,0
0.9402607999999972,1.4929614,0
0.9501326999999975,1.4929614,0
0.9601036000000001,1.4929614,0
0.9702432999999999,1.4929614,0
0.9800994000000003,1.4929614,0
0.9902055999999995,1.4929614,0
1.0001475999999982,1.4929614,0
1.0100738999999983,1.4929614,0
1.0235065999999975,1.4929614,0
1.030105299999999,1.4929614,0
1.0403444999999998,1.4929614,0
1.0501854999999978,1.4929614,0
1.0602458000000006,1.4929614,0
1.0702724000000003,1.4929614,0
1.0803793000000006,1.4929614,0
1.0902752999999983,1.4929614,0
1.1003760000000007,1.4929614,0
1.1102025999999974,1.4929614,0
1.1204672999999978,1.4929614,0
1.1301465999999998,1.4929614,0
1.1402356000000005,1.4929614,0
1.1504969000000003,1.4929614,0
1.1602964,1.4929614,0
1.1702549999999974,1.4929614,0
1.1802405,1.4929614,0
1.1903539999999992,1.4929614,0
1.200167999999998,1.4929614,0
1.2100624999999994,1.4929614,0
1.2201895999999977,1.4929614,0
1.230158799999998,1.4929614,0
1.2403766999999988,1.4929614,0
1.2501748,1.4929614,0
1.2602060000000002,1.4929614,0
1.2702510999999994,1.4929614,0
1.2801538999999984,1.4929614,0
1.2902305999999975,1.4929614,0
1.3001809999999985,1.4929614,0
1.3102821999999996,1.4929614,0
1.3202447999999976,1.4929614,0
1.3301136999999983,1.4929614,0
1.3401613999999995,1.4929614,0
1.3502010999999996,1.4929614,0
1.3602457000000001,1.4929614,0
1.3702192999999987,1.4929614,0
1.3801631999999984,1.4929614,0
1.3902192999999983,1.4929614,0
1.4001968999999974,1.4929614,0
1.4102177000000005,1.4929614,0
1.4203334000000005,1.4929614,0
1.4301736999999974,1.4929614,0
1.4401945000000005,1.4929614,0
1.4501629999999999,1.4929614,0
1.4601956999999999,1.4929614,0
1.4702823999999985,1.4929614,0
1.480212899999998,1.4929614,0
1.4901120999999975,1.4929614,0
1.5001742,1.4929614,0
1.5102037999999993,1.4929614,0
1.520274999999998,1.4929614,0
1.5301925999999995,1.4929614,0
1.5401311999999976,1.4929614,0
1.5501216999999983,1.4929614,0
1.560232499999998,1.4929614,0
1.5702663000000001,1.4929614,0
1.5802338999999996,1.4929614,0
1.5903175999999988,1.4929614,0
1.6001928999999997,1.4929614,0
1.6101585999999983,1.4929614,0
1.6202275999999998,1.4929614,0
1.6301172999999984,1.4929614,0
1.6401818999999982,1.4929614,0
1.6502169999999978,1.4929614,0
1.6600934999999986,1.4929614,0
1.670311299999998,1.4929614,0
1.6801285999999998,1.4929614,0
1.6901963999999978,1.4929614,0
1.7001719999999985,1.4929614,0
1.7103661999999993,1.4929614,0
1.7204306999999979,1.4929614,0
1.7302745000000002,1.4929614,0
1.7404531999999975,1.4929614,0
1.7502455999999995,1.4929614,0
1.7601583999999981,1.4929614,0
1.7702205000000006,1.4929614,0
1.7802046999999988,1.4929614,0
1.7902822999999977,1.4929614,0
1.8001342999999999,1.4929614,0
1.8102669999999996,1.4929614,0
1.8202353999999978,1.4929614,0
1.8301625000000001,1.4929614,0
1.8402500999999987,1.4929614,0
1.8501543999999974,1.4929614,0
1.8601665999999994,1.4929614,0
1.870338499999999,1.4929614,0
1.8801348000000004,1.4929614,0
1.8903047999999991,1.4929614,0
1.900170199999998,1.4929614,0
1.9101463999999986,1.4929614,0
1.9202254999999973,1.4929614,0
1.9301886999999986,1.4929614,0
1.9401986999999998,1.4929614,0
1.9501370999999992,1.4929614,0
1.9601848000000004,1.4929614,0
1.970225799999998,1.4929614,0
1.9801325999999975,1.4929614,0
1.9904176999999983,1.4929614,0
2.0001435999999977,1.4929614,0
2.010069599999998,1.4929614,0
2.0202676000000004,1.4929614,0
2.030189,1.4929614,0
2.040182899999998,1.4929614,0
2.050177299999998,1.4929614,0
2.0602339999999977,1.4929614,0
2.0703955999999977,1.4929614,0
2.0800909999999995,1.4929614,0
2.090179799999998,1.4929614,0
2.1001264999999982,1.4929614,0
2.1101378000000004,1.4929614,0
2.1203268999999985,1.4929614,0
2.1301801000000005,1.4929614,0
2.1403043000000004,1.4929614,0
2.1502312000000003,1.4929614,0
2.1601409999999994,1.4929614,0
2.1702604,1.4929614,0
2.1801502,1.4929614,0
2.1902323999999993,1.4929614,0
2.2002312999999987,1.4929614,0
2.210087299999998,1.4929614,0
2.2202227999999984,1.4929614,0
2.230153299999998,1.4929614,0
2.2402258999999987,1.4929614,0
2.2501362,1.4929614,0
2.2600906999999992,1.4929614,0
2.2702931999999976,1.4929614,0
2.280157199999998,1.4929614,0
2.2902230999999986,1.4929614,0
2.3001344999999986,1.4929614,0
2.3100793999999993,1.4929614,0
2.3204089000000003,1.4929614,0
2.330366099999999,1.4929614,0
2.3403256999999975,1.4929614,0
2.3501844999999975,1.4929614,0
2.3602954999999994,1.4929614,0
2.3702362999999984,1.4929614,0
2.3800925999999976,1.4929614,0
2.3903222,1.4929614,0
2.4000997999999996,1.4929614,0
2.410059199999999,1.4929614,0
2.420297999999999,1.4929614,0
2.4301992000000006,1.4929614,0
2.4402444999999986,1.4929614,0
2.450189999999999,1.4929614,0
2.4601456000000006,1.4929614,0
2.4703421,1.4929614,0
2.4801088999999976,1.4929614,0
2.4902447999999993,1.4929614,0
2.5001336999999992,1.4929614,0
2.5101014999999975,1.4929614,0
2.5202186999999974,1.4929614,0
2.5302061999999985,1.4929614,0
2.5402609999999974,1.4929614,0
2.5501979000000006,1.4929614,0
2.5601062,1.4929614,0
2.5702283,1.4929614,0
2.580161499999999,1.4929614,0
2.590270199999999,1.4929614,0
2.6001750999999977,1.4929614,0
2.6101934999999976,1.4929614,0
2.620255799999999,1.4929614,0
2.6301594,1.4929614,0
2.640176799999999,1.4929614,0
2.6500956,1.4929614,0
2.660082899999999,1.4929614,0
2.670242299999998,1.4929614,0
2.6801147000000007,1.4929614,0
2.6902647,1.4929614,0
2.7001904000000003,1.4929614,0
2.7101027,1.4929614,0
2.7202679999999972,1.4929614,0
2.7302219,1.4929614,0
2.7403237999999988,1.4929614,0
2.7501172999999994,1.4929614,0
2.7601932999999974,1.4929614,0
2.770388699999998,1.4929614,0
2.780330599999999,1.4929614,0
2.7902869999999993,1.4929614,0
2.800193,1.4929614,0
2.8101374999999997,1.4929614,0
2.8202769999999973,1.4929614,0
2.830131999999999,1.4929614,0
2.8401751999999973,1.4929614,0
2.850166399999999,1.4929614,0
2.8600973999999972,1.4929614,0
2.8702596000000007,1.4929614,0
2.8802100999999993,1.4929614,0
2.8903721000000004,1.4929614,0
2.9001610999999983,1.4929614,0
2.9101019999999984,1.4929614,0
2.9201941999999974,1.4929614,0
2.9301226999999983,1.4929614,0
2.9403641999999977,1.4929614,0
2.9504440999999986,1.4929614,0
2.9602894000000006,1.4929614,0
2.9704057000000006,1.4929614,0
2.980227899999999,1.4929614,0
2.990214999999999,1.4929614,0
3.0001846000000008,1.4929614,0
3.0102152999999987,1.4929614,0
3.0202577999999995,1.4929614,0
3.0301185000000004,1.4929614,0
3.0401793999999995,1.4929614,0
3.050139399999999,1.4929614,0
3.060125899999999,1.4929614,0
3.0703645,1.4929614,0
3.080182399999998,1.4929614,0
3.0902259,1.4929614,0
3.1002151999999974,1.4929614,0
3.1101519999999994,1.4929614,0
3.120200099999998,1.4929614,0
3.1302515,1.4929614,0
3.1402611999999976,1.4929614,0
3.1501184,1.4929614,0
3.1601792999999994,1.4929614,0
3.170228299999998,1.4929614,0
3.1802506999999984,1.4929614,0
3.190161,1.4929614,0
3.2001810000000006,1.4929614,0
3.2101907999999995,1.4929614,0
3.2203450999999994,1.4929614,0
3.2300959999999996,1.4929614,0
3.2401517999999996,1.4929614,0
3.250150699999999,1.4929614,0
3.260129499999998,1.4929614,0
3.270358899999998,1.4929614,0
3.2801529999999985,1.4929614,0
3.2901238,1.4929614,0
3.3001857,1.4929614,0
3.3101245000000006,1.4929614,0
3.3202365999999977,1.4929614,0
3.3302339999999973,1.4929614,0
3.3402168000000003,1.4929614,0
3.350257499999998,1.4929614,0
3.3601618,1.4929614,0
3.3701735,1.4929614,0
3.3801716000000006,1.4929614,0
3.3903180999999982,1.4929614,0
3.4002508999999996,1.4929614,0
3.410089199999998,1.4929614,0
3.4202492000000007,1.4929614,0
3.4301272999999988,1.4929614,0
3.4402307000000008,1.4929614,0
3.4501144000000004,1.4929614,0
3.4601900999999984,1.4929614,0
3.4702683999999984,1.4929614,0
3.4801566999999984,1.4929614,0
3.490259899999998,1.4929614,0
3.500264399999999,1.4929614,0
3.5101896000000004,1.4929614,0
3.5202475,1.4929614,0
3.5301741,1.4929614,0
3.5401252999999997,1.4929614,0
3.5504250000000006,1.4929614,0
3.560309,1.4929614,0
3.570256099999998,1.4929614,0
3.580221299999998,1.4929614,0
3.590230899999998,1.4929614,0
3.600181499999998,1.4929614,0
3.6102629999999998,1.4929614,0
3.6202900999999983,1.4929614,0
3.630143999999998,1.4929614,0
3.6401562999999975,1.4929614,0
3.6501516999999986,1.4929614,0
3.6601679999999988,1.4929614,0
3.670289699999998,1.4929614,0
3.680193899999999,1.4929614,0
3.6901599999999988,1.4929614,0
3.700243099999998,1.4929614,0
3.7101687000000005,1.4929614,0
3.7202850000000005,1.4929614,0
3.7301110999999985,1.4929614,0
3.7401312000000004,1.4929614,0
3.7501521999999987,1.4929614,0
3.7601651999999994,1.4929614,0
3.770216399999999,1.4929614,0
3.7801212999999976,1.4929614,0
3.7902403999999983,1.4929614,0
3.8001503999999997,1.4929614,0
3.810215799999998,1.4929614,0
3.8203168000000005,1.4929614,0
3.8300985999999995,1.4929614,0
3.840382299999998,1.4929614,0
3.8501857999999984,1.4929614,0
3.8601352999999996,1.4929614,0
3.8702264,1.4929614,0
3.880114599999999,1.4929614,0
3.8901287999999994,1.4929614,0
3.900237699999998,1.4929614,0
3.9101160999999998,1.4929614,0
3.9202039000000006,1.4929614,0
3.9301937000000002,1.4929614,0
3.9401224,1.4929614,0
3.9501118999999996,1.4929614,0
3.960096199999999,1.4929614,0
3.9702044999999977,1.4929614,0
3.9801866999999973,1.4929614,0
3.990305499999998,1.4929614,0
4.000165599999999,1.4929614,0
4.010093999999999,1.4929614,0
4.020272599999998,1.4929614,0
4.030116,1.4929614,0
4.0403226,1.4929614,0
4.0502319,1.4929614,0
4.0601521,1.4929614,0
4.0702073,1.4929614,0
4.080210299999997,1.4929614,0
4.090392099999999,1.4929614,0
4.1003294,1.4929614,0
4.1101648,1.4929614,0
4.120378299999999,1.4929614,0
4.130116899999997,1.4929614,0
4.140235999999998,1.4929614,0
4.150198499999998,1.4929614,0
4.160271699999999,1.4929614,0
4.170199099999998,1.4929614,0
4.180290599999999,1.4929614,0
4.19032,1.4929614,0
4.2003503,1.4929614,0
4.210326899999998,1.4929614,0
4.220258699999999,1.4929614,0
4.230262699999997,1.4929614,0
4.240235800000001,1.4929614,0
4.250190199999999,1.4929614,0
4.2602118,1.4929614,0
4.2702187999999985,1.4929614,0
4.2803062999999995,1.4929614,0
4.290264499999999,1.4929614,0
4.300168199999998,1.4929614,0
4.310194899999999,1.4929614,0
4.3202672,1.4929614,0
4.330127299999997,1.4929614,0
4.340076099999997,1.4929614,0
4.350118800000001,1.4929614,0
4.360144899999998,1.4929614,0
4.370301999999999,1.4929614,0
4.380142799999998,1.4929614,0
4.3902736,1.4929614,0
4.4001211,1.4929614,0
4.410158199999998,1.4929614,0
4.420274199999998,1.4929614,0
4.430151199999997,1.4929614,0
4.440268,1.4929614,0
4.4501706999999975,1.4929614,0
4.460170899999998,1.4929614,0
4.4702321000000005,1.4929614,0
4.4801486,1.4929614,0
4.490146499999998,1.4929614,0
4.500109500000001,1.4929614,0
4.510192799999999,1.4929614,0
4.520238499999998,1.4929614,0
4.530205299999999,1.4929614,0
4.5402095,1.4929614,0
4.550130499999998,1.4929614,0
4.560141099999999,1.4929614,0
4.570208299999997,1.4929614,0
4.580162599999998,1.4929614,0
4.590225399999998,1.4929614,0
4.600171700000001,1.4929614,0
4.610190199999998,1.4929614,0
4.620244100000001,1.4929614,0
4.630120399999999,1.4929614,0
4.6402858999999985,1.4929614,0
4.6501394000000005,1.4929614,0
4.660095599999998,1.4929614,0
4.6702619999999975,1.4929614,0
4.6801335,1.4929614,0
4.690210499999999,1.4929614,0
4.700171299999997,1.4929614,0
4.710182700000001,1.4929614,0
4.7201813,1.4929614,0
4.730319899999998,1.4929614,0
4.740251099999998,1.4929614,0
4.750083499999999,1.4929614,0
4.760097000000002,1.4929614,0
4.770170399999998,1.4929614,0
4.7801873000000015,1.4929614,0
4.790413199999996,1.4929614,0
4.8002044999999995,1.4929614,0
4.811362299999999,1.4929614,0
4.820464700000002,1.4929614,0
4.8303887,1.4929614,0
4.840208499999996,1.4929614,0
4.850304999999999,1.4929614,0
4.860164400000002,1.4929614,0
4.870262799999999,1.4929614,0
4.880239099999997,1.4929614,0
4.890251599999999,1.4929614,0
4.900078299999997,1.4929614,0
4.910130199999998,1.4929614,0
4.9202134000000015,1.4929614,0
4.930147599999998,1.4929614,0
4.940226500000001,1.4929614,0
4.950136100000002,1.4929614,0
4.960404699999998,1.4929614,0
4.970245200000001,1.4929614,0
4.980201700000002,1.4929614,0
4.9901816,1.4929614,0
5.000123699999996,1.4929614,0
5.010158099999998,1.4929614,0
5.020232399999998,1.4929614,0
5.0301542999999995,1.4929614,0
5.040219199999996,1.4929614,0
5.050125600000001,1.4929614,0
5.060213499999996,1.4929614,0
5.070182500000001,1.4929614,0
5.0800787999999955,1.4929614,0
5.0901719999999955,1.4929614,0
5.100091800000001,1.4929614,0
5.1101502,1.4929614,0
5.120134100000001,1.4929614,0
5.1302175000000005,1.4929614,0
5.140227500000002,1.4929614,0
5.150132299999996,1.4929614,0
5.160245599999996,1.4929614,0
5.170317699999998,1.4929614,0
5.1801186,1.4929614,0
5.190180900000001,1.4929614,0
5.200090699999997,1.4929614,0
5.210504399999998,1.4929614,0
5.220342600000002,1.4929614,0
5.230156600000001,1.4929614,0
5.240260499999998,1.4929614,0
5.250138100000001,1.4929614,0
5.260084399999997,1.4929614,0
5.270310199999997,1.4929614,0
5.2801306,1.4929614,0
5.290179299999998,1.4929614,0
5.300140900000002,1.4929614,0
5.3102851000000015,1.4929614,0
5.320151699999997,1.4929614,0
5.330203300000001,1.4929614,0
5.3401362999999975,1.4929614,0
5.350123199999999,1.4929614,0
5.360287999999997,1.4929614,0
5.370245699999998,1.4929614,0
5.380126099999998,1.4929614,0
5.390133300000002,1.4929614,0
5.400157499999999,1.4929614,0
5.410180699999998,1.4929614,0
5.420359599999998,1.4929614,0
5.430326799999996,1.4929614,0
5.440281200000001,1.4929614,0
5.450293099999996,1.4929614,0
5.4601422,1.4929614,0
5.470252199999997,1.4929614,0
5.480071299999999,1.4929614,0
5.4901835000000005,1.4929614,0
5.5001570000000015,1.4929614,0
5.5101169,1.4929614,0
5.520274499999999,1.4929614,0
5.530170699999999,1.4929614,0
5.5401588,1.4929614,0
5.550129200000001,1.4929614,0
5.560121600000002,1.4929614,0
5.5702037,1.4929614,0
5.580138399999996,1.4929614,0
5.5902182999999965,1.4929614,0
5.600180299999998,1.4929614,0
5.610261600000001,1.4929614,0
5.6203395,1.4929614,0
5.630088899999997,1.4929614,0
5.640330999999996,1.4929614,0
5.650173500000001,1.4929614,0
5.660095800000001,1.4929614,0
5.670242899999998,1.4929614,0
5.680125599999997,1.4929614,0
5.690247399999997,1.4929614,0
5.700080800000002,1.4929614,0
5.710119900000002,1.4929614,0
5.720195199999999,1.4929614,0
5.7301207000000005,1.4929614,0
5.740271200000002,1.4929614,0
5.750123199999997,1.4929614,0
5.760105500000002,1.4929614,0
5.7702025999999975,1.4929614,0
5.780138899999997,1.4929614,0
5.790208800000002,1.4929614,0
5.800132499999997,1.4929614,0
5.8100966999999955,1.4929614,0
5.820232300000001,1.4929614,0
5.830175699999998,1.4929614,0
5.840219499999996,1.4929614,0
5.8501666999999955,1.4929614,0
5.860149,1.4929614,0
5.870230999999997,1.4929614,0
5.880083399999997,1.4929614,0
5.8901368000000005,1.4929614,0
5.900089399999999,1.4929614,0
5.910167999999999,1.4929614,0
5.920230500000002,1.4929614,0
5.9302657,1.4929614,0
5.940257099999997,1.4929614,0
5.950223999999999,1.4929614,0
5.960287100000002,1.4929614,0
5.970224099999996,1.4929614,0
5.9801458000000025,1.4929614,0
5.9901827999999995,1.4929614,0
6.000137299999999,1.4929614,0
6.0101714999999984,1.4929614,0
6.0204127999999955,1.4929614,0
6.030231499999999,1.4929614,0
6.040339899999999,1.4929614,0
6.0503255,1.4929614,0
6.060301199999998,1.4929614,0
6.070127499999998,1.4929614,0
6.0802567,1.4929614,0
6.090217699999997,1.4929614,0
6.100060800000001,1.4929614,0
6.1101804999999985,1.4929614,0
6.120194599999998,1.4929614,0
6.130117200000001,1.4929614,0
6.1402626,1.4929614,0
6.150098299999996,1.4929614,0
6.160452599999999,1.4929614,0
6.170225099999996,1.4929614,0
6.180132399999998,1.4929614,0
6.1901881,1.4929614,0
6.2001256,1.4929614,0
6.210113700000001,1.4929614,0
6.2202059999999975,1.4929614,0
6.230130299999999,1.4929614,0
6.240148300000001,1.4929614,0
6.2501266000000015,1.4929614,0
6.2602537,1.4929614,0
6.270236199999999,1.4929614,0
6.280185400000001,1.4929614,0
6.290166899999996,1.4929614,0
6.300106499999998,1.4929614,0
6.310160500000002,1.4929614,0
6.3202513999999965,1.4929614,0
6.330158699999998,1.4929614,0
6.340232299999997,1.4929614,0
6.3501227,1.4929614,0
6.3603926999999985,1.4929614,0
6.587888800000002,1.4929614,0
6.588586800000002,1.4929614,0
6.589188200000002,1.4929614,0
6.589692800000002,1.4929614,0
6.590288799999996,1.4929614,0
6.590947899999996,1.4929614,0
6.5915099999999995,1.4929614,0
6.592073299999996,1.4929614,0
6.592558799999999,1.4929614,0
6.593072999999997,1.4929614,0
6.593610300000002,1.4929614,0
6.594239399999999,1.4929614,0
6.5948104,1.4929614,0
6.595299499999996,1.4929614,0
6.595769199999999,1.4929614,0
6.5962346000000025,1.4929614,0
6.596624300000002,1.4929614,0
6.597031199999996,1.4929614,0
6.597566700000002,1.4929614,0
6.5981140999999965,1.4929614,0
6.598623699999997,1.4929614,0
6.5992265,1.4929614,0
6.599730100000002,1.4929614,0
6.600142699999999,1.4929614,0
6.610213899999998,1.4929614,0
6.6202055999999985,1.4929614,0
6.6301068,1.4929614,0
6.640130499999998,1.4929614,0
6.650098999999997,1.4929614,0
6.660103800000002,1.4929614,0
6.6702911,1.4929614,0
6.6800950000000014,1.4929614,0
6.690115399999996,1.4929614,0
6.700082600000002,1.4929614,0
6.710181499999997,1.4929614,0
6.720165099999996,1.4929614,0
6.7311938,1.5306322176250058,0
6.740649099999999,1.6416725263154843,0
6.750398199999999,1.767804805771517,0
6.760572199999999,1.8446851265613955,0
6.770540400000002,1.808334208683502,0
6.7803617,1.655329601539963,0
6.791141599999996,1.5545980684864036,0
6.800525199999996,1.522266743886115,0
6.810599699999997,1.5125279697986742,0
6.820710399999996,1.5115410114356638,0
6.830591900000002,1.5156588529204305,0
6.840865399999998,1.545993705849331,0
6.850430699999997,1.6226011206146516,0
6.860438500000001,1.8064275291899168,0
6.870485799999997,2.1863018475284086,0
6.8835543,2.802977777595881,0
6.8905964,3.6206232744013063,0
6.904752899999998,3.9605489691179665,0
6.910441599999999,4.292353354407833,0
6.9238243,4.75245400772832,0
6.930429099999998,4.858553880234452,0
6.940596399999997,5.175822698741421,0
6.953972899999997,5.235276624986227,0
6.960415099999999,5.341637676374042,0
6.9705504000000005,5.388140587926246,0
6.980477399999998,4.865298530396866,0
6.994257599999997,5.965029276690851,0
7.0080004,6.213346689581242,1.00000000458067e-06
7.022955400000001,6.586345887857524,0.014943000000002371
7.023626999999998,6.934080128015318,0.015595799999999826
7.030411799999996,7.055185970536476,0.022413300000003744
7.043832899999998,7.518727305915347,0.03581830000000252
7.050468099999996,7.7023415681634235,0.042449300000001244
7.0610839,7.789931650057636,0.05296369999999939
7.070560100000002,7.917206792001785,0.06249440000000561
7.080927099999997,8.301031304013586,0.07290920000000511
7.095437499999996,8.060181092143798,0.08744270000000398
7.1004875,8.20633568180298,0.09240920000000585
7.1104269,8.314667798570671,0.10243559999999974
7.1204897,8.383260870307085,0.11246350000000405
7.1304254,8.246757239301694,0.12242530000000329
7.140595499999996,8.466483135678205,0.13246690000000427
7.150414699999999,8.314667798570671,0.14238980000000367
7.160452599999999,8.355741302653907,0.15244960000000418
7.170455499999996,8.452543313875262,0.1624545000000026
7.180390899999999,8.314667798570671,0.1723929000000055
7.190598999999999,8.047053062365295,0.1825048000000038
7.200465700000002,7.802544922425701,0.19241889999999984
7.213215499999997,7.567153771952609,0.20519600000000082
7.220660899999999,7.224683297447398,0.21262550000000147
7.230422499999996,7.60372870967274,0.2224424000000056
7.240600499999999,8.02087563986406,0.23255830000000088
7.256650799999996,8.383260870307085,0.24862300000000204
7.260429099999996,8.508470269933717,0.25242090000000417
7.2705822,8.621675420423669,0.26254000000000133
7.280484899999998,8.452543313875262,0.272473600000005
7.290572599999997,7.955888361417405,0.2825281000000004
7.304677300000002,8.287422055190799,0.2966616000000002
7.319177699999997,8.08651605131745,0.31110250000000406
7.3204873999999975,8.369487326701252,0.31247690000000006
7.330534700000001,8.152816159873417,0.32244290000000575
7.3406533,8.20633568180298,0.33260220000000373
7.350474999999996,7.82784727308025,0.34241600000000005
7.363448399999996,8.08651605131745,0.35543619999999976
7.378501,7.815183446581865,0.37048100000000517
7.391385399999997,7.968833879342992,0.3833809000000059
7.3920492999999965,8.08651605131745,0.3840135000000018
7.405450199999997,7.7773435790245795,0.39746010000000354
7.419580699999997,7.840536452576179,0.4114482000000024
7.4257256,7.802544922425701,0.4176665000000028
7.430519400000001,7.878756617124858,0.4224610999999996
7.4406807000000015,7.815183446581865,0.43263100000000065
7.450569299999998,7.555010811416895,0.44252950000000624
7.460633899999998,7.689928502230714,0.452553800000004
7.470471599999996,8.08651605131745,0.4624457000000035
7.4841348,8.02087563986406,0.47613490000000525
7.4905987,7.802544922425701,0.48249859999999956
7.503248899999996,7.917206792001785,0.49510190000000165
7.510362000000001,7.994802717912391,0.5023811000000009
7.520450199999999,7.994802717912391,0.5124455999999995
7.530405799999997,8.152816159873417,0.5224199000000027
7.544516099999996,8.342022743180927,0.536465800000002
7.550373199999996,8.11295656128866,0.5423897000000011
7.560377799999998,8.08651605131745,0.5523780000000045
7.570433899999998,7.891547717195478,0.5624083000000013
7.582462899999996,7.293918879685199,0.5744489000000002
7.590825199999998,7.714779485070684,0.5826679000000041
7.600424099999998,7.677540237620285,0.5923684000000051
7.610387500000002,7.482660849647961,0.6023969000000022
7.6205493,7.60372870967274,0.6125579999999999
7.6305257,7.282321842828364,0.6224942999999996
7.640562899999999,6.9998074648463415,0.6325164000000001
7.653748499999999,6.966845205721355,0.6457143000000016
7.6604474999999965,6.74156490855173,0.6524692000000059
7.670622899999998,6.337774657733094,0.6624717000000047
7.680433399999998,6.576162582781321,0.6724401000000029
7.690568200000001,6.27994423832014,0.6825298000000046
7.700378299999997,6.299143989175471,0.6923975000000056
7.7104896000000025,6.27994423832014,0.7024950000000061
7.720495,6.270373124148044,0.7124210000000062
7.730596399999996,6.425831939575096,0.7225798000000054
7.7406577,6.337774657733094,0.7325143999999995
7.750442800000002,6.289534513875581,0.742437300000006
7.7604209,6.366951147619736,0.7523979000000054
7.770475099999999,6.337774657733094,0.7624704999999992
7.780436399999999,6.366951147619736,0.7724119000000016
7.7905625,6.213346689581242,0.7824963000000054
7.800883599999999,6.27994423832014,0.792880800000006
7.810395100000001,6.185089067084062,0.8023904000000002
7.820465399999996,6.2228036367552635,0.812459600000004
7.8304985999999985,6.194489442460147,0.8223841000000007
7.840479299999998,5.704400565352053,0
7.853259600000001,5.474858884513335,0
7.860390199999998,5.388140587926246,0
7.8704911999999965,5.44310400232517,0
7.880499700000001,5.212869852773224,0
7.8907006999999965,5.867644987585125,0
7.900363399999996,5.850167785342203,0
7.910354599999998,5.679187476864623,0
7.920690100000002,5.6458044870513815,0
7.930343199999996,5.850167785342203,0
7.940701499999996,5.5310448932559035,0
7.950456299999999,5.514911402176358,0
7.960471900000002,5.539135871323494,0
7.970503899999997,5.662462599012697,0
7.980570399999998,5.704400565352053,0
7.990494599999998,5.265362219909473,0
8.000453499999999,5.982966845017518,0
8.010449600000001,6.0829163286647,8.99999996306633e-07
8.024422899999998,6.110559071938329,0.01397529999999847
8.030407099999998,6.0829163286647,0.019926699999999187
8.040651599999997,6.028125932580405,0.030067999999999984
8.050474299999998,6.0009763073095606,0.04003060000000147
8.060373599999998,5.885192238641251,0
8.0738263,5.885192238641251,0
8.0806015,6.019057951718768,1.1999999998124622e-06
8.0963518,6.0645797609342535,0.015701900000003377
8.100755200000002,6.073738876518667,0.020064400000002536
8.1104403,6.1198102381647095,0.029866900000001806
8.1206624,6.0829163286647,0.03995069999999856
8.1304224,5.982966845017518,0
8.143541800000001,6.0009763073095606,1.00000000458067e-06
8.1568793,5.956087363031768,0
8.170508399999996,5.982966845017518,0
8.171354999999998,5.956087363031768,0
8.1804165,6.019057951718768,1.0999999986438525e-06
8.1940418,6.028125932580405,0.013606799999998032
8.200490199999997,6.1198102381647095,0.020082099999996217
8.2104347,6.15700048270041,0.03004349999999789
8.220527099999998,6.308772702657734,0.040116499999996336
8.230383400000001,6.376715611123658,0.050003300000000195
8.240597600000001,6.347480709865341,0.060157099999997854
8.250456899999996,6.337774657733094,0.07004709999999648
8.260444200000002,6.337774657733094,0.08003819999999706
8.270544000000001,6.4061264490717855,0.09010109999999827
8.2805039,6.27994423832014,0.10004070000000098
8.290443599999996,6.185089067084062,0.11002380000000045
8.300471600000002,6.289534513875581,0.12005949999999643
8.310423299999997,6.0829163286647,0.12999200000000144
8.3204487,5.982966845017518,0
8.333143899999996,5.956087363031768,0
8.3405658,5.850167785342203,0
8.350462899999997,5.965029276690851,0
8.360627999999998,6.0009763073095606,1.0999999986438525e-06
8.375723399999998,5.920498011343938,0
8.388838899999996,5.89399222016673,0
8.390574700000002,5.629212874450519,0
8.400492,5.5310448932559035,0
8.4103827,5.4908318446744335,0
8.420514400000002,5.372577572356361,0
8.4304056,5.280495515201974,0
8.440519199999997,5.198006519845759,0
8.4505136,4.899224864653134,0
8.4633672,4.765531561429901,0
8.470476399999995,4.758986245804439,0
8.480393299999996,4.732935497767326,0
8.490623200000002,4.845104980444953,0
8.500338,4.968103855907675,0
8.510544199999998,4.906050938180612,0
8.520552000000002,4.989037617526732,0
8.530354500000001,5.074040069694855,0
8.5450242,5.059730946740808,0
8.550385999999996,5.280495515201974,0
8.561172900000003,4.989037617526732,0
8.574150199999998,4.989037617526732,0
8.5803649,4.906050938180612,0
8.590601800000002,4.9750678252675264,0
8.6003677,4.989037617526732,0
8.610365099999996,4.9750678252675264,0
8.620485099999996,5.074040069694855,0
8.632999599999998,4.989037617526732,0
8.647963400000002,5.045478945958075,0
8.663675400000002,5.074040069694855,0
8.664287299999998,5.131852375935964,0
8.670554799999998,5.280495515201974,0
8.6804159,5.161107258447625,0
8.690496599999996,5.175822698741421,0
8.700427499999996,5.250289336893039,0
8.7106888,5.303309261089653,0
8.720632000000002,5.153771582052348,0
8.730661099999999,5.124575150834932,0
8.740748599999996,5.168457620876828,0
8.750521499999998,4.9750678252675264,0
8.763406699999997,4.858553880234452,0
8.770480999999997,4.858553880234452,0
8.780371899999999,4.77208998078598,0
8.790467299999996,4.75245400772832,0
8.8004326,4.687845169568926,0
8.810591699999996,4.851822705892051,0
8.820776299999999,5.0030634008624695,0
8.834018299999997,5.081216123496028,0
8.840497200000001,4.968103855907675,0
8.853492500000002,4.961153800567885,0
8.8605618,4.982045736503327,0
8.870551800000001,4.906050938180612,0
8.880486099999999,4.758986245804439,0
8.8905545,4.459719758943291,0
8.900400300000001,4.286753449470591,0
8.910450599999997,4.436053591759902,0
8.920474999999996,4.166347063130264,0
8.9304007,4.0924377050572724,0
8.940584600000001,4.102869906370529,0
8.950432899999996,4.155661460330809,0
8.960398399999995,4.3604331243554055,0
8.9705284,4.519720158113891,0
8.9804381,4.513665973999837,0
8.990616799999998,4.568592012886777,0
9.0004433,4.47162403065012,0
9.010407999999998,4.459719758943291,0
9.020519399999998,4.418427800460581,0
9.030377999999999,4.182455823463794,0
9.040577399999997,3.698737736416347,0
9.053599999999996,3.965495812250389,0
9.060353,3.9853824191140568,0
9.070606300000001,3.9605489691179665,0
9.0805176,3.9408602372987573,0
9.0905341,4.051123695216862,0
9.103840599999998,4.082047149202822,0
9.110459999999996,4.177075493939835,0
9.1205043,4.231366100206485,0
9.130437399999998,4.29796447036223,0
9.140535399999997,4.214964756839351,0
9.150436,4.061390309537554,0
9.1605444,4.309220425145312,0
9.170495099999997,4.286753449470591,0
9.180460199999999,4.281164733150875,0
9.190462699999998,4.220420940718179,0
9.200417899999998,4.3604331243554055,0
9.210335100000002,4.275587183093811,0
9.220601899999998,4.220420940718179,0
9.230391099999999,4.214964756839351,0
9.2404576,4.286753449470591,0
9.250492199999997,4.441952395781175,0
9.2604465,4.41257599861211,0
9.270681799999998,4.4537854557067424,0
9.280543399999999,4.459719758943291,0
9.290493900000001,4.459719758943291,0
9.300538099999997,4.366180536100056,0
9.3104029,4.3604331243554055,0
9.320374700000002,4.418427800460581,0
9.3305857,4.430166573556925,0
9.340700399999996,4.3950906511189265,0
9.3506249,4.29796447036223,0
9.3605917,4.3604331243554055,0
9.370763099999998,4.424291317624163,0
9.380392199999996,4.4537854557067424,0
9.390464999999999,4.383491901478728,0
9.4004793,4.649695582848366,0
9.410364399999999,4.568592012886777,0
9.4204717,4.618252106430505,0
9.4305169,4.556300643961566,0
9.440534399999997,4.649695582848366,0
9.450370299999996,4.605762493882691,0
9.460403999999997,4.649695582848366,0
9.4705565,4.694248060664865,0
9.480437099999996,4.707092324309132,0
9.490490899999998,4.851822705892051,0
9.5003782,4.637080447607629,0
9.5103899,4.687845169568926,0
9.5204096,4.649695582848366,0
9.530397899999997,4.75245400772832,0
9.540549200000001,4.838400677022255,0
9.550435700000001,4.739428659760467,0
9.560437499999999,4.811717148034032,0
9.570544599999998,4.818368030996101,0
9.580396499999999,4.77208998078598,0
9.590473500000002,4.798455220978574,0
9.6003708,4.71998806789923,0
9.610526100000001,4.732935497767326,0
9.620564099999996,4.75245400772832,0
9.630428699999996,4.732935497767326,0
9.640478699999996,4.758986245804439,0
9.650425300000002,4.791844123837453,0
9.660470400000001,4.8250322290347345,0
9.670532799999997,4.926611263103525,0
9.680433799999996,4.865298530396866,0
9.6904671,4.77208998078598,0
9.700487899999999,4.954217631447924,0
9.710436899999998,4.899224864653134,0
9.720418000000002,5.124575150834932,0
9.733578299999998,5.124575150834932,0
9.7406669,5.168457620876828,0
9.7503825,5.2729213009106,0
9.7609493,5.395945471383927,0
9.770587300000003,5.333941299963164,0
9.7804735,5.411602145742623,0
9.790458000000001,5.451018922611801,0
9.800392500000001,5.4273215722193155,0
9.8105039,5.670816675502524,0
9.820453899999997,5.738254203876421,0
9.830419,5.7981536807136225,0
9.840504799999998,5.991962571435397,0
9.850394299999998,5.902809819266964,0
9.860476900000002,6.299143989175471,8.000000022434506e-07
9.8740533,6.386499623096539,0.013444400000004464
9.880427699999998,6.555856970748401,0.01996210000000076
9.890648399999996,6.435714282503059,0.03005149999999901
9.900494600000002,6.328087998305943,0.0399762999999993
9.910401999999998,6.073738876518667,0.04992100000000477
9.920444500000002,6.055438945274984,0.059940400000002114
9.930506199999996,6.27994423832014,0.07004020000000111
9.9405183,6.445616409894751,0.0800477000000015
9.9503737,5.704400565352053,0
9.964069699999996,6.658202150477414,1.1999999998124622e-06
9.979816299999996,6.658202150477414,0.01575549999999737
9.9805506,6.699716804887621,0.016563499999996623
9.990568099999997,6.5965495799240745,0.026543900000000065
10.000641000000002,6.699716804887621,0.036537400000000275
10.010463899999998,6.678917963083457,0.04649329999999452
10.020465199999997,6.699716804887621,0.05651269999999897
10.030339099999999,6.773171422726079,0.06640709999999928
10.040459599999998,6.773171422726079,0.07646109999999595
10.050451000000002,6.86913680573084,0.086464399999997
10.060434199999996,6.955901662500982,0.09644829999999871
10.0705162,6.966845205721355,0.10645289999999363
10.080390999999999,6.9998074648463415,0.11647059999999954
10.090652999999996,7.021892435199812,0.12666829999999862
10.103984499999996,6.658202150477414,0.1400044999999963
10.117049299999998,7.328849479972434,0.1531129999999976
10.1310821,7.434907630411287,0.16706199999999427
10.131810199999997,7.677540237620285,0.16783859999999606
10.1410664,7.878756617124858,0.17709269999999577
10.150443199999998,8.287422055190799,0.18644859999999852
10.165033199999996,8.287422055190799,0.2009823999999938
10.170549299999998,8.452543313875262,0.20652979999999843
10.1804372,8.522522057577296,0.21647039999999862
10.190574300000002,8.593204099345877,0.22653409999999496
10.200446800000002,8.824195583331818,0.23648739999999435
10.2104693,8.621675420423669,0.2464367999999979
10.220556899999998,8.579011088888649,0.2565505999999971
10.230438399999997,8.536601976918485,0.266491699999996
10.240441599999997,8.522522057577296,0.276433499999996
10.250415099999998,8.564846436085226,0.286418299999994
10.260531,8.66459650744409,0.2964892999999975
10.270454999999998,8.564846436085226,0.3064852999999985
10.280378499999998,8.794915799605649,0.31647040000000004
10.2905503,8.751215137895052,0.326556999999994
10.300469999999997,8.621675420423669,0.33651409999999515
10.310396099999998,8.853592720743801,0.3464381000000003
10.320448300000002,8.883107682196407,0.356446499999997
10.330351299999997,8.794915799605649,0.3664291999999989
10.340503499999997,8.838879453474007,0.3765289999999979
10.350416799999998,8.957413669740566,0.38645789999999636
10.360563499999998,8.824195583331818,0.3965261999999967
10.370470699999998,8.912740939929662,0.4065032999999971
10.380437100000002,8.987344746665283,0.4164665999999997
10.390425199999996,8.838879453474007,0.42644289999999785
10.4003601,8.824195583331818,0.4364256999999938
10.410477899999997,8.972364242669451,0.44651520000000033
10.4205446,8.912740939929662,0.4565689999999947
10.430492399999999,8.957413669740566,0.4665716999999958
10.4404434,8.94249296807631,0.4764419999999987
10.450641499999996,8.972364242669451,0.4866773999999978
10.460422299999998,8.987344746665283,0.496466599999998
10.470442900000002,8.897909494439109,0.5064551999999978
10.480407999999997,8.838879453474007,0.5164755999999997
10.490473600000001,8.957413669740566,0.5264375999999942
10.500472000000002,8.853592720743801,0.536438099999998
10.510447499999998,8.972364242669451,0.5464956000000001
10.520400899999999,8.897909494439109,0.5564341999999982
10.530375299999996,8.972364242669451,0.566434099999995
10.540644299999997,8.957413669740566,0.5765731999999986
10.550388499999997,9.246651300076511,0.5864288999999943
10.5639179,9.123526107475662,0.599927099999995
10.5705807,9.002355241650097,0.6066123999999959
10.580564799999998,9.138809237726493,0.6165351000000001
10.590627300000001,9.184842454704212,0.626593199999995
10.600708599999997,9.293333514473604,0.6366951999999984
10.6103946,9.246651300076511,0.6464173999999971
10.620581999999999,9.246651300076511,0.6565477999999985
10.630473000000002,9.246651300076511,0.6665159999999943
10.640669199999998,9.231152701241395,0.6765464999999935
10.650462400000002,9.231152701241395,0.6865178999999983
10.660378600000001,9.27774164451191,0.6964070999999947
10.670593799999999,9.26218092712718,0.7064869999999956
10.680335899999996,9.32461096172274,0.7164089999999987
10.6904142,9.26218092712718,0.7264333999999977
10.700343799999999,9.184842454704212,0.7363967999999943
10.710375900000003,9.231152701241395,0.7464327999999938
10.720425300000002,9.466918080834294,0.7564926999999955
10.730387399999998,9.30895659937976,0.7664700999999994
10.740544,9.419197477321548,0.7764908999999989
10.750382199999997,9.231152701241395,0.7864210999999983
10.7604459,9.356013769314421,0.7964641999999955
10.770449899999996,9.30895659937976,0.8064543999999998
10.780470600000001,9.293333514473604,0.816489599999997
10.790414999999996,9.340296664120023,0.8264687999999936
10.8003669,9.032466444874892,0.8364160999999939
10.810400899999998,8.508470269933717,0.846436599999997
10.824856699999998,9.435072542049229,0.8608625999999973
10.840952999999999,9.30895659937976,0.8769729999999996
10.841642700000001,9.356013769314421,0.8776864999999958
10.850662499999999,9.356013769314421,0.886626899999996
10.860396399999999,9.27774164451191,0.8964275999999956
10.870544199999998,9.340296664120023,0.9065234999999987
10.8803688,9.482888682273867,0.9164513999999997
10.890512999999999,9.435072542049229,0.9264987999999974
10.9004197,9.371762340174383,0.9364894999999933
10.910462199999998,9.644363824876494,0.9464935999999966
10.920539999999995,9.403354130994348,0.9564801000000003
10.9303745,9.340296664120023,0.9664341999999948
10.9404836,9.435072542049229,0.9765005999999943
10.9504114,9.293333514473604,0.9864555999999993
10.960316300000002,9.403354130994348,0.9963506999999936
10.970506299999997,9.482888682273867,1.006504299999996
10.980540599999998,9.403354130994348,1.006504299999996
10.991753099999997,9.563222569082706,1.006504299999996
11.007628499999996,9.450979388677672,1.006504299999996
11.0105437,9.482888682273867,1.006504299999996
11.020692099999998,9.482888682273867,1.006504299999996
11.0305702,9.435072542049229,1.006504299999996
11.040704599999998,9.482888682273867,1.006504299999996
11.0505195,9.435072542049229,1.006504299999996
11.0605409,9.371762340174383,1.006504299999996
11.070609300000001,9.498891256878826,1.006504299999996
11.0805096,9.419197477321548,1.006504299999996
11.090636699999997,9.435072542049229,1.006504299999996
11.100435099999999,9.371762340174383,1.006504299999996
11.110484499999998,9.482888682273867,1.006504299999996
11.120556899999997,9.466918080834294,1.006504299999996
11.1304966,9.466918080834294,1.006504299999996
11.140657499999996,9.466918080834294,1.006504299999996
11.150497199999997,9.200248340363991,1.006504299999996
11.160466999999997,9.154122964824467,1.006504299999996
11.170569299999997,9.387542439694219,1.006504299999996
11.180515499999998,9.403354130994348,1.006504299999996
11.190705100000002,9.419197477321548,1.006504299999996
11.200538299999998,9.184842454704212,1.006504299999996
11.210771299999998,9.215685068627405,1.006504299999996
11.220900499999999,9.293333514473604,1.006504299999996
11.230788099999998,9.293333514473604,1.006504299999996
11.240695199999998,9.200248340363991,1.006504299999996
11.250809099999998,9.215685068627405,1.006504299999996
11.2605827,9.293333514473604,1.006504299999996
11.270525499999998,9.184842454704212,1.006504299999996
11.2806517,9.27774164451191,1.006504299999996
11.290619399999997,9.435072542049229,1.006504299999996
11.3005755,9.215685068627405,1.006504299999996
11.3106279,9.371762340174383,1.006504299999996
11.320550599999997,9.138809237726493,1.006504299999996
11.330477600000002,9.06269833412371,1.006504299999996
11.340640299999997,9.017395787665905,1.006504299999996
11.350441599999996,9.138809237726493,1.006504299999996
11.361002,9.032466444874892,1.006504299999996
11.3707128,9.293333514473604,1.006504299999996
11.380544399999998,9.09305139310744,1.006504299999996
11.390571299999998,9.06269833412371,1.006504299999996
11.400523299999996,8.987344746665283,1.006504299999996
11.410561399999999,9.154122964824467,1.006504299999996
11.420527200000002,9.032466444874892,1.006504299999996
11.430551600000001,9.017395787665905,1.006504299999996
11.440508000000001,8.987344746665283,1.006504299999996
11.4505111,8.410890736681248,1.006504299999996
11.460506000000002,9.077859687091145,1.006504299999996
11.470742199999997,8.94249296807631,1.006504299999996
11.480635499999998,9.06269833412371,1.006504299999996
11.490617899999997,8.987344746665283,1.006504299999996
11.500514600000002,9.16946735002452,1.006504299999996
11.510611599999997,8.987344746665283,1.006504299999996
11.520608599999996,8.853592720743801,1.006504299999996
11.530549700000002,8.957413669740566,1.006504299999996
11.540574999999997,8.751215137895052,1.006504299999996
11.550477399999998,8.736706421172222,1.006504299999996
11.560722399999996,8.494446557780574,1.006504299999996
11.570630799999996,8.522522057577296,1.006504299999996
11.580610299999996,8.522522057577296,1.006504299999996
11.590773499999997,8.522522057577296,1.006504299999996
11.600485499999998,8.301031304013586,1.006504299999996
11.6105162,8.722226692884746,1.006504299999996
11.620647900000002,8.508470269933717,1.006504299999996
11.630555600000001,8.564846436085226,1.006504299999996
11.640547399999996,8.579011088888649,1.006504299999996
11.650539600000002,8.287422055190799,1.006504299999996
11.660527799999997,7.9300748693738,1.006504299999996
11.670647699999996,8.02087563986406,1.006504299999996
11.680664899999996,7.878756617124858,1.006504299999996
11.6906842,7.7023415681634235,1.006504299999996
11.700510600000001,7.482660849647961,1.006504299999996
11.710658000000002,7.387534912892297,1.006504299999996
11.720605999999997,7.328849479972434,1.006504299999996
11.730509499999997,7.41117389899744,1.006504299999996
11.740685999999997,7.446810144218417,1.006504299999996
11.750569900000002,7.363990293871589,1.006504299999996
11.760546900000001,7.591512672362713,1.006504299999996
11.7705974,7.530797626824645,1.006504299999996
11.780425600000001,6.8476616374779695,1.006504299999996
11.790589499999996,6.415969341581473,1.006504299999996
11.8005322,6.386499623096539,1.006504299999996
11.8108753,6.110559071938329,1.006504299999996
11.8207217,5.571662089694587,1.006504299999996
11.830840899999998,5.695979388205552,1.006504299999996
11.8406503,5.514911402176358,1.006504299999996
11.8506869,5.205430754645505,1.006504299999996
11.860590600000002,4.926611263103525,1.006504299999996
11.870634299999999,4.0054287569044424,1.006504299999996
11.880513799999996,3.3274607785093675,1.006504299999996
11.890670299999996,2.929541193458806,1.006504299999996
11.900483399999999,2.6923399850801366,1.006504299999996
11.9105257,2.3735120386173914,1.006504299999996
11.920591600000002,2.107519106871547,1.006504299999996
11.930690300000002,2.016155929004137,1.006504299999996
11.9406629,1.9519663553826645,1.006504299999996
11.950513700000002,1.7797382559010433,1.006504299999996
11.960489600000002,1.672759535886232,1.006504299999996
11.970625300000002,1.6936484680000885,1.006504299999996
11.980562599999999,1.673493641261721,1.006504299999996
