0.00048630000000216,1.4929614,0
0.010173900000001623,1.4929614,0
0.025375600000000276,1.4929614,0
0.03011240000000015,1.4929614,0
0.04014970000000062,1.4929614,0
0.050237200000001536,1.4929614,0
0.06012570000000039,1.4929614,0
0.07016620000000273,1.4929614,0
0.08011490000000165,1.4929614,0
0.09027840000000253,1.4929614,0
0.1002124000000002,1.4929614,0
0.11012320000000031,1.4929614,0
0.12025150000000195,1.4929614,0
0.13013590000000264,1.4929614,0
0.14011440000000164,1.4929614,0
0.15018550000000275,1.4929614,0
0.1601265000000005,1.4929614,0
0.17018340000000265,1.4929614,0
0.18024920000000222,1.4929614,0
0.19008710000000306,1.4929614,0
0.20016050000000263,1.4929614,0
0.2102144000000017,1.4929614,0
0.22019620000000018,1.4929614,0
0.23033300000000168,1.4929614,0
0.24014980000000108,1.4929614,0
0.2500952000000005,1.4929614,0
0.2601405999999997,1.4929614,0
0.27022340000000256,1.4929614,0
0.2801197000000002,1.4929614,0
0.2901643000000007,1.4929614,0
0.3002619000000024,1.4929614,0
0.31010190000000293,1.4929614,0
0.3201455000000024,1.4929614,0
0.3301797000000022,1.4929614,0
0.3401485000000015,1.4929614,0
0.3501710000000031,1.4929614,0
0.36013480000000087,1.4929614,0
0.37017520000000204,1.4929614,0
0.3801679,1.4929614,0
0.3901127000000031,1.4929614,0
0.40018620000000027,1.4929614,0
0.4101841999999998,1.4929614,0
0.4201830000000015,1.4929614,0
0.43010180000000275,1.4929614,0
0.44009110000000007,1.4929614,0
0.4501817000000017,1.4929614,0
0.4601266000000024,1.4929614,0
0.4701822,1.4929614,0
0.48018780000000305,1.4929614,0
0.4900947000000002,1.4929614,0
0.5002232000000006,1.4929614,0
0.510306400000001,1.4929614,0
0.5202745000000029,1.4929614,0
0.5302818000000009,1.4929614,0
0.5404827000000019,1.4929614,0
0.5502698000000024,1.4929614,0
0.5601318000000006,1.4929614,0
0.5701506000000016,1.4929614,0
0.5801628000000001,1.4929614,0
0.5901859000000016,1.4929614,0
0.6001278000000028,1.4929614,0
0.6102070000000026,1.4929614,0
0.6201726000000001,1.4929614,0
0.6301783000000007,1.4929614,0
0.6401886000000019,1.4929614,0
0.6501470000000005,1.4929614,0
0.6601393000000009,1.4929614,0
0.6703050000000026,1.4929614,0
0.6802825000000006,1.4929614,0
0.6901725000000027,1.4929614,0
0.7002158999999999,1.4929614,0
0.7101371000000007,1.4929614,0
0.7203611000000016,1.4929614,0
0.7302902000000024,1.4929614,0
0.7401116000000023,1.4929614,0
0.750175500000001,1.4929614,0
0.7601341000000019,1.4929614,0
0.7703541999999999,1.4929614,0
0.7801174000000017,1.4929614,0
0.7900989000000003,1.4929614,0
0.8002341000000008,1.4929614,0
0.8101653000000013,1.4929614,0
0.8201081000000023,1.4929614,0
0.8302056000000029,1.4929614,0
0.8401288000000022,1.4929614,0
0.8502316000000008,1.4929614,0
0.8601578000000032,1.4929614,0
0.8702041999999999,1.4929614,0
0.8801274000000028,1.4929614,0
0.8902200000000029,1.4929614,0
0.9002125999999997,1.4929614,0
0.9101689999999998,1.4929614,0
0.9202257000000031,1.4929614,0
0.9301275000000011,1.4929614,0
0.9401951000000004,1.4929614,0
0.9502109000000019,1.4929614,0
0.9601980000000019,1.4929614,0
0.9701789000000005,1.4929614,0
0.9802252000000031,1.4929614,0
0.9901816000000032,1.4929614,0
1.000307300000003,1.4929614,0
1.0102666000000013,1.4929614,0
1.0234953000000004,1.4929614,0
1.030160600000002,1.4929614,0
1.0402144,1.4929614,0
1.050288100000003,1.4929614,0
1.0600669000000025,1.4929614,0
1.0705583000000019,1.4929614,0
1.0802647000000007,1.4929614,0
1.0905476000000007,1.4929614,0
1.1003097000000004,1.4929614,0
1.1102671000000015,1.4929614,0
1.1202368000000007,1.4929614,0
1.1301932000000008,1.4929614,0
1.1402103000000032,1.4929614,0
1.1503381000000026,1.4929614,0
1.1601575000000004,1.4929614,0
1.170147,1.4929614,0
1.1801094000000028,1.4929614,0
1.190207400000002,1.4929614,0
1.2002440000000014,1.4929614,0
1.2103591000000016,1.4929614,0
1.2202344000000025,1.4929614,0
1.2301165000000012,1.4929614,0
1.2400715000000027,1.4929614,0
1.250238600000003,1.4929614,0
1.2601615000000024,1.4929614,0
1.2702780000000011,1.4929614,0
1.2801034000000016,1.4929614,0
1.2901280000000028,1.4929614,0
1.3002414000000009,1.4929614,0
1.3101358000000012,1.4929614,0
1.320171300000002,1.4929614,0
1.330255600000001,1.4929614,0
1.340161400000003,1.4929614,0
1.3502104000000017,1.4929614,0
1.3602364000000016,1.4929614,0
1.3702123999999998,1.4929614,0
1.3801425000000016,1.4929614,0
1.3902549999999998,1.4929614,0
1.4002161000000015,1.4929614,0
1.4102339000000015,1.4929614,0
1.4202545999999998,1.4929614,0
1.4301845000000029,1.4929614,0
1.4402197,1.4929614,0
1.450271100000002,1.4929614,0
1.4601316000000004,1.4929614,0
1.4701822,1.4929614,0
1.4801245000000023,1.4929614,0
1.4900942000000015,1.4929614,0
1.5002262000000002,1.4929614,0
1.5101773000000023,1.4929614,0
1.520379700000003,1.4929614,0
1.5302158000000006,1.4929614,0
1.5401854000000021,1.4929614,0
1.550165800000002,1.4929614,0
1.560159200000001,1.4929614,0
1.5701374000000001,1.4929614,0
1.580202100000001,1.4929614,0
1.5902124999999998,1.4929614,0
1.6002454000000021,1.4929614,0
1.610113700000003,1.4929614,0
1.6202256000000013,1.4929614,0
1.6301954000000016,1.4929614,0
1.6402711000000032,1.4929614,0
1.650211200000001,1.4929614,0
1.6601458999999998,1.4929614,0
1.6702767000000023,1.4929614,0
1.6801153000000006,1.4929614,0
1.6901360000000025,1.4929614,0
1.7002552000000009,1.4929614,0
1.7101026000000026,1.4929614,0
1.7202461000000007,1.4929614,0
1.7301414000000008,1.4929614,0
1.7401667000000032,1.4929614,0
1.7502926000000016,1.4929614,0
1.7602933000000007,1.4929614,0
1.7705312000000006,1.4929614,0
1.7802886000000022,1.4929614,0
1.790390200000001,1.4929614,0
1.8001880000000021,1.4929614,0
1.8101332000000028,1.4929614,0
1.820222900000001,1.4929614,0
1.8302070000000015,1.4929614,0
1.8402005000000017,1.4929614,0
1.8501588000000027,1.4929614,0
1.8600735000000022,1.4929614,0
1.8701774000000029,1.4929614,0
1.8801228000000023,1.4929614,0
1.8900711000000001,1.4929614,0
1.9002228000000017,1.4929614,0
1.9100748000000003,1.4929614,0
1.9201848000000012,1.4929614,0
1.9301616000000017,1.4929614,0
1.9400556000000009,1.4929614,0
1.9502298000000025,1.4929614,0
1.960197700000002,1.4929614,0
1.970160400000001,1.4929614,0
1.980117400000001,1.4929614,0
1.9901249000000014,1.4929614,0
2.0002488000000014,1.4929614,0
2.0101513000000004,1.4929614,0
2.0201389000000027,1.4929614,0
2.030077700000003,1.4929614,0
2.040306300000001,1.4929614,0
2.050288600000002,1.4929614,0
2.0602598000000008,1.4929614,0
2.070225200000003,1.4929614,0
2.080119800000002,1.4929614,0
2.0901507000000024,1.4929614,0
2.1001925999999997,1.4929614,0
2.1101688000000003,1.4929614,0
2.1203049000000007,1.4929614,0
2.130110600000002,1.4929614,0
2.1401927,1.4929614,0
2.1502007000000027,1.4929614,0
2.1600999000000023,1.4929614,0
2.1702516000000003,1.4929614,0
2.180068300000002,1.4929614,0
2.1901581000000014,1.4929614,0
2.2002207000000027,1.4929614,0
2.2101255,1.4929614,0
2.220161300000001,1.4929614,0
2.2300985000000004,1.4929614,0
2.2402992000000026,1.4929614,0
2.250230700000003,1.4929614,0
2.2601972000000004,1.4929614,0
2.2702771000000013,1.4929614,0
2.280129200000001,1.4929614,0
2.2902131000000026,1.4929614,0
2.3002537000000025,1.4929614,0
2.3100833000000023,1.4929614,0
2.3201777999999997,1.4929614,0
2.3301054000000008,1.4929614,0
2.3401186000000003,1.4929614,0
2.350377100000003,1.4929614,0
2.3603444000000025,1.4929614,0
2.3703755000000015,1.4929614,0
2.380117100000003,1.4929614,0
2.3902262000000007,1.4929614,0
2.4001886,1.4929614,0
2.4100763,1.4929614,0
2.4202131000000016,1.4929614,0
2.4301789000000014,1.4929614,0
2.4401490000000017,1.4929614,0
2.4501838000000014,1.4929614,0
2.4601337,1.4929614,0
2.4701603,1.4929614,0
2.4801232000000013,1.4929614,0
2.490143700000001,1.4929614,0
2.5001937000000005,1.4929614,0
2.5100513000000007,1.4929614,0
2.520196600000002,1.4929614,0
2.530122000000002,1.4929614,0
2.540135000000003,1.4929614,0
2.550210800000002,1.4929614,0
2.5601353000000024,1.4929614,0
2.570245,1.4929614,0
2.580115000000003,1.4929614,0
2.5901587,1.4929614,0
2.6001434000000003,1.4929614,0
2.610174100000002,1.4929614,0
2.6201623000000005,1.4929614,0
2.6301584000000027,1.4929614,0
2.6402555999999997,1.4929614,0
2.650235900000002,1.4929614,0
2.6600433000000017,1.4929614,0
2.6702195000000017,1.4929614,0
2.6801330000000014,1.4929614,0
2.690151,1.4929614,0
2.700248600000002,1.4929614,0
2.710119200000001,1.4929614,0
2.7202175000000004,1.4929614,0
2.7301842,1.4929614,0
2.7401015000000015,1.4929614,0
2.7502187000000013,1.4929614,0
2.7601507000000005,1.4929614,0
2.770241600000002,1.4929614,0
2.780162100000002,1.4929614,0
2.7902062,1.4929614,0
2.800151600000003,1.4929614,0
2.810147800000003,1.4929614,0
2.8201818000000003,1.4929614,0
2.830144200000003,1.4929614,0
2.8402036000000024,1.4929614,0
2.850186400000002,1.4929614,0
2.8601467000000014,1.4929614,0
2.870207800000003,1.4929614,0
2.880071400000002,1.4929614,0
2.8901313,1.4929614,0
2.9002159000000027,1.4929614,0
2.9101272000000016,1.4929614,0
2.9202661000000028,1.4929614,0
2.9300981999999998,1.4929614,0
2.9401134000000013,1.4929614,0
2.950363000000003,1.4929614,0
2.9602900000000005,1.4929614,0
2.9705397,1.4929614,0
2.9801587000000005,1.4929614,0
2.990311900000002,1.4929614,0
3.0001934000000006,1.4929614,0
3.0101720000000007,1.4929614,0
3.0201888000000032,1.4929614,0
3.0301345000000026,1.4929614,0
3.0403131000000023,1.4929614,0
3.0502446000000027,1.4929614,0
3.0602043000000023,1.4929614,0
3.0702710000000017,1.4929614,0
3.080127000000001,1.4929614,0
3.0900891,1.4929614,0
3.100292200000002,1.4929614,0
3.110152600000003,1.4929614,0
3.120222400000003,1.4929614,0
3.1301578000000028,1.4929614,0
3.1401064000000005,1.4929614,0
3.150190300000002,1.4929614,0
3.1601091000000032,1.4929614,0
3.1701745000000017,1.4929614,0
3.180221000000003,1.4929614,0
3.190225100000003,1.4929614,0
3.2001379000000014,1.4929614,0
3.210121300000001,1.4929614,0
3.220473600000002,1.4929614,0
3.230136400000003,1.4929614,0
3.2400505000000024,1.4929614,0
3.2502021000000028,1.4929614,0
3.260118300000002,1.4929614,0
3.270401400000001,1.4929614,0
3.2802363999999997,1.4929614,0
3.2901457,1.4929614,0
3.300150000000002,1.4929614,0
3.3100736000000026,1.4929614,0
3.3202148000000022,1.4929614,0
3.3302723000000007,1.4929614,0
3.3402416000000024,1.4929614,0
3.3501288000000002,1.4929614,0
3.3601790000000022,1.4929614,0
3.3701562000000003,1.4929614,0
3.3802293,1.4929614,0
3.390103800000002,1.4929614,0
3.400234600000001,1.4929614,0
3.4100689000000024,1.4929614,0
3.420202600000003,1.4929614,0
3.4301910000000007,1.4929614,0
3.440092500000002,1.4929614,0
3.450163800000002,1.4929614,0
3.4601555000000026,1.4929614,0
3.4702096000000004,1.4929614,0
3.4800565,1.4929614,0
3.490047500000003,1.4929614,0
3.500152,1.4929614,0
3.510104700000003,1.4929614,0
3.520126600000001,1.4929614,0
3.530201100000003,1.4929614,0
3.5400293000000005,1.4929614,0
3.550196800000002,1.4929614,0
3.5603792,1.4929614,0
3.5703016000000005,1.4929614,0
3.580288900000003,1.4929614,0
3.590131500000002,1.4929614,0
3.6003042,1.4929614,0
3.6101832000000016,1.4929614,0
3.620435500000003,1.4929614,0
3.6300880000000006,1.4929614,0
3.6400973000000008,1.4929614,0
3.650206700000002,1.4929614,0
3.6600981000000026,1.4929614,0
3.6703685999999998,1.4929614,0
3.6801181000000014,1.4929614,0
3.690133900000003,1.4929614,0
3.700156500000002,1.4929614,0
3.710069500000003,1.4929614,0
3.7203494,1.4929614,0
3.7301862999999997,1.4929614,0
3.740113600000001,1.4929614,0
3.7501444,1.4929614,0
3.7600897000000018,1.4929614,0
3.770203500000001,1.4929614,0
3.7801347000000014,1.4929614,0
3.7901469,1.4929614,0
3.8001495,1.4929614,0
3.8101414000000027,1.4929614,0
3.8202586000000025,1.4929614,0
3.830225000000002,1.4929614,0
3.840044800000001,1.4929614,0
3.8501840000000023,1.4929614,0
3.860120400000003,1.4929614,0
3.870258700000001,1.4929614,0
3.8800753000000014,1.4929614,0
3.890150400000003,1.4929614,0
3.9002613000000004,1.4929614,0
3.9101662000000026,1.4929614,0
3.920120100000002,1.4929614,0
3.930143400000002,1.4929614,0
3.9401379,1.4929614,0
3.9501928,1.4929614,0
3.960067600000002,1.4929614,0
3.9702413000000014,1.4929614,0
3.980133700000003,1.4929614,0
3.9901332000000025,1.4929614,0
4.000154800000001,1.4929614,0
4.0100184,1.4929614,0
4.020252300000003,1.4929614,0
4.030189,1.4929614,0
4.040082400000003,1.4929614,0
4.050191400000003,1.4929614,0
4.060079600000002,1.4929614,0
4.070243300000001,1.4929614,0
4.080151800000003,1.4929614,0
4.090032900000001,1.4929614,0
4.100208900000002,1.4929614,0
4.110161900000001,1.4929614,0
4.120305900000002,1.4929614,0
4.130148100000003,1.4929614,0
4.140141100000001,1.4929614,0
4.150193000000002,1.4929614,0
4.160349400000001,1.4929614,0
4.1704209,1.4929614,0
4.180327500000001,1.4929614,0
4.190239900000002,1.4929614,0
4.2002889,1.4929614,0
4.210105200000001,1.4929614,0
4.2202488,1.4929614,0
4.230173500000003,1.4929614,0
4.2400929000000005,1.4929614,0
4.250165300000003,1.4929614,0
4.2601609000000025,1.4929614,0
4.270243100000002,1.4929614,0
4.280107000000001,1.4929614,0
4.290218200000002,1.4929614,0
4.300296100000001,1.4929614,0
4.310042600000003,1.4929614,0
4.3201526,1.4929614,0
4.330121700000003,1.4929614,0
4.340128200000002,1.4929614,0
4.350175500000002,1.4929614,0
4.360250300000001,1.4929614,0
4.370124100000002,1.4929614,0
4.3800901,1.4929614,0
4.390082000000003,1.4929614,0
4.400253600000003,1.4929614,0
4.410060100000003,1.4929614,0
4.4202519,1.4929614,0
4.430142700000001,1.4929614,0
4.440074800000001,1.4929614,0
4.4502907,1.4929614,0
4.4601617000000005,1.4929614,0
4.470127900000001,1.4929614,0
4.480129700000003,1.4929614,0
4.490132500000001,1.4929614,0
4.500182200000001,1.4929614,0
4.510066700000003,1.4929614,0
4.520246,1.4929614,0
4.530128300000001,1.4929614,0
4.5401466,1.4929614,0
4.550195600000002,1.4929614,0
4.560137100000002,1.4929614,0
4.570213600000002,1.4929614,0
4.580102,1.4929614,0
4.590159500000002,1.4929614,0
4.600214600000001,1.4929614,0
4.610104500000002,1.4929614,0
4.620219500000001,1.4929614,0
4.630141600000002,1.4929614,0
4.6401292000000005,1.4929614,0
4.6501556000000015,1.4929614,0
4.660129700000002,1.4929614,0
4.670241100000002,1.4929614,0
4.680187,1.4929614,0
4.690172100000002,1.4929614,0
4.700186000000002,1.4929614,0
4.7101185,1.4929614,0
4.720217100000003,1.4929614,0
4.730165700000001,1.4929614,0
4.740098800000002,1.4929614,0
4.750142700000001,1.4929614,0
4.760103000000001,1.4929614,0
4.770320100000003,1.4929614,0
4.780382300000003,1.4929614,0
4.790317700000003,1.4929614,0
4.800211300000001,1.4929614,0
4.810205800000002,1.4929614,0
4.820195200000001,1.4929614,0
4.830264900000003,1.4929614,0
4.840092000000002,1.4929614,0
4.850203500000003,1.4929614,0
4.8601247,1.4929614,0
4.870078800000002,1.4929614,0
4.880076500000001,1.4929614,0
4.890109500000001,1.4929614,0
4.900342600000002,1.4929614,0
4.910092200000001,1.4929614,0
4.920151400000002,1.4929614,0
4.9301189,1.4929614,0
4.940145400000002,1.4929614,0
4.950159000000003,1.4929614,0
4.960191300000002,1.4929614,0
4.9702339,1.4929614,0
4.980304500000003,1.4929614,0
4.9901856,1.4929614,0
5.000197,1.4929614,0
5.010101000000002,1.4929614,0
5.020168600000002,1.4929614,0
5.030076400000002,1.4929614,0
5.040104300000003,1.4929614,0
5.050228400000002,1.4929614,0
5.060102500000003,1.4929614,0
5.0703405,1.4929614,0
5.0801320000000025,1.4929614,0
5.090070300000001,1.4929614,0
5.100263400000003,1.4929614,0
5.110185400000002,1.4929614,0
5.120202500000001,1.4929614,0
5.130231700000003,1.4929614,0
5.140127600000003,1.4929614,0
5.150179600000001,1.4929614,0
5.160135700000001,1.4929614,0
5.170248900000001,1.4929614,0
5.1800428000000025,1.4929614,0
5.190161400000001,1.4929614,0
5.200165400000003,1.4929614,0
5.210029000000002,1.4929614,0
5.220184800000002,1.4929614,0
5.2301445000000015,1.4929614,0
5.2400549000000005,1.4929614,0
5.250312300000001,1.4929614,0
5.260120200000003,1.4929614,0
5.270154900000001,1.4929614,0
5.280163400000003,1.4929614,0
5.2901776,1.4929614,0
5.300344200000001,1.4929614,0
5.310101400000001,1.4929614,0
5.320214500000002,1.4929614,0
5.330072000000001,1.4929614,0
5.3401718,1.4929614,0
5.350162300000001,1.4929614,0
5.360096200000001,1.4929614,0
5.370139900000002,1.4929614,0
5.380070400000001,1.4929614,0
5.3900918,1.4929614,0
5.400208600000003,1.4929614,0
5.4103508,1.4929614,0
5.420471800000001,1.4929614,0
5.430393500000001,1.4929614,0
5.440123100000001,1.4929614,0
5.450234700000003,1.4929614,0
5.460069400000002,1.4929614,0
5.470335300000002,1.4929614,0
5.480188500000001,1.4929614,0
5.490164200000002,1.4929614,0
5.500379900000002,1.4929614,0
5.510185,1.4929614,0
5.520253,1.4929614,0
5.530194700000003,1.4929614,0
5.540065100000003,1.4929614,0
5.550217,1.4929614,0
5.5601667,1.4929614,0
5.570160300000001,1.4929614,0
5.580097900000002,1.4929614,0
5.590169800000002,1.4929614,0
5.600159000000001,1.4929614,0
5.610303200000001,1.4929614,0
5.620266800000003,1.4929614,0
5.6302568000000015,1.4929614,0
5.640256700000002,1.4929614,0
5.650325500000001,1.4929614,0
5.6601444,1.4929614,0
5.670314100000002,1.4929614,0
5.6801636,1.4929614,0
5.690075400000001,1.4929614,0
5.7002199000000005,1.4929614,0
5.710114400000002,1.4929614,0
5.720240800000003,1.4929614,0
5.7301911000000025,1.4929614,0
5.740175300000001,1.4929614,0
5.750209600000002,1.4929614,0
5.760176000000001,1.4929614,0
5.770196900000002,1.4929614,0
5.780142100000003,1.4929614,0
5.790045900000003,1.4929614,0
5.8002302000000014,1.4929614,0
5.810057800000003,1.4929614,0
5.820203800000002,1.4929614,0
5.8301859,1.4929614,0
5.8400818,1.4929614,0
5.850104900000002,1.4929614,0
5.860106400000003,1.4929614,0
5.870243000000002,1.4929614,0
5.880134000000002,1.4929614,0
5.8901322,1.4929614,0
5.900181400000001,1.4929614,0
5.910084700000002,1.4929614,0
5.920144500000003,1.4929614,0
5.9302097000000025,1.4929614,0
5.940071700000001,1.4929614,0
5.950106100000003,1.4929614,0
5.960197000000001,1.4929614,0
5.970215300000003,1.4929614,0
5.9801237,1.4929614,0
5.990086400000003,1.4929614,0
6.000169600000003,1.4929614,0
6.0100462000000014,1.4929614,0
6.020218400000001,1.4929614,0
6.0300966,1.4929614,0
6.040094700000001,1.4929614,0
6.0502828000000015,1.4929614,0
6.0602081000000005,1.4929614,0
6.070275800000001,1.4929614,0
6.080388000000003,1.4929614,0
6.0902396,1.4929614,0
6.1001908,1.4929614,0
6.110097000000003,1.4929614,0
6.1202912000000005,1.4929614,0
6.130296000000001,1.4929614,0
6.140090900000001,1.4929614,0
6.150135500000001,1.4929614,0
6.1600769,1.4929614,0
6.170192800000002,1.4929614,0
6.180130900000002,1.4929614,0
6.190078400000001,1.4929614,0
6.200101400000001,1.4929614,0
6.210061600000003,1.4929614,0
6.220292400000002,1.4929614,0
6.230225900000001,1.4929614,0
6.240154,1.4929614,0
6.250125200000003,1.4929614,0
6.260049000000002,1.4929614,0
6.270075000000002,1.4929614,0
6.2801638,1.4929614,0
6.2902213000000025,1.4929614,0
6.3001769,1.4929614,0
6.310072400000003,1.4929614,0
6.320361200000001,1.4929614,0
6.3302783,1.4929614,0
6.340078600000002,1.4929614,0
6.350128900000001,1.4929614,0
6.3601086,1.4929614,0
6.370182500000002,1.4929614,0
6.380140000000001,1.4929614,0
6.390082100000001,1.4929614,0
6.400162700000003,1.4929614,0
6.4101441,1.4929614,0
6.420250900000003,1.4929614,0
6.4301486000000025,1.4929614,0
6.4401119000000016,1.4929614,0
6.450163200000002,1.4929614,0
6.460120500000002,1.4929614,0
6.4703455000000005,1.4929614,0
6.4802307,1.4929614,0
6.490275200000003,1.4929614,0
6.500182900000002,1.4929614,0
6.5101143000000015,1.4929614,0
6.5201472,1.4929614,0
6.530089200000003,1.4929614,0
6.540121300000003,1.4929614,0
6.550287500000003,1.4929614,0
6.560063800000002,1.4929614,0
6.570194900000001,1.4929614,0
6.580117900000001,1.4929614,0
6.590447100000002,1.5046949092899122,0
6.600452300000001,1.5801912431007368,0
6.610434300000001,1.6684160374916193,0
6.620493100000001,1.8711941288567788,0
6.630385500000003,2.0520811114443793,0
6.6429417000000015,2.072699332719529,0
6.650518300000002,1.9689147855281393,0
6.6668871,1.9594237168709943,0
6.670862900000003,1.9510425467884294,0
6.680630400000002,2.03655008931395,0
6.696287400000003,2.258036210140177,0
6.700657400000001,2.580062888973914,0
6.7103531000000025,3.1066480163688723,0
6.723294300000003,3.7569285197020266,0
6.730505500000003,4.087237231853853,0
6.7442007,4.544058342312084,0
6.750365500000001,4.649695582848366,0
6.7605462,4.662361279685841,0
6.770590500000001,4.745934821072582,0
6.780385800000001,4.643381707662481,0
6.790427600000001,4.513665973999837,0
6.8004219,4.447863009215968,0
6.810385700000001,4.436053591759902,0
6.820502100000002,4.550173371988041,0
6.830568000000003,4.745934821072582,0
6.840344900000002,4.968103855907675,0
6.850434400000001,5.205430754645505,0
6.863309300000001,5.372577572356361,0
6.870762600000003,5.419453999270351,0
6.880441100000002,5.482837378116464,0
6.890340500000001,5.579834383443626,0
6.900399100000001,5.498842316165114,0
6.910448900000002,5.205430754645505,0
6.920531200000003,5.198006519845759,0
6.930490300000002,5.175822698741421,0
6.9404319,5.198006519845759,0
6.9503585,5.295689464903592,0
6.960487200000003,5.349349460940765,0
6.970514100000003,5.451018922611801,0
6.980420200000001,5.637500384947417,0
6.990411700000003,5.9293686750734675,0
7.000473400000001,6.289534513875581,7.999999986907369e-07
7.0133069,6.9778106579298536,0.012799699999998637
7.020552300000002,7.579321042711515,0.019984899999997197
7.032890100000003,7.47068670608361,0.03238129999999728
7.040482700000002,7.60372870967274,0.03998679999999766
7.050485600000002,7.878756617124858,0.0499990999999973
7.0604530000000025,7.714779485070684,0.059950699999998136
7.070482800000001,8.08651605131745,0.06992430000000027
7.083621200000003,7.955888361417405,0.0830605999999996
7.0963782,7.968833879342992,0.09589850000000055
7.100617200000002,8.047053062365295,0.10005310000000023
7.116494500000002,8.126216529959919,0.11597839999999948
7.120642400000001,7.94296870865388,0.12007209999999802
7.1330749,8.08651605131745,0.1325158999999978
7.147136400000001,8.139503045106144,0.1466397999999991
7.1504382,8.152816159873417,0.14997109999999836
7.160494,8.152816159873417,0.15995579999999876
7.170445400000002,8.21978259559808,0.16987819999999942
7.180427400000003,8.301031304013586,0.17991939999999929
7.190383800000003,8.328331593408056,0.18992829999999827
7.200389400000002,8.287422055190799,0.1998989999999985
7.210346300000001,8.369487326701252,0.20983640000000037
7.2205063,8.301031304013586,0.21995549999999753
7.2303478000000005,8.397061988565584,0.2298429999999989
7.2403628,8.246757239301694,0.2398845999999999
7.2504557,8.260285077108826,0.24997219999999842
7.260359300000001,8.287422055190799,0.25986719999999863
7.270598100000001,8.273839997665297,0.27003299999999797
7.280709400000003,8.301031304013586,0.2801328000000005
7.2905999,8.273839997665297,0.28999499999999756
7.3005390000000006,8.369487326701252,0.3000235999999994
7.3104856,8.301031304013586,0.31001629999999736
7.320415400000002,8.301031304013586,0.31990889999999794
7.3305468000000005,8.410890736681248,0.33003240000000034
7.3404059,8.466483135678205,0.33994639999999876
7.3503799,8.397061988565584,0.3499207999999996
7.360453100000001,8.287422055190799,0.3599400999999993
7.370455,8.287422055190799,0.369891599999999
7.380346800000002,8.328331593408056,0.37987329999999986
7.3903589000000025,8.494446557780574,0.38987769999999955
7.400402800000002,7.542892112532513,0.3999248999999985
7.4138017000000005,8.126216529959919,0.4133123999999988
7.427343200000003,8.273839997665297,0.4268496000000006
7.430388700000002,8.342022743180927,0.4298927999999975
7.440522300000001,8.273839997665297,0.439960199999998
7.450469900000002,8.287422055190799,0.4499709999999979
7.460381400000003,8.328331593408056,0.4598785999999997
7.470711000000001,8.166155927514222,0.4700361999999991
7.4804046,8.166155927514222,0.47993729999999957
7.4904881,8.424747169969082,0.4899854999999995
7.500450600000001,8.301031304013586,0.4999436999999993
7.510424800000003,8.073335404255426,0.5099227000000006
7.5204892,8.166155927514222,0.5199104000000005
7.5303413,8.11295656128866,0.5298555999999977
7.540343800000002,8.342022743180927,0.5398820999999998
7.5503751,8.099723086052473,0.549918899999998
7.560518400000003,8.08651605131745,0.5600243999999996
7.570462000000003,7.878756617124858,0.5698997000000006
7.582901800000002,7.891547717195478,0.5823854999999973
7.590518500000002,7.7023415681634235,0.5900356000000002
7.600417100000001,7.994802717912391,0.5999365999999995
7.610487800000001,7.677540237620285,0.6100213999999973
7.6207356,7.652837914252965,0.6201991000000007
7.6304461,7.714779485070684,0.6299181999999988
7.6403842,7.677540237620285,0.6398949999999992
7.650470000000002,7.555010811416895,0.6499875999999993
7.660394100000001,7.591512672362713,0.6598957999999975
7.6705781,7.665176724779058,0.6699959999999976
7.680454100000002,7.579321042711515,0.6799538999999974
7.690313700000001,7.375750831076357,0.6898488999999977
7.7004862,7.47068670608361,0.7000054999999996
7.710409700000003,7.41117389899744,0.7099361000000002
7.720513100000002,7.293918879685199,0.7199331999999998
7.730384400000002,7.446810144218417,0.7298915999999984
7.7403701,7.47068670608361,0.7399175999999983
7.750373,7.591512672362713,0.7498732999999973
7.760519900000002,6.617018288369059,0.7599663999999997
7.774725700000001,7.45873648687406,0.7742043999999986
7.7880985,7.423028897842612,0.7876183999999995
7.7903439,7.482660849647961,0.7898792999999991
7.800527900000002,7.482660849647961,0.8000365999999985
7.8103628,7.293918879685199,0.8098650999999997
7.8205378,7.506681101523312,0.8200161999999978
7.830354700000001,7.41117389899744,0.8298567999999982
7.840411800000002,7.45873648687406,0.8399450999999978
7.8503975,7.363990293871589,0.8499178000000001
7.860372400000003,7.446810144218417,0.8598760999999975
7.870572900000003,7.628234202823747,0.8700416000000004
7.880421100000003,7.45873648687406,0.8799314999999979
7.890371400000003,7.482660849647961,0.8899119999999989
7.9004011,7.328849479972434,0.8999181999999983
7.9105086,7.542892112532513,0.9099672999999981
7.920649600000001,7.363990293871589,0.9200768000000004
7.930765700000002,7.363990293871589,0.9302466999999979
7.940752100000001,7.293918879685199,0.9401300999999975
7.950416000000001,7.077492898532053,0.9498913999999985
7.9604365,7.293918879685199,0.9599721999999993
7.970454500000002,7.328849479972434,0.9699321999999988
7.9804112000000025,7.3055391338252935,0.9798860000000005
7.9904641000000005,7.35225325423583,0.9899488000000005
8.0004864,7.270747976866626,0.999952099999998
8.010404700000002,7.363990293871589,1.0099051999999986
8.0207452,7.363990293871589,1.0099051999999986
8.031441100000002,7.293918879685199,1.0099051999999986
8.046865400000002,7.363990293871589,1.0099051999999986
8.0505469,7.3055391338252935,1.0099051999999986
8.060518300000002,7.3055391338252935,1.0099051999999986
8.070840200000003,7.494658965463705,1.0099051999999986
8.080612300000002,7.363990293871589,1.0099051999999986
8.090483200000001,7.423028897842612,1.0099051999999986
8.100613200000002,7.044065922350272,1.0099051999999986
8.110483900000002,7.542892112532513,1.0099051999999986
8.120809900000001,7.41117389899744,1.0099051999999986
8.130699500000002,7.506681101523312,1.0099051999999986
8.140630600000001,7.530797626824645,1.0099051999999986
8.150527700000001,7.434907630411287,1.0099051999999986
8.160425100000001,7.640523756686739,1.0099051999999986
8.170933300000002,7.739730070915215,1.0099051999999986
8.1806093,7.789931650057636,1.0099051999999986
8.1906435,7.878756617124858,1.0099051999999986
8.200514900000002,7.506681101523312,1.0099051999999986
8.210557900000001,7.94296870865388,1.0099051999999986
8.2206613,7.9300748693738,1.0099051999999986
8.230536800000003,8.047053062365295,1.0099051999999986
8.240481600000003,7.94296870865388,1.0099051999999986
8.250602,7.9300748693738,1.0099051999999986
8.260427,8.060181092143798,1.0099051999999986
8.270624400000003,8.08651605131745,1.0099051999999986
8.280584900000001,8.11295656128866,1.0099051999999986
8.2906653,8.139503045106144,1.0099051999999986
8.300566700000001,8.166155927514222,1.0099051999999986
8.3105607,8.21978259559808,1.0099051999999986
8.320690500000001,8.11295656128866,1.0099051999999986
8.3304842,8.08651605131745,1.0099051999999986
8.340477400000001,8.08651605131745,1.0099051999999986
8.350660700000002,8.073335404255426,1.0099051999999986
8.360404000000003,8.060181092143798,1.0099051999999986
8.3707764,8.08651605131745,1.0099051999999986
8.3804777,8.08651605131745,1.0099051999999986
8.390576800000002,8.08651605131745,1.0099051999999986
8.400480300000002,8.369487326701252,1.0099051999999986
8.410508700000001,8.08651605131745,1.0099051999999986
8.420770400000002,8.099723086052473,1.0099051999999986
8.430522,8.073335404255426,1.0099051999999986
8.440441200000002,8.073335404255426,1.0099051999999986
8.4505692,8.20633568180298,1.0099051999999986
8.4604821,8.126216529959919,1.0099051999999986
8.470590100000003,8.152816159873417,1.0099051999999986
8.4806183,8.08651605131745,1.0099051999999986
8.4904376,8.233256430132531,1.0099051999999986
8.500533100000002,8.20633568180298,1.0099051999999986
8.510534100000001,8.301031304013586,1.0099051999999986
8.5206379,8.328331593408056,1.0099051999999986
8.5307545,8.452543313875262,1.0099051999999986
8.540933200000001,8.480450865022997,1.0099051999999986
8.550755300000002,8.536601976918485,1.0099051999999986
8.560508000000002,8.522522057577296,1.0099051999999986
8.5708771,8.508470269933717,1.0099051999999986
8.5805343,8.522522057577296,1.0099051999999986
8.590658000000001,8.522522057577296,1.0099051999999986
8.600607800000002,8.301031304013586,1.0099051999999986
8.6105871,8.397061988565584,1.0099051999999986
8.620621400000001,8.480450865022997,1.0099051999999986
8.630489200000003,8.508470269933717,1.0099051999999986
8.640548900000002,8.494446557780574,1.0099051999999986
8.6505276,8.508470269933717,1.0099051999999986
8.660490000000003,8.550710084276984,1.0099051999999986
8.6707186,8.67896086002344,1.0099051999999986
8.6805169,8.722226692884746,1.0099051999999986
8.690524200000002,8.751215137895052,1.0099051999999986
8.700535300000002,8.780319768902485,1.0099051999999986
8.7104861,8.67896086002344,1.0099051999999986
8.720629300000002,8.621675420423669,1.0099051999999986
8.730465800000001,8.650260854860331,1.0099051999999986
8.7406,8.550710084276984,1.0099051999999986
8.750543700000001,8.564846436085226,1.0099051999999986
8.760565600000003,8.607425524228983,1.0099051999999986
8.770763600000002,8.452543313875262,1.0099051999999986
8.780527000000003,8.550710084276984,1.0099051999999986
8.7907452,8.650260854860331,1.0099051999999986
8.800619700000002,8.480450865022997,1.0099051999999986
8.810536300000003,8.693353970055812,1.0099051999999986
8.820649300000003,8.780319768902485,1.0099051999999986
8.8305368,8.883107682196407,1.0099051999999986
8.840554000000001,8.67896086002344,1.0099051999999986
8.850596900000003,8.751215137895052,1.0099051999999986
8.860560300000003,8.67896086002344,1.0099051999999986
8.8708162,8.650260854860331,1.0099051999999986
8.880529200000002,8.67896086002344,1.0099051999999986
8.890491500000003,8.550710084276984,1.0099051999999986
8.900532600000002,8.621675420423669,1.0099051999999986
8.9104685,8.67896086002344,1.0099051999999986
8.920652,8.650260854860331,1.0099051999999986
8.930522400000001,8.853592720743801,1.0099051999999986
8.9405082,8.751215137895052,1.0099051999999986
8.9505549,8.693353970055812,1.0099051999999986
8.960475600000002,8.957413669740566,1.0099051999999986
8.970648800000003,8.824195583331818,1.0099051999999986
8.980586900000002,8.707775895113674,1.0099051999999986
8.990715600000001,8.536601976918485,1.0099051999999986
9.0007023,8.536601976918485,1.0099051999999986
9.010458,8.328331593408056,1.0099051999999986
9.020661500000003,8.03395126240779,1.0099051999999986
