0.0004566999999990884,1.4929614,0
0.010055399999998826,1.4929614,0
0.024987199999999987,1.4929614,0
0.030334999999999113,1.4929614,0
0.04028169999999953,1.4929614,0
0.05025479999999938,1.4929614,0
0.06030099999999905,1.4929614,0
0.07010839999999874,1.4929614,0
0.08033619999999786,1.4929614,0
0.09013810000000078,1.4929614,0
0.10013009999999767,1.4929614,0
0.11006859999999818,1.4929614,0
0.12005989999999755,1.4929614,0
0.130295499999999,1.4929614,0
0.1402341999999983,1.4929614,0
0.1502718999999999,1.4929614,0
0.16017439999999894,1.4929614,0
0.17015079999999827,1.4929614,0
0.1802381000000004,1.4929614,0
0.1900334999999984,1.4929614,0
0.2001445000000004,1.4929614,0
0.21017439999999965,1.4929614,0
0.22009830000000008,1.4929614,0
0.2301681000000002,1.4929614,0
0.2401604000000006,1.4929614,0
0.2503315999999991,1.4929614,0
0.2601011,1.4929614,0
0.2701664999999984,1.4929614,0
0.2801760999999985,1.4929614,0
0.2901118999999994,1.4929614,0
0.30023869999999775,1.4929614,0
0.3100984999999987,1.4929614,0
0.3200769000000001,1.4929614,0
0.3301780999999977,1.4929614,0
0.3401822999999986,1.4929614,0
0.3501930999999985,1.4929614,0
0.36006829999999823,1.4929614,0
0.37009089999999745,1.4929614,0
0.38010320000000064,1.4929614,0
0.39010449999999963,1.4929614,0
0.40027299999999855,1.4929614,0
0.41002659999999835,1.4929614,0
0.42002159999999833,1.4929614,0
0.4302045999999997,1.4929614,0
0.44008889999999923,1.4929614,0
0.4501533000000002,1.4929614,0
0.46009090000000086,1.4929614,0
0.47008019999999817,1.4929614,0
0.4801411999999985,1.4929614,0
0.4902589999999982,1.4929614,0
0.5002677999999996,1.4929614,0
0.5100987000000003,1.4929614,0
0.5200542000000006,1.4929614,0
0.5301386000000008,1.4929614,0
0.5401056000000004,1.4929614,0
0.5502752999999991,1.4929614,0
0.5600363000000002,1.4929614,0
0.5701374000000001,1.4929614,0
0.5801844999999979,1.4929614,0
0.590028199999999,1.4929614,0
0.6002595999999976,1.4929614,0
0.6100662999999997,1.4929614,0
0.620384399999999,1.4929614,0
0.6301692999999986,1.4929614,0
0.6400973999999984,1.4929614,0
0.6502218999999982,1.4929614,0
0.6602908999999997,1.4929614,0
0.6702985999999989,1.4929614,0
0.6802782999999977,1.4929614,0
0.6900689999999976,1.4929614,0
0.7002309999999987,1.4929614,0
0.7101122999999987,1.4929614,0
0.7201427999999979,1.4929614,0
0.7301687999999977,1.4929614,0
0.7400999000000006,1.4929614,0
0.7502141999999985,1.4929614,0
0.7600456999999992,1.4929614,0
0.7700809999999976,1.4929614,0
0.7802162999999993,1.4929614,0
0.7902537999999986,1.4929614,0
0.8003092999999986,1.4929614,0
0.8101219999999998,1.4929614,0
0.8201183999999984,1.4929614,0
0.8301058999999995,1.4929614,0
0.8401268999999978,1.4929614,0
0.8502045999999979,1.4929614,0
0.8601112999999998,1.4929614,0
0.8701116999999989,1.4929614,0
0.8802525999999986,1.4929614,0
0.890146399999999,1.4929614,0
0.9000923000000007,1.4929614,0
0.910066999999998,1.4929614,0
0.9200959999999974,1.4929614,0
0.9302098999999977,1.4929614,0
0.9402778000000005,1.4929614,0
0.9500977999999982,1.4929614,0
0.9601655999999998,1.4929614,0
0.9701032999999981,1.4929614,0
0.9802795999999994,1.4929614,0
0.9902414999999998,1.4929614,0
1.0001713999999993,1.4929614,0
1.0101242999999975,1.4929614,0
1.0229538999999974,1.4929614,0
1.0303043999999986,1.4929614,0
1.0400653999999996,1.4929614,0
1.0501802999999974,1.4929614,0
1.0600834,1.4929614,0
1.0701505000000004,1.4929614,0
1.0804784000000005,1.4929614,0
1.0900514000000001,1.4929614,0
1.100165999999998,1.4929614,0
1.1101118999999997,1.4929614,0
1.120110099999998,1.4929614,0
1.1301710999999983,1.4929614,0
1.140076399999998,1.4929614,0
1.1502237999999991,1.4929614,0
1.160044599999999,1.4929614,0
1.1700410999999988,1.4929614,0
1.1803857999999998,1.4929614,0
1.1900435999999992,1.4929614,0
1.2002032999999983,1.4929614,0
1.2100757000000009,1.4929614,0
1.2200576000000005,1.4929614,0
1.2302537999999998,1.4929614,0
1.2400666999999999,1.4929614,0
1.2501165000000007,1.4929614,0
1.260151699999998,1.4929614,0
1.2704446999999988,1.4929614,0
1.2803825999999994,1.4929614,0
1.2902394999999984,1.4929614,0
1.3002018999999976,1.4929614,0
1.3102145000000007,1.4929614,0
1.3200708999999975,1.4929614,0
1.330132299999999,1.4929614,0
1.3401599999999974,1.4929614,0
1.3502451999999998,1.4929614,0
1.3601023999999988,1.4929614,0
1.3700987999999974,1.4929614,0
1.3801604999999988,1.4929614,0
1.3901262999999986,1.4929614,0
1.400155299999998,1.4929614,0
1.4100789999999996,1.4929614,0
1.4205644999999976,1.4929614,0
1.4302715999999975,1.4929614,0
1.4400829999999978,1.4929614,0
1.450182599999998,1.4929614,0
1.4601276999999975,1.4929614,0
1.470020599999998,1.4929614,0
1.4802391999999998,1.4929614,0
1.4900762999999984,1.4929614,0
1.5002163999999993,1.4929614,0
1.5100590999999994,1.4929614,0
1.5200358999999999,1.4929614,0
1.5302079999999982,1.4929614,0
1.5401485999999984,1.4929614,0
1.5502611999999978,1.4929614,0
1.5600623999999996,1.4929614,0
1.5701362000000003,1.4929614,0
1.580207399999999,1.4929614,0
1.5900992999999985,1.4929614,0
1.6001852999999997,1.4929614,0
1.610055899999999,1.4929614,0
1.6200834999999998,1.4929614,0
1.6301996999999986,1.4929614,0
1.6402579999999993,1.4929614,0
1.6501947000000001,1.4929614,0
1.6600766,1.4929614,0
1.6701201999999995,1.4929614,0
1.6802497999999986,1.4929614,0
1.6902350999999989,1.4929614,0
1.7002200999999992,1.4929614,0
1.710117499999999,1.4929614,0
1.7200485000000008,1.4929614,0
1.7301330999999998,1.4929614,0
1.7401047999999975,1.4929614,0
1.7502075999999995,1.4929614,0
1.7601106999999985,1.4929614,0
1.7700922999999982,1.4929614,0
1.7801705000000005,1.4929614,0
1.7901612,1.4929614,0
1.8002310000000001,1.4929614,0
1.810104899999999,1.4929614,0
1.820015399999999,1.4929614,0
1.8301935,1.4929614,0
1.840103299999999,1.4929614,0
1.8501249999999985,1.4929614,0
1.8601361999999995,1.4929614,0
1.8700835999999974,1.4929614,0
1.8802595999999987,1.4929614,0
1.8902038999999995,1.4929614,0
1.9002212999999983,1.4929614,0
1.9101157999999998,1.4929614,0
1.9200568999999987,1.4929614,0
1.9301504999999999,1.4929614,0
1.9400817000000004,1.4929614,0
1.9501734999999982,1.4929614,0
1.960093999999998,1.4929614,0
1.9701056000000001,1.4929614,0
1.980137899999999,1.4929614,0
1.9900233999999983,1.4929614,0
2.000292999999999,1.4929614,0
2.0101689999999977,1.4929614,0
2.0203399999999974,1.4929614,0
2.0302574,1.4929614,0
2.0400813999999983,1.4929614,0
2.0501644,1.4929614,0
2.0602067999999996,1.4929614,0
2.0700670999999993,1.4929614,0
2.0801476,1.4929614,0
2.090103299999999,1.4929614,0
2.1002411999999993,1.4929614,0
2.110051800000001,1.4929614,0
2.120027099999998,1.4929614,0
2.1302269000000003,1.4929614,0
2.1400976000000007,1.4929614,0
2.1501613999999982,1.4929614,0
2.160151199999998,1.4929614,0
2.170077299999999,1.4929614,0
2.1801417999999977,1.4929614,0
2.190052699999999,1.4929614,0
2.2001942999999997,1.4929614,0
2.2100307999999984,1.4929614,0
2.2200384,1.4929614,0
2.2301526000000003,1.4929614,0
2.2400877,1.4929614,0
2.2501445999999987,1.4929614,0
2.2600787999999987,1.4929614,0
2.2700818,1.4929614,0
2.280226599999999,1.4929614,0
2.2900571999999997,1.4929614,0
2.3002608,1.4929614,0
2.3101810999999977,1.4929614,0
2.3201579999999993,1.4929614,0
2.3302723999999984,1.4929614,0
2.3401284999999987,1.4929614,0
2.3502228999999986,1.4929614,0
2.3600728999999987,1.4929614,0
2.3700693999999984,1.4929614,0
2.380157699999998,1.4929614,0
2.3900882999999986,1.4929614,0
2.4001692000000006,1.4929614,0
2.4100781999999974,1.4929614,0
2.4201181,1.4929614,0
2.4303004999999978,1.4929614,0
2.440134699999998,1.4929614,0
2.4502230999999988,1.4929614,0
2.4600760999999984,1.4929614,0
2.4701309999999985,1.4929614,0
2.4803566000000004,1.4929614,0
2.490064699999998,1.4929614,0
2.5002062999999985,1.4929614,0
2.5101516000000004,1.4929614,0
2.5200280999999976,1.4929614,0
2.5301714000000004,1.4929614,0
2.5401881999999993,1.4929614,0
2.5502234999999978,1.4929614,0
2.5603125999999996,1.4929614,0
2.5704165000000003,1.4929614,0
2.5803519999999978,1.4929614,0
2.5900949000000004,1.4929614,0
2.6001072,1.4929614,0
2.6100379999999994,1.4929614,0
2.6200525,1.4929614,0
2.6301422999999993,1.4929614,0
2.6402567999999995,1.4929614,0
2.6502371999999994,1.4929614,0
2.6600590000000004,1.4929614,0
2.670102,1.4929614,0
2.6801724,1.4929614,0
2.690060199999998,1.4929614,0
2.7002165999999974,1.4929614,0
2.7101197,1.4929614,0
2.7200989,1.4929614,0
2.7302853999999996,1.4929614,0
2.7401567999999976,1.4929614,0
2.7502013000000005,1.4929614,0
2.7600973999999994,1.4929614,0
2.7701189999999976,1.4929614,0
2.780172799999999,1.4929614,0
2.7900466999999978,1.4929614,0
2.8001949999999987,1.4929614,0
2.8100693999999997,1.4929614,0
2.8200833000000003,1.4929614,0
2.8302052999999994,1.4929614,0
2.8400587,1.4929614,0
2.8501319999999986,1.4929614,0
2.8601290000000006,1.4929614,0
2.870110499999999,1.4929614,0
2.880249299999999,1.4929614,0
2.8901885000000007,1.4929614,0
2.9000747999999987,1.4929614,0
2.9101533999999987,1.4929614,0
2.9201856,1.4929614,0
2.9301749999999984,1.4929614,0
2.9401089999999996,1.4929614,0
2.9501457,1.4929614,0
2.960102799999998,1.4929614,0
2.970136799999999,1.4929614,0
2.9801716999999996,1.4929614,0
2.9901148999999982,1.4929614,0
3.0002126999999987,1.4929614,0
3.0101103999999985,1.4929614,0
3.0200277999999976,1.4929614,0
3.0301300999999974,1.4929614,0
3.0400639999999974,1.4929614,0
3.0501325999999978,1.4929614,0
3.060024500000001,1.4929614,0
3.070060399999999,1.4929614,0
3.080244099999998,1.4929614,0
3.090110799999998,1.4929614,0
3.100180999999999,1.4929614,0
3.1102783999999986,1.4929614,0
3.1202103999999977,1.4929614,0
3.1302535999999996,1.4929614,0
3.140074200000001,1.4929614,0
3.150224999999999,1.4929614,0
3.1601359,1.4929614,0
3.1701789999999974,1.4929614,0
3.1801594999999985,1.4929614,0
3.1900660999999992,1.4929614,0
3.200297299999999,1.4929614,0
3.2102024999999976,1.4929614,0
3.2202079999999995,1.4929614,0
3.230280099999998,1.4929614,0
3.2401771000000004,1.4929614,0
3.2502165000000005,1.4929614,0
3.2600961999999996,1.4929614,0
3.270122999999998,1.4929614,0
3.280075,1.4929614,0
3.290174199999999,1.4929614,0
3.3002015999999976,1.4929614,0
3.3100892,1.4929614,0
3.3200436999999994,1.4929614,0
3.3301656999999985,1.4929614,0
3.3400564999999993,1.4929614,0
3.350047,1.4929614,0
3.3601177,1.4929614,0
3.3700787000000005,1.4929614,0
3.3801343999999993,1.4929614,0
3.3899896999999974,1.4929614,0
3.4001015999999993,1.4929614,0
3.410082599999999,1.4929614,0
3.4200894999999996,1.4929614,0
3.4302285999999995,1.4929614,0
3.4401027999999982,1.4929614,0
3.4502694999999974,1.4929614,0
3.460110199999999,1.4929614,0
3.470140999999998,1.4929614,0
3.4801123999999994,1.4929614,0
3.490063299999999,1.4929614,0
3.5001286,1.4929614,0
3.5100482,1.4929614,0
3.5200721,1.4929614,0
3.5300823,1.4929614,0
3.5400466999999978,1.4929614,0
3.550107699999998,1.4929614,0
3.5601129999999976,1.4929614,0
3.5700338999999985,1.4929614,0
3.5801631999999977,1.4929614,0
3.5900917999999997,1.4929614,0
3.6002098999999994,1.4929614,0
3.6101311000000003,1.4929614,0
3.620065099999998,1.4929614,0
3.6302404999999993,1.4929614,0
3.6400721999999988,1.4929614,0
3.650243400000001,1.4929614,0
3.6600955999999982,1.4929614,0
3.670235299999998,1.4929614,0
3.6801907000000007,1.4929614,0
3.6901186999999993,1.4929614,0
3.7000931999999978,1.4929614,0
3.710070299999998,1.4929614,0
3.7201918999999997,1.4929614,0
3.730197799999999,1.4929614,0
3.7401640999999977,1.4929614,0
3.750227299999999,1.4929614,0
3.7601148,1.4929614,0
3.7700305000000007,1.4929614,0
3.780110999999998,1.4929614,0
3.790123399999999,1.4929614,0
3.8002009999999977,1.4929614,0
3.8102409999999978,1.4929614,0
3.820135099999998,1.4929614,0
3.8300950999999976,1.4929614,0
3.8400374,1.4929614,0
3.850188899999999,1.4929614,0
3.8602378,1.4929614,0
3.8702046999999986,1.4929614,0
3.8801865999999983,1.4929614,0
3.8902681,1.4929614,0
3.9001920000000005,1.4929614,0
3.9100770999999988,1.4929614,0
3.9200826999999983,1.4929614,0
3.9301755000000007,1.4929614,0
3.9401085999999985,1.4929614,0
3.950250099999998,1.4929614,0
3.960026599999999,1.4929614,0
3.9700795999999983,1.4929614,0
3.980188899999998,1.4929614,0
3.9902559999999987,1.4929614,0
4.0002393000000005,1.4929614,0
4.010060899999999,1.4929614,0
4.020242499999998,1.4929614,0
4.0302302999999995,1.4929614,0
4.040031299999999,1.4929614,0
4.0501287999999995,1.4929614,0
4.060127699999999,1.4929614,0
4.070039699999999,1.4929614,0
4.080356999999999,1.4929614,0
4.090069799999998,1.4929614,0
4.1002659,1.4929614,0
4.1100522999999995,1.4929614,0
4.120123599999999,1.4929614,0
4.130174199999999,1.4929614,0
4.140114699999998,1.4929614,0
4.150128299999999,1.4929614,0
4.1601146,1.4929614,0
4.170159099999999,1.4929614,0
4.180221400000001,1.4929614,0
4.1900467,1.4929614,0
4.200152799999998,1.4929614,0
4.2100951,1.4929614,0
4.220129099999998,1.4929614,0
4.230130299999999,1.4929614,0
4.2400452999999985,1.4929614,0
4.2501381999999985,1.4929614,0
4.260079899999997,1.4929614,0
4.270210299999999,1.4929614,0
4.2802127,1.4929614,0
4.290155299999999,1.4929614,0
4.300137599999999,1.4929614,0
4.309969899999999,1.4929614,0
4.320096499999998,1.4929614,0
4.330153899999999,1.4929614,0
4.340170799999999,1.4929614,0
4.350114999999999,1.4929614,0
4.360057699999999,1.4929614,0
4.370150199999998,1.4929614,0
4.3802053,1.4929614,0
4.389999899999999,1.4929614,0
4.400202399999998,1.4929614,0
4.410037299999999,1.4929614,0
4.420070599999999,1.4929614,0
4.430274000000001,1.4929614,0
4.4400531,1.4929614,0
4.450153399999998,1.4929614,0
4.460520799999998,1.4929614,0
4.470062499999997,1.4929614,0
4.4801851,1.4929614,0
4.490065899999998,1.4929614,0
4.500253799999999,1.4929614,0
4.510005700000001,1.4929614,0
4.520394499999998,1.4929614,0
4.530352000000001,1.4929614,0
4.540347799999999,1.4929614,0
4.550149399999999,1.4929614,0
4.560312799999998,1.4929614,0
4.570007999999998,1.4929614,0
4.5801674000000006,1.4929614,0
4.5900742,1.4929614,0
4.6002364,1.4929614,0
4.610074999999998,1.4929614,0
4.620055699999998,1.4929614,0
4.6301311,1.4929614,0
4.6400957,1.4929614,0
4.6502929,1.4929614,0
4.660135399999998,1.4929614,0
4.6701105999999974,1.4929614,0
4.680454099999999,1.4929614,0
4.6901118,1.4929614,0
4.700220599999998,1.4929614,0
4.710065799999999,1.4929614,0
4.720091799999999,1.4929614,0
4.730184899999998,1.4929614,0
4.740213099999998,1.4929614,0
4.7503275999999985,1.4929614,0
4.7600899000000005,1.4929614,0
4.7701712,1.4929614,0
4.7802097,1.4929614,0
4.790005900000001,1.4929614,0
4.800134499999999,1.4929614,0
4.8100144,1.4929614,0
4.8200535,1.4929614,0
4.830219199999998,1.4929614,0
4.840155799999998,1.4929614,0
4.850114299999998,1.4929614,0
4.860127200000001,1.4929614,0
4.870087699999999,1.4929614,0
4.880141399999999,1.4929614,0
4.890082499999998,1.4929614,0
4.900059299999999,1.4929614,0
4.9099979000000005,1.4929614,0
4.9200847,1.4929614,0
4.9301499,1.4929614,0
4.9399935999999975,1.4929614,0
4.950128499999998,1.4929614,0
4.960078499999998,1.4929614,0
4.970098699999998,1.4929614,0
4.980194600000001,1.4929614,0
4.990120399999999,1.4929614,0
5.000102899999998,1.4929614,0
5.0100485,1.4929614,0
5.0201165,1.4929614,0
5.030141,1.4929614,0
5.040132,1.4929614,0
5.050126899999999,1.4929614,0
5.0600834,1.4929614,0
5.070090399999998,1.4929614,0
5.080221599999998,1.4929614,0
5.090124899999999,1.4929614,0
5.100104899999998,1.4929614,0
5.110118999999997,1.4929614,0
5.120112199999998,1.4929614,0
5.1302181000000004,1.4929614,0
5.1402073,1.4929614,0
5.1502970999999995,1.4929614,0
5.160258899999999,1.4929614,0
5.1703703999999995,1.4929614,0
5.180125799999999,1.4929614,0
5.1902151,1.4929614,0
5.200185099999999,1.4929614,0
5.210060899999998,1.4929614,0
5.220075099999999,1.4929614,0
5.2301678,1.4929614,0
5.240094799999998,1.4929614,0
5.250187099999998,1.4929614,0
5.2601321999999975,1.4929614,0
5.2701344,1.4929614,0
5.2803608,1.4929614,0
5.290013399999999,1.4929614,0
5.300177099999999,1.4929614,0
5.3100688,1.4929614,0
5.3201219,1.4929614,0
5.330336499999998,1.4929614,0
5.340094399999998,1.4929614,0
5.350232899999998,1.4929614,0
5.360061399999999,1.4929614,0
5.3701748999999985,1.4929614,0
5.380232499999998,1.4929614,0
5.3900237,1.4929614,0
5.400187799999998,1.4929614,0
5.410024099999998,1.4929614,0
5.420117699999999,1.4929614,0
5.430225,1.4929614,0
5.440058799999999,1.4929614,0
5.4501825,1.4929614,0
5.460064499999998,1.4929614,0
5.470091,1.4929614,0
5.480159999999998,1.4929614,0
5.4900819,1.4929614,0
5.500184600000001,1.4929614,0
5.509983999999999,1.4929614,0
5.520040699999999,1.4929614,0
5.530141199999999,1.4929614,0
5.5400193999999985,1.4929614,0
5.5502359000000006,1.4929614,0
5.560049899999999,1.4929614,0
5.5700669000000005,1.4929614,0
5.5801242,1.4929614,0
5.590084300000001,1.4929614,0
5.600189799999999,1.4929614,0
5.6100360999999985,1.4929614,0
5.620147599999999,1.4929614,0
5.630250099999998,1.4929614,0
5.6400977999999995,1.4929614,0
5.650100200000001,1.4929614,0
5.660068599999999,1.4929614,0
5.670075199999999,1.4929614,0
5.6801680999999995,1.4929614,0
5.6901171999999995,1.4929614,0
5.700160799999999,1.4929614,0
5.710062999999998,1.4929614,0
5.720097599999999,1.4929614,0
5.7302569000000005,1.4929614,0
5.740019499999999,1.4929614,0
5.7501384999999985,1.4929614,0
5.760022199999998,1.4929614,0
5.770196200000001,1.4929614,0
5.780264299999999,1.4929614,0
5.790004,1.4929614,0
5.800167399999999,1.4929614,0
5.8100229999999975,1.4929614,0
5.8202122,1.4929614,0
5.830220199999999,1.4929614,0
5.840254599999998,1.4929614,0
5.850288499999998,1.4929614,0
5.8600651,1.4929614,0
5.870042899999998,1.4929614,0
5.8801019,1.4929614,0
5.890038399999998,1.4929614,0
5.900176200000001,1.4929614,0
5.910062799999999,1.4929614,0
5.920031999999999,1.4929614,0
5.9301174,1.4929614,0
5.9400048000000005,1.4929614,0
5.9502016,1.4929614,0
5.9600726,1.4929614,0
5.9701038,1.4929614,0
5.9801182,1.4929614,0
5.990047399999998,1.4929614,0
6.000135699999998,1.4929614,0
6.010088,1.4929614,0
6.020181000000001,1.4929614,0
6.030240599999999,1.4929614,0
6.040059199999998,1.4929614,0
6.0501571,1.4929614,0
6.060219799999999,1.4929614,0
6.070081500000001,1.4929614,0
6.0800926,1.4929614,0
6.090171399999999,1.4929614,0
6.100141799999999,1.4929614,0
6.110122699999998,1.4929614,0
6.120128699999999,1.4929614,0
6.130209600000001,1.4929614,0
6.1400027,1.4929614,0
6.150142499999998,1.4929614,0
6.1600456,1.4929614,0
6.1700464,1.4929614,0
6.180141299999999,1.4929614,0
6.190053599999999,1.4929614,0
6.2001898,1.4929614,0
6.210025599999998,1.4929614,0
6.220015699999998,1.4929614,0
6.230139599999998,1.4929614,0
6.240002399999998,1.4929614,0
6.2501153999999985,1.4929614,0
6.260052699999999,1.4929614,0
6.2701277,1.4929614,0
6.280085100000001,1.4929614,0
6.2900347,1.4929614,0
6.300288999999999,1.4929614,0
6.310055299999998,1.4929614,0
6.3200425,1.4929614,0
6.330120999999998,1.4929614,0
6.3400371,1.4929614,0
6.350176699999999,1.4929614,0
6.3600148999999995,1.4929614,0
6.370032699999999,1.4929614,0
6.380094400000001,1.4929614,0
6.390040799999998,1.4929614,0
6.4002585,1.4929614,0
6.410076,1.4929614,0
6.4200345,1.4929614,0
6.430146099999998,1.4929614,0
6.4402136,1.4929614,0
6.4503474999999995,1.4929614,0
6.460176199999999,1.4929614,0
6.4702093000000005,1.4929614,0
6.480327199999998,1.4929614,0
6.4900837,1.4929614,0
6.500145499999999,1.4929614,0
6.510121299999998,1.4929614,0
6.5200894,1.4929614,0
6.530120799999999,1.4929614,0
6.540040399999999,1.4929614,0
6.550213299999999,1.4929614,0
6.560074,1.4929614,0
6.570030499999998,1.4929614,0
6.580128800000001,1.4929614,0
6.590047299999998,1.4929614,0
6.600240599999999,1.4929614,0
6.610056099999998,1.4929614,0
6.620038299999997,1.4929614,0
6.6301255999999995,1.4929614,0
6.640068799999998,1.4929614,0
6.6501479,1.4929614,0
6.660049699999998,1.4929614,0
6.6700759000000005,1.4929614,0
6.6801525999999996,1.4929614,0
6.690032499999997,1.4929614,0
6.700203699999999,1.4929614,0
6.710252199999999,1.4929614,0
6.7201094999999995,1.4929614,0
6.730114199999999,1.4929614,0
6.7400035,1.4929614,0
6.750088099999999,1.4929614,0
6.760110999999998,1.4929614,0
6.770139499999999,1.4929614,0
6.780295199999998,1.4929614,0
6.790057900000001,1.4929614,0
6.8002723,1.4929614,0
6.810086200000001,1.4929614,0
6.8200520000000004,1.4929614,0
6.830185999999998,1.4929614,0
6.8400265000000005,1.4929614,0
6.850219299999999,1.4929614,0
6.8600484,1.4929614,0
6.870014399999999,1.4929614,0
6.880170100000001,1.4929614,0
6.890024999999998,1.4929614,0
6.900117299999998,1.4929614,0
6.910028699999998,1.4929614,0
6.920071699999998,1.4929614,0
6.930218399999998,1.4929614,0
6.940021399999999,1.4929614,0
6.9501630999999975,1.4929614,0
6.9600615999999995,1.4929614,0
6.9700457,1.4929614,0
6.980175599999999,1.4929614,0
6.990072699999999,1.4929614,0
7.000215600000001,1.4929614,0
7.0100984,1.4929614,0
7.020132099999998,1.4929614,0
7.030184200000001,1.4929614,0
7.0400884999999995,1.4929614,0
7.050114099999998,1.4929614,0
7.060036,1.4929614,0
7.0701158,1.4929614,0
7.080131899999998,1.4929614,0
7.0900885,1.4929614,0
7.100285499999998,1.4929614,0
7.1102858,1.4929614,0
7.1202971999999995,1.4929614,0
7.130261300000001,1.4929614,0
7.140045499999999,1.4929614,0
7.150233,1.4929614,0
7.160017,1.4929614,0
7.170052599999998,1.4929614,0
7.1802123999999985,1.4929614,0
7.1899911,1.4929614,0
7.2001572,1.4929614,0
7.210072999999998,1.4929614,0
7.220016099999999,1.4929614,0
7.230099899999999,1.4929614,0
7.240111499999998,1.4929614,0
7.2501374,1.4929614,0
7.260060299999999,1.4929614,0
7.2700607999999995,1.4929614,0
7.2802115,1.4929614,0
7.290027500000001,1.4929614,0
7.300127,1.4929614,0
7.309991799999999,1.4929614,0
7.3200430999999995,1.4929614,0
7.3301695,1.4929614,0
7.340386299999999,1.495886205024282,0
7.350528799999999,1.500301217861902,0
7.3604211,1.5100167890262322,0
7.370267500000001,1.5209858625372727,0
7.380429100000001,1.536703982607036,0
7.390353399999999,1.5463330852043549,0
7.4003823,1.5610042616015307,0
7.410374300000001,1.568198888165682,0
7.420334399999998,1.5848359554565783,0
7.430477,1.5969782399344457,0
7.4404629,1.6073257249210802,0
7.450386699999999,1.640762822996656,0
7.460356300000001,1.6742306889393932,0
7.470355899999998,1.7049700160674273,0
7.480521499999998,1.7443690768419668,0
7.490331699999999,1.8013986272214106,0
7.500445799999998,1.840449569213313,0
7.5104118,1.9181286315364483,0
7.520311700000001,1.8796822264142536,0
7.5303892999999995,1.899682169839313,0
7.540327699999999,1.9189865464284412,0
7.550530599999998,1.967957113947887,0
7.560337199999999,1.9874792381085369,0
7.5705104999999975,2.182134152032804,0
7.5835042,2.356009407572636,0
7.590339099999998,2.547834840105137,0
7.600424,2.982323456802191,0
7.610435899999999,3.018582184090703,0
7.623844399999999,3.391022470755146,0
7.630599399999998,3.6334478492987046,0
7.640311999999998,3.8027315940808872,0
7.650510999999998,4.015512225424479,0
7.663380099999998,4.182455823463794,0
7.670358,4.383491901478728,0
7.680426499999999,4.550173371988041,0
7.690374299999998,4.745934821072582,0
7.700481199999999,4.791844123837453,0
7.710402899999998,5.059730946740808,0
7.7254429999999985,5.0030634008624695,0
7.730633099999999,5.220323843985317,0
7.740432299999998,5.3185946485283795,0
7.7505588,5.482837378116464,0
7.7603714,5.498842316165114,0
7.770674700000001,5.763822758056602,0
7.780525600000001,5.780953888508232,0
7.7903085999999995,5.850167785342203,0
7.8003362,5.965029276690851,0
7.8103422999999985,6.073738876518667,7.000000010748408e-07
7.8235642999999975,6.1198102381647095,0.013176300000001362
7.8306958999999985,6.110559071938329,0.020214700000000363
7.8403411999999975,6.415969341581473,0.03000210000000081
7.850501699999999,6.505446871620019,0.04007749999999888
7.860329199999999,6.465480176582687,0.049984500000000764
7.870377699999999,6.525550439437387,0.060036700000001275
7.8804829000000005,6.699716804887621,0.07007420000000053
7.890284099999999,6.804968146042268,0.07996610000000004
7.900378999999997,6.955901662500982,0.09002080000000134
7.910369199999998,6.79434803340286,0.10001869999999968
7.920400300000001,6.901511052181899,0.11005319999999941
7.9303938999999986,6.9998074648463415,0.1200328000000006
7.940534199999998,7.077492898532053,0.1301805999999992
7.954950999999998,7.317182651729675,0.1445331000000003
7.9603295,7.677540237620285,0.1500118999999991
7.9702804,7.955888361417405,0.15994519999999923
7.980445199999998,7.878756617124858,0.17008279999999942
7.9904300999999975,8.11295656128866,0.1800582999999989
8.0040714,8.21978259559808,0.19372040000000013
8.010342099999999,8.21978259559808,0.19999130000000065
8.020280799999998,8.314667798570671,0.20996510000000157
8.0306359,8.233256430132531,0.22018100000000018
8.0403786,8.20633568180298,0.2300366000000018
8.050440599999998,8.260285077108826,0.24009080000000083
8.060405,8.287422055190799,0.25002759999999924
8.0704849,8.607425524228983,0.26008480000000134
8.080492799999998,8.314667798570671,0.2700497000000013
8.090344599999998,8.233256430132531,0.28002779999999916
8.1004957,8.522522057577296,0.29004210000000086
8.1103706,8.722226692884746,0.3000201000000011
8.1204481,8.67896086002344,0.3100789000000006
8.1304147,8.66459650744409,0.3200119000000008
8.1403353,8.707775895113674,0.3299962000000001
8.1504285,8.794915799605649,0.34009160000000094
8.1602818,8.707775895113674,0.34994740000000135
8.1704592,8.607425524228983,0.3600482000000014
8.180425,8.824195583331818,0.37003830000000093
8.190352699999998,8.838879453474007,0.37999320000000125
8.200416999999998,8.912740939929662,0.3900432000000009
8.210318399999998,8.883107682196407,0.3999941000000007
8.220347,8.927602077993871,0.4100141999999991
8.230577199999999,8.824195583331818,0.42017530000000036
8.2403771,8.751215137895052,0.4300438
8.250557399999998,8.494446557780574,0.440145600000001
8.2603805,8.099723086052473,0.45000969999999896
8.2703631,8.007826142431599,0.46001289999999884
8.280477899999998,7.878756617124858,0.4700051000000016
8.293903099999998,7.689928502230714,0.4834797000000002
8.300421499999999,7.41117389899744,0.4900538999999995
8.310306,7.09988923293321,0.49996989999999997
8.320344899999998,7.167618265175428,0.5100014000000002
8.330444,6.934080128015318,0.520022400000002
8.3446788,6.762614839982228,0.5342722000000002
8.350595599999998,6.565999623962232,0.5401620000000023
8.360471,6.337774657733094,0.5500840000000018
8.3704815,6.260821133074819,0.5601044000000002
8.380676099999999,6.110559071938329,0.5702452000000022
8.390340299999998,6.0645797609342535,0.5800084000000005
8.400509799999998,5.97398909207301,0
8.4150357,5.629212874450519,0
8.420406,5.482837378116464,0
8.430613399999999,5.175822698741421,0
8.4403613,5.1100642912984755,0
8.4504421,4.961153800567885,0
8.463231699999998,4.919744110019454,0
8.470370199999998,4.694248060664865,0
8.4805991,4.694248060664865,0
8.490386099999998,4.544058342312084,0
8.500498799999999,4.662361279685841,0
8.510335099999999,5.242775474586181,0
8.5230058,4.544058342312084,0
8.5390722,4.4537854557067424,0
8.540267399999998,4.3604331243554055,0
8.550462199999998,4.29796447036223,0
8.560326999999997,4.113343920058039,0
8.570413899999998,4.166347063130264,0
8.5804482,4.051123695216862,0
8.5903569,4.000402127695384,0
8.600378599999999,3.9953855416981865,0
8.613541299999998,3.8684145488516366,0
8.620338499999999,3.8259789530890673,0
8.630434299999997,3.6334478492987046,0
8.640402899999998,3.4333173023818726,0
8.650492,3.312816547308579,0
8.6603392,3.2378272506538988,0
8.670374599999999,3.298289002589144,0
8.6804229,3.258932355027342,0
8.690461199999998,3.2802922463173294,0
8.7003977,3.2695802609315208,0
8.710394699999998,3.2767144408227917,0
8.720369299999998,3.2066406812991475,0
8.7304219,3.162572986075473,0
8.7403109,3.1001927434562497,0
8.750456199999999,2.99431313924146,0
8.763464799999998,2.9382068114767748,0
8.770739799999998,2.955694811358291,0
8.780598699999999,2.909522474752665,0
8.790381499999999,2.906685467755824,0
8.800434899999999,3.000344045569876,0
8.813644999999998,3.003368557164441,0
8.8205955,3.103417152277182,0
8.8304252,3.1726409978231525,0
8.8403387,3.258932355027342,0
8.850417699999998,3.2910686968174017,0
8.8604278,3.258932355027342,0
8.8703517,3.2767144408227917,0
8.880463299999999,3.248348145279033,0
8.8903945,3.1327288751114355,0
8.900362599999998,3.1827695992285223,0
8.910309699999999,3.080981130749813,0
8.920383699999999,2.985311891154002,0
8.934247,2.9237929328704935,0
8.940386399999998,2.813526940204944,0
8.9504904,2.7951211045195397,0
8.9602756,2.821494380264045,0
8.9704008,2.821494380264045,0
8.9805387,2.802977777595881,0
8.990458199999999,2.8321922698089876,0
9.000543799999999,2.856577741506647,0
9.010483399999998,2.8648042628401384,0
9.020544099999999,2.8648042628401384,0
9.030458499999998,2.8730802916756137,0
9.0404233,2.8675574236088672,0
9.0506104,2.982323456802191,0
9.0604768,2.906685467755824,0
9.070315399999998,2.958629935126401,0
9.080452099999999,3.006399123835252,0
9.093408099999998,3.1228996191165024,0
9.100415599999998,3.1726409978231525,0
9.110305,3.1793866441128307,0
9.120388899999998,3.169278279666569,0
9.1304397,3.266023857998057,0
9.140412899999998,3.2910686968174017,0
9.150389,3.3237887302246483,0
9.160326899999998,3.360841800437161,0
9.1703944,3.504565905439734,0
9.1804777,3.425557962198495,0
9.190380399999999,3.4965221400737256,0
9.200571499999999,3.5452709168378425,0
9.210563399999998,3.578426186353979,0
9.2203324,3.668025296818577,0
9.230434199999998,3.743365278995631,0
9.2403421,3.775139896238551,0
9.250403899999998,3.8827303405725577,0
9.2603796,4.030713256266487,0
9.2732058,4.4656659426628345,0
9.2804134,4.745934821072582,0
9.290388,5.081216123496028,0
9.304129499999998,5.419453999270351,0
9.310329,5.858897647865455,0
9.320435099999997,6.147675010315886,7.000000010748408e-07
9.3340769,6.505446871620019,0.013700800000002289
9.340416999999999,6.815609520161351,0.019983500000002152
9.350505299999998,7.032968092035166,0.03006859999999989
9.363852699999999,7.236164941859489,0.04343910000000051
9.3704407,7.45873648687406,0.050055000000000405
9.3805844,7.482660849647961,0.06012199999999979
9.390342799999999,7.665176724779058,0.0699620000000003
9.4004267,7.764780658974222,0.07999850000000208
9.410351199999997,8.047053062365295,0.08996190000000226
9.423975800000001,7.904364425065508,0.10358280000000164
9.438823,8.166155927514222,0.11839160000000248
9.4550108,8.152816159873417,0.1345930000000024
9.455562,8.301031304013586,0.13522920000000127
9.460433299999998,8.383260870307085,0.13998550000000165
9.4703804,8.452543313875262,0.1499282000000015
9.4804988,8.67896086002344,0.1600059999999992
9.4903157,8.397061988565584,0.1699269000000001
9.500381099999998,8.66459650744409,0.17996860000000225
9.510324,8.607425524228983,0.18991430000000165
9.5203174,8.564846436085226,0.19992930000000086
9.5304775,8.522522057577296,0.21001620000000187
9.540377,8.522522057577296,0.2199567000000009
9.5505745,8.67896086002344,0.23005520000000246
9.5603254,8.722226692884746,0.23991380000000007
9.570318699999998,8.593204099345877,0.24992370000000008
9.580348699999998,8.607425524228983,0.2599499999999999
9.590347999999999,8.66459650744409,0.26994900000000044
9.6005489,8.736706421172222,0.2800442000000025
9.610342499999998,8.621675420423669,0.28992910000000194
9.6203742,8.693353970055812,0.29988910000000146
9.6304443,8.838879453474007,0.310030900000001
9.6403165,8.957413669740566,0.31995039999999975
9.650435599999998,8.987344746665283,0.3299884000000013
9.660464399999999,8.20633568180298,0.3399953000000018
9.670341999999998,9.017395787665905,0.34991910000000104
9.684840899999998,9.032466444874892,0.3644563000000005
9.690512299999998,9.06269833412371,0.37006680000000003
9.7005816,9.200248340363991,0.38006140000000244
9.7106113,9.047567273559713,0.3900590000000008
9.7203513,9.466918080834294,0.39994370000000146
9.730527899999998,9.26218092712718,0.4100269999999995
9.7403558,9.32461096172274,0.41997710000000055
9.750458899999998,9.419197477321548,0.43005340000000203
9.7603562,9.340296664120023,0.43993950000000126
9.7702646,9.926393124720537,0.4498482999999993
9.7804891,9.435072542049229,0.4600402999999993
9.790476899999998,9.419197477321548,0.4699844000000013
9.800375899999999,9.482888682273867,0.4799628000000027
9.8103166,9.677048205357805,0.4899307999999998
9.820401,9.435072542049229,0.4999803000000007
9.8307364,9.482888682273867,0.5102805000000004
9.840523999999998,9.563222569082706,0.5200950000000013
9.850452999999998,9.595581734544421,0.5299986000000025
9.8603366,9.693439487586987,0.5399398000000026
9.8704006,9.70986358518506,0.5500190000000025
9.880477199999998,9.72632056384844,0.5600249999999996
9.8903498,9.70986358518506,0.5699323000000014
9.9004726,9.482888682273867,0.5800295999999996
9.9102563,9.563222569082706,0.5898724000000009
9.920277299999999,9.51492586865949,0.5998954000000012
9.9304178,9.693439487586987,0.6099829999999997
9.940341799999999,9.563222569082706,0.6199103000000008
9.9504996,9.498891256878826,0.6300109999999997
9.960351199999998,9.57938597223622,0.6399246000000005
9.970339499999998,9.57938597223622,0.6499628000000008
9.9805922,9.644363824876494,0.6599773000000013
9.9903047,9.677048205357805,0.6699264000000014
10.000495699999998,9.70986358518506,0.6800242999999995
10.0103689,9.74281048940505,0.6899799000000009
10.0203971,9.89271335666411,0.6999697000000005
10.0305377,9.61180992079036,0.7100912000000008
10.0403928,9.693439487586987,0.7199917000000013
10.050462,9.70986358518506,0.7300173000000001
10.060400899999998,9.660689672932362,0.7399626999999995
10.0704417,8.522522057577296,0.7499567999999996
10.084534899999998,9.482888682273867,0.7641403000000011
10.0977739,9.62807059588681,0.7773624000000012
10.1003103,9.72632056384844,0.7799009000000012
10.110336799999999,9.482888682273867,0.7899557000000001
10.1203598,9.530992581754338,0.7999766000000008
10.130447499999999,9.75933342781462,0.8099973000000027
10.140373,9.809100981740718,0.8199566000000011
10.1504227,9.70986358518506,0.8300210999999997
10.160374699999998,9.842445630505686,0.8399540999999999
10.1703196,9.926393124720537,0.8499291000000007
10.1804333,9.960207881646939,0.8599899000000022
10.1902847,9.960207881646939,0.8698761000000026
10.2005694,10.114059332608491,0
10.2149188,9.977166049925785,1.6000000009341875e-06
10.228004599999998,10.011184305278535,0
10.243217599999998,9.960207881646939,1.5999999973814738e-06
10.2439431,10.011184305278535,0
10.258808299999998,10.011184305278535,0
10.260228399999999,9.859168038600663,1.6999999985500835e-06
10.2743867,10.011184305278535,0
10.2893075,10.0282445284255,0
10.290487299999999,10.114059332608491,0
10.300622699999998,10.079630399050409,0
10.310521699999999,10.610808213647339,0
10.320478299999998,10.09682765136841,0
10.3305596,10.114059332608491,0
10.340460499999999,10.011184305278535,0
10.350648,10.045338906161959,0
10.360480499999998,10.218176296985487,0
10.3707086,10.18333172739613,0
10.380814,10.131325511697408,0
10.3906098,10.09682765136841,0
10.400653899999998,10.011184305278535,0
10.4105928,10.200736589911823,0
10.4205619,10.305899947177094,0
10.430489999999999,10.18333172739613,0
10.440444199999998,10.165961639818944,0
10.450585699999998,10.23565091837597,0
10.460482199999998,10.394505234710364,0
10.470589499999999,10.23565091837597,0
10.480533099999999,10.2707051838414,0
10.490565,10.484001020187893,0
10.50047,10.376713222184142,0
10.510447499999998,10.394505234710364,0
10.520488699999998,10.358956758122659,0
10.530523899999999,10.358956758122659,0
10.540372599999998,10.23565091837597,0
10.5505925,10.341235771500035,0
10.5605592,10.394505234710364,0
10.570474399999998,10.394505234710364,0
10.580504399999999,10.79506884222607,0
10.590536999999998,10.466030194963013,0
10.600656,10.50200782302884,0
10.6104768,10.484001020187893,0
10.620427,10.57439625326279,0
10.630659099999999,10.50200782302884,0
10.6405061,10.57439625326279,0
10.650534999999998,10.520050675513097,0
10.660402399999999,10.520050675513097,0
10.670467299999999,10.466030194963013,0
10.680602399999998,10.448095275470884,0
10.690608399999999,10.448095275470884,0
10.7005889,10.57439625326279,0
10.7105265,10.484001020187893,0
10.720557799999998,10.538129649812095,0
10.7305141,10.57439625326279,0
10.7404725,10.538129649812095,0
10.750612699999998,10.305899947177094,0
10.7604386,10.57439625326279,0
10.770649499999998,10.57439625326279,0
10.780561599999999,10.57439625326279,0
10.7905296,10.556244818241767,0
10.8007199,10.592584027480942,0
10.810520099999998,10.556244818241767,0
10.820518099999997,10.466030194963013,0
10.830805999999999,10.57439625326279,0
10.840442499999998,10.647366113557899,0
10.850593999999997,10.520050675513097,0
10.860409699999998,10.629068884658762,0
10.870539699999998,10.720922074010135,0
10.8805707,10.757921311448747,0
10.8905146,10.813698403261705,0
10.900538699999998,10.739403193116889,0
10.9105712,10.757921311448747,0
10.920603799999999,10.57439625326279,0
10.930551699999999,10.888590358886962,0
10.940425999999999,10.851069489218567,0
10.950548099999999,10.869811163624185,0
10.960481699999999,10.851069489218567,0
10.9704343,11.002057685548928,0
10.9843947,10.869811163624185,0
11.0010929,11.078462559035042,0
11.0048204,11.078462559035042,0
11.0324183,10.851069489218567,0
11.033462799999999,10.739403193116889,0
11.0342594,10.983051782416258,0
11.0510928,10.869811163624185,0
11.0519195,11.059303998863323,0
11.0658447,11.059303998863323,0
11.070437299999998,10.757921311448747,0
11.0853575,11.078462559035042,0
11.0988212,11.116894822555212,0
11.100524399999998,11.136168679632782,0
11.110423,11.002057685548928,0
11.1203829,11.350744874221816,0
11.1306786,11.116894822555212,0
11.1403958,10.945153821738554,0
11.154448599999998,11.174832229900465,0
11.168009099999999,11.04018371752037,0
11.1704553,10.945153821738554,0
11.185639899999998,10.907407150123706,0
11.1904505,10.964083853103384,0
11.2007194,10.92626161260162,0
11.210484399999999,10.869811163624185,0
11.220514999999999,11.489771820317557,0
11.234165,10.79506884222607,0
11.2487347,10.92626161260162,0
11.250455599999999,10.869811163624185,0
11.2604638,10.79506884222607,0
11.270457999999998,10.665699973533705,0
11.280605099999999,10.70247788020399,0
11.290487299999999,10.70247788020399,0
11.3005991,10.739403193116889,0
11.3104458,10.79506884222607,0
11.320496200000001,10.869811163624185,0
11.330487899999998,11.059303998863323,0
11.3438862,10.964083853103384,0
11.3585438,11.41008959960924,0
11.372577199999998,10.813698403261705,0
11.3733882,11.174832229900465,0
11.3889071,11.194222077744826,0
11.3903444,11.155481122997937,0
11.400586999999998,11.25262484329977,0
11.4105253,11.194222077744826,0
11.420531999999998,11.291755151114865,0
11.4305932,11.174832229900465,0
11.4404465,11.213650744090437,0
11.4505278,11.213650744090437,0
11.460344199999998,11.590275217982127,0
11.4705273,10.869811163624185,0
11.484618899999997,11.174832229900465,0
11.4980799,11.233118306652,0
11.500573799999998,11.078462559035042,0
11.5104611,11.390268448168516,0
11.5205029,11.291755151114865,0
11.5306115,11.390268448168516,0
11.5405789,11.509792177642064,0
11.5505848,11.44985102784893,0
11.560475499999999,11.370486899414773,0
11.5706034,11.590275217982127,0
11.580592499999998,11.489771820317557,0
11.5903977,11.732679172793906,0
11.6005331,11.712213486956044,0
11.610420099999999,11.529852615748647,0
11.6205392,11.509792177642064,0
11.630548699999999,11.44985102784893,0
11.6404761,11.350744874221816,0
11.6504734,11.429950433021594,0
11.6603515,11.610496783242837,0
11.670821999999998,11.570094055435773,0
11.680558399999999,11.590275217982127,0
11.6905535,11.489771820317557,0
11.7005345,11.549953214879066,0
11.710636099999999,11.712213486956044,0
11.720696399999998,11.489771820317557,0
11.730678399999999,11.590275217982127,0
11.7404646,11.489771820317557,0
11.750589699999999,11.549953214879066,0
11.760392499999998,11.590275217982127,0
11.770435799999998,11.174832229900465,0
11.780586799999998,11.570094055435773,0
11.790474799999998,11.549953214879066,0
11.8005244,11.489771820317557,0
11.8105142,11.549953214879066,0
11.8207168,11.570094055435773,0
11.830572499999999,11.753185830962098,0
11.840507299999999,11.489771820317557,0
11.850706299999999,11.549953214879066,0
11.860384199999999,11.590275217982127,0
11.8704283,11.610496783242837,0
11.880608599999999,11.69178869158578,0
11.8903726,11.651061445614344,0
11.900717799999999,11.489771820317557,0
11.9104989,11.549953214879066,0
11.920554199999998,11.814952460536821,0
11.930706099999998,11.233118306652,0
11.9405085,11.291755151114865,0
11.950574799999998,11.429950433021594,0
11.9604046,10.629068884658762,0
11.975178,11.794322392560423,0
11.988550999999998,10.720922074010135,0
12.0034442,10.466030194963013,0
12.004249399999999,10.484001020187893,0
12.0104726,10.466030194963013,0
12.0204724,10.376713222184142,0
12.030742,10.305899947177094,0
12.0405178,10.25316052398179,0
12.0505223,10.23565091837597,0
12.060369099999999,10.200736589911823,0
12.0704274,11.291755151114865,0
12.0838505,10.18333172739613,0
12.0997302,10.0282445284255,0
12.100520199999998,10.323550191432286,0
12.1102575,9.94328359581091,2.4999999972408204e-06
12.1241852,9.909536400813906,0.013896799999997711
12.1304601,9.75933342781462,0.020166699999997206
12.1403653,9.660689672932362,0.030091699999999832
12.150477599999999,9.842445630505686,0.0401606000000001
12.160381399999999,9.72632056384844,0.05007689999999698
12.170395499999998,10.011184305278535,0
12.1848658,9.926393124720537,1.800000003271407e-06
12.198415999999998,9.72632056384844,0.013471000000002675
12.2004971,9.74281048940505,0.015626900000000887
12.210332599999997,9.909536400813906,0.025487400000002935
12.2204309,9.595581734544421,0.03556939999999997
12.230539099999998,9.530992581754338,0.045598800000000494
12.240379999999998,9.72632056384844,0.055516900000000646
12.2503965,9.530992581754338,0.06554060000000206
12.260309199999998,9.482888682273867,0.07547250000000005
12.2706691,9.498891256878826,0.0856841000000017
12.280575899999999,9.32461096172274,0.0956513000000001
12.2904773,9.419197477321548,0.1055829000000017
12.300507799999998,9.482888682273867,0.11565360000000169
12.310354199999999,9.419197477321548,0.1254527000000003
12.320298399999999,9.482888682273867,0.13547620000000293
12.3305309,8.868335443994296,0.14560170000000028
12.343851,9.32461096172274,0.15902690000000064
12.3574776,9.32461096172274,0.17262470000000008
12.360260999999998,9.32461096172274,0.17543160000000313
12.370240299999999,9.435072542049229,0.18542970000000025
12.3805038,9.32461096172274,0.19562670000000182
12.390505399999999,9.30895659937976,0.20566360000000117
12.400509799999998,9.16946735002452,0.2156423000000025
12.4103289,9.27774164451191,0.2255029999999998
12.4203938,9.154122964824467,0.23549970000000187
12.430376299999999,9.246651300076511,0.24548760000000058
12.4403307,9.32461096172274,0.25547260000000094
12.4504931,9.30895659937976,0.2655497000000011
12.4603423,9.231152701241395,0.27547610000000233
12.4703393,9.387542439694219,0.2855107000000032
12.480428799999999,9.077859687091145,0.2955589000000032
12.4903334,9.293333514473604,0.305493000000002
12.500482299999998,9.387542439694219,0.31555270000000135
12.5103097,9.340296664120023,0.32543450000000007
12.520359899999999,9.184842454704212,0.3354801000000016
12.5303888,9.30895659937976,0.34551520000000124
12.540282999999999,9.435072542049229,0.3554571000000024
12.550495899999998,9.138809237726493,0.3655674000000033
12.5602536,9.466918080834294,0.3754308000000002
12.5704934,9.54709146043023,0.38557970000000097
12.580451999999998,9.403354130994348,0.39555640000000025
12.5902845,9.403354130994348,0.40542489999999987
12.6003954,9.30895659937976,0.41555560000000114
12.6103475,9.482888682273867,0.4255013000000005
12.620607499999998,10.57439625326279,0
12.634902199999999,9.482888682273867,1.5999999973814738e-06
12.6486855,9.498891256878826,0.013774299999997908
12.650452899999998,9.466918080834294,0.015504299999999915
12.660302599999998,9.530992581754338,0.025386199999999803
12.6703024,9.595581734544421,0.035412399999998456
12.680339499999999,9.57938597223622,0.0454150999999996
12.690318399999999,9.482888682273867,0.05539299999999869
12.700474799999999,9.72632056384844,0.06551699999999983
12.710279399999997,9.74281048940505,0.07538909999999888
12.720257699999998,9.74281048940505,0.08536089999999774
12.7305098,11.078462559035042,0
12.7432655,10.011184305278535,0
12.7589215,10.011184305278535,0
12.7603836,10.114059332608491,0
12.770422499999999,10.305899947177094,0
12.780561799999997,10.305899947177094,0
12.7902855,9.994158168480158,1.7999999997186933e-06
12.805617599999998,10.165961639818944,0
12.8226194,10.114059332608491,0
12.8234703,10.165961639818944,0
12.8308842,10.538129649812095,0
12.840444299999998,10.218176296985487,0
12.850569799999999,10.045338906161959,0
12.860495,10.305899947177094,0
12.870406299999999,10.288284968133446,0
12.880918099999999,10.09682765136841,0
12.8906357,10.218176296985487,0
12.9007057,10.376713222184142,0
12.910555599999999,10.288284968133446,0
12.9208624,10.288284968133446,0
12.930665299999998,10.57439625326279,0
12.9405523,10.323550191432286,0
12.9506382,10.466030194963013,0
12.960421199999999,10.520050675513097,0
12.9704531,10.412332866869404,0
12.980719699999998,11.814952460536821,0
12.993731799999999,10.520050675513097,0
13.009705099999998,10.592584027480942,0
13.010468799999998,10.538129649812095,0
13.020450499999999,10.57439625326279,0
13.030545499999999,10.629068884658762,0
13.040444099999998,10.57439625326279,0
13.050679299999999,10.57439625326279,0
13.0603808,10.57439625326279,0
13.070448599999999,10.57439625326279,0
13.0805465,10.610808213647339,0
13.0904883,10.57439625326279,0
13.100684699999999,10.684070537921636,0
13.110441599999998,10.776476503078216,0
13.120479499999998,10.813698403261705,0
13.130694299999998,10.869811163624185,0
13.140406799999997,10.869811163624185,0
13.150710399999998,10.684070537921636,0
13.1604466,10.739403193116889,0
13.1704325,11.116894822555212,0
13.184796599999999,10.757921311448747,0
13.199096099999998,10.813698403261705,0
13.200541899999997,10.739403193116889,0
13.2104338,10.813698403261705,0
13.220502,10.665699973533705,0
13.2306436,10.57439625326279,0
13.240453299999999,10.684070537921636,0
13.250528199999998,10.776476503078216,0
13.2604321,10.70247788020399,0
13.2704636,10.57439625326279,0
13.280546699999999,10.57439625326279,0
13.2904244,10.538129649812095,0
13.300589899999999,10.520050675513097,0
13.3105638,10.520050675513097,0
13.3203681,10.484001020187893,0
13.330503199999999,10.358956758122659,0
13.3404682,10.341235771500035,0
13.350670399999998,10.484001020187893,0
13.360525499999998,10.305899947177094,0
13.3703818,10.323550191432286,0
13.380529,10.288284968133446,0
13.390450999999999,10.218176296985487,0
13.400496699999998,10.011184305278535,0
13.410328,9.994158168480158,1.8999999973345894e-06
13.423285099999998,9.960207881646939,0.012928099999999887
13.4304424,9.926393124720537,0.02005219999999852
13.440349899999998,9.977166049925785,0.030036199999997848
13.450504899999999,9.825756633804376,0.040085899999997565
13.460289199999998,9.792478607692077,0.04991970000000023
13.470351699999998,9.859168038600663,0.059983599999998916
13.4804083,9.825756633804376,0.0699746999999995
13.490376899999998,9.89271335666411,0.07999899999999727
13.500399899999998,9.842445630505686,0.0900617999999973
13.5102862,9.909536400813906,0.09994939999999986
13.5206081,9.842445630505686,0.11010109999999784
13.530716899999998,9.644363824876494,0.12013869999999827
13.540516499999999,9.825756633804376,0.1300524000000003
13.5505907,9.75933342781462,0.14010459999999725
13.5604814,9.595581734544421,0.15006409999999804
13.5703417,9.693439487586987,0.15999139999999912
13.580343899999999,9.70986358518506,0.16999949999999941
13.590315399999998,9.74281048940505,0.17996189999999856
13.600338699999998,9.72632056384844,0.1900102999999973
13.6102703,9.563222569082706,0.19993249999999918
13.6202978,9.530992581754338,0.20996169999999736
13.6303983,9.74281048940505,0.2200472999999974
13.640297999999998,9.482888682273867,0.22996579999999867
13.650457799999998,9.51492586865949,0.24004289999999884
13.6602781,9.498891256878826,0.24995299999999787
13.6702726,9.51492586865949,0.2599439999999973
13.680323399999999,9.498891256878826,0.26995179999999763
13.6903617,9.371762340174383,0.279992
13.700428599999999,9.693439487586987,0.2900103999999999
13.7104557,9.75933342781462,0.2999966999999977
13.7203308,9.57938597223622,0.3099948999999995
13.7303532,9.51492586865949,0.31999509999999987
13.740367899999999,9.693439487586987,0.3300169000000004
13.7504891,9.660689672932362,0.34009189999999734
13.7602777,9.62807059588681,0.3499511999999996
13.770271599999997,9.57938597223622,0.359955099999997
13.7804377,9.215685068627405,0.3700599999999987
13.7903987,9.660689672932362,0.3800416999999996
13.800403,9.62807059588681,0.39001369999999724
13.8103349,9.482888682273867,0.3999639999999971
13.8202714,9.644363824876494,0.4099404
13.830433199999998,9.72632056384844,0.42005849999999967
13.8404214,9.644363824876494,0.4300931999999982
13.850509499999998,9.74281048940505,0.44007569999999774
13.860270099999997,9.74281048940505,0.4499381999999983
13.870348399999997,9.693439487586987,0.46001739999999813
13.880519,9.75933342781462,0.47012849999999773
13.890439,10.011184305278535,0
13.904707299999998,9.77588944516893,1.7999999997186933e-06
13.917874599999998,9.75933342781462,0.013153099999996698
13.920315499999997,9.859168038600663,0.015593599999998986
13.930466199999998,9.977166049925785,0.025668999999997055
13.9404644,10.011184305278535,0
13.954807899999999,10.0282445284255,0
13.960808999999998,10.011184305278535,0
13.970515799999998,10.062467506865458,0
13.9806065,10.0282445284255,0
13.990503099999998,10.045338906161959,0
14.0005432,10.114059332608491,0
14.010455099999998,10.114059332608491,0
14.020427299999998,10.165961639818944,0
14.030614799999999,10.305899947177094,0
14.0404674,10.218176296985487,0
14.0505691,10.218176296985487,0
14.060463500000001,10.288284968133446,0
14.0703913,10.2707051838414,0
14.080464899999999,10.18333172739613,0
14.0903785,10.412332866869404,0
14.1005829,10.448095275470884,0
14.110446199999998,10.538129649812095,0
14.120409599999999,10.57439625326279,0
14.130581,11.712213486956044,0
14.1442731,10.665699973533705,0
14.159478399999998,10.92626161260162,0
14.160408799999999,10.629068884658762,0
14.1704385,10.907407150123706,0
14.1807248,10.57439625326279,0
14.1906323,10.832365260703382,0
14.200578099999998,10.79506884222607,0
14.2106909,10.720922074010135,0
14.2206331,10.92626161260162,0
14.230578999999999,10.869811163624185,0
14.240499199999999,10.776476503078216,0
14.250487199999998,10.684070537921636,0
14.260380999999999,10.57439625326279,0
14.270621299999998,10.869811163624185,0
14.2806849,10.869811163624185,0
14.290433799999999,10.832365260703382,0
14.300652199999998,10.776476503078216,0
14.310517699999998,10.869811163624185,0
14.3206086,10.776476503078216,0
14.330644,10.813698403261705,0
14.340482599999998,10.888590358886962,0
14.350562199999999,10.869811163624185,0
14.360451399999999,10.851069489218567,0
14.370373999999998,10.869811163624185,0
14.380605499999998,10.757921311448747,0
14.3904563,10.776476503078216,0
14.4007128,10.851069489218567,0
14.410396199999997,10.720922074010135,0
14.4203887,10.665699973533705,0
14.4305481,10.484001020187893,0
14.440386499999999,10.520050675513097,0
14.4506008,10.412332866869404,0
14.4603575,10.556244818241767,0
14.4703826,10.556244818241767,0
14.4805602,10.610808213647339,0
14.490493,10.376713222184142,0
14.500479200000001,10.520050675513097,0
14.510410399999998,10.131325511697408,0
14.520484499999998,10.394505234710364,0
14.5305729,10.629068884658762,0
14.5404576,10.484001020187893,0
14.550601399999998,10.305899947177094,0
14.5605868,10.218176296985487,0
14.570526299999997,10.376713222184142,0
14.5807957,10.011184305278535,0
14.5903782,10.394505234710364,0
14.600621799999999,10.394505234710364,0
14.610656899999999,10.376713222184142,0
14.6203955,10.341235771500035,0
14.630476299999998,10.341235771500035,0
14.6404797,10.484001020187893,0
14.6505285,10.394505234710364,0
14.6604509,10.57439625326279,0
14.6704267,10.2707051838414,0
14.680522799999999,10.200736589911823,0
14.690456599999997,10.165961639818944,0
14.7006352,10.011184305278535,0
14.7104338,10.114059332608491,0
14.7204099,10.011184305278535,0
14.7304319,9.77588944516893,1.8999999973345894e-06
14.743551199999999,10.011184305278535,0
14.757931,9.977166049925785,2.099999999671809e-06
14.772125899999999,9.926393124720537,0.014214199999997845
14.7727076,9.859168038600663,0.014881700000000109
14.780645499999999,10.14862625769989,0
14.7946372,9.825756633804376,1.7999999997186933e-06
14.8087004,9.89271335666411,0.013983500000001925
14.810213699999998,9.809100981740718,0.01558509999999913
14.820357599999998,9.75933342781462,0.025662900000000377
14.8305824,9.792478607692077,0.035777400000000625
14.8404786,9.926393124720537,0.045763000000000886
14.8505647,9.825756633804376,0.05580929999999995
14.8605457,9.77588944516893,0.06584550000000178
14.8704431,9.74281048940505,0.07575540000000203
14.8806032,8.883107682196407,0.08585460000000111
14.895371099999998,9.693439487586987,0.10059100000000143
14.909366599999998,9.62807059588681,0.11471489999999918
14.910169199999999,9.57938597223622,0.11555620000000033
14.9202024,9.482888682273867,0.12555019999999928
14.930363799999999,9.403354130994348,0.13568220000000153
14.9403665,9.57938597223622,0.14568609999999893
14.9505719,9.57938597223622,0.15574960000000004
14.9603265,9.74281048940505,0.1656569999999995
14.9703129,9.466918080834294,0.17567680000000152
14.980518099999998,9.72632056384844,0.18580520000000078
14.9902646,9.563222569082706,0.19562760000000168
15.000462199999998,9.530992581754338,0.20577340000000177
15.0103556,9.563222569082706,0.21569769999999977
15.020398099999998,9.482888682273867,0.2257163999999996
15.030585599999998,9.340296664120023,0.2358708000000007
15.0403232,9.482888682273867,0.24565700000000135
15.050491299999997,9.403354130994348,0.25575669999999917
15.060331399999999,9.435072542049229,0.26563369999999864
15.070302899999998,9.435072542049229,0.2756469000000017
15.080438099999999,9.403354130994348,0.28572559999999925
15.0903864,9.419197477321548,0.295638499999999
15.100573399999998,9.466918080834294,0.30581689999999995
15.110245799999998,9.482888682273867,0.3155853999999998
15.1202514,9.660689672932362,0.32559709999999953
15.1303998,9.595581734544421,0.33574859999999873
15.140336899999998,9.482888682273867,0.34566680000000005
15.150516799999998,9.54709146043023,0.35573750000000004
15.160291099999998,9.74281048940505,0.36563440000000114
15.170214899999998,9.530992581754338,0.37557930000000184
15.1804807,9.62807059588681,0.3858139999999999
15.1903321,9.530992581754338,0.395674200000002
15.2004327,9.340296664120023,0.4057499
15.2102918,9.482888682273867,0.4156392000000011
15.220239,9.482888682273867,0.42560220000000015
15.2304617,9.498891256878826,0.4357982000000007
15.240336899999999,9.530992581754338,0.44569230000000104
15.2504186,9.57938597223622,0.45569210000000027
15.2602856,9.51492586865949,0.46564790000000045
15.270259799999998,9.498891256878826,0.4756229000000012
15.280626899999998,11.233118306652,0
15.2933807,9.246651300076511,1.900000000887303e-06
15.307113299999997,9.466918080834294,0.013733500000000731
15.3102013,9.482888682273867,0.016828600000000193
15.320262,9.387542439694219,0.026850200000001934
15.3304567,9.419197477321548,0.036989500000000675
15.340268599999998,9.30895659937976,0.04689820000000111
15.3504809,9.26218092712718,0.05699110000000118
15.360240099999999,9.30895659937976,0.06687259999999995
15.3702388,9.215685068627405,0.07685299999999984
15.3806473,9.154122964824467,0.0872060000000019
15.3903487,9.435072542049229,0.09693520000000078
15.4004199,9.340296664120023,0.10693780000000075
15.410370499999999,9.387542439694219,0.11690600000000018
15.4202127,9.387542439694219,0.12684670000000153
15.430392599999998,9.246651300076511,0.13698490000000163
15.440292799999998,9.154122964824467,0.1469138000000001
15.450415799999998,9.215685068627405,0.15695990000000037
15.460255,9.200248340363991,0.16687280000000015
15.4704102,9.06269833412371,0.1769753999999999
15.4804162,9.077859687091145,0.18693520000000063
15.4904917,8.957413669740566,0.196993599999999
15.507146599999999,8.987344746665283,0.21372399999999914
15.5103255,8.824195583331818,0.21692979999999906
15.520595499999999,8.824195583331818,0.22704720000000123
15.5307563,8.824195583331818,0.2372443000000004
15.540403699999999,8.751215137895052,0.24692350000000118
15.550304,8.927602077993871,0.25685860000000105
15.560298199999998,8.809541051581752,0.26691590000000076
15.570304,8.987344746665283,0.2768923000000001
15.580484899999998,8.522522057577296,0.2870589999999993
15.590334199999997,8.780319768902485,0.29694780000000165
15.6005082,8.853592720743801,0.30706710000000115
15.610414899999999,8.751215137895052,0.3169856000000024
15.620233199999998,8.550710084276984,0.3268620999999996
15.6303671,8.66459650744409,0.3369585999999991
15.640318399999998,8.780319768902485,0.34690390000000093
15.6504701,8.693353970055812,0.3569665000000022
15.6602547,8.522522057577296,0.3668750000000003
15.6702969,8.452543313875262,0.37691730000000234
15.6803332,8.736706421172222,0.3869100000000003
15.690305500000001,8.522522057577296,0.39689750000000146
15.7005221,8.342022743180927,0.40705270000000127
15.7103288,8.179522401387631,0.41690810000000056
15.720248899999998,8.073335404255426,0.42687409999999915
15.730357899999998,8.08651605131745,0.43696170000000123
15.740367199999998,7.917206792001785,0.4469686000000017
15.7527327,7.878756617124858,0.4593601000000014
15.760365499999999,7.865991073689227,0.4669571999999995
15.7704187,7.82784727308025,0.4769444000000007
15.7804884,7.727242302704185,0.48706220000000044
15.7902877,7.677540237620285,0.49689520000000087
15.80039,7.640523756686739,0.5069426999999997
15.8103652,7.446810144218417,0.5169555000000017
15.8203225,7.41117389899744,0.526910700000002
15.8304097,7.293918879685199,0.5369296000000006
15.840280999999997,7.122375332081784,0.5469168999999994
15.8503778,7.259197235504502,0.5569364999999991
15.860265299999998,6.9998074648463415,0.5668684000000006
15.8740837,6.9998074648463415,0.5806956999999997
15.8804515,6.858388484023861,0.5870049000000002
15.890253099999999,6.901511052181899,0.5968562000000013
15.900448999999998,6.815609520161351,0.6069656000000023
15.9103678,6.752079349304772,0.6169735000000003
15.920361099999997,6.8262721983256105,0.6269747000000017
15.930502,6.762614839982228,0.6371046000000007
15.9403072,6.836956223185779,0.6469158999999998
15.950473499999998,6.678917963083457,0.6569260999999997
15.960392499999998,6.5965495799240745,0.6669316000000016
15.970240699999998,6.74156490855173,0.6768678000000001
15.980352499999999,6.7205990086718055,0.6869304000000014
15.9903972,6.762614839982228,0.6969755000000006
16.0004506,6.6893069845681055,0.7069721000000015
16.0103086,6.752079349304772,0.7169214000000004
16.0202791,6.699716804887621,0.7269110000000012
16.0303795,6.617018288369059,0.7369631000000005
16.0402707,6.912345705327855,0.7468816000000018
16.0504675,6.752079349304772,0.7568978000000008
16.060249199999998,6.6893069845681055,0.766874099999999
16.0702507,6.637569035616036,0.7768812000000018
16.0804444,6.617018288369059,0.7869982000000029
16.090268399999996,6.9449799844945455,0.7968908999999975
16.1050639,6.668549698877585,0.8116219000000022
16.1104266,6.773171422726079,0.8170010000000012
16.1205817,6.5965495799240745,0.8270327000000002
16.130731,6.455538361358687,0.8371286999999974
16.140633599999997,6.647875276492737,0.8471190000000028
16.150487799999997,6.5965495799240745,0.8570060000000019
16.160292799999997,6.668549698877585,0.8668517000000016
16.1702458,6.74156490855173,0.8768647000000023
16.180415200000002,6.731071475665324,0.8870153999999992
16.190300599999997,6.555856970748401,0.8969124000000015
16.200469799999997,6.752079349304772,0.9069745000000005
16.2104235,6.647875276492737,0.9169766000000017
16.2202691,6.7205990086718055,0.9268770000000011
16.2303398,6.5965495799240745,0.9368913000000028
16.240303799999996,6.485423557459608,0.9468946000000038
16.2503906,6.445616409894751,0.9568961999999992
16.260361999999997,6.347480709865341,0.9669716999999984
16.2702845,6.425831939575096,0.9769291000000031
16.280338599999997,6.0645797609342535,0.9869353000000025
16.290333800000003,6.129079925238219,0.9969337999999972
16.3004018,5.738254203876421,0
16.3140545,5.704400565352053,0
16.320379499999998,5.629212874450519,0
16.3305111,5.44310400232517,0
16.3402567,5.555366454334036,0
16.350413899999996,5.514911402176358,0
16.3603316,5.514911402176358,0
16.3703027,5.451018922611801,0
16.3802981,5.482837378116464,0
16.390406000000002,5.547243047539965,0
16.4003617,5.4908318446744335,0
16.4103282,5.571662089694587,0
16.420366499999997,5.571662089694587,0
16.4307287,5.5310448932559035,0
16.440256899999998,4.845104980444953,0
16.452999099999996,5.451018922611801,0
16.466773,5.620941922410643,0
16.470233099999998,5.695979388205552,0
16.480393699999997,5.7467600152602865,0
16.490361599999996,5.850167785342203,0
16.500438,5.867644987585125,0
16.510261500000002,5.89399222016673,0
16.520353599999996,5.965029276690851,0
16.5304326,5.9293686750734675,0
16.5403225,5.780953888508232,0
16.550435099999998,6.0645797609342535,5.999999999062311e-07
16.5641729,5.9293686750734675,0
16.577793699999997,5.982966845017518,0
16.5804455,6.101326389554399,9.000000034120603e-07
16.593466199999998,6.27994423832014,0.01302429999999788
16.600347699999997,6.028125932580405,0.019889400000003832
16.610355000000002,6.27994423832014,0.02992580000000089
16.6202942,6.185089067084062,0.03983020000000437
16.6303892,6.27994423832014,0.049960900000002084
16.6404186,6.232279516750141,0.05994460000000146
16.650374099999997,6.27994423832014,0.06990079999999921
16.660343899999997,6.27994423832014,0.07990339999999918
16.6702992,6.337774657733094,0.08990179999999981
16.6804246,6.299143989175471,0.09998680000000348
16.690233799999998,6.308772702657734,0.10980330000000293
16.7005965,6.425831939575096,0.12007600000000451
16.7104178,6.386499623096539,0.1299406999999988
16.7204733,6.366951147619736,0.1399510000000035
16.730384400000002,6.328087998305943,0.14995859999999794
16.7404306,6.415969341581473,0.15997219999999857
16.7503352,6.347480709865341,0.16985919999999766
16.760387599999998,6.308772702657734,0.1798724000000007
16.770281199999996,6.232279516750141,0.1898582000000033
16.7803712,6.299143989175471,0.1999301000000031
16.7902697,6.435714282503059,0.20983700000000027
16.800447099999996,6.396303222674444,0.2198892999999984
16.8102979,6.27994423832014,0.22986470000000025
16.8202951,6.4061264490717855,0.2398813000000004
16.830477999999996,6.386499623096539,0.25000479999999925
16.840348099999996,6.415969341581473,0.25988089999999886
16.850651099999997,6.555856970748401,0.2701168999999979
16.8604527,6.396303222674444,0.27992350000000243
16.870274,6.396303222674444,0.28982470000000404
16.880444199999996,6.347480709865341,0.2999583000000001
16.890350199999997,6.445616409894751,0.3099095000000034
16.9003104,6.299143989175471,0.319859000000001
16.910294099999998,6.425831939575096,0.32984650000000215
16.920409199999998,6.308772702657734,0.33987940000000094
16.930456099999997,6.366951147619736,0.3499619999999979
16.940413599999996,6.445616409894751,0.3599663000000035
16.950419999999998,6.465480176582687,0.3699543000000034
16.960269399999998,6.465480176582687,0.37985880000000094
16.9702784,6.435714282503059,0.38983250000000425
16.980386999999997,6.396303222674444,0.39992910000000137
16.9903375,6.435714282503059,0.40990539999999953
17.000322799999996,6.425831939575096,0.4199073999999996
17.010326099999997,6.435714282503059,0.429908300000001
17.0202615,6.465480176582687,0.4398479999999978
17.030396299999996,6.555856970748401,0.4499435000000034
17.0404065,6.647875276492737,0.45991949999999804
17.0503728,6.27994423832014,0.4698512000000008
17.060315399999997,6.9449799844945455,0.479863899999998
17.070379900000002,7.190375823008391,0.4899600000000035
17.0839606,7.282321842828364,0.5034356000000031
17.090309299999998,7.494658965463705,0.5098601999999985
17.1004585,7.542892112532513,0.5199131000000037
17.1103197,7.591512672362713,0.5298530000000028
17.120262800000003,7.542892112532513,0.5398177000000004
17.1304396,7.677540237620285,0.549999200000002
17.140292900000002,7.739730070915215,0.5598877999999985
17.1503234,7.640523756686739,0.5698975000000033
17.160370500000003,7.739730070915215,0.5799353000000025
17.170331,7.739730070915215,0.5898794000000009
17.180392899999998,7.7023415681634235,0.5999133999999984
17.1902886,7.213224593376143,0.6098448999999988
17.2003881,7.853251035826392,0.619917700000002
17.2102835,7.764780658974222,0.6298308000000006
17.2203798,7.904364425065508,0.6399778999999981
17.230444799999997,8.047053062365295,0.6499723000000017
17.2434488,8.08651605131745,0.6629979000000006
17.2503452,8.060181092143798,0.6699059000000034
17.2602207,8.007826142431599,0.6798158000000001
17.2703425,8.03395126240779,0.6899086000000025
17.280739299999997,8.060181092143798,0.7001964000000029
17.2902564,8.126216529959919,0.7098462000000012
17.300520699999996,8.301031304013586,0.7199947000000009
17.310507400000002,8.233256430132531,0.7299877000000023
17.3207616,8.314667798570671,0.7402275000000031
17.3306918,8.342022743180927,0.7501528000000022
17.3402494,8.369487326701252,0.7598398000000017
17.3505329,8.246757239301694,0.7700219000000033
17.360352099999997,8.480450865022997,0.779929199999998
17.370315799999997,8.66459650744409,0.7898319000000029
17.3803989,8.650260854860331,0.7999446000000034
17.390287400000002,8.593204099345877,0.8098725000000044
17.4003215,8.621675420423669,0.8198678000000044
17.410205,8.579011088888649,0.8297893000000016
17.4202726,8.67896086002344,0.8398438999999982
17.430355600000002,8.607425524228983,0.849904500000001
17.440343000000002,8.607425524228983,0.8599061000000034
17.450295999999998,8.522522057577296,0.8698857999999987
17.4602594,8.621675420423669,0.8798462000000029
17.470320499999996,8.508470269933717,0.8899003000000008
17.4805362,8.650260854860331,0.900022100000001
17.490282499999996,8.550710084276984,0.9098807000000022
17.500462099999996,8.314667798570671,0.9199927000000017
17.510198999999997,8.736706421172222,0.9298009000000036
17.5202846,8.621675420423669,0.939837500000003
17.530405,8.67896086002344,0.9499589999999998
17.5403166,8.621675420423669,0.9599097999999984
17.5503561,8.66459650744409,0.9698782999999978
17.560337199999996,8.67896086002344,0.9799105000000026
17.570286299999996,8.707775895113674,0.9898454000000001
17.5804023,8.480450865022997,0.9999322000000035
17.5903167,7.665176724779058,1.0098782000000028
17.603255700000002,8.794915799605649,1.0098782000000028
17.614969499999997,8.751215137895052,1.0098782000000028
17.6303583,8.736706421172222,1.0098782000000028
17.6314813,8.751215137895052,1.0098782000000028
17.640514,8.751215137895052,1.0098782000000028
17.650633799999998,8.736706421172222,1.0098782000000028
17.6604391,8.794915799605649,1.0098782000000028
17.6704919,8.824195583331818,1.0098782000000028
17.6805969,8.736706421172222,1.0098782000000028
17.690395499999997,8.987344746665283,1.0098782000000028
17.700582799999996,8.765752901088112,1.0098782000000028
17.7103943,8.897909494439109,1.0098782000000028
17.7205226,8.794915799605649,1.0098782000000028
17.7306019,8.824195583331818,1.0098782000000028
17.740385800000002,8.707775895113674,1.0098782000000028
17.7505061,8.780319768902485,1.0098782000000028
17.760392,8.94249296807631,1.0098782000000028
17.770414499999998,8.883107682196407,1.0098782000000028
17.7807279,8.765752901088112,1.0098782000000028
17.7904114,8.972364242669451,1.0098782000000028
17.8004293,8.809541051581752,1.0098782000000028
17.810402299999996,8.897909494439109,1.0098782000000028
17.820435800000002,8.987344746665283,1.0098782000000028
17.830508,8.987344746665283,1.0098782000000028
17.840475299999998,9.002355241650097,1.0098782000000028
17.8505705,8.94249296807631,1.0098782000000028
17.860418900000003,9.047567273559713,1.0098782000000028
17.8704346,8.987344746665283,1.0098782000000028
17.880539600000002,8.883107682196407,1.0098782000000028
17.8904241,8.972364242669451,1.0098782000000028
17.9006029,8.972364242669451,1.0098782000000028
17.9104956,8.94249296807631,1.0098782000000028
17.9206903,8.912740939929662,1.0098782000000028
17.9307166,8.94249296807631,1.0098782000000028
17.940638500000002,8.972364242669451,1.0098782000000028
17.950515499999998,8.927602077993871,1.0098782000000028
17.960579299999996,8.593204099345877,1.0098782000000028
17.970470099999996,8.972364242669451,1.0098782000000028
17.980544,8.868335443994296,1.0098782000000028
17.990481399999997,8.912740939929662,1.0098782000000028
18.000433599999997,8.765752901088112,1.0098782000000028
18.010295599999996,8.853592720743801,1.0098782000000028
18.0204919,8.794915799605649,1.0098782000000028
18.0305085,8.707775895113674,1.0098782000000028
18.040446399999997,8.707775895113674,1.0098782000000028
18.050529700000002,8.66459650744409,1.0098782000000028
18.0604605,8.621675420423669,1.0098782000000028
18.070482699999996,8.508470269933717,1.0098782000000028
18.080645899999997,8.736706421172222,1.0098782000000028
18.090389599999998,8.564846436085226,1.0098782000000028
18.1005053,9.032466444874892,1.0098782000000028
18.110423299999997,8.751215137895052,1.0098782000000028
18.1204187,8.650260854860331,1.0098782000000028
18.1306086,8.67896086002344,1.0098782000000028
18.1404447,8.66459650744409,1.0098782000000028
18.1505034,8.809541051581752,1.0098782000000028
18.1603783,8.765752901088112,1.0098782000000028
18.170415600000002,8.94249296807631,1.0098782000000028
18.1805603,8.722226692884746,1.0098782000000028
18.1904352,8.883107682196407,1.0098782000000028
18.200532999999997,8.66459650744409,1.0098782000000028
18.2103862,8.650260854860331,1.0098782000000028
18.220515000000002,8.564846436085226,1.0098782000000028
18.2304966,8.564846436085226,1.0098782000000028
18.240434099999998,8.564846436085226,1.0098782000000028
18.250597799999998,8.66459650744409,1.0098782000000028
18.260419099999996,8.480450865022997,1.0098782000000028
18.2705819,8.508470269933717,1.0098782000000028
18.2808508,8.607425524228983,1.0098782000000028
18.2904028,8.693353970055812,1.0098782000000028
18.3005963,8.751215137895052,1.0098782000000028
18.310362899999998,8.650260854860331,1.0098782000000028
18.320413399999996,8.67896086002344,1.0098782000000028
18.3305307,8.751215137895052,1.0098782000000028
18.340343,8.809541051581752,1.0098782000000028
18.3504477,9.215685068627405,1.0098782000000028
18.360412800000002,8.780319768902485,1.0098782000000028
18.3705707,8.912740939929662,1.0098782000000028
18.3805924,8.794915799605649,1.0098782000000028
18.390412199999997,8.794915799605649,1.0098782000000028
18.400505900000002,8.957413669740566,1.0098782000000028
18.410357299999998,8.897909494439109,1.0098782000000028
18.4204385,8.972364242669451,1.0098782000000028
18.430591599999996,8.883107682196407,1.0098782000000028
18.4404078,8.736706421172222,1.0098782000000028
18.4505626,8.751215137895052,1.0098782000000028
18.4605437,8.868335443994296,1.0098782000000028
18.470598,8.972364242669451,1.0098782000000028
18.480520699999996,9.047567273559713,1.0098782000000028
18.4903613,8.987344746665283,1.0098782000000028
18.5004788,8.751215137895052,1.0098782000000028
18.510381,9.184842454704212,1.0098782000000028
18.5203674,9.09305139310744,1.0098782000000028
18.5304324,9.340296664120023,1.0098782000000028
18.5403878,9.154122964824467,1.0098782000000028
18.5505799,9.215685068627405,1.0098782000000028
18.560430800000002,9.51492586865949,1.0098782000000028
18.5704405,9.30895659937976,1.0098782000000028
18.580501199999997,9.340296664120023,1.0098782000000028
18.590618199999998,8.192915634959567,1.0098782000000028
18.6005913,9.371762340174383,1.0098782000000028
