0.0005486999999995135,1.4929614,0
0.01023580000000024,1.4929614,0
0.025476399999998733,1.4929614,0
0.030190499999999787,1.4929614,0
0.04020450000000153,1.4929614,0
0.050180300000000955,1.4929614,0
0.06025100000000094,1.4929614,0
0.07022759999999906,1.4929614,0
0.08027270000000186,1.4929614,0
0.09034610000000143,1.4929614,0
0.10028349999999975,1.4929614,0
0.11027389999999926,1.4929614,0
0.12037379999999942,1.4929614,0
0.13008489999999995,1.4929614,0
0.14012059999999948,1.4929614,0
0.15018429999999938,1.4929614,0
0.16019460000000052,1.4929614,0
0.17014070000000103,1.4929614,0
0.18009950000000075,1.4929614,0
0.19014980000000037,1.4929614,0
0.20014160000000203,1.4929614,0
0.21013810000000177,1.4929614,0
0.2201909000000022,1.4929614,0
0.2301421000000019,1.4929614,0
0.24011600000000044,1.4929614,0
0.2501059000000012,1.4929614,0
0.2602829,1.4929614,0
0.2702492000000021,1.4929614,0
0.2801071999999998,1.4929614,0
0.2901801000000006,1.4929614,0
0.3001484999999988,1.4929614,0
0.3101772000000018,1.4929614,0
0.32022750000000144,1.4929614,0
0.3301960000000008,1.4929614,0
0.34010040000000075,1.4929614,0
0.3500817000000005,1.4929614,0
0.3602610000000013,1.4929614,0
0.3701748000000009,1.4929614,0
0.3801212000000014,1.4929614,0
0.3901341000000009,1.4929614,0
0.40010859999999937,1.4929614,0
0.4101403999999995,1.4929614,0
0.4202192999999994,1.4929614,0
0.4301479999999991,1.4929614,0
0.44014600000000215,1.4929614,0
0.4501375000000003,1.4929614,0
0.46017069999999904,1.4929614,0
0.47017100000000056,1.4929614,0
0.48018240000000034,1.4929614,0
0.4900978000000009,1.4929614,0
0.5001294999999999,1.4929614,0
0.5102782999999995,1.4929614,0
0.5202002000000014,1.4929614,0
0.5301799000000003,1.4929614,0
0.5402012999999997,1.4929614,0
0.5501074999999993,1.4929614,0
0.5602227000000006,1.4929614,0
0.5702737000000013,1.4929614,0
0.5801821999999994,1.4929614,0
0.5900874000000016,1.4929614,0
0.6001647000000006,1.4929614,0
0.6101427000000008,1.4929614,0
0.6201399999999992,1.4929614,0
0.630123300000001,1.4929614,0
0.6401484000000011,1.4929614,0
0.6500495999999991,1.4929614,0
0.6602007000000008,1.4929614,0
0.6701891000000018,1.4929614,0
0.6802063000000018,1.4929614,0
0.6901913999999998,1.4929614,0
0.7000744000000019,1.4929614,0
0.7102138999999994,1.4929614,0
0.7202149999999996,1.4929614,0
0.7301102000000022,1.4929614,0
0.7401255000000013,1.4929614,0
0.7501061,1.4929614,0
0.7601890000000004,1.4929614,0
0.7701825000000007,1.4929614,0
0.780342700000002,1.4929614,0
0.7902574999999992,1.4929614,0
0.8003430000000016,1.4929614,0
0.810326400000001,1.4929614,0
0.8202742000000001,1.4929614,0
0.8301008000000003,1.4929614,0
0.8400858000000007,1.4929614,0
0.8500541999999989,1.4929614,0
0.8601473000000013,1.4929614,0
0.8701499999999989,1.4929614,0
0.8801796000000017,1.4929614,0
0.8901553,1.4929614,0
0.9000282999999989,1.4929614,0
0.9102166000000018,1.4929614,0
0.9201771000000001,1.4929614,0
0.9300864000000004,1.4929614,0
0.9401004000000022,1.4929614,0
0.950073800000002,1.4929614,0
0.9601763000000005,1.4929614,0
0.9701971,1.4929614,0
0.9801710999999997,1.4929614,0
0.9901909999999994,1.4929614,0
1.000123600000002,1.4929614,0
1.0102040999999993,1.4929614,0
1.0233758000000002,1.4929614,0
1.0302062999999997,1.4929614,0
1.040246800000002,1.4929614,0
1.0501050999999997,1.4929614,0
1.0602936000000014,1.4929614,0
1.070186500000002,1.4929614,0
1.0801763000000015,1.4929614,0
1.090121,1.4929614,0
1.1000465999999989,1.4929614,0
1.1102038000000007,1.4929614,0
1.1201928999999993,1.4929614,0
1.1300676000000003,1.4929614,0
1.1401702,1.4929614,0
1.1501994999999994,1.4929614,0
1.1602543000000018,1.4929614,0
1.1708312999999997,1.4929614,0
1.1801251000000015,1.4929614,0
1.1901598,1.4929614,0
1.2001466,1.4929614,0
1.2101791000000013,1.4929614,0
1.2202058999999998,1.4929614,0
1.2301280000000006,1.4929614,0
1.240112100000001,1.4929614,0
1.2501546999999995,1.4929614,0
1.2602268999999993,1.4929614,0
1.270158300000002,1.4929614,0
1.2801249000000006,1.4929614,0
1.2901084000000012,1.4929614,0
1.300135000000001,1.4929614,0
1.3102267000000012,1.4929614,0
1.3201526000000001,1.4929614,0
1.3302630999999998,1.4929614,0
1.340243700000002,1.4929614,0
1.3501195999999993,1.4929614,0
1.3602455000000013,1.4929614,0
1.3702717,1.4929614,0
1.3801376000000012,1.4929614,0
1.390186700000001,1.4929614,0
1.4001444999999997,1.4929614,0
1.410242799999999,1.4929614,0
1.4202469999999998,1.4929614,0
1.4302825000000006,1.4929614,0
1.4401747,1.4929614,0
1.450077199999999,1.4929614,0
1.4603828000000014,1.4929614,0
1.470354799999999,1.4929614,0
1.4803084999999996,1.4929614,0
1.490325200000001,1.4929614,0
1.5001664000000012,1.4929614,0
1.5102498000000004,1.4929614,0
1.5202963999999994,1.4929614,0
1.5301092000000018,1.4929614,0
1.5400565999999998,1.4929614,0
1.550240200000001,1.4929614,0
1.5602471000000016,1.4929614,0
1.5702421999999991,1.4929614,0
1.5801376000000005,1.4929614,0
1.590206000000002,1.4929614,0
1.6000462000000013,1.4929614,0
1.6102238,1.4929614,0
1.6203387000000014,1.4929614,0
1.6301412000000006,1.4929614,0
1.6402651000000006,1.4929614,0
1.6501894000000021,1.4929614,0
1.6601692999999997,1.4929614,0
1.6701921000000013,1.4929614,0
1.6801533000000006,1.4929614,0
1.6900888000000016,1.4929614,0
1.700050300000001,1.4929614,0
1.7103092999999987,1.4929614,0
1.720207900000002,1.4929614,0
1.730110700000001,1.4929614,0
1.7401386999999993,1.4929614,0
1.7501424000000014,1.4929614,0
1.760281299999999,1.4929614,0
1.770216399999999,1.4929614,0
1.7801223999999998,1.4929614,0
1.7901030999999996,1.4929614,0
1.8000800999999989,1.4929614,0
1.8102309000000005,1.4929614,0
1.820175599999999,1.4929614,0
1.8301681999999992,1.4929614,0
1.8401013000000006,1.4929614,0
1.8502319000000007,1.4929614,0
1.8602933000000021,1.4929614,0
1.8701843000000018,1.4929614,0
1.8801609,1.4929614,0
1.890202600000002,1.4929614,0
1.900053200000002,1.4929614,0
1.9102093999999994,1.4929614,0
1.920214999999999,1.4929614,0
1.9300812,1.4929614,0
1.9400940999999996,1.4929614,0
1.950293000000002,1.4929614,0
1.960272100000001,1.4929614,0
1.9701872000000016,1.4929614,0
1.9801196999999995,1.4929614,0
1.9901710000000001,1.4929614,0
2.000036099999999,1.4929614,0
2.010254500000002,1.4929614,0
2.0201999000000015,1.4929614,0
2.0302267,1.4929614,0
2.040177800000002,1.4929614,0
2.0504244000000007,1.4929614,0
2.060346899999999,1.4929614,0
2.070320800000001,1.4929614,0
2.080267299999999,1.4929614,0
2.0903452000000016,1.4929614,0
2.100042600000002,1.4929614,0
2.110278100000002,1.4929614,0
2.1202074999999994,1.4929614,0
2.1301257000000007,1.4929614,0
2.140209900000002,1.4929614,0
2.1500965,1.4929614,0
2.1602107000000004,1.4929614,0
2.1702329999999996,1.4929614,0
2.1801548000000004,1.4929614,0
2.1901037000000017,1.4929614,0
2.200044300000002,1.4929614,0
2.2101857000000003,1.4929614,0
2.2201915999999997,1.4929614,0
2.230167399999999,1.4929614,0
2.2400878000000013,1.4929614,0
2.2501065999999987,1.4929614,0
2.260345100000002,1.4929614,0
2.270218100000001,1.4929614,0
2.280096199999999,1.4929614,0
2.2901621,1.4929614,0
2.3002308000000014,1.4929614,0
2.3102146999999995,1.4929614,0
2.320214199999999,1.4929614,0
2.3302312,1.4929614,0
2.3401007000000007,1.4929614,0
2.3502660000000013,1.4929614,0
2.360216000000001,1.4929614,0
2.3702232999999993,1.4929614,0
2.3801425000000016,1.4929614,0
2.390080900000001,1.4929614,0
2.4001546000000005,1.4929614,0
2.410252100000001,1.4929614,0
2.420182799999999,1.4929614,0
2.4301232000000006,1.4929614,0
2.440128099999999,1.4929614,0
2.4500852,1.4929614,0
2.4602746000000018,1.4929614,0
2.4701787000000017,1.4929614,0
2.480056300000001,1.4929614,0
2.4901047,1.4929614,0
2.5001748,1.4929614,0
2.510163500000001,1.4929614,0
2.520188400000002,1.4929614,0
2.5300514000000014,1.4929614,0
2.5401173999999997,1.4929614,0
2.550140899999999,1.4929614,0
2.5602401000000015,1.4929614,0
2.570079500000002,1.4929614,0
2.5802061000000016,1.4929614,0
2.5902253,1.4929614,0
2.600092700000001,1.4929614,0
2.610207299999999,1.4929614,0
2.620143200000001,1.4929614,0
2.630275900000001,1.4929614,0
2.640135000000001,1.4929614,0
2.650077800000002,1.4929614,0
2.6603572,1.4929614,0
2.6703279,1.4929614,0
2.6803463,1.4929614,0
2.6902426000000013,1.4929614,0
2.7002254000000008,1.4929614,0
2.7101696000000004,1.4929614,0
2.7201646000000004,1.4929614,0
2.730111700000002,1.4929614,0
2.7400848999999994,1.4929614,0
2.750091600000001,1.4929614,0
2.760174299999999,1.4929614,0
2.7701075999999993,1.4929614,0
2.780149099999999,1.4929614,0
2.790134300000002,1.4929614,0
2.8000627000000016,1.4929614,0
2.810182400000002,1.4929614,0
2.820223800000001,1.4929614,0
2.830059600000002,1.4929614,0
2.840165299999999,1.4929614,0
2.850192800000002,1.4929614,0
2.8602103999999997,1.4929614,0
2.870147899999999,1.4929614,0
2.8801439,1.4929614,0
2.890119600000002,1.4929614,0
2.9000425000000014,1.4929614,0
2.9101508000000003,1.4929614,0
2.9202291000000002,1.4929614,0
2.9300949000000003,1.4929614,0
2.9401818000000013,1.4929614,0
2.9501194999999996,1.4929614,0
2.960224499999999,1.4929614,0
2.9701427000000002,1.4929614,0
2.9800919000000015,1.4929614,0
2.990042800000001,1.4929614,0
3.0000827,1.4929614,0
3.010320799999999,1.4929614,0
3.020167100000002,1.4929614,0
3.030059099999999,1.4929614,0
3.0402635999999994,1.4929614,0
3.0502271000000007,1.4929614,0
3.0602129,1.4929614,0
3.0702274000000003,1.4929614,0
3.0800862,1.4929614,0
3.090126099999999,1.4929614,0
3.1001256999999995,1.4929614,0
3.1105435999999997,1.4929614,0
3.1203481999999987,1.4929614,0
3.1301901,1.4929614,0
3.1401638,1.4929614,0
3.150130100000002,1.4929614,0
3.1602628000000017,1.4929614,0
3.170238000000001,1.4929614,0
3.1800943000000004,1.4929614,0
3.1901066,1.4929614,0
3.200125700000001,1.4929614,0
3.2102360999999995,1.4929614,0
3.2203234000000016,1.4929614,0
3.2302333999999995,1.4929614,0
3.2401084000000004,1.4929614,0
3.2500515000000014,1.4929614,0
3.2602145,1.4929614,0
3.270155899999999,1.4929614,0
3.280267000000002,1.4929614,0
3.2903018000000017,1.4929614,0
3.300143200000001,1.4929614,0
3.3103453000000016,1.4929614,0
3.320197499999999,1.4929614,0
3.3303189000000017,1.4929614,0
3.3402145999999995,1.4929614,0
3.350146600000002,1.4929614,0
3.360302700000002,1.4929614,0
3.3702742000000008,1.4929614,0
3.3800884000000018,1.4929614,0
3.390138799999999,1.4929614,0
3.400120900000001,1.4929614,0
3.4103002999999994,1.4929614,0
3.420201600000002,1.4929614,0
3.4302718,1.4929614,0
3.440146300000002,1.4929614,0
3.4500910000000005,1.4929614,0
3.4603178999999997,1.4929614,0
3.470148000000002,1.4929614,0
3.4800524000000017,1.4929614,0
3.490110699999999,1.4929614,0
3.5000943000000007,1.4929614,0
3.5101759,1.4929614,0
3.5201850000000015,1.4929614,0
3.530045099999999,1.4929614,0
3.5400919,1.4929614,0
3.550073600000001,1.4929614,0
3.5602525000000007,1.4929614,0
3.5701824,1.4929614,0
3.580169099999999,1.4929614,0
3.5900786999999994,1.4929614,0
3.6002156999999997,1.4929614,0
3.6102638999999996,1.4929614,0
3.620131100000002,1.4929614,0
3.6300731000000006,1.4929614,0
3.640243699999999,1.4929614,0
3.650254199999999,1.4929614,0
3.660124500000002,1.4929614,0
3.6701979000000016,1.4929614,0
3.6801646000000012,1.4929614,0
3.6901323999999995,1.4929614,0
3.700156700000001,1.4929614,0
3.710200499999999,1.4929614,0
3.720151699999999,1.4929614,0
3.7300892999999995,1.4929614,0
3.7401011000000004,1.4929614,0
3.750114100000001,1.4929614,0
3.7601519000000003,1.4929614,0
3.770199699999999,1.4929614,0
3.7801265000000015,1.4929614,0
3.7900743000000006,1.4929614,0
3.8001329000000013,1.4929614,0
3.810176900000002,1.4929614,0
3.8201479999999997,1.4929614,0
3.8301206000000008,1.4929614,0
3.8401004000000007,1.4929614,0
3.8501432000000015,1.4929614,0
3.8602291000000015,1.4929614,0
3.8701788000000015,1.4929614,0
3.8800701999999987,1.4929614,0
3.8901576999999996,1.4929614,0
3.900249600000002,1.4929614,0
3.9103530000000006,1.4929614,0
3.9203356000000014,1.4929614,0
3.930196900000002,1.4929614,0
3.9401843999999997,1.4929614,0
3.9501431999999994,1.4929614,0
3.9602106,1.4929614,0
3.9701893000000013,1.4929614,0
3.980167699999999,1.4929614,0
3.9900567000000002,1.4929614,0
4.0000499000000005,1.4929614,0
4.010125600000002,1.4929614,0
4.020121,1.4929614,0
4.0300887,1.4929614,0
4.040132800000002,1.4929614,0
4.0500981,1.4929614,0
4.0601056,1.4929614,0
4.070161299999999,1.4929614,0
4.080074400000001,1.4929614,0
4.090148299999999,1.4929614,0
4.100066000000002,1.4929614,0
4.110157100000002,1.4929614,0
4.1202644,1.4929614,0
4.1300393,1.4929614,0
4.140067800000001,1.4929614,0
4.150133700000001,1.4929614,0
4.1602104,1.4929614,0
4.170120100000002,1.4929614,0
4.180137000000002,1.4929614,0
4.190160299999999,1.4929614,0
4.200076599999999,1.4929614,0
4.210186799999999,1.4929614,0
4.220274100000001,1.4929614,0
4.230174999999999,1.4929614,0
4.240085799999999,1.4929614,0
4.250114800000002,1.4929614,0
4.260177600000002,1.4929614,0
4.270208199999999,1.4929614,0
4.280146000000002,1.4929614,0
4.2901820000000015,1.4929614,0
4.300120400000001,1.4929614,0
4.3103923,1.4929614,0
4.320261200000001,1.4929614,0
4.330259000000002,1.4929614,0
4.3401584,1.4929614,0
4.350112200000002,1.4929614,0
4.360121299999999,1.4929614,0
4.370146699999999,1.4929614,0
4.3800779,1.4929614,0
4.3901772,1.4929614,0
4.4000053,1.4929614,0
4.410236000000001,1.4929614,0
4.4201303,1.4929614,0
4.4300563,1.4929614,0
4.4400549,1.4929614,0
4.450139100000001,1.4929614,0
4.460167600000002,1.4929614,0
4.470216799999999,1.4929614,0
4.4801684,1.4929614,0
4.490185499999999,1.4929614,0
4.500141200000002,1.4929614,0
4.510287099999999,1.4929614,0
4.520173400000001,1.4929614,0
4.530071899999999,1.4929614,0
4.540111100000001,1.4929614,0
4.5500848000000005,1.4929614,0
4.56033,1.4929614,0
4.570331899999999,1.4929614,0
4.580306199999999,1.4929614,0
4.590241299999999,1.4929614,0
4.600073200000001,1.4929614,0
4.6101980000000005,1.4929614,0
4.620238100000002,1.4929614,0
4.6301226,1.4929614,0
4.640106800000002,1.4929614,0
4.6501394000000005,1.4929614,0
4.660206800000001,1.4929614,0
4.670120600000001,1.4929614,0
4.6800991,1.4929614,0
4.690265499999999,1.4929614,0
4.700056100000001,1.4929614,0
4.710169400000002,1.4929614,0
4.720154300000001,1.4929614,0
4.7301772,1.4929614,0
4.7400558,1.4929614,0
4.750162200000002,1.4929614,0
4.760133100000001,1.4929614,0
4.770122400000002,1.4929614,0
4.780106100000001,1.4929614,0
4.790106900000001,1.4929614,0
4.8000626,1.4929614,0
4.8101588,1.4929614,0
4.8202096999999995,1.4929614,0
4.830148099999999,1.4929614,0
4.840160100000002,1.4929614,0
4.850151199999999,1.4929614,0
4.860155599999999,1.4929614,0
4.8702404,1.4929614,0
4.880101700000001,1.4929614,0
4.8901909,1.4929614,0
4.900077500000002,1.4929614,0
4.910202000000002,1.4929614,0
4.9202589,1.4929614,0
4.9301092,1.4929614,0
4.940151499999999,1.4929614,0
4.950082399999999,1.4929614,0
4.960190300000001,1.4929614,0
4.9701971,1.4929614,0
4.980086400000001,1.4929614,0
4.990095,1.4929614,0
5.0000637999999995,1.4929614,0
5.010217700000002,1.4929614,0
5.0201806,1.4929614,0
5.0301106,1.4929614,0
5.0402108000000005,1.4929614,0
5.050113700000001,1.4929614,0
5.060142200000001,1.4929614,0
5.070345400000001,1.4929614,0
5.080124399999999,1.4929614,0
5.090196299999999,1.4929614,0
5.100204999999999,1.4929614,0
5.1101852,1.4929614,0
5.120298999999999,1.4929614,0
5.1300703,1.4929614,0
5.140122300000002,1.4929614,0
5.1501132,1.4929614,0
5.160335700000001,1.4929614,0
5.1701725,1.4929614,0
5.180154099999999,1.4929614,0
5.190280600000001,1.4929614,0
5.200352500000001,1.4929614,0
5.210417,1.4929614,0
5.220284599999999,1.4929614,0
5.2302757,1.4929614,0
5.240140700000001,1.4929614,0
5.250193200000002,1.4929614,0
5.2601087,1.4929614,0
5.270295900000001,1.4929614,0
5.2800388,1.4929614,0
5.290088100000002,1.4929614,0
5.300281699999999,1.4929614,0
5.310194599999999,1.4929614,0
5.3205372,1.4929614,0
5.330291599999999,1.4929614,0
5.3400745,1.4929614,0
5.350076099999999,1.4929614,0
5.3602594,1.4929614,0
5.370386100000001,1.4929614,0
5.380124900000002,1.4929614,0
5.390081900000002,1.4929614,0
5.4001202,1.4929614,0
5.4101721000000005,1.4929614,0
5.420193300000001,1.4929614,0
5.430108000000001,1.4929614,0
5.4401008,1.4929614,0
5.450039799999999,1.4929614,0
5.460230200000002,1.4929614,0
5.4702103000000015,1.4929614,0
5.4801556,1.4929614,0
5.490121300000002,1.4929614,0
5.5001596,1.4929614,0
5.5102701,1.4929614,0
5.520238599999999,1.4929614,0
5.530058,1.4929614,0
5.5401451,1.4929614,0
5.5501152000000005,1.4929614,0
5.560144400000002,1.4929614,0
5.5700799,1.4929614,0
5.580079600000001,1.4929614,0
5.5900426,1.4929614,0
5.600049000000002,1.4929614,0
5.6102194999999995,1.4929614,0
5.620245499999999,1.4929614,0
5.630212499999999,1.4929614,0
5.640174600000002,1.4929614,0
5.6500647000000015,1.4929614,0
5.6600924,1.4929614,0
5.6702248,1.4929614,0
5.680021499999999,1.4929614,0
5.690087200000001,1.4929614,0
5.700205799999999,1.4929614,0
5.710137500000002,1.4929614,0
5.720221300000002,1.4929614,0
5.730110100000001,1.4929614,0
5.740076600000002,1.4929614,0
5.7501494000000015,1.4929614,0
5.760145900000001,1.4929614,0
5.770232400000001,1.4929614,0
5.780031400000002,1.4929614,0
5.790056700000001,1.4929614,0
5.800034499999999,1.4929614,0
5.810323,1.4929614,0
5.8203765999999995,1.4929614,0
5.8302634,1.4929614,0
5.8403089,1.4929614,0
5.850123499999999,1.4929614,0
5.860276299999999,1.4929614,0
5.8701761999999995,1.4929614,0
5.880110000000002,1.4929614,0
5.890060999999999,1.4929614,0
5.9000892,1.4929614,0
5.910129300000001,1.4929614,0
5.920276900000001,1.4929614,0
5.9300356,1.4929614,0
5.940093400000002,1.4929614,0
5.950138899999999,1.4929614,0
5.960212500000001,1.4929614,0
5.970071600000001,1.4929614,0
5.980124,1.4929614,0
5.990034099999999,1.4929614,0
6.000048500000002,1.4929614,0
6.0102355,1.4929614,0
6.020243499999999,1.4929614,0
6.030072799999999,1.4929614,0
6.040078000000001,1.4929614,0
6.050086199999999,1.4929614,0
6.060162900000002,1.4929614,0
6.070165500000002,1.4929614,0
6.0801283999999995,1.4929614,0
6.090061800000001,1.4929614,0
6.100052999999999,1.4929614,0
6.110195000000001,1.4929614,0
6.12031,1.4929614,0
6.1301758,1.4929614,0
6.1401027,1.4929614,0
6.150032500000002,1.4929614,0
6.160197400000001,1.4929614,0
6.170155099999999,1.4929614,0
6.180154000000002,1.4929614,0
6.1900966,1.4929614,0
6.200033399999999,1.4929614,0
6.210274399999999,1.4929614,0
6.220116900000001,1.4929614,0
6.230184600000001,1.4929614,0
6.240204500000001,1.4929614,0
6.250072100000001,1.4929614,0
6.2601473,1.4929614,0
6.270156700000001,1.4929614,0
6.280168500000002,1.4929614,0
6.290093200000001,1.4929614,0
6.3001387000000015,1.4929614,0
6.3102199,1.4929614,0
6.320237800000001,1.4929614,0
6.3302163,1.4929614,0
6.340114700000001,1.4929614,0
6.350133100000001,1.4929614,0
6.360151200000001,1.4929614,0
6.370063300000002,1.4929614,0
6.380048900000002,1.4929614,0
6.3901006,1.4929614,0
6.400096399999999,1.4929614,0
6.410299900000002,1.4929614,0
6.4201196,1.4929614,0
6.430362800000001,1.4929614,0
6.440197699999999,1.4929614,0
6.4502486999999995,1.4929614,0
6.460251500000002,1.4929614,0
6.470252000000002,1.4929614,0
6.480060999999999,1.4929614,0
6.4901208,1.4929614,0
6.500166400000001,1.4929614,0
6.5101081,1.4929614,0
6.520301,1.4929614,0
6.530064200000002,1.4929614,0
6.540247900000001,1.4929614,0
6.550621,1.5037591003814004,0
6.560568499999999,1.5174924921447797,0
6.570573700000001,1.5361421127771526,0
6.5805565,1.5752575657207073,0
6.5903946,1.6491500320912642,0
6.6003747,1.7383274090090268,0
6.6105011000000005,1.9130170189725977,0
6.620424100000001,2.1643603250780012,0
6.633001700000001,2.356009407572636,0
6.640466199999999,2.558470277062481,0
6.650392499999999,2.787311430343959,0
6.6603934,3.0124784709189654,0
6.673174899999999,3.248348145279033,0
6.6803737000000005,3.3164666292684615,0
6.690351500000002,3.2695802609315208,0
6.700352500000001,3.5452709168378425,0
6.710447000000002,3.7298831740826857,0
6.720526200000002,3.784300364546165,0
6.730348800000002,3.8589182958239516,0
6.740412599999999,3.990378978846497,0
6.750612499999999,4.0408980653299365,0
6.764237399999999,4.171705914321434,0
6.770493699999999,4.281164733150875,0
6.780382599999999,4.348972727931358,0
6.7903506,4.477594046737503,0
6.8003432,4.441952395781175,0
6.810511600000002,4.556300643961566,0
6.8204794,4.681455071457933,0
6.8303464,4.8924124296296645,0
6.8403946,5.045478945958075,0
6.853439300000002,5.124575150834932,0
6.8603963000000014,5.242775474586181,0
6.870469400000001,5.310944312117843,0
6.880314000000002,5.357076684510473,0
6.890399900000002,5.388140587926246,0
6.900576400000002,5.364819377992077,0
6.9104487,5.44310400232517,0
6.920611100000002,5.498842316165114,0
6.930431900000002,5.850167785342203,0
6.940440800000001,5.97398909207301,0
6.950391200000002,5.965029276690851,0
6.960458899999999,6.110559071938329,7.000000010748408e-07
6.974102600000002,6.251288226892488,0.013631799999998861
6.980418799999999,6.27994423832014,0.019924700000000684
6.9903666000000015,6.435714282503059,0.029887099999999833
7.000338299999999,6.647875276492737,0.0399111000000012
7.010427800000002,6.647875276492737,0.049978199999998196
7.0204138,6.8262721983256105,0.05991429999999909
7.0304448000000015,6.783749139762662,0.06994369999999961
7.040413600000001,6.858388484023861,0.07993919999999832
7.050376,6.966845205721355,0.08994069999999965
7.060478,7.122375332081784,0.09994950000000102
7.0734058,7.167618265175428,0.11291669999999954
7.0803861999999995,7.24766957253901,0.11992649999999827
7.090639599999999,7.293918879685199,0.13011729999999844
7.1004235000000016,7.3055391338252935,0.139951700000001
7.1104907,7.282321842828364,0.14997999999999934
7.120546100000002,7.375750831076357,0.16007529999999903
7.130417099999999,7.1789856653167865,0.16993779999999958
7.1403815,7.293918879685199,0.17987670000000122
7.1504875000000006,7.224683297447398,0.1900094999999986
7.1604600000000005,7.293918879685199,0.19997649999999823
7.170481299999999,7.293918879685199,0.20997299999999797
7.180431600000002,7.1336521558107355,0.2199692000000013
7.190345499999999,7.1789856653167865,0.2298682999999997
7.200348900000002,7.167618265175428,0.2398598000000014
7.2105788,7.213224593376143,0.2501023999999994
7.220541900000001,7.213224593376143,0.25994599999999934
7.2303999999999995,7.35225325423583,0.2699649999999991
7.2404177999999995,7.122375332081784,0.27993299999999977
7.250464400000002,7.3055391338252935,0.28991539999999816
7.260578899999999,7.35225325423583,0.3000216999999985
7.270563899999999,7.293918879685199,0.310053700000001
7.280455500000002,9.246651300076511,0.3199702000000002
7.2943915,7.423028897842612,0.333922900000001
7.307297500000001,7.518727305915347,0.34684760000000026
7.310450100000001,7.689928502230714,0.3499635999999988
7.320610800000001,7.677540237620285,0.360070799999999
7.330603199999999,7.789931650057636,0.37009820000000104
7.340408400000001,7.878756617124858,0.37991759999999886
7.3506021,7.689928502230714,0.39000289999999893
7.360538999999999,7.727242302704185,0.400060400000001
7.370449799999999,7.506681101523312,0.40997409999999945
7.380466000000002,8.08651605131745,0.41997599999999835
7.3953974,7.482660849647961,0.4349115999999995
7.408392299999999,7.434907630411287,0.44793149999999926
7.4104186,7.47068670608361,0.44996670000000094
7.420511099999999,7.293918879685199,0.45999820000000113
7.4304556999999996,7.840536452576179,0.4699340999999997
7.440395200000001,7.399342586455758,0.47994800000000026
7.450362800000001,7.3055391338252935,0.48991339999999894
7.460474000000001,7.47068670608361,0.5000083999999987
7.470352600000002,7.399342586455758,0.5099011999999981
7.480302600000002,7.259197235504502,0.5198727000000005
7.490424300000001,7.224683297447398,0.5299589999999981
7.5003423,7.044065922350272,0.5398871000000014
7.510504900000001,6.912345705327855,0.5499665
7.523527300000001,6.901511052181899,0.5630512000000003
7.530310199999999,6.637569035616036,0.5698684999999983
7.540402199999999,6.617018288369059,0.5799233999999984
7.5505669,6.86913680573084,0.5901022000000005
7.5604297,6.637569035616036,0.5999742999999995
7.570403500000001,6.879906645592216,0.6099059999999987
7.580526500000001,6.804968146042268,0.6200155999999986
7.590344000000002,6.79434803340286,0.6299033999999999
7.6003015000000005,6.858388484023861,0.6398589000000001
7.6105374999999995,6.8476616374779695,0.6500786999999981
7.6204122000000005,6.901511052181899,0.6599231999999979
7.6303526999999995,6.858388484023861,0.6699100999999992
7.640439199999999,6.988798062988308,0.679974099999999
7.650362099999999,6.836956223185779,0.6899176999999987
7.6605734000000005,6.923202049463866,0.7000630000000001
7.6705498,6.934080128015318,0.7100547000000006
7.680423000000001,7.077492898532053,0.7198993999999992
7.693562700000001,7.088679867569163,0.733025099999999
7.700366200000001,7.167618265175428,0.7399236000000009
7.710537500000001,7.201788783810888,0.7500192000000006
7.7203743,7.282321842828364,0.7599115999999988
7.7303630000000005,7.293918879685199,0.7699177999999982
7.740308800000001,7.41117389899744,0.7798812999999996
7.7505132,7.47068670608361,0.789957600000001
7.7606190999999995,7.506681101523312,0.8000672000000009
7.770705100000001,7.45873648687406,0.8101917999999984
7.7806722000000015,7.640523756686739,0.819969099999998
7.790395799999999,7.665176724779058,0.8299321999999982
7.800359,7.591512672362713,0.8399232000000012
7.810383099999999,7.640523756686739,0.8499498999999986
7.820493200000001,7.60372870967274,0.8599743999999987
7.8304869,7.7522428396548655,0.8699839000000011
7.8404066000000014,7.677540237620285,0.8799196000000009
7.850353300000002,7.567153771952609,0.8899289999999986
7.860443199999999,7.677540237620285,0.8999685
7.870479500000002,7.739730070915215,0.9099888000000007
7.880356299999999,7.689928502230714,0.9199054000000011
7.8903836,7.677540237620285,0.9299071999999988
7.9003066,7.677540237620285,0.9398811999999985
7.910398000000001,7.727242302704185,0.9499479999999991
7.920467800000001,7.677540237620285,0.9599834999999999
7.930379800000001,7.878756617124858,0.9699163000000013
7.940469700000001,7.764780658974222,0.9799562000000002
7.950366800000001,7.47068670608361,0.9899115999999992
7.960402000000002,7.60372870967274,0.9999499999999983
7.9704294,7.482660849647961,1.0099309000000005
7.980702600000001,9.74281048940505,1.0099309000000005
7.992584700000002,7.270747976866626,1.0099309000000005
8.0086513,7.167618265175428,1.0099309000000005
8.0104759,7.236164941859489,1.0099309000000005
8.0205777,7.236164941859489,1.0099309000000005
8.030497,7.224683297447398,1.0099309000000005
8.0405959,6.923202049463866,1.0099309000000005
8.050426300000002,7.24766957253901,1.0099309000000005
8.0605127,7.077492898532053,1.0099309000000005
8.0706178,7.1336521558107355,1.0099309000000005
8.080521700000002,7.09988923293321,1.0099309000000005
8.090449500000002,7.122375332081784,1.0099309000000005
8.1005493,7.066328281073982,1.0099309000000005
8.1105157,7.236164941859489,1.0099309000000005
8.120494,7.259197235504502,1.0099309000000005
8.130603,7.3055391338252935,1.0099309000000005
8.140568300000002,7.45873648687406,1.0099309000000005
8.1504345,7.542892112532513,1.0099309000000005
8.160616700000002,7.567153771952609,1.0099309000000005
8.170518000000001,7.677540237620285,1.0099309000000005
8.1806169,7.640523756686739,1.0099309000000005
8.190567300000001,7.677540237620285,1.0099309000000005
8.2005136,7.878756617124858,1.0099309000000005
8.2106395,7.82784727308025,1.0099309000000005
8.220627100000002,8.20633568180298,1.0099309000000005
8.230477700000002,7.878756617124858,1.0099309000000005
8.240484900000002,8.08651605131745,1.0099309000000005
8.250411800000002,8.08651605131745,1.0099309000000005
8.2605361,8.126216529959919,1.0099309000000005
8.270630700000002,8.11295656128866,1.0099309000000005
8.280410200000002,8.11295656128866,1.0099309000000005
8.2904743,8.166155927514222,1.0099309000000005
8.300468900000002,8.20633568180298,1.0099309000000005
8.3105932,8.166155927514222,1.0099309000000005
8.320704899999999,8.342022743180927,1.0099309000000005
8.3308171,8.369487326701252,1.0099309000000005
8.3406481,8.126216529959919,1.0099309000000005
8.3506131,8.287422055190799,1.0099309000000005
8.360657800000002,8.314667798570671,1.0099309000000005
8.370920000000002,8.260285077108826,1.0099309000000005
8.380724700000002,8.438631343854855,1.0099309000000005
8.390638800000001,8.314667798570671,1.0099309000000005
8.400439800000001,8.060181092143798,1.0099309000000005
8.4105691,8.301031304013586,1.0099309000000005
8.4205923,8.314667798570671,1.0099309000000005
8.4304585,8.508470269933717,1.0099309000000005
8.4405501,8.438631343854855,1.0099309000000005
8.450442599999999,8.246757239301694,1.0099309000000005
8.460534899999999,8.126216529959919,1.0099309000000005
8.4706525,8.246757239301694,1.0099309000000005
8.4805296,8.007826142431599,1.0099309000000005
8.4904841,7.764780658974222,1.0099309000000005
8.5006101,7.802544922425701,1.0099309000000005
8.5105857,7.739730070915215,1.0099309000000005
8.5206695,7.764780658974222,1.0099309000000005
8.530506599999999,7.727242302704185,1.0099309000000005
8.540495100000001,7.7773435790245795,1.0099309000000005
8.550423600000002,7.815183446581865,1.0099309000000005
8.560690300000001,7.955888361417405,1.0099309000000005
8.5705007,7.840536452576179,1.0099309000000005
8.5805449,7.739730070915215,1.0099309000000005
8.590459200000002,8.047053062365295,1.0099309000000005
8.600515399999999,7.727242302704185,1.0099309000000005
8.610565900000001,7.375750831076357,1.0099309000000005
8.620597499999999,7.7023415681634235,1.0099309000000005
8.6304005,7.7522428396548655,1.0099309000000005
8.640475000000002,7.802544922425701,1.0099309000000005
8.650498200000001,7.764780658974222,1.0099309000000005
8.660506300000002,7.7522428396548655,1.0099309000000005
8.6705613,7.802544922425701,1.0099309000000005
8.680643400000001,7.815183446581865,1.0099309000000005
8.690551,7.7023415681634235,1.0099309000000005
8.7006568,7.689928502230714,1.0099309000000005
8.710624800000001,7.47068670608361,1.0099309000000005
8.7205613,7.482660849647961,1.0099309000000005
8.730525499999999,7.328849479972434,1.0099309000000005
8.7405288,7.628234202823747,1.0099309000000005
8.750434000000002,7.689928502230714,1.0099309000000005
8.760544200000002,7.789931650057636,1.0099309000000005
8.770610900000001,8.08651605131745,1.0099309000000005
8.7804316,8.233256430132531,1.0099309000000005
8.7904531,8.073335404255426,1.0099309000000005
8.800436099999999,8.03395126240779,1.0099309000000005
8.8107069,7.815183446581865,1.0099309000000005
8.8205296,8.02087563986406,1.0099309000000005
8.830430100000001,7.689928502230714,1.0099309000000005
8.840565699999999,7.789931650057636,1.0099309000000005
8.8505724,8.03395126240779,1.0099309000000005
8.8605385,7.82784727308025,1.0099309000000005
8.8706474,7.94296870865388,1.0099309000000005
8.8804448,8.233256430132531,1.0099309000000005
8.8905395,8.246757239301694,1.0099309000000005
8.900517100000002,8.452543313875262,1.0099309000000005
8.910637099999999,8.522522057577296,1.0099309000000005
8.920582,8.579011088888649,1.0099309000000005
8.930915800000001,8.21978259559808,1.0099309000000005
8.9407983,8.621675420423669,1.0099309000000005
8.950611600000002,8.66459650744409,1.0099309000000005
8.9607955,8.736706421172222,1.0099309000000005
8.970582499999999,8.593204099345877,1.0099309000000005
8.980381999999999,8.536601976918485,1.0099309000000005
