0.00048149999999935744,1.4929614,0
0.010288599999999093,1.4929614,0
0.025732999999998896,1.4929614,0
0.030219100000000054,1.4929614,0
0.04039049999999911,1.4929614,0
0.05024739999999994,1.4929614,0
0.06030209999999947,1.4929614,0
0.07016169999999988,1.4929614,0
0.08013919999999963,1.4929614,0
0.09015999999999913,1.4929614,0
0.10026910000000022,1.4929614,0
0.11018279999999869,1.4929614,0
0.12014819999999915,1.4929614,0
0.13031739999999914,1.4929614,0
0.14018589999999875,1.4929614,0
0.1501872999999989,1.4929614,0
0.1602218999999998,1.4929614,0
0.17019269999999942,1.4929614,0
0.18015699999999946,1.4929614,0
0.1902671999999992,1.4929614,0
0.20017879999999977,1.4929614,0
0.2101746000000002,1.4929614,0
0.2201936,1.4929614,0
0.23026699999999956,1.4929614,0
0.2401295999999995,1.4929614,0
0.2502020999999992,1.4929614,0
0.2602270999999998,1.4929614,0
0.2701285999999996,1.4929614,0
0.28012939999999986,1.4929614,0
0.29023280000000007,1.4929614,0
0.30018819999999913,1.4929614,0
0.3103176999999988,1.4929614,0
0.32017570000000006,1.4929614,0
0.33015289999999986,1.4929614,0
0.34020600000000023,1.4929614,0
0.35021659999999954,1.4929614,0
0.36024999999999885,1.4929614,0
0.3703927,1.4929614,0
0.3801740999999996,1.4929614,0
0.39016610000000007,1.4929614,0
0.40031639999999946,1.4929614,0
0.41036489999999937,1.4929614,0
0.42026949999999985,1.4929614,0
0.4301464999999993,1.4929614,0
0.4402216999999986,1.4929614,0
0.4501862999999986,1.4929614,0
0.46024319999999896,1.4929614,0
0.47022239999999904,1.4929614,0
0.4801279999999988,1.4929614,0
0.4902280999999995,1.4929614,0
0.5002382000000001,1.4929614,0
0.5102313999999986,1.4929614,0
0.5201396999999996,1.4929614,0
0.5301948999999997,1.4929614,0
0.540311599999999,1.4929614,0
0.5503126999999992,1.4929614,0
0.5603599999999993,1.4929614,0
0.5703240999999988,1.4929614,0
0.5802733999999994,1.4929614,0
0.5901204,1.4929614,0
0.6002159000000002,1.4929614,0
0.6102737999999999,1.4929614,0
0.6202249999999996,1.4929614,0
0.6301307999999999,1.4929614,0
0.6402442999999991,1.4929614,0
0.6502647999999986,1.4929614,0
0.6603666999999991,1.4929614,0
0.6701625999999994,1.4929614,0
0.6801972999999997,1.4929614,0
0.6900935999999991,1.4929614,0
0.7002312999999987,1.4929614,0
0.7104032,1.4929614,0
0.7201161999999997,1.4929614,0
0.7301664999999993,1.4929614,0
0.7401775999999991,1.4929614,0
0.7501793999999986,1.4929614,0
0.7602823000000001,1.4929614,0
0.7702282,1.4929614,0
0.7801370999999993,1.4929614,0
0.7900900999999987,1.4929614,0
0.8002197999999989,1.4929614,0
0.8103093000000001,1.4929614,0
0.8202742999999995,1.4929614,0
0.8301552000000001,1.4929614,0
0.8401929999999993,1.4929614,0
0.8502926999999989,1.4929614,0
0.8602577,1.4929614,0
0.8700935999999988,1.4929614,0
0.8801302999999994,1.4929614,0
0.8901107999999986,1.4929614,0
0.9002202999999991,1.4929614,0
0.9102789999999992,1.4929614,0
0.9202233999999994,1.4929614,0
0.9303150999999996,1.4929614,0
0.9401881999999997,1.4929614,0
0.9501796000000002,1.4929614,0
0.9603103999999991,1.4929614,0
0.9700843999999993,1.4929614,0
0.9801486999999991,1.4929614,0
0.990254199999999,1.4929614,0
1.000221699999999,1.4929614,0
1.010395599999999,1.4929614,0
1.0235469999999989,1.4929614,0
1.0301983999999997,1.4929614,0
1.040148499999999,1.4929614,0
1.0502354999999994,1.4929614,0
1.060410899999999,1.4929614,0
1.0701678000000001,1.4929614,0
1.0802500999999989,1.4929614,0
1.0901496999999996,1.4929614,0
1.1003205999999999,1.4929614,0
1.1103034999999988,1.4929614,0
1.1201448000000003,1.4929614,0
1.1303149999999995,1.4929614,0
1.1402657999999999,1.4929614,0
1.1503803000000001,1.4929614,0
1.1603462999999987,1.4929614,0
1.1703846000000002,1.4929614,0
1.180569199999999,1.4929614,0
1.190318099999999,1.4929614,0
1.2002837999999993,1.4929614,0
1.2103325999999992,1.4929614,0
1.2202143999999997,1.4929614,0
1.2301424,1.4929614,0
1.2401793999999988,1.4929614,0
1.2502583999999999,1.4929614,0
1.2603273000000002,1.4929614,0
1.2701066999999995,1.4929614,0
1.2801609000000003,1.4929614,0
1.2906055999999992,1.4929614,0
1.3001803999999986,1.4929614,0
1.310241399999999,1.4929614,0
1.3201923999999998,1.4929614,0
1.3301219999999994,1.4929614,0
1.3402388999999992,1.4929614,0
1.3502188999999998,1.4929614,0
1.3604000999999997,1.4929614,0
1.3701776999999993,1.4929614,0
1.3801797999999987,1.4929614,0
1.390321199999999,1.4929614,0
1.4002485,1.4929614,0
1.4103662999999997,1.4929614,0
1.4201787999999986,1.4929614,0
1.4302074999999999,1.4929614,0
1.440161999999999,1.4929614,0
1.4502765999999987,1.4929614,0
1.4601799999999994,1.4929614,0
1.4701363,1.4929614,0
1.480274699999999,1.4929614,0
1.4901806999999998,1.4929614,0
1.5001902999999999,1.4929614,0
1.5102652999999986,1.4929614,0
1.5202020999999988,1.4929614,0
1.5301954999999996,1.4929614,0
1.540220399999999,1.4929614,0
1.5501651999999986,1.4929614,0
1.5602421999999994,1.4929614,0
1.5703578,1.4929614,0
1.5803192,1.4929614,0
1.5903866999999998,1.4929614,0
1.6003916,1.4929614,0
1.6102928999999992,1.4929614,0
1.6202214000000001,1.4929614,0
1.6301877999999999,1.4929614,0
1.6401905999999986,1.4929614,0
1.6502651999999998,1.4929614,0
1.6602797999999996,1.4929614,0
1.6702049999999993,1.4929614,0
1.6801917999999993,1.4929614,0
1.6901499999999992,1.4929614,0
1.7002122999999987,1.4929614,0
1.710428199999999,1.4929614,0
1.7201915999999997,1.4929614,0
1.7301746999999992,1.4929614,0
1.7401717999999988,1.4929614,0
1.7503718999999993,1.4929614,0
1.7605177999999988,1.4929614,0
1.7703848999999998,1.4929614,0
1.7802510999999992,1.4929614,0
1.7902266999999998,1.4929614,0
1.8002789999999997,1.4929614,0
1.8102346999999988,1.4929614,0
1.8201773999999986,1.4929614,0
1.8302553999999986,1.4929614,0
1.8401946000000002,1.4929614,0
1.8504752,1.4929614,0
1.8602024999999998,1.4929614,0
1.8701603000000002,1.4929614,0
1.8802446999999987,1.4929614,0
1.8902219000000002,1.4929614,0
1.900226,1.4929614,0
1.9102861999999998,1.4929614,0
1.9201170999999988,1.4929614,0
1.9301984,1.4929614,0
1.9401975999999994,1.4929614,0
1.9503351000000002,1.4929614,0
1.9601799,1.4929614,0
1.9702614999999994,1.4929614,0
1.980171499999999,1.4929614,0
1.990144599999999,1.4929614,0
2.0001682999999986,1.4929614,0
2.010293899999999,1.4929614,0
2.0200999999999993,1.4929614,0
2.0301709999999993,1.4929614,0
2.0402259999999988,1.4929614,0
2.0502503,1.4929614,0
2.0604131999999993,1.4929614,0
2.0704041999999987,1.4929614,0
2.080200399999999,1.4929614,0
2.0902421999999987,1.4929614,0
2.100258199999999,1.4929614,0
2.1103758,1.4929614,0
2.1201860999999997,1.4929614,0
2.130303099999999,1.4929614,0
2.1401778,1.4929614,0
2.1502745999999995,1.4929614,0
2.1602803,1.4929614,0
2.170195399999999,1.4929614,0
2.180122599999999,1.4929614,0
2.1901569999999992,1.4929614,0
2.2002372999999995,1.4929614,0
2.2103900999999997,1.4929614,0
2.2201407999999994,1.4929614,0
2.2302640999999994,1.4929614,0
2.2401425999999987,1.4929614,0
2.2502940000000002,1.4929614,0
2.2601996999999994,1.4929614,0
2.2701402999999996,1.4929614,0
2.2801256999999993,1.4929614,0
2.2901536,1.4929614,0
2.3002319,1.4929614,0
2.3102805999999987,1.4929614,0
2.3201415,1.4929614,0
2.3303525,1.4929614,0
2.340365799999999,1.4929614,0
2.3501765,1.4929614,0
2.3602434,1.4929614,0
2.3702015999999997,1.4929614,0
2.3803748000000002,1.4929614,0
2.3902552999999997,1.4929614,0
2.4003879999999995,1.4929614,0
2.410264099999999,1.4929614,0
2.420270799999999,1.4929614,0
2.4301744000000003,1.4929614,0
2.440260499999999,1.4929614,0
2.450433799999999,1.4929614,0
2.460236199999999,1.4929614,0
2.4702244999999987,1.4929614,0
2.4801398,1.4929614,0
2.490215599999999,1.4929614,0
2.5002078999999995,1.4929614,0
2.5102750999999994,1.4929614,0
2.520206,1.4929614,0
2.5302185,1.4929614,0
2.5401840999999994,1.4929614,0
2.550295,1.4929614,0
2.5603654999999996,1.4929614,0
2.5702309999999997,1.4929614,0
2.580200399999999,1.4929614,0
2.590216999999999,1.4929614,0
2.600289,1.4929614,0
2.6103087999999985,1.4929614,0
2.6202609999999993,1.4929614,0
2.6302857,1.4929614,0
2.6401845,1.4929614,0
2.650480999999999,1.4929614,0
2.6604025,1.4929614,0
2.670259999999999,1.4929614,0
2.680201499999999,1.4929614,0
2.6902261000000003,1.4929614,0
2.700138299999999,1.4929614,0
2.7102673,1.4929614,0
2.720234099999999,1.4929614,0
2.7301342,1.4929614,0
2.740253299999999,1.4929614,0
2.7501800999999997,1.4929614,0
2.7602338999999994,1.4929614,0
2.770285399999999,1.4929614,0
2.7802663999999986,1.4929614,0
2.7902533,1.4929614,0
2.800217,1.4929614,0
2.8102719999999994,1.4929614,0
2.8202426999999997,1.4929614,0
2.8302017999999993,1.4929614,0
2.8403339999999986,1.4929614,0
2.850526499999999,1.4929614,0
2.8603414999999988,1.4929614,0
2.8702958999999986,1.4929614,0
2.8802626999999994,1.4929614,0
2.8902544999999993,1.4929614,0
2.900255399999999,1.4929614,0
2.9103259999999995,1.4929614,0
2.9204527000000002,1.4929614,0
2.9301657999999993,1.4929614,0
2.9403097999999996,1.4929614,0
2.9502857000000002,1.4929614,0
2.9604913999999987,1.4929614,0
2.970261299999999,1.4929614,0
2.980294599999999,1.4929614,0
2.9903503999999987,1.4929614,0
3.0003984999999993,1.4929614,0
3.0102744,1.4929614,0
3.0202352,1.4929614,0
3.0302622999999986,1.4929614,0
3.0403395,1.4929614,0
3.0503394999999998,1.4929614,0
3.0604170999999987,1.4929614,0
3.070454,1.4929614,0
3.0807374999999997,1.4929614,0
3.0902171000000003,1.4929614,0
3.1002744999999994,1.4929614,0
3.1103068999999994,1.4929614,0
3.1202755999999994,1.4929614,0
3.1303763,1.4929614,0
3.1402707999999997,1.4929614,0
3.1502979999999994,1.4929614,0
3.160300099999999,1.4929614,0
3.170239799999999,1.4929614,0
3.1802051000000002,1.4929614,0
3.1903597999999995,1.4929614,0
3.2002648999999987,1.4929614,0
3.2104245999999996,1.4929614,0
3.2203327,1.4929614,0
3.2303724999999996,1.4929614,0
3.2402514,1.4929614,0
3.250331899999999,1.4929614,0
3.2602668999999995,1.4929614,0
3.270326299999999,1.4929614,0
3.2802843,1.4929614,0
3.2902679999999993,1.4929614,0
3.3003248000000003,1.4929614,0
3.3102918,1.4929614,0
3.3204760999999987,1.4929614,0
3.3302645,1.4929614,0
3.3403945999999998,1.4929614,0
3.3503665,1.4929614,0
3.3604021999999993,1.4929614,0
3.3703173999999994,1.4929614,0
3.3803009,1.4929614,0
3.3903684,1.4929614,0
3.4002644999999987,1.4929614,0
3.4103531999999994,1.4929614,0
3.420255299999999,1.4929614,0
3.430220499999999,1.4929614,0
3.4403255,1.4929614,0
3.450180699999999,1.4929614,0
3.4602962,1.4929614,0
3.470127699999999,1.4929614,0
3.480214499999999,1.4929614,0
3.4901403,1.4929614,0
3.5002211999999986,1.4929614,0
3.5102975999999977,1.4929614,0
3.520163799999999,1.4929614,0
3.5301772999999983,1.4929614,0
3.540437999999998,1.4929614,0
3.5502345999999996,1.4929614,0
3.5602415,1.4929614,0
3.5703019000000005,1.4929614,0
3.580182399999998,1.4929614,0
3.590391399999998,1.4929614,0
3.6004299999999994,1.4929614,0
3.6102044999999983,1.4929614,0
3.6203351999999995,1.4929614,0
3.6301929999999984,1.4929614,0
3.6402569000000007,1.4929614,0
3.6501595999999985,1.4929614,0
3.6602221999999998,1.4929614,0
3.6702695,1.4929614,0
3.680276599999999,1.4929614,0
3.6902590999999987,1.4929614,0
3.700310299999998,1.4929614,0
3.7103409999999997,1.4929614,0
3.720365000000001,1.4929614,0
3.730340899999998,1.4929614,0
3.7404437999999978,1.4929614,0
3.750231799999998,1.4929614,0
3.7601659000000005,1.4929614,0
3.7702314,1.4929614,0
3.780090099999999,1.4929614,0
3.7901947999999983,1.4929614,0
3.800200199999999,1.4929614,0
3.810172599999998,1.4929614,0
3.8201704999999997,1.4929614,0
3.8301717999999987,1.4929614,0
3.840136000000001,1.4929614,0
3.8502352,1.4929614,0
3.8602422999999995,1.4929614,0
3.870163599999998,1.4929614,0
3.8803443999999985,1.4929614,0
3.8901737999999995,1.4929614,0
3.9001811999999987,1.4929614,0
3.910179799999998,1.4929614,0
3.920174199999998,1.4929614,0
3.9301907999999983,1.4929614,0
3.9402150999999996,1.4929614,0
3.9502261999999995,1.4929614,0
3.960439300000001,1.4929614,0
3.9702090000000005,1.4929614,0
3.9802110999999982,1.4929614,0
3.9902592000000006,1.4929614,0
4.000289299999999,1.4929614,0
4.010251199999999,1.4929614,0
4.020290599999999,1.4929614,0
4.030180699999999,1.4929614,0
4.040259299999999,1.4929614,0
4.0501532000000005,1.4929614,0
4.060316699999998,1.4929614,0
4.070191099999999,1.4929614,0
4.080363299999998,1.4929614,0
4.0903314,1.4929614,0
4.1002535999999985,1.4929614,0
4.1102022,1.4929614,0
4.120058999999998,1.4929614,0
4.130352599999998,1.4929614,0
4.1403096999999995,1.4929614,0
4.150235899999998,1.4929614,0
4.160285599999998,1.4929614,0
4.170151099999998,1.4929614,0
4.1802812,1.4929614,0
4.1902042,1.4929614,0
4.200219399999998,1.4929614,0
4.2103785999999985,1.4929614,0
4.2202302,1.4929614,0
4.230211099999998,1.4929614,0
4.240174400000001,1.4929614,0
4.250229600000001,1.4929614,0
4.260325399999999,1.4929614,0
4.270224499999998,1.4929614,0
4.2801823,1.4929614,0
4.290223300000001,1.4929614,0
4.3001854,1.4929614,0
4.310263499999998,1.4929614,0
4.320077699999999,1.4929614,0
4.330163500000001,1.4929614,0
4.3402113,1.4929614,0
4.350379799999999,1.4929614,0
4.360277,1.4929614,0
4.370245199999999,1.4929614,0
4.380266199999998,1.4929614,0
4.390241799999998,1.4929614,0
4.400233799999999,1.4929614,0
4.4102150999999985,1.4929614,0
4.420097800000001,1.4929614,0
4.4301374,1.4929614,0
4.440178799999998,1.4929614,0
4.450210500000001,1.4929614,0
4.460199299999999,1.4929614,0
4.470200299999998,1.4929614,0
4.480207499999999,1.4929614,0
4.490217999999999,1.4929614,0
4.5002303999999995,1.4929614,0
4.5103598,1.4929614,0
4.520085399999999,1.4929614,0
4.530212800000001,1.4929614,0
4.540202999999998,1.4929614,0
4.550261799999998,1.4929614,0
4.5603207999999995,1.4929614,0
4.570131499999999,1.4929614,0
4.580141300000001,1.4929614,0
4.590196800000001,1.4929614,0
4.6002315,1.4929614,0
4.6103646000000005,1.4929614,0
4.620259399999998,1.4929614,0
4.630119999999998,1.4929614,0
4.640253599999998,1.4929614,0
4.650316199999999,1.4929614,0
4.660268599999998,1.4929614,0
4.6701713,1.4929614,0
4.680123999999999,1.4929614,0
4.690146200000001,1.4929614,0
4.700129499999999,1.4929614,0
4.7104526,1.4929614,0
4.720111799999998,1.4929614,0
4.730170999999999,1.4929614,0
4.740110999999999,1.4929614,0
4.750199899999998,1.4929614,0
4.760278400000001,1.4929614,0
4.7701077000000005,1.4929614,0
4.780109799999998,1.4929614,0
4.7901396,1.4929614,0
4.800200499999999,1.4929614,0
4.810307299999998,1.4929614,0
4.820115900000001,1.4929614,0
4.830195,1.4929614,0
4.840152,1.4929614,0
4.850187999999999,1.4929614,0
4.8601849,1.4929614,0
4.87012,1.4929614,0
4.880043399999998,1.4929614,0
4.8901645999999985,1.4929614,0
4.900184599999999,1.4929614,0
4.9103502,1.4929614,0
4.9201148,1.4929614,0
4.9300329000000005,1.4929614,0
4.9400960000000005,1.4929614,0
4.950162500000001,1.4929614,0
4.960205500000001,1.4929614,0
4.9700977,1.4929614,0
4.980278599999998,1.4929614,0
4.990386699999998,1.4929614,0
5.000480199999998,1.4929614,0
5.0103218,1.4929614,0
5.020252799999998,1.4929614,0
5.0301227,1.4929614,0
5.0401284,1.4929614,0
5.0502039,1.4929614,0
5.060193599999998,1.4929614,0
5.070132000000001,1.4929614,0
5.0800871,1.4929614,0
5.090172199999998,1.4929614,0
5.1001799000000005,1.4929614,0
5.110394100000001,1.4929614,0
5.120144199999999,1.4929614,0
5.1301299,1.4929614,0
5.140127799999998,1.4929614,0
5.150150799999999,1.4929614,0
5.160233999999999,1.4929614,0
5.1701081,1.4929614,0
5.180138799999998,1.4929614,0
5.190130700000001,1.4929614,0
5.200206399999999,1.4929614,0
5.2102571,1.4929614,0
5.220127699999999,1.4929614,0
5.230162100000001,1.4929614,0
5.2401442,1.4929614,0
5.250237899999998,1.4929614,0
5.2602191000000005,1.4929614,0
5.270195900000001,1.4929614,0
5.280074899999999,1.4929614,0
5.290095699999998,1.4929614,0
5.300135000000001,1.4929614,0
5.310376899999998,1.4929614,0
5.320088800000001,1.4929614,0
5.330076999999999,1.4929614,0
5.340166400000001,1.4929614,0
5.350121399999999,1.4929614,0
5.360262899999999,1.4929614,0
5.3701413,1.4929614,0
5.3802363,1.4929614,0
5.390082,1.4929614,0
5.4001752,1.4929614,0
5.410157599999998,1.4929614,0
5.4201786,1.4929614,0
5.4301387000000005,1.4929614,0
5.440142999999999,1.4929614,0
5.4501679,1.4929614,0
5.460163899999998,1.4929614,0
5.4701834,1.4929614,0
5.480142699999998,1.4929614,0
5.490178999999998,1.4929614,0
5.500216399999999,1.4929614,0
5.510276900000001,1.4929614,0
5.5201438,1.4929614,0
5.5301574,1.4929614,0
5.5401644999999995,1.4929614,0
5.5502018,1.4929614,0
5.5601378,1.4929614,0
5.570067099999999,1.4929614,0
5.580056499999998,1.4929614,0
5.590113200000001,1.4929614,0
5.600440799999998,1.4929614,0
5.610203599999998,1.4929614,0
5.6203514000000006,1.4929614,0
5.630169200000001,1.4929614,0
5.640170600000001,1.4929614,0
5.650240699999998,1.4929614,0
5.660301199999999,1.4929614,0
5.6701607,1.4929614,0
5.6802329,1.4929614,0
5.6900905,1.4929614,0
5.700227399999999,1.4929614,0
5.710404699999998,1.4929614,0
5.720123300000001,1.4929614,0
5.7302225,1.4929614,0
5.740149200000001,1.4929614,0
5.750151299999999,1.4929614,0
5.760227799999999,1.4929614,0
5.770102699999999,1.4929614,0
5.7801042,1.4929614,0
5.790085999999999,1.4929614,0
5.8002146,1.4929614,0
5.8101822,1.4929614,0
5.820152499999999,1.4929614,0
5.830141900000001,1.4929614,0
5.840208499999999,1.4929614,0
5.8501808,1.4929614,0
5.860287400000001,1.4929614,0
5.8701738,1.4929614,0
5.880201100000001,1.4929614,0
5.890242799999999,1.4929614,0
5.900203999999999,1.4929614,0
5.9102692999999995,1.4929614,0
5.9201078,1.4929614,0
5.930178699999999,1.4929614,0
5.940228399999999,1.4929614,0
5.950220899999998,1.4929614,0
5.960185799999998,1.4929614,0
5.9701801,1.4929614,0
5.980066999999998,1.4929614,0
5.990090899999998,1.4929614,0
6.000232499999999,1.4929614,0
6.010253500000001,1.4929614,0
6.020174399999998,1.4929614,0
6.030134499999999,1.4929614,0
6.040144899999998,1.4929614,0
6.0503250999999985,1.4929614,0
6.0601609,1.4929614,0
6.0701371,1.4929614,0
6.080100899999998,1.4929614,0
6.090148499999998,1.4929614,0
6.100218299999998,1.4929614,0
6.1102053000000005,1.4929614,0
6.120132899999998,1.4929614,0
6.1302164999999995,1.4929614,0
6.140071799999998,1.4929614,0
6.1502865,1.4929614,0
6.160125699999998,1.4929614,0
6.1700596999999995,1.4929614,0
6.1802153,1.4929614,0
6.190144499999999,1.4929614,0
6.2001428999999995,1.4929614,0
6.210185599999999,1.4929614,0
6.220342800000001,1.4929614,0
6.2302432,1.4929614,0
6.240291899999999,1.4929614,0
6.2501444,1.4929614,0
6.2602738,1.4929614,0
6.270049799999999,1.4929614,0
6.280183999999998,1.4929614,0
6.290167799999999,1.4929614,0
6.300203700000001,1.4929614,0
6.310222899999999,1.4929614,0
6.320139000000001,1.4929614,0
6.330045999999999,1.4929614,0
6.340159100000001,1.4929614,0
6.350186999999998,1.4929614,0
6.360187100000001,1.4929614,0
6.3704708,1.4999849490776125,0
6.3803321,1.514687194931279,0
6.390384999999998,1.5390201163002162,0
6.400494999999999,1.5688302011559696,0
6.4106095,1.5993667383603627,0
6.420535600000001,1.651399441667338,0
6.4304779,1.7304941327687473,0
6.440430299999999,1.7785800208917706,0
6.4504529999999995,1.8328151650548474,0
6.460499800000001,1.8390489739943576,0
6.4704637,1.848971816781292,0
6.4803847999999995,1.8547680117579741,0
6.490417099999998,1.837653969966441,0
6.500439099999998,1.8294001171027447,0
6.510557500000001,1.834880646292449,0
6.5204623999999995,1.8273674205877593,0
6.530372499999999,1.8475372006592325,0
6.540393899999998,1.8468220416553043,0
6.550436099999999,1.9104841231449277,0
6.5606387999999995,1.9356172167530554,0
6.570419999999999,1.9995728830733335,0
6.5803785999999995,2.0354572823065986,0
6.594733699999999,2.064592820056041,0
6.600608999999999,2.1038226925624812,0
6.610484199999998,2.144418143687686,0
6.620683700000001,2.1549794995254277,0
6.630410600000001,2.114978804825569,0
6.640429399999999,2.094073332348656,0
6.650500900000001,2.094073332348656,0
6.6604887999999995,2.0904573511461084,0
6.6703808,2.068053147577966,0
6.680628200000001,2.0520811114443793,0
6.690431999999998,2.0387422711118934,0
6.700488499999999,2.0431530287874753,0
6.710561899999998,2.0520811114443793,0
6.7203853,2.080920134718937,0
6.730415999999998,2.1616666746700384,0
6.740563899999998,2.2688699764956883,0
6.750529699999998,2.5954367352380623,0
6.760508899999998,2.856577741506647,0
6.7704457,3.152565201535974,0
6.784417600000001,3.298289002589144,0
6.790428800000001,3.3237887302246483,0
6.8005207,3.283877214583242,0
6.810453299999999,3.152565201535974,0
6.8203835999999995,2.912365161441296,0
6.833304500000001,2.611027329042492,0
6.8403919,2.2877986919473856,0
6.850439599999998,2.065743956448834,0
6.860600099999999,1.776277403474917,0
6.875778,1.6168759487205409,0
6.8821324,1.559590362490269,0
6.890694700000001,1.54218114281551,0
6.900658700000001,1.532051300734749,0
6.9105229,1.5278581861305913,0
6.9204328,1.531044598267971,0
6.930361299999998,1.5373680761716606,0
6.9403808,1.550446698029463,0
6.950475999999998,1.5693070113630971,0
6.960546699999998,1.5998066846197279,0
6.9703993,1.6250168168281915,0
6.980379499999998,1.6491500320912642,0
6.990495199999998,1.640762822996656,0
7.000434599999998,1.6746003198249473,0
7.010519500000001,1.6603768193171644,0
7.020376899999999,1.618670343457435,0
7.0303638,1.5915372628405513,0
7.040389399999999,1.570108080145076,0
7.050401399999998,1.5621559184735563,0
7.060523400000001,1.5567116435232329,0
7.0704417,1.5524252808554349,0
7.0803577,1.5582044604572205,0
7.0903676,1.5678851205665743,0
7.1004293999999994,1.563918324798125,0
7.110512100000001,1.5720636470045635,0
7.120394000000001,1.5891198930030663,0
7.1305866999999985,1.609703942320107,0
7.1407168,1.633103231464188,0
7.1504528,1.6311081841406208,0
7.160441200000001,1.6422820346246871,0
7.170417999999998,1.6614045603730137,0
7.1803858,1.7015515167327007,0
7.190395899999999,1.6977705204840972,0
7.2004367999999985,1.7215118990012357,0
7.210493100000001,1.7324290150406236,0
7.2204215000000005,1.755297263594916,0
7.2304019,1.787380772749907,0
7.2404247999999995,1.8704317032787856,0
7.2504200999999995,1.9104841231449277,0
7.260512500000001,1.9965222069552708,0
7.270426099999998,2.0952834887663854,0
7.283466600000001,2.2534393971088607,0
7.290449200000001,2.3137541221473232,0
7.300487099999998,2.4567538217125966,0
7.310535599999998,2.588821580137389,0
7.320397199999999,2.6245655237010075,0
7.3303458,2.6268377261935005,0
7.3403861,2.702000495479709,0
7.350490300000001,2.685145151255618,0
7.3605374999999995,2.6756189456742736,0
7.370501699999998,2.6451798757112184,0
7.380420399999998,2.6451798757112184,0
7.390418399999998,2.5954367352380623,0
7.400479999999998,2.560610156783034,0
7.410525700000001,2.5542033355265574,0
7.4203413000000005,2.526880386318042,0
7.4303563,2.526880386318042,0
7.4403362999999985,2.588821580137389,0
7.450454000000001,2.508376375071145,0
7.460509599999998,2.575709749501147,0
7.470398299999999,2.62003472923619,0
7.4804341,2.694747872134722,0
7.490367299999999,2.821494380264045,0
7.500440900000001,2.829509768664681,0
7.510463699999999,2.856577741506647,0
7.520582399999999,2.9527655519713805,0
7.5306216,3.003368557164441,0
7.546087700000001,3.0937632400618837,0
7.550632799999999,3.169278279666569,0
7.5605969,3.266023857998057,0
7.570500499999998,3.3055382474235118,0
7.580437499999999,3.3237887302246483,0
7.5904029999999985,3.3948291210780956,0
7.600520100000001,3.3274607785093675,0
7.6104904,3.2767144408227917,0
7.620415299999998,3.2624745607623966,0
7.630501599999999,3.2413272039418444,0
7.640408699999998,3.196369282222762,0
7.6504741,3.103417152277182,0
7.660482999999999,3.0937632400618837,0
7.670362699999998,3.061998679676124,0
7.6804855,3.103417152277182,0
7.6904562,3.1861593270248654,0
7.7004242000000005,3.1066480163688723,0
7.710554500000001,3.113129162084253,0
7.720444699999998,3.1066480163688723,0
7.730494199999999,3.169278279666569,0
7.740327799999999,3.119636284300863,0
7.750448800000001,3.0841670778964776,0
7.760530899999999,3.030863099727831,0
7.7704044,2.9469245794964065,0
7.7829941,2.9469245794964065,0
7.790423699999998,2.9353124931369345,0
7.800477300000001,2.941106924245793,0
7.8104561,2.9498421452486294,0
7.8204159,3.003368557164441,0
7.833479999999998,3.0370404986881323,0
7.8404935999999985,3.080981130749813,0
7.850650299999998,3.119636284300863,0
7.8605665999999985,3.176010448145971,0
7.8704326999999985,3.159230383819779,0
7.880367,3.165922280225342,0
7.890418,3.0714614316217785,0
7.900530199999999,3.0370404986881323,0
7.910619699999998,3.0937632400618837,0
7.920376600000001,3.0094357577045794,0
7.930335199999998,3.030863099727831,0
7.940401999999999,2.99431313924146,0
7.953809,3.000344045569876,0
7.9676273,3.006399123835252,0
7.970475799999999,3.030863099727831,0
7.980402599999998,3.003368557164441,0
7.990375099999998,3.0094357577045794,0
8.000457,3.0370404986881323,0
8.0104744,3.1558944600878465,0
8.020416999999998,3.1228996191165024,0
8.030527199999998,3.1895558410607796,0
8.040385399999998,3.113129162084253,0
8.050443299999998,3.159230383819779,0
8.0606361,3.248348145279033,0
8.0703587,3.216973894025502,0
8.080516799999998,3.3201240186972973,0
8.0904378,3.364588029017873,0
8.100559099999998,3.512641910303217,0
8.110587599999999,3.5742527088499334,0
8.1204374,3.6420404143692897,0
8.1304914,3.734368223985737,0
8.140554599999998,4.286753449470591,0
8.1562472,3.901952168090908,0
8.175386,4.020569105069346,0
8.176145599999998,4.010465449431882,0
8.192434800000001,4.0408980653299365,0
8.1931622,4.129133705565583,0
8.200617300000001,3.9605489691179665,0
8.216273699999999,4.129133705565583,0
8.2315218,3.9457676635638124,0
8.232399399999998,4.214964756839351,0
8.246645699999998,4.292353354407833,0
8.2504633,4.182455823463794,0
8.2605608,4.286753449470591,0
8.2704041,4.25892130761927,0
8.280535699999998,4.331867857489674,0
8.2906054,4.348972727931358,0
8.3006289,4.275587183093811,0
8.310515800000001,4.303586819778257,0
8.3205128,4.343259697410357,0
8.330411999999999,4.371939454170687,0
8.3404679,4.447863009215968,0
8.350504,4.507623886153713,0
8.360472999999999,4.580932645749876,0
8.3704152,4.713533748234534,0
8.380652699999999,4.75245400772832,0
8.3904049,4.75245400772832,0
8.4005191,4.75245400772832,0
8.410485299999998,4.77208998078598,0
8.4204124,4.899224864653134,0
8.430466899999999,4.968103855907675,0
8.4403683,5.0030634008624695,0
8.453805599999999,5.117312465639354,0
8.460516599999998,5.153771582052348,0
8.4703628,5.341637676374042,0
8.480407,5.146450562348289,0
8.490438300000001,5.257818241962262,0
8.500429399999998,5.303309261089653,0
8.5105736,5.388140587926246,0
8.520398499999999,5.4273215722193155,0
8.5304051,5.303309261089653,0
8.5403667,5.4908318446744335,0
8.5504699,5.5310448932559035,0
8.5604011,5.482837378116464,0
8.570357099999999,5.44310400232517,0
8.580445300000001,5.44310400232517,0
8.590405999999998,5.662462599012697,0
8.6004699,5.612687495743965,0
8.610491199999998,5.679187476864623,0
8.6203866,5.704400565352053,0
8.6303752,5.571662089694587,0
8.6403557,5.78954518471769,0
8.650443499999998,5.806779410930027,0
8.6605064,5.920498011343938,0
8.670410699999998,5.9293686750734675,0
8.680446700000001,5.938257097883617,0
8.6904252,5.89399222016673,0
8.7004011,5.9293686750734675,0
8.710521799999999,5.9293686750734675,0
8.720456500000001,5.885192238641251,0
8.7303644,5.991962571435397,0
8.740473699999999,5.7981536807136225,0
8.7504372,5.89399222016673,0
8.760493,5.858897647865455,0
8.770423399999999,5.721293531020849,0
8.780339899999998,5.662462599012697,0
8.7905312,5.6458044870513815,0
8.801157499999999,5.539135871323494,0
8.810551999999998,5.815422409869826,0
8.820692399999999,5.991962571435397,0
8.8304313,5.982966845017518,0
8.840376199999998,6.194489442460147,8.999999998593466e-07
8.8535802,6.251288226892488,0.013219899999999285
8.8604944,6.260821133074819,0.020133099999998905
8.870396199999998,6.27994423832014,0.03004100000000065
8.880388499999999,6.308772702657734,0.04003990000000002
8.8904459,6.49542520288607,0.050091800000000575
8.9005845,6.445616409894751,0.06013439999999903
8.910601,6.455538361358687,0.07018210000000025
8.920537,6.485423557459608,0.08009159999999937
8.9305093,6.505446871620019,0.09008910000000014
8.9405234,6.545734582569215,0.10010690000000011
8.950520699999998,6.5965495799240745,0.11014929999999978
8.9605411,6.6272833866223495,0.12011130000000136
8.970415199999998,6.576162582781321,0.13007379999999813
8.9805654,5.9293686750734675,0
8.994755399999999,6.465480176582687,1.2999999974283583e-06
9.0107827,6.475441895334031,0.015932299999999344
9.0114761,6.5965495799240745,0.01679399999999731
9.0204412,6.586345887857524,0.025714999999998156
9.030397999999998,6.505446871620019,0.035712499999998926
9.0403604,6.710147465681302,0.04566099999999906
9.050433599999998,6.7205990086718055,0.05572569999999999
9.0604193,6.858388484023861,0.06573309999999921
9.070352100000001,7.032968092035166,0.0756541999999989
9.082626600000001,7.111121039461668,0.08791259999999923
9.0904232,7.111121039461668,0.09573059999999955
9.100388800000001,7.399342586455758,0.10568299999999908
9.110627699999998,7.518727305915347,0.11589939999999999
9.1203893,7.47068670608361,0.12567419999999885
9.130616499999999,7.399342586455758,0.13582319999999726
9.140574399999998,7.293918879685199,0.14577239999999847
9.1504099,7.328849479972434,0.15570629999999852
9.1604304,7.293918879685199,0.16572659999999928
9.1705498,7.3055391338252935,0.17578040000000072
9.1804126,7.542892112532513,0.18571349999999853
9.190447199999998,7.567153771952609,0.19566199999999867
9.200610300000001,7.375750831076357,0.20589839999999882
9.2105806,7.3055391338252935,0.2157650999999987
9.220418899999999,7.423028897842612,0.2256777999999997
9.2304241,7.41117389899744,0.23574980000000068
9.2403704,7.293918879685199,0.24567429999999746
9.250444599999998,7.506681101523312,0.25570869999999957
9.2605048,7.567153771952609,0.26578589999999735
9.270392399999999,7.506681101523312,0.2756836000000007
9.280499199999998,7.6159692035057525,0.28579380000000043
9.2903904,7.399342586455758,0.2957080999999988
9.3004389,7.518727305915347,0.30571780000000004
9.3104859,7.293918879685199,0.31569949999999736
9.3205126,7.282321842828364,0.3257311999999999
9.3304103,7.224683297447398,0.3356805999999999
9.340443999999998,6.9998074648463415,0.34572009999999764
9.353207699999999,7.293918879685199,0.35850010000000054
9.366334599999998,7.077492898532053,0.37154449999999883
9.3703502,7.066328281073982,0.3756518
9.3804184,7.111121039461668,0.385698399999999
9.390391999999999,7.01083890754158,0.3956975999999983
9.400559399999999,6.934080128015318,0.4058135000000007
9.4140454,7.111121039461668,0.419341799999998
9.4276269,7.111121039461668,0.4328977999999992
9.4303524,7.021892435199812,0.435642399999999
9.440352099999998,7.144951555755833,0.445646
9.450617300000001,7.111121039461668,0.4558105999999995
9.4605927,7.01083890754158,0.46578509999999795
9.4705868,7.032968092035166,0.47580259999999797
9.4808178,7.167618265175428,0.4858863999999983
9.490599199999998,8.314667798570671,0.49581079999999744
9.503685999999998,7.122375332081784,0.5089520000000007
9.517049199999999,7.156273577114696,0.5223553999999986
9.520367999999998,7.156273577114696,0.5256769000000006
9.530444199999998,7.09988923293321,0.535733699999998
9.540375000000001,6.9778106579298536,0.5456715999999986
9.5530984,6.9998074648463415,0.5583828000000004
9.560428299999998,7.088679867569163,0.5657199999999989
9.574358799999999,6.901511052181899,0.5796716999999987
9.588538,6.890698046687361,0.5938297999999982
9.590545500000001,6.699716804887621,0.5958240000000004
9.6005672,6.658202150477414,0.6058146999999998
9.6105421,6.731071475665324,0.6157654999999984
9.6203872,6.658202150477414,0.625657799999999
9.6303773,6.934080128015318,0.6356830999999978
9.6405091,7.111121039461668,0.6457558999999975
9.654748599999998,6.752079349304772,0.6600183999999985
9.670519599999999,6.879906645592216,0.6757253999999975
9.6712409,6.86913680573084,0.6765042999999977
9.680619799999999,6.762614839982228,0.6857383000000006
9.690484899999998,6.86913680573084,0.6957777999999983
9.7005695,6.988798062988308,0.7057690999999977
9.710564299999998,6.710147465681302,0.7157726999999987
9.7205263,6.617018288369059,0.7258239999999994
9.730464699999999,6.366951147619736,0.7356807999999972
9.740465499999999,6.475441895334031,0.7457134999999973
9.750528,6.289534513875581,0.7557693999999984
9.760424,6.1198102381647095,0.7657065999999979
9.7704008,6.185089067084062,0.7756820999999974
9.7804827,5.982966845017518,0
9.7935136,6.028125932580405,1.2000000033651759e-06
9.808267999999998,6.073738876518667,0.014791000000002441
9.810473599999998,6.0463163929775785,0.016997300000003435
9.8205275,6.138368170237612,0.026969300000001084
9.830422299999999,6.270373124148044,0.03692190000000295
9.8404497,6.27994423832014,0.04693860000000072
9.8504167,6.110559071938329,0.05695540000000321
9.8605272,6.270373124148044,0.06703189999999992
9.870374299999998,6.2228036367552635,0.07690690000000089
9.880394499999998,6.15700048270041,0.08692650000000057
9.8903788,6.251288226892488,0.09691200000000322
9.900460599999999,6.270373124148044,0.1069728000000012
9.910545799999998,6.27994423832014,0.11700650000000223
9.9203498,6.308772702657734,0.12691110000000094
9.930363400000001,5.858897647865455,0
9.9438955,6.366951147619736,1.0000000010279564e-06
9.957746699999998,6.445616409894751,0.013853100000002172
9.960386,6.435714282503059,0.016465400000001296
9.970415199999998,6.465480176582687,0.026502300000000645
9.980416299999998,6.555856970748401,0.03652750000000182
9.9903804,6.535632418935098,0.04646210000000295
10.0005807,6.5965495799240745,0.056614700000000795
10.010449399999999,6.586345887857524,0.06651870000000315
10.0204357,6.586345887857524,0.07654110000000003
10.030449999999998,6.6893069845681055,0.08652939999999987
10.0405749,6.606773699795757,0.09663109999999975
10.0505359,6.773171422726079,0.10659200000000268
10.0606626,6.890698046687361,0.11669750000000079
10.070383199999998,6.9778106579298536,0.12648510000000002
10.0806194,7.236164941859489,0.1366492000000008
10.093576599999999,7.032968092035166,0.14964070000000262
10.1004975,7.09988923293321,0.1565681000000012
10.1104394,7.055185970536476,0.16652040000000312
10.1204027,7.01083890754158,0.17650500000000235
10.130629499999998,7.111121039461668,0.18664970000000025
10.140451299999999,7.077492898532053,0.19649240000000034
10.150496399999998,7.122375332081784,0.20658250000000322
10.1604503,7.09988923293321,0.21653620000000018
10.170379099999998,7.3055391338252935,0.22644860000000122
10.180433399999998,7.518727305915347,0.23650610000000327
10.1906922,7.144951555755833,0.2466355
10.200508,7.111121039461668,0.2565521000000004
10.210462,7.066328281073982,0.2665260000000025
10.220399999999998,7.167618265175428,0.2764772999999998
10.2303626,7.088679867569163,0.28645580000000237
10.240346800000001,8.328331593408056,0.2964520999999998
10.2545346,6.9778106579298536,0.31061030000000045
10.2691583,6.955901662500982,0.32524210000000053
10.270325499999998,6.988798062988308,0.3264519000000021
10.280347299999999,7.021892435199812,0.33645930000000135
10.2933281,6.9449799844945455,0.34936539999999994
10.3078057,6.9998074648463415,0.36391530000000216
10.3105598,6.762614839982228,0.3666062000000032
10.320404199999999,6.912345705327855,0.3765020000000021
10.330390900000001,6.86913680573084,0.38645740000000117
10.340401,6.934080128015318,0.39650230000000164
10.3504979,6.836956223185779,0.4065321000000033
10.360520099999999,6.934080128015318,0.4165452000000016
10.3703635,6.934080128015318,0.42645390000000205
10.380343799999999,6.858388484023861,0.43646280000000104
10.3903924,6.9998074648463415,0.4464513000000032
10.4004528,6.988798062988308,0.4565362999999998
10.410455499999998,7.111121039461668,0.4665417000000005
10.423315500000001,7.088679867569163,0.4793712000000028
10.4304852,7.01083890754158,0.48658720000000244
10.440566099999998,7.055185970536476,0.4965937000000018
10.450542899999999,7.032968092035166,0.5065972000000016
10.460484600000001,7.01083890754158,0.5165770000000016
10.4703671,7.044065922350272,0.5264639000000031
10.480584099999998,7.111121039461668,0.5365989000000013
10.490420499999999,6.988798062988308,0.5465038
10.503182299999999,6.858388484023861,0.5592868000000024
10.5105513,6.934080128015318,0.5665782000000021
10.5205011,6.988798062988308,0.5765142000000019
10.530357500000001,6.79434803340286,0.5864579000000028
10.5403549,6.912345705327855,0.5964669000000029
10.550488299999998,6.8262721983256105,0.6065547000000002
10.560497699999999,6.966845205721355,0.6165207000000024
10.570403899999999,6.934080128015318,0.6264652000000019
10.5803972,7.044065922350272,0.6365099000000001
10.593127899999999,7.01083890754158,0.6492091000000002
10.6005133,7.055185970536476,0.6565510000000003
10.6105007,7.055185970536476,0.666565600000002
10.620339900000001,7.111121039461668,0.6764533000000021
10.630473299999998,7.156273577114696,0.6865951000000017
10.6403751,7.144951555755833,0.6965070000000004
10.6504418,6.9449799844945455,0.7065131000000022
10.663887799999998,7.032968092035166,0.7199918000000025
10.677086499999998,7.044065922350272,0.7331097
10.680395699999998,7.293918879685199,0.7364971000000011
10.6907128,7.201788783810888,0.7467132000000021
10.700628599999998,7.213224593376143,0.7566538999999999
10.710528700000001,7.055185970536476,0.7665905000000031
10.7205124,7.09988923293321,0.776585800000003
10.7306199,6.988798062988308,0.7866374
10.745335699999998,7.122375332081784,0.801437
10.758386599999998,7.088679867569163,0.814495400000002
10.7604847,6.966845205721355,0.8165311000000024
10.7748748,6.836956223185779,0.8309792000000016
10.780364200000001,6.901511052181899,0.836477900000002
10.7903564,6.668549698877585,0.8464463000000002
10.800411699999998,6.731071475665324,0.856481200000001
10.810540799999998,6.731071475665324,0.866600100000003
10.8204287,6.815609520161351,0.8765144000000014
10.830415599999998,6.299143989175471,0.8865253000000024
10.840348299999999,6.912345705327855,0.8964537000000021
10.850425900000001,6.934080128015318,0.9064916000000025
10.860519799999999,6.966845205721355,0.9165872999999998
10.870338499999999,7.088679867569163,0.9264570000000028
10.882569,7.236164941859489,0.9386395000000007
10.890452799999998,7.224683297447398,0.9465592000000029
10.900475,7.328849479972434,0.9565296000000032
10.9104381,7.423028897842612,0.9665220000000012
10.920429500000001,7.399342586455758,0.9764936000000013
10.930416699999999,7.24766957253901,0.9864658000000013
10.9403699,7.293918879685199,0.9964627000000021
10.9504326,7.224683297447398,1.0065193000000008
10.960552700000001,7.111121039461668,1.0065193000000008
10.971553799999999,7.167618265175428,1.0065193000000008
10.987232599999999,7.270747976866626,1.0065193000000008
10.990490900000001,7.259197235504502,1.0065193000000008
11.0006822,7.24766957253901,1.0065193000000008
11.0105556,7.24766957253901,1.0065193000000008
11.020494799999998,7.144951555755833,1.0065193000000008
11.030522999999999,7.270747976866626,1.0065193000000008
11.0405856,7.259197235504502,1.0065193000000008
11.0506845,7.213224593376143,1.0065193000000008
11.060743899999999,7.190375823008391,1.0065193000000008
11.070443999999998,7.282321842828364,1.0065193000000008
11.080596400000001,7.3055391338252935,1.0065193000000008
11.090522,7.3055391338252935,1.0065193000000008
11.100547800000001,7.270747976866626,1.0065193000000008
11.1105855,7.494658965463705,1.0065193000000008
11.120538799999999,8.736706421172222,1.0065193000000008
11.130628599999998,7.317182651729675,1.0065193000000008
11.140481300000001,7.293918879685199,1.0065193000000008
11.1505862,7.3405396652208985,1.0065193000000008
11.1605995,7.375750831076357,1.0065193000000008
11.1705076,7.328849479972434,1.0065193000000008
11.180550399999998,7.293918879685199,1.0065193000000008
11.1905861,7.375750831076357,1.0065193000000008
11.200682399999998,7.293918879685199,1.0065193000000008
11.210604799999999,7.293918879685199,1.0065193000000008
11.220494599999999,7.739730070915215,1.0065193000000008
11.230709099999999,7.328849479972434,1.0065193000000008
11.2406158,7.3055391338252935,1.0065193000000008
11.2506041,7.328849479972434,1.0065193000000008
11.2606757,7.328849479972434,1.0065193000000008
11.27046,7.282321842828364,1.0065193000000008
11.280538499999999,7.01083890754158,1.0065193000000008
11.2907494,7.3055391338252935,1.0065193000000008
11.3007202,7.282321842828364,1.0065193000000008
11.3106805,7.213224593376143,1.0065193000000008
11.3208992,7.213224593376143,1.0065193000000008
11.330595199999998,7.111121039461668,1.0065193000000008
11.340491799999999,7.144951555755833,1.0065193000000008
11.350590399999998,7.077492898532053,1.0065193000000008
11.360581400000001,7.088679867569163,1.0065193000000008
11.3704301,6.890698046687361,1.0065193000000008
11.3805503,6.6893069845681055,1.0065193000000008
11.390533999999999,6.485423557459608,1.0065193000000008
11.400597399999999,6.27994423832014,1.0065193000000008
11.410598399999998,5.956087363031768,1.0065193000000008
11.420714399999998,5.514911402176358,1.0065193000000008
11.4306455,5.303309261089653,1.0065193000000008
11.4406593,4.858553880234452,1.0065193000000008
11.450632200000001,4.580932645749876,1.0065193000000008
11.46066,4.182455823463794,1.0065193000000008
11.470489699999998,3.7120324069624946,1.0065193000000008
11.480408699999998,3.3201240186972973,1.0065193000000008
11.490520799999999,2.9237929328704935,1.0065193000000008
11.500586599999998,2.5735397007742216,1.0065193000000008
11.5107396,2.2565008735682466,1.0065193000000008
11.5204856,1.956613214508358,1.0065193000000008
11.530521699999998,1.836958557670608,1.0065193000000008
11.5404899,1.6092244861025367,1.0065193000000008
11.5506132,1.5456563566738084,1.0065193000000008
11.5606336,1.5192172675335562,1.0065193000000008
11.570229999999999,1.4929614,1.0065193000000008
11.580183899999998,1.4929614,1.0065193000000008
11.5901806,1.4929614,1.0065193000000008
11.6002811,1.4929614,1.0065193000000008
11.610402099999998,1.4929614,1.0065193000000008
11.6202772,1.4929614,1.0065193000000008
11.6303761,1.4929614,1.0065193000000008
11.640245999999998,1.4929614,1.0065193000000008
11.650255699999999,1.4929614,1.0065193000000008
11.660491799999999,1.4929614,1.0065193000000008
11.670297299999998,1.4929614,1.0065193000000008
11.680226399999999,1.4929614,1.0065193000000008
11.690306,1.4929614,1.0065193000000008
11.700281099999998,1.4929614,1.0065193000000008
11.7102578,1.4929614,1.0065193000000008
11.720206999999998,1.4929614,1.0065193000000008
11.7301273,1.4929614,1.0065193000000008
11.740230099999998,1.4929614,1.0065193000000008
11.750339199999999,1.4929614,1.0065193000000008
11.7602902,1.4929614,1.0065193000000008
11.770183199999998,1.4929614,1.0065193000000008
11.780216799999998,1.4929614,1.0065193000000008
11.7902685,1.4929614,1.0065193000000008
11.800217199999999,1.4929614,1.0065193000000008
11.8103814,1.4929614,1.0065193000000008
11.8203295,1.4929614,1.0065193000000008
11.830192099999998,1.4929614,1.0065193000000008
11.8402833,1.4929614,1.0065193000000008
11.8503844,1.4929614,1.0065193000000008
11.8604642,1.4929614,1.0065193000000008
11.870241099999998,1.4929614,1.0065193000000008
11.880191,1.4929614,1.0065193000000008
11.8901857,1.4929614,1.0065193000000008
11.9002433,1.4929614,1.0065193000000008
11.9104089,1.4929614,1.0065193000000008
11.9202291,1.4929614,1.0065193000000008
11.930178299999998,1.4929614,1.0065193000000008
11.9402471,1.4929614,1.0065193000000008
11.9505275,1.4929614,1.0065193000000008
11.9603532,1.4929614,1.0065193000000008
