0.0004735000000000156,1.4929614,0
0.010174100000000408,1.4929614,0
0.025311999999999557,1.4929614,0
0.030236799999999064,1.4929614,0
0.04016339999999907,1.4929614,0
0.050226900000000185,1.4929614,0
0.060212999999999184,1.4929614,0
0.07023629999999947,1.4929614,0
0.08030369999999998,1.4929614,0
0.09031689999999948,1.4929614,0
0.10036500000000004,1.4929614,0
0.11026990000000048,1.4929614,0
0.12018559999999923,1.4929614,0
0.13016019999999884,1.4929614,0
0.14010889999999954,1.4929614,0
0.15021160000000044,1.4929614,0
0.1601967000000002,1.4929614,0
0.17020720000000011,1.4929614,0
0.1802121999999997,1.4929614,0
0.19011779999999945,1.4929614,0
0.20025300000000001,1.4929614,0
0.21019569999999987,1.4929614,0
0.22023759999999903,1.4929614,0
0.2301921,1.4929614,0
0.24033979999999922,1.4929614,0
0.2501944999999992,1.4929614,0
0.2601917,1.4929614,0
0.27043199999999956,1.4929614,0
0.2801782999999993,1.4929614,0
0.29025569999999945,1.4929614,0
0.3002938000000004,1.4929614,0
0.31047719999999934,1.4929614,0
0.3202879000000003,1.4929614,0
0.33028179999999985,1.4929614,0
0.34013649999999984,1.4929614,0
0.35021599999999964,1.4929614,0
0.3602074000000002,1.4929614,0
0.3702085999999998,1.4929614,0
0.3801787000000001,1.4929614,0
0.3901748999999999,1.4929614,0
0.40025979999999883,1.4929614,0
0.4102415999999991,1.4929614,0
0.4202501000000005,1.4929614,0
0.43015199999999965,1.4929614,0
0.44033699999999953,1.4929614,0
0.4503135999999994,1.4929614,0
0.46016730000000017,1.4929614,0
0.47015339999999917,1.4929614,0
0.4802134999999996,1.4929614,0
0.49013869999999926,1.4929614,0
0.5002025999999997,1.4929614,0
0.5103004000000002,1.4929614,0
0.5201355000000003,1.4929614,0
0.5303959000000003,1.4929614,0
0.5401399999999992,1.4929614,0
0.550265099999999,1.4929614,0
0.5602047999999993,1.4929614,0
0.5702477999999989,1.4929614,0
0.5802353,1.4929614,0
0.5901161999999989,1.4929614,0
0.6002472999999995,1.4929614,0
0.6103451,1.4929614,0
0.620209899999999,1.4929614,0
0.630166599999999,1.4929614,0
0.6400994000000004,1.4929614,0
0.6502262000000005,1.4929614,0
0.6602053999999988,1.4929614,0
0.6701902000000004,1.4929614,0
0.6802250000000001,1.4929614,0
0.6902586999999993,1.4929614,0
0.7002369999999996,1.4929614,0
0.7102454999999992,1.4929614,0
0.7201931999999989,1.4929614,0
0.7303189000000003,1.4929614,0
0.7401947,1.4929614,0
0.7501932,1.4929614,0
0.7602374999999988,1.4929614,0
0.7701393999999997,1.4929614,0
0.7802153000000001,1.4929614,0
0.7901562000000002,1.4929614,0
0.8002226999999991,1.4929614,0
0.8101292999999998,1.4929614,0
0.8202195000000003,1.4929614,0
0.8301827999999993,1.4929614,0
0.8401277999999994,1.4929614,0
0.8502583999999995,1.4929614,0
0.8602448999999996,1.4929614,0
0.8702918000000004,1.4929614,0
0.8801837999999993,1.4929614,0
0.890184099999999,1.4929614,0
0.9003589999999999,1.4929614,0
0.9102891999999994,1.4929614,0
0.9205217999999995,1.4929614,0
0.9303762999999989,1.4929614,0
0.9403004999999993,1.4929614,0
0.9504552999999998,1.4929614,0
0.9602012999999996,1.4929614,0
0.9701319000000002,1.4929614,0
0.9801988000000001,1.4929614,0
0.9901608,1.4929614,0
1.000191599999999,1.4929614,0
1.0102648999999992,1.4929614,0
1.0239896999999996,1.4929614,0
1.0302161000000005,1.4929614,0
1.0401475999999992,1.4929614,0
1.0502369999999992,1.4929614,0
1.0602527999999989,1.4929614,0
1.0702477999999989,1.4929614,0
1.080199799999999,1.4929614,0
1.0901718999999996,1.4929614,0
1.1002853999999989,1.4929614,0
1.1101460000000003,1.4929614,0
1.1201735999999993,1.4929614,0
1.1303304999999995,1.4929614,0
1.1401716000000004,1.4929614,0
1.1503174999999999,1.4929614,0
1.1602813999999988,1.4929614,0
1.1703686999999992,1.4929614,0
1.1803785999999992,1.4929614,0
1.1902559000000004,1.4929614,0
1.2002290000000002,1.4929614,0
1.210357199999999,1.4929614,0
1.2203330000000001,1.4929614,0
1.2302181,1.4929614,0
1.2401952000000005,1.4929614,0
1.2503067999999988,1.4929614,0
1.2601815999999992,1.4929614,0
1.270325699999999,1.4929614,0
1.2802246999999998,1.4929614,0
1.2901319000000004,1.4929614,0
1.3002938000000004,1.4929614,0
1.3101424999999995,1.4929614,0
1.3201383999999994,1.4929614,0
1.3303668999999996,1.4929614,0
1.3402396000000003,1.4929614,0
1.3502417999999992,1.4929614,0
1.3602106000000003,1.4929614,0
1.370122199999999,1.4929614,0
1.380296099999999,1.4929614,0
1.3901593000000005,1.4929614,0
1.4002374,1.4929614,0
1.4102081000000002,1.4929614,0
1.420206799999999,1.4929614,0
1.4301390000000005,1.4929614,0
1.4402159,1.4929614,0
1.4502676,1.4929614,0
1.4601873999999988,1.4929614,0
1.4701789000000005,1.4929614,0
1.4801953,1.4929614,0
1.4901882000000004,1.4929614,0
1.500207699999999,1.4929614,0
1.5103583,1.4929614,0
1.5201732999999997,1.4929614,0
1.5302302,1.4929614,0
1.5402595999999988,1.4929614,0
1.5502997,1.4929614,0
1.5618546000000002,1.4929614,0
1.5704449999999994,1.4929614,0
1.5804086999999996,1.4929614,0
1.5902377999999988,1.4929614,0
1.6001747000000002,1.4929614,0
1.6102454999999996,1.4929614,0
1.6203401,1.4929614,0
1.6301854999999996,1.4929614,0
1.6401772999999995,1.4929614,0
1.6502581999999997,1.4929614,0
1.6602107000000004,1.4929614,0
1.6703232999999997,1.4929614,0
1.6801911999999994,1.4929614,0
1.690230099999999,1.4929614,0
1.7002059000000003,1.4929614,0
1.710292899999999,1.4929614,0
1.7201079000000004,1.4929614,0
1.7301380000000002,1.4929614,0
1.7401549000000003,1.4929614,0
1.7501999999999995,1.4929614,0
1.7602554999999995,1.4929614,0
1.7701827999999988,1.4929614,0
1.7802048999999993,1.4929614,0
1.7901974000000003,1.4929614,0
1.8001340999999993,1.4929614,0
1.8102938000000002,1.4929614,0
1.820250399999999,1.4929614,0
1.8302005000000001,1.4929614,0
1.8401399999999999,1.4929614,0
1.8501651999999993,1.4929614,0
1.860142699999999,1.4929614,0
1.870236499999999,1.4929614,0
1.8802667999999993,1.4929614,0
1.8901675999999998,1.4929614,0
1.900271,1.4929614,0
1.9101590999999996,1.4929614,0
1.9202469000000004,1.4929614,0
1.930206,1.4929614,0
1.9401447999999988,1.4929614,0
1.9502728000000005,1.4929614,0
1.9602763999999997,1.4929614,0
1.9702938000000003,1.4929614,0
1.9802023000000002,1.4929614,0
1.9901395999999991,1.4929614,0
2.0001967999999994,1.4929614,0
2.0101961999999993,1.4929614,0
2.0202332999999992,1.4929614,0
2.0302036,1.4929614,0
2.0401498999999994,1.4929614,0
2.050237599999999,1.4929614,0
2.0602544,1.4929614,0
2.0701856000000003,1.4929614,0
2.080237199999999,1.4929614,0
2.090104199999999,1.4929614,0
2.1003246000000004,1.4929614,0
2.110327399999999,1.4929614,0
2.1203822999999993,1.4929614,0
2.1302559999999993,1.4929614,0
2.140180299999999,1.4929614,0
2.1502645000000005,1.4929614,0
2.1605261999999996,1.4929614,0
2.1705217,1.4929614,0
2.1804541000000004,1.4929614,0
2.1901525999999993,1.4929614,0
2.2002787999999995,1.4929614,0
2.2101863,1.4929614,0
2.220181199999999,1.4929614,0
2.2301775,1.4929614,0
2.2401713999999995,1.4929614,0
2.2502198,1.4929614,0
2.2602349999999998,1.4929614,0
2.2702785999999993,1.4929614,0
2.280202599999999,1.4929614,0
2.290113699999999,1.4929614,0
2.3002965999999994,1.4929614,0
2.3103081000000003,1.4929614,0
2.320270899999999,1.4929614,0
2.3301534000000004,1.4929614,0
2.340175799999999,1.4929614,0
2.350244199999999,1.4929614,0
2.360389699999999,1.4929614,0
2.370213399999999,1.4929614,0
2.3802038999999997,1.4929614,0
2.390203999999999,1.4929614,0
2.400201899999999,1.4929614,0
2.410138699999999,1.4929614,0
2.4202388,1.4929614,0
2.4301554999999997,1.4929614,0
2.440112299999999,1.4929614,0
2.4502176,1.4929614,0
2.4601571,1.4929614,0
2.470325599999999,1.4929614,0
2.4802403,1.4929614,0
2.4901576999999993,1.4929614,0
2.5002493999999995,1.4929614,0
2.5102355000000003,1.4929614,0
2.520156499999999,1.4929614,0
2.5301413999999998,1.4929614,0
2.5401887999999992,1.4929614,0
2.5502380999999996,1.4929614,0
2.5603873000000004,1.4929614,0
2.5702371,1.4929614,0
2.5801964999999996,1.4929614,0
2.590131699999999,1.4929614,0
2.600211999999999,1.4929614,0
2.6102322000000004,1.4929614,0
2.620212199999999,1.4929614,0
2.6302032000000004,1.4929614,0
2.6401559,1.4929614,0
2.650206599999999,1.4929614,0
2.660169099999999,1.4929614,0
2.670213799999999,1.4929614,0
2.6802338,1.4929614,0
2.6902743000000005,1.4929614,0
2.7003494000000003,1.4929614,0
2.7102001,1.4929614,0
2.7202965,1.4929614,0
2.7301585999999993,1.4929614,0
2.740169999999999,1.4929614,0
2.7502370999999997,1.4929614,0
2.760247399999999,1.4929614,0
2.7703123000000005,1.4929614,0
2.7818047000000004,1.4929614,0
2.7903471,1.4929614,0
2.8003628999999997,1.4929614,0
2.810269999999999,1.4929614,0
2.8203473,1.4929614,0
2.8301961,1.4929614,0
2.8401768,1.4929614,0
2.8501849000000004,1.4929614,0
2.860147699999999,1.4929614,0
2.8702723999999993,1.4929614,0
2.8803146999999996,1.4929614,0
2.8902123999999993,1.4929614,0
2.900278799999999,1.4929614,0
2.9101438,1.4929614,0
2.9202411,1.4929614,0
2.9302104999999994,1.4929614,0
2.9401843000000003,1.4929614,0
2.9501998,1.4929614,0
2.9602360999999995,1.4929614,0
2.9702965,1.4929614,0
2.9801561999999997,1.4929614,0
2.9901564999999994,1.4929614,0
3.000231099999999,1.4929614,0
3.0103937999999992,1.4929614,0
3.020194,1.4929614,0
3.0301928999999994,1.4929614,0
3.0401229,1.4929614,0
3.0502515999999993,1.4929614,0
3.0601535999999996,1.4929614,0
3.0703315999999994,1.4929614,0
3.0802496999999995,1.4929614,0
3.0901251999999992,1.4929614,0
3.100285399999999,1.4929614,0
3.1101726000000003,1.4929614,0
3.1203132,1.4929614,0
3.130227999999999,1.4929614,0
3.1402012999999993,1.4929614,0
3.150155399999999,1.4929614,0
3.160095199999999,1.4929614,0
3.1702546,1.4929614,0
3.180294,1.4929614,0
3.1902542,1.4929614,0
3.2003520000000005,1.4929614,0
3.210140899999999,1.4929614,0
3.2202012999999994,1.4929614,0
3.2302108,1.4929614,0
3.2403183999999996,1.4929614,0
3.2502186,1.4929614,0
3.2601499,1.4929614,0
3.2702422999999996,1.4929614,0
3.2802854999999997,1.4929614,0
3.2902158999999997,1.4929614,0
3.300239099999999,1.4929614,0
3.3102462,1.4929614,0
3.3201681999999995,1.4929614,0
3.330220299999999,1.4929614,0
3.3401932,1.4929614,0
3.350252899999999,1.4929614,0
3.3603506000000003,1.4929614,0
3.3701735999999993,1.4929614,0
3.3802251000000005,1.4929614,0
3.390257499999999,1.4929614,0
3.4002245,1.4929614,0
3.4101882000000003,1.4929614,0
3.4204696000000006,1.4929614,0
3.430453,1.4929614,0
3.440245599999999,1.4929614,0
3.4503836999999997,1.4929614,0
3.4601866999999995,1.4929614,0
3.4701310000000003,1.4929614,0
3.4801859000000004,1.4929614,0
3.4901356999999997,1.4929614,0
3.5001897999999994,1.4929614,0
3.5101937000000003,1.4929614,0
3.520211999999999,1.4929614,0
3.530164899999999,1.4929614,0
3.5401033999999996,1.4929614,0
3.5501796999999993,1.4929614,0
3.5602149,1.4929614,0
3.5701956,1.4929614,0
3.5802283999999993,1.4929614,0
3.590269299999999,1.4929614,0
3.6002098,1.4929614,0
3.610106199999999,1.4929614,0
3.620209899999999,1.4929614,0
3.6301588999999996,1.4929614,0
3.6401448999999992,1.4929614,0
3.650204499999999,1.4929614,0
3.6602537,1.4929614,0
3.6702297,1.4929614,0
3.6802811999999996,1.4929614,0
3.6903296,1.4929614,0
3.700124299999999,1.4929614,0
3.7101989999999994,1.4929614,0
3.7201500000000003,1.4929614,0
3.7302087999999998,1.4929614,0
3.740259,1.4929614,0
3.750276699999999,1.4929614,0
3.760172299999999,1.4929614,0
3.7702057999999994,1.4929614,0
3.7801767,1.4929614,0
3.7901872,1.4929614,0
3.8001775999999996,1.4929614,0
3.8101708,1.4929614,0
3.8202186000000005,1.4929614,0
3.830322599999999,1.4929614,0
3.8405059,1.4929614,0
3.850232799999999,1.4929614,0
3.8601431,1.4929614,0
3.8701349,1.4929614,0
3.8801764999999993,1.4929614,0
3.89016,1.4929614,0
3.9002236000000003,1.4929614,0
3.9102174000000005,1.4929614,0
3.920199499999999,1.4929614,0
3.930191299999999,1.4929614,0
3.9401668999999995,1.4929614,0
3.9502167000000004,1.4929614,0
3.9601533,1.4929614,0
3.970194899999999,1.4929614,0
3.9802356999999997,1.4929614,0
3.9902940000000005,1.4929614,0
4.0001955,1.4929614,0
4.0101423,1.4929614,0
4.0202279999999995,1.4929614,0
4.030137,1.4929614,0
4.040379999999999,1.4929614,0
4.0503485,1.4929614,0
4.0602754,1.4929614,0
4.0702841,1.4929614,0
4.0802016000000005,1.4929614,0
4.090162099999999,1.4929614,0
4.100234499999999,1.4929614,0
4.1102115999999995,1.4929614,0
4.1201604,1.4929614,0
4.130234999999999,1.4929614,0
4.1401118,1.4929614,0
4.150319999999999,1.4929614,0
4.1601634,1.4929614,0
4.170289,1.4929614,0
4.180116099999999,1.4929614,0
4.190190299999999,1.4929614,0
4.2002185,1.4929614,0
4.2102071,1.4929614,0
4.2202158,1.4929614,0
4.2302385000000005,1.4929614,0
4.2402456,1.4929614,0
4.2503397,1.4929614,0
4.260306999999999,1.4929614,0
4.270179299999999,1.4929614,0
4.280310199999999,1.4929614,0
4.2901729,1.4929614,0
4.300206599999999,1.4929614,0
4.3101521,1.4929614,0
4.3201301,1.4929614,0
4.3301002,1.4929614,0
4.3400905000000005,1.4929614,0
4.3501809,1.4929614,0
4.3601671,1.4929614,0
4.3701898,1.4929614,0
4.3801618,1.4929614,0
4.3902535,1.4929614,0
4.400218199999999,1.4929614,0
4.4101365999999995,1.4929614,0
4.4201827,1.4929614,0
4.430164699999999,1.4929614,0
4.4401311,1.4929614,0
4.4503371000000005,1.4929614,0
4.4600832,1.4929614,0
4.4701387,1.4929614,0
4.480181399999999,1.4929614,0
4.4901648000000005,1.4929614,0
4.5002545000000005,1.4929614,0
4.510152699999999,1.4929614,0
4.5202437,1.4929614,0
4.5301613,1.4929614,0
4.5401945,1.4929614,0
4.5501643000000005,1.4929614,0
4.560146699999999,1.4929614,0
4.570137299999999,1.4929614,0
4.580188999999999,1.4929614,0
4.5901488,1.4929614,0
4.6003194999999995,1.4929614,0
4.6102109,1.4929614,0
4.6201776,1.4929614,0
4.630219499999999,1.4929614,0
4.6401919,1.4929614,0
4.650234299999999,1.4929614,0
4.6603051,1.4929614,0
4.670147199999999,1.4929614,0
4.6801905,1.4929614,0
4.6902492,1.4929614,0
4.7003105000000005,1.4929614,0
4.7104178999999995,1.4929614,0
4.720409999999999,1.4929614,0
4.7302903999999995,1.4929614,0
4.740267299999999,1.4929614,0
4.750221399999999,1.4929614,0
4.760187799999999,1.4929614,0
4.770187399999999,1.4929614,0
4.7802173,1.4929614,0
4.790165,1.4929614,0
4.8001296,1.4929614,0
4.8101582,1.4929614,0
4.8202546,1.4929614,0
4.8301637,1.4929614,0
4.8401475000000005,1.4929614,0
4.850237099999999,1.4929614,0
4.8601075,1.4929614,0
4.870302199999999,1.4929614,0
4.8801793,1.4929614,0
4.890102199999999,1.4929614,0
4.9001809000000005,1.4929614,0
4.9102695,1.4929614,0
4.9203077,1.4929614,0
4.9301481,1.4929614,0
4.940204,1.4929614,0
4.9502486999999995,1.4929614,0
4.9601185,1.4929614,0
4.970179399999999,1.4929614,0
4.980298099999999,1.4929614,0
4.9901318,1.4929614,0
5.0003581,1.4929614,0
5.0102326999999995,1.4929614,0
5.020378899999999,1.4929614,0
5.0303129,1.4929614,0
5.040197299999999,1.4929614,0
5.050229999999999,1.4929614,0
5.0601509,1.4929614,0
5.0703143,1.4929614,0
5.080199499999999,1.4929614,0
5.0902221999999995,1.4929614,0
5.1002332,1.4929614,0
5.1101952,1.4929614,0
5.1201136,1.4929614,0
5.1301497000000005,1.4929614,0
5.1401348,1.4929614,0
5.1502122,1.4929614,0
5.160254499999999,1.4929614,0
5.1701633000000005,1.4929614,0
5.180150599999999,1.4929614,0
5.1902349999999995,1.4929614,0
5.200287999999999,1.4929614,0
5.210281100000001,1.4929614,0
5.220395299999998,1.4929614,0
5.2302059,1.4929614,0
5.2401328,1.4929614,0
5.2502569999999995,1.4929614,0
5.2602864,1.4929614,0
5.2701987,1.4929614,0
5.2802767,1.4929614,0
5.290132399999999,1.4929614,0
5.300230000000001,1.4929614,0
5.310275800000001,1.4929614,0
5.320364,1.4929614,0
5.330181999999999,1.4929614,0
5.340206400000001,1.4929614,0
5.350360799999999,1.4929614,0
5.360274299999999,1.4929614,0
5.3703442,1.4929614,0
5.3802425,1.4929614,0
5.390169899999998,1.4929614,0
5.400242999999998,1.4929614,0
5.410163800000001,1.4929614,0
5.4203019,1.4929614,0
5.430228099999999,1.4929614,0
5.440139400000001,1.4929614,0
5.450159900000001,1.4929614,0
5.460128199999998,1.4929614,0
5.470260699999999,1.4929614,0
5.480216,1.4929614,0
5.490210899999999,1.4929614,0
5.500258999999998,1.4929614,0
5.510254399999999,1.4929614,0
5.5202621999999995,1.4929614,0
5.5302025,1.4929614,0
5.5401212,1.4929614,0
5.5502272,1.4929614,0
5.5601413,1.4929614,0
5.5702251,1.4929614,0
5.58019,1.4929614,0
5.590133,1.4929614,0
5.600190100000001,1.4929614,0
5.610247899999999,1.4929614,0
5.620236100000001,1.4929614,0
5.630129299999998,1.4929614,0
5.640216199999999,1.4929614,0
5.650225300000001,1.4929614,0
5.6601368999999995,1.4929614,0
5.670235,1.4929614,0
5.680198599999999,1.4929614,0
5.690292900000001,1.4929614,0
5.7002559,1.4929614,0
5.7102947,1.4929614,0
5.720253000000001,1.4929614,0
5.7303029,1.4929614,0
5.7401824,1.4929614,0
5.750297699999999,1.4929614,0
5.760401799999999,1.4929614,0
5.770307699999998,1.4929614,0
5.780279999999999,1.4929614,0
5.790107300000001,1.4929614,0
5.800376699999999,1.4929614,0
5.810186199999999,1.4929614,0
5.820254400000001,1.4929614,0
5.830333600000001,1.4929614,0
5.8404292999999985,1.4929614,0
5.850506699999999,1.4929614,0
5.8602528,1.4929614,0
5.870278600000001,1.4929614,0
5.8803158,1.4929614,0
5.8901227999999985,1.4929614,0
5.9002341000000005,1.4929614,0
5.910160199999998,1.4929614,0
5.920219999999999,1.4929614,0
5.930224900000001,1.4929614,0
5.940174399999998,1.4929614,0
5.9503726,1.4929614,0
5.960558399999998,1.4929614,0
5.9702,1.4929614,0
5.980263899999999,1.4929614,0
5.9901485999999995,1.4929614,0
6.000316100000001,1.4929614,0
6.010532700000001,1.4929614,0
6.020328600000001,1.4929614,0
6.030421599999999,1.4929614,0
6.040236299999998,1.4929614,0
6.050238599999998,1.4929614,0
6.060127199999998,1.4929614,0
6.0704349,1.4929614,0
6.080148799999998,1.4929614,0
6.09013,1.4929614,0
6.100236099999998,1.4929614,0
6.110121000000001,1.4929614,0
6.1201314,1.4929614,0
6.130183499999999,1.4929614,0
6.14024,1.4929614,0
6.1502736,1.4929614,0
6.160188199999999,1.4929614,0
6.1701745,1.4929614,0
6.180303199999999,1.4929614,0
6.190219600000001,1.4929614,0
6.200370000000001,1.4929614,0
6.210152899999999,1.4929614,0
6.220055399999998,1.4929614,0
6.2302242,1.4929614,0
6.240173499999999,1.4929614,0
6.250310799999999,1.4929614,0
6.260179599999999,1.4929614,0
6.270314699999998,1.4929614,0
6.280334999999999,1.4929614,0
6.2901659,1.4929614,0
6.300213600000001,1.4929614,0
6.3102274000000005,1.4929614,0
6.3201138,1.4929614,0
6.330264699999999,1.4929614,0
6.340266299999998,1.4929614,0
6.350203500000001,1.4929614,0
6.360313799999998,1.4929614,0
6.370162299999999,1.4929614,0
6.380174599999998,1.4929614,0
6.390167,1.4929614,0
6.4002453,1.4929614,0
6.410116799999999,1.4929614,0
6.4200770999999985,1.4929614,0
6.4302051,1.4929614,0
6.4401424999999985,1.4929614,0
6.450469,1.4929614,0
6.460279099999999,1.4929614,0
6.4701626,1.4929614,0
6.480157499999999,1.4929614,0
6.4901249,1.4929614,0
6.500174299999999,1.4929614,0
6.510143900000001,1.4929614,0
6.520165,1.4929614,0
6.530181399999998,1.4929614,0
6.540164299999999,1.4929614,0
6.550177700000001,1.4929614,0
6.560086199999999,1.4929614,0
6.570182900000001,1.4929614,0
6.580247599999998,1.4929614,0
6.590109499999999,1.4929614,0
6.6003475,1.4929614,0
6.610353899999998,1.4929614,0
6.620357499999999,1.4929614,0
6.630262799999999,1.4929614,0
6.640226100000001,1.4929614,0
6.650275299999999,1.4929614,0
6.6602108,1.4929614,0
6.670204799999999,1.4929614,0
6.6801996,1.4929614,0
6.6902640999999985,1.4929614,0
6.7001992999999995,1.4929614,0
6.7100995,1.4929614,0
6.720110499999999,1.4929614,0
6.730176999999999,1.4929614,0
6.7402137,1.4929614,0
6.7501841,1.4929614,0
6.7600460999999985,1.4929614,0
6.770121900000001,1.4929614,0
6.780156199999999,1.4929614,0
6.790199899999999,1.4929614,0
6.800191100000001,1.4929614,0
6.810095599999999,1.4929614,0
6.820203999999999,1.4929614,0
6.830238,1.4929614,0
6.840466399999999,1.4929614,0
6.850347900000001,1.4929614,0
6.860144400000001,1.4929614,0
6.870168699999999,1.4929614,0
6.880274999999999,1.4929614,0
6.890193399999999,1.4929614,0
6.900176700000001,1.4929614,0
6.9101613,1.4929614,0
6.9201484,1.4929614,0
6.930272499999999,1.4929614,0
6.940178999999999,1.4929614,0
6.950260699999999,1.4929614,0
6.9601615,1.4929614,0
6.9702213,1.4929614,0
6.980191,1.4929614,0
6.9901958,1.4929614,0
7.000256299999998,1.4929614,0
7.010127800000001,1.4929614,0
7.020103399999998,1.4929614,0
7.030249599999999,1.4929614,0
7.0402036,1.4929614,0
7.050360799999998,1.4929614,0
7.060175299999999,1.4929614,0
7.0701901,1.4929614,0
7.0801096999999995,1.4929614,0
7.0901184,1.4929614,0
7.100244999999999,1.4929614,0
7.110139500000001,1.4929614,0
7.120136099999998,1.4929614,0
7.130189,1.4929614,0
7.140153799999998,1.4929614,0
7.150207700000001,1.4929614,0
7.160183599999998,1.4929614,0
7.170254299999998,1.4929614,0
7.180159900000001,1.4929614,0
7.190355200000001,1.4929614,0
7.200251700000001,1.4929614,0
7.2102170999999995,1.4929614,0
7.220270000000001,1.4929614,0
7.230512899999999,1.4929614,0
7.240309899999998,1.4929614,0
7.250348399999998,1.4929614,0
7.2602302000000005,1.4929614,0
7.270258799999999,1.4929614,0
7.280215,1.4929614,0
7.290159900000001,1.4929614,0
7.3003126,1.4929614,0
7.310185899999999,1.4929614,0
7.320180299999999,1.4929614,0
7.3302265,1.4929614,0
7.340221399999999,1.4929614,0
7.350238599999999,1.4929614,0
7.36012,1.4929614,0
7.370115400000001,1.4929614,0
7.380104300000001,1.4929614,0
7.390187800000001,1.4929614,0
7.4002406999999994,1.4929614,0
7.410161399999998,1.4929614,0
7.420336300000001,1.4929614,0
7.430176699999999,1.4929614,0
7.440133099999999,1.4929614,0
7.4501854000000005,1.4929614,0
7.4601597,1.4929614,0
7.470146999999999,1.4929614,0
7.480214899999998,1.4929614,0
7.490191900000001,1.4929614,0
7.500297299999998,1.4929614,0
7.510108799999999,1.4929614,0
7.520241199999999,1.4929614,0
7.530276899999999,1.4929614,0
7.5401826,1.4929614,0
7.5501977,1.4929614,0
7.560125300000001,1.4929614,0
7.570228200000001,1.4929614,0
7.5801818,1.4929614,0
7.590185100000001,1.4929614,0
7.600147999999999,1.4929614,0
7.610144,1.4929614,0
7.6201396,1.4929614,0
7.630201300000001,1.4929614,0
7.640168000000001,1.4929614,0
7.650193700000001,1.4929614,0
7.660140400000001,1.4929614,0
7.670245499999998,1.4929614,0
7.6801908,1.4929614,0
7.690251699999999,1.4929614,0
7.7002595,1.4929614,0
7.710141899999998,1.4929614,0
7.720233200000001,1.4929614,0
7.730252699999999,1.4929614,0
7.740164699999999,1.4929614,0
7.750207399999999,1.4929614,0
7.760168800000001,1.4929614,0
7.7703286999999985,1.4929614,0
7.7802153,1.4929614,0
7.790149699999999,1.4929614,0
7.8002313999999995,1.4929614,0
7.8101050999999995,1.4929614,0
7.820142899999999,1.4929614,0
7.830231100000001,1.4929614,0
7.840202700000001,1.4929614,0
7.850236099999998,1.4929614,0
7.860500100000001,1.4929614,0
7.870366500000001,1.4929614,0
7.880345400000001,1.4929614,0
7.890385100000001,1.4929614,0
7.900280399999998,1.4929614,0
7.9101683000000005,1.4929614,0
7.920149499999999,1.4929614,0
7.9301781999999985,1.4929614,0
7.940130099999999,1.4929614,0
7.950201099999999,1.4929614,0
7.9601408,1.4929614,0
7.970182199999998,1.4929614,0
7.980166899999999,1.4929614,0
7.9901789999999995,1.4929614,0
8.0001622,1.4929614,0
8.010135,1.4929614,0
8.020333599999999,1.4929614,0
8.030213599999998,1.4929614,0
8.0400842,1.4929614,0
8.050214299999999,1.4929614,0
8.060116899999999,1.4929614,0
8.0702278,1.4929614,0
8.080324899999999,1.4929614,0
8.090245399999999,1.4929614,0
8.1001772,1.4929614,0
8.1101561,1.4929614,0
8.120176299999999,1.4929614,0
8.1301757,1.4929614,0
8.140129499999999,1.4929614,0
8.150198399999999,1.4929614,0
8.160121599999998,1.4929614,0
8.1702298,1.4929614,0
8.180155300000001,1.4929614,0
8.190137899999998,1.4929614,0
8.2001561,1.4929614,0
8.210235500000001,1.4929614,0
8.220210100000001,1.4929614,0
8.23016,1.4929614,0
8.2400994,1.4929614,0
8.2501637,1.4929614,0
8.2601453,1.4929614,0
8.2702154,1.4929614,0
8.280278699999998,1.4929614,0
8.290277399999999,1.4929614,0
8.300180899999999,1.4929614,0
8.3101109,1.4929614,0
8.3201637,1.4929614,0
8.330190400000001,1.4929614,0
8.340094500000001,1.4929614,0
8.3505703,1.5067561644788894,0
8.3604325,1.5412431495102608,0
8.370571700000001,1.6113972228192581,0
8.380412900000001,1.6709370680537388,0
8.3904211,1.8154240637248136,0
8.400475599999998,1.938301364444209,0
8.410445399999999,2.0257197519105454,0
8.4235788,2.061153192337736,0
8.4305292,2.1025954748041866,0
8.440385000000001,2.123795682226406,0
8.4504657,2.216186510122834,0
8.4603877,2.359481985729137,0
8.4705909,2.520675337760939,0
8.4805313,2.821494380264045,0
8.4905597,3.2448341641409413,0
8.5066656,3.561782241410532,0
8.5105965,3.8827303405725577,0
8.5204304,4.1878469244146395,0
8.534020499999999,4.4656659426628345,0
8.5405225,5.858897647865455,0
8.5545673,4.899224864653134,0
8.569774999999998,5.117312465639354,0
8.570398299999999,5.411602145742623,0
8.5838065,5.5880230381356535,0
8.590494999999999,6.5965495799240745,1.5999999973814738e-06
8.603761399999998,6.27994423832014,0.01322150000000022
8.610442,6.5965495799240745,0.019912399999999053
8.6205877,6.762614839982228,0.03001849999999706
8.630497700000001,6.955901662500982,0.03999679999999728
8.640407299999998,7.213224593376143,0.04992209999999986
8.653320200000001,7.35225325423583,0.06273609999999863
8.6605532,7.213224593376143,0.06998949999999837
8.670476599999999,7.591512672362713,0.07991290000000006
8.6804996,7.530797626824645,0.09000099999999733
8.6905858,7.7522428396548655,0.1000438999999993
8.7004687,7.739730070915215,0.10995329999999726
8.71056,7.865991073689227,0.11997879999999839
8.7204344,8.152816159873417,0.12991509999999806
8.733750899999999,8.007826142431599,0.14316379999999995
8.740475899999998,8.08651605131745,0.14996700000000018
8.750397399999999,8.20633568180298,0.15989899999999935
8.7603129,8.073335404255426,0.16984439999999879
8.770493199999999,8.08651605131745,0.17997769999999846
8.7804232,8.287422055190799,0.18990429999999847
8.7903939,8.152816159873417,0.1999046
8.8004586,8.126216529959919,0.20996029999999877
8.8104316,8.233256430132531,0.21990609999999933
8.820709599999999,8.08651605131745,0.23014029999999863
8.830511,8.08651605131745,0.23998419999999854
8.8404021,8.179522401387631,0.24988019999999977
8.8504858,8.287422055190799,0.25997489999999956
8.8604735,8.166155927514222,0.2699575999999979
8.8704697,8.273839997665297,0.2799528000000002
8.880425999999998,8.301031304013586,0.2899244000000003
8.8904394,8.424747169969082,0.29992730000000023
8.900467699999998,8.522522057577296,0.3099004000000001
8.910551700000001,8.824195583331818,0.3200144999999992
8.9203943,8.883107682196407,0.32987509999999887
8.9304519,9.154122964824467,0.33993129999999994
8.9435104,9.231152701241395,0.35300599999999704
8.9505386,9.108273512939446,0.3600143999999972
8.9605053,9.246651300076511,0.3699105999999972
8.9704994,9.154122964824467,0.3799481999999976
8.980468799999999,9.26218092712718,0.3899393999999994
8.9906053,9.184842454704212,0.40009689999999765
9.000455699999998,9.32461096172274,0.40995440000000016
9.010387799999998,9.30895659937976,0.4198878999999991
9.020487699999999,9.371762340174383,0.4298942999999973
9.030632599999999,11.194222077744826,0
9.0436858,9.530992581754338,1.6999999985500835e-06
9.057408699999998,9.387542439694219,0.013777600000000945
9.0604168,9.482888682273867,0.01675480000000107
9.070501899999998,9.466918080834294,0.026774299999999585
9.0804581,9.450979388677672,0.03674379999999999
9.0904233,9.419197477321548,0.046788500000001676
9.1005913,9.340296664120023,0.056856899999999655
9.110930699999999,9.466918080834294,0.06716859999999869
9.1207093,9.340296664120023,0.07694439999999858
9.1305201,9.75933342781462,0.08677060000000125
9.1405753,9.498891256878826,0.09689540000000108
9.1504465,9.660689672932362,0.10676420000000064
9.160374199999998,9.72632056384844,0.11674550000000039
9.1704621,9.530992581754338,0.12678790000000006
9.180422899999998,9.466918080834294,0.13675179999999898
9.1904181,9.825756633804376,0.14673369999999863
9.2004906,9.660689672932362,0.15681179999999983
9.2104847,9.660689672932362,0.16674779999999956
9.220647099999999,9.51492586865949,0.1769190000000016
9.2304509,9.693439487586987,0.18680249999999887
9.2404879,9.246651300076511,0.1968469000000006
9.250737800000001,9.51492586865949,0.20701180000000008
9.2603873,9.466918080834294,0.21672729999999873
9.2704863,9.450979388677672,0.22676410000000047
9.2805905,10.323550191432286,0
9.295419699999998,9.482888682273867,2.9000000019152594e-06
9.3095646,9.27774164451191,0.014177600000000012
9.310775099999999,9.563222569082706,0.015365200000001522
9.320516199999998,9.595581734544421,0.025065399999999016
9.330435799999998,9.75933342781462,0.03504540000000134
9.340446599999998,9.825756633804376,0.04509970000000152
9.3504397,9.792478607692077,0.055112199999999945
9.3604246,9.875923924978945,0.06505170000000149
9.370623,9.977166049925785,0.07516740000000155
9.3804422,9.792478607692077,0.08504740000000055
9.390405199999998,9.859168038600663,0.0950558000000008
9.4004535,9.89271335666411,0.10508289999999931
9.410504399999999,9.70986358518506,0.11507960000000139
9.4204481,9.74281048940505,0.12505150000000143
9.430497699999998,9.792478607692077,0.1351253000000021
9.4406385,10.011184305278535,0
9.4549228,9.842445630505686,1.7999999997186933e-06
9.469807000000001,9.960207881646939,0.014897099999998886
9.470420299999999,9.909536400813906,0.01551369999999963
9.48054,10.011184305278535,0
9.494414099999998,9.660689672932362,1.999999998503199e-06
9.5073931,9.72632056384844,0.01301379999999952
9.510484499999999,9.595581734544421,0.016108899999998982
9.5204122,9.466918080834294,0.02604390000000123
9.5304989,9.51492586865949,0.0361097000000008
9.540582800000001,9.498891256878826,0.04606499999999869
9.550402,9.595581734544421,0.05605359999999848
9.560382200000001,9.482888682273867,0.06604820000000089
9.570517,9.482888682273867,0.07614789999999871
9.580515700000001,9.563222569082706,0.0861099000000003
9.5903872,9.340296664120023,0.09604570000000123
9.600467199999999,9.466918080834294,0.10611210000000071
9.610399899999999,9.356013769314421,0.11601560000000077
9.620529799999998,9.27774164451191,0.12610559999999893
9.6304478,9.154122964824467,0.13605610000000112
9.640372000000001,9.246651300076511,0.14603209999999933
9.650599600000001,9.27774164451191,0.1561540000000008
9.660391599999999,9.27774164451191,0.16602860000000064
9.670398399999998,9.215685068627405,0.17601060000000146
9.680393,9.27774164451191,0.18602320000000105
9.690520600000001,9.184842454704212,0.19614170000000186
9.7004721,9.231152701241395,0.20608410000000177
9.7104844,9.184842454704212,0.2161079999999984
9.7204769,9.184842454704212,0.22604850000000098
9.730462000000001,9.047567273559713,0.2360672000000008
9.740494700000001,8.972364242669451,0.24609230000000082
9.755394399999998,8.972364242669451,0.2609679000000007
9.760736799999998,8.987344746665283,0.26630409999999927
9.770650599999998,8.94249296807631,0.2762171000000002
9.780623199999999,9.403354130994348,0.28620210000000057
9.7949595,8.972364242669451,0.3005405000000003
9.809083,9.047567273559713,0.31473199999999935
9.822715999999998,9.154122964824467,0.3283641000000017
9.8233108,9.123526107475662,0.3289723000000002
9.8304676,9.002355241650097,0.33610459999999875
9.840377599999998,9.403354130994348,0.34601599999999877
9.8505135,8.972364242669451,0.35611300000000057
9.8644406,8.972364242669451,0.37004719999999836
9.8703983,8.838879453474007,0.37602370000000107
9.880499899999998,8.853592720743801,0.3861491000000008
9.890478400000001,8.987344746665283,0.3961028000000013
9.9004806,9.047567273559713,0.40607999999999933
9.9137413,9.09305139310744,0.41939530000000147
9.9204697,9.26218092712718,0.4260677000000008
9.930424799999999,9.09305139310744,0.4360602
9.940374700000001,8.824195583331818,0.4460185999999986
9.953582800000001,8.301031304013586,0.45920190000000005
9.9605993,7.815183446581865,0.46604770000000073
9.97339,7.94296870865388,0.47903579999999835
9.9805218,8.139503045106144,0.4861329999999988
9.994335099999999,9.032466444874892,0.49988270000000057
10.007619400000001,9.154122964824467,0.5132507000000004
10.0103965,9.200248340363991,0.5160368999999996
10.0205325,9.032466444874892,0.5260998999999984
10.0304284,8.751215137895052,0.5360627999999998
10.0434799,8.66459650744409,0.5490928000000004
10.0504443,8.536601976918485,0.5560818999999988
10.060407499999998,8.736706421172222,0.5660433000000005
10.070416799999999,8.912740939929662,0.5760195999999986
10.0804098,9.002355241650097,0.5860412000000004
10.0931786,9.482888682273867,0.5988113000000013
10.100458399999999,9.51492586865949,0.6060614999999991
10.110414399999998,9.54709146043023,0.6160178000000016
10.1205512,9.482888682273867,0.6261033000000005
10.130470399999998,9.215685068627405,0.6360759000000016
10.140440499999999,8.987344746665283,0.6460781000000004
10.1538938,9.30895659937976,0.6594815000000018
10.167415199999999,9.70986358518506,0.6730477000000015
10.1704144,9.75933342781462,0.6760424
10.180429899999998,9.859168038600663,0.6860585000000015
10.1904163,9.859168038600663,0.6960248
10.200545100000001,10.011184305278535,0
10.214985099999998,10.045338906161959,0
10.2206824,9.94328359581091,2.59999999840943e-06
10.234460099999998,10.011184305278535,0
10.2511225,10.412332866869404,0
10.2517671,9.960207881646939,2.69999999957804e-06
10.266877299999999,9.926393124720537,0.015075299999999459
10.270394600000001,9.94328359581091,0.018587700000001206
10.2805691,10.011184305278535,0
10.294619200000001,9.72632056384844,2.9999999995311555e-06
10.3086933,9.26218092712718,0.01428370000000001
10.3103332,9.032466444874892,0.015937000000000978
10.320485,9.154122964824467,0.02602720000000147
10.330392599999998,9.77588944516893,0.03598180000000184
10.3405917,10.448095275470884,0
10.3552725,10.0282445284255,0
10.3607246,9.77588944516893,2.3999999996249244e-06
10.376726,9.89271335666411,0.016159300000001764
10.3806003,9.70986358518506,0.019921899999999937
10.3906321,9.77588944516893,0.030071899999999374
10.400531899999999,9.54709146043023,0.03997869999999892
10.410427,9.72632056384844,0.049857500000001664
10.4205302,9.530992581754338,0.05991180000000185
10.4304298,9.498891256878826,0.06988050000000001
10.4403919,9.498891256878826,0.07986359999999948
10.450424799999999,9.563222569082706,0.08987490000000165
10.4603728,9.200248340363991,0.09983270000000033
10.470589299999999,9.74281048940505,0.10994069999999923
10.4806595,9.184842454704212,0.12001000000000062
10.490432400000001,9.154122964824467,0.1299001000000004
10.500413100000001,9.154122964824467,0.13985489999999956
10.510383199999998,8.94249296807631,0.14983229999999992
10.523839099999998,8.987344746665283,0.16330449999999885
10.5304163,9.002355241650097,0.169854100000002
10.5431462,8.987344746665283,0.18256210000000195
10.557941300000001,9.032466444874892,0.19737070000000045
10.573800700000001,9.06269833412371,0.21322050000000203
10.5745706,9.077859687091145,0.21397059999999968
10.580512099999998,9.06269833412371,0.21991919999999965
10.5904489,8.987344746665283,0.2298714000000004
10.6044629,9.017395787665905,0.24387670000000128
10.620320000000001,8.751215137895052,0.25968690000000194
10.6210052,8.650260854860331,0.2604682000000018
10.6374637,8.693353970055812,0.27686279999999996
10.640331999999999,8.635953844929547,0.27980150000000137
10.650401,8.369487326701252,0.28985640000000146
10.6603804,8.314667798570671,0.29985130000000026
10.670363100000001,8.260285077108826,0.3098144000000005
10.680406799999998,8.466483135678205,0.3198344999999989
10.690668,8.452543313875262,0.3300219999999996
10.7005349,8.522522057577296,0.3399111999999995
10.710444399999998,8.466483135678205,0.3498625000000004
10.720473499999999,8.751215137895052,0.35990059999999957
10.730647,8.707775895113674,0.3700296999999999
10.740509099999999,8.579011088888649,0.37994030000000123
10.750493699999998,8.550710084276984,0.38991290000000234
10.760408700000001,8.564846436085226,0.3998564000000009
10.7704505,8.522522057577296,0.4098770999999992
10.7803862,8.397061988565584,0.41982550000000174
10.790340200000001,8.466483135678205,0.4298162999999988
10.800414599999998,8.466483135678205,0.4398812000000021
10.8104079,8.564846436085226,0.4498318000000019
10.820519199999998,9.002355241650097,0.4599156000000022
10.833892999999998,8.579011088888649,0.4733350999999999
10.8476224,8.66459650744409,0.48702180000000084
10.8504834,8.650260854860331,0.4899413000000017
10.860400099999998,8.66459650744409,0.499877699999999
10.870452599999998,8.607425524228983,0.5098874000000002
10.8804189,8.480450865022997,0.5198682000000012
10.890384899999999,8.66459650744409,0.5298382000000004
10.900417500000001,8.722226692884746,0.5398736
10.9104877,8.66459650744409,0.5498979000000013
10.9203885,8.722226692884746,0.559823699999999
10.930499499999998,8.883107682196407,0.5698717000000002
10.940464699999998,8.838879453474007,0.5799073000000021
10.9504803,8.794915799605649,0.5898998000000013
10.9604251,8.765752901088112,0.5998309000000006
10.9706378,9.017395787665905,0.6100373000000019
10.986585,8.972364242669451,0.6259329999999999
11.0049856,8.736706421172222,0.6443885999999992
11.005891700000001,8.736706421172222,0.6451516000000019
11.0106597,8.722226692884746,0.6499337999999995
11.0204462,8.809541051581752,0.659829000000002
11.0305357,8.522522057577296,0.6699725000000001
11.0403814,8.508470269933717,0.6798476000000022
11.0504628,8.494446557780574,0.6898939000000013
11.0603857,8.301031304013586,0.6998443999999999
11.070604999999999,8.301031304013586,0.7099709999999995
11.0804697,8.260285077108826,0.719839799999999
11.090422599999998,8.342022743180927,0.729902899999999
11.1003962,8.369487326701252,0.7398619000000011
11.1103486,8.494446557780574,0.7497934999999991
11.120565699999998,8.607425524228983,0.7599470000000004
11.130456999999998,8.883107682196407,0.7698646999999994
11.140425299999999,8.987344746665283,0.7798844000000003
11.1504076,9.06269833412371,0.789875900000002
11.163837,9.26218092712718,0.8032448000000016
11.1704956,9.371762340174383,0.8098838999999991
11.1804763,9.644363824876494,0.8199035000000023
11.190415100000001,9.57938597223622,0.8298413000000018
11.2004566,9.677048205357805,0.8399074999999989
11.210389399999999,9.563222569082706,0.8498452000000007
11.2204092,9.77588944516893,0.8598743000000013
11.2304433,9.498891256878826,0.8698718000000021
11.240517299999999,9.825756633804376,0.8799127999999996
11.2505061,9.926393124720537,0.8899256999999992
11.260454099999999,9.75933342781462,0.8999012999999998
11.270487600000001,8.693353970055812,0.9098582000000022
11.283927199999999,9.792478607692077,0.9233499999999992
11.2994027,9.70986358518506,0.9387870000000014
11.3004276,9.660689672932362,0.9398866000000012
11.3104928,9.75933342781462,0.9499159000000006
11.3204303,9.74281048940505,0.9598803000000018
11.330463400000001,9.977166049925785,0.9698688000000004
11.3404324,9.792478607692077,0.9798843999999995
11.350544600000001,9.77588944516893,0.9899647999999992
11.3605265,9.644363824876494,0.9998238999999991
11.3705181,9.62807059588681,1.0099319999999992
11.380648200000001,9.792478607692077,1.0099319999999992
11.392555100000001,9.644363824876494,1.0099319999999992
11.407982800000001,9.660689672932362,1.0099319999999992
11.410492199999998,9.660689672932362,1.0099319999999992
11.4205502,10.0282445284255,1.0099319999999992
11.430811799999999,9.75933342781462,1.0099319999999992
11.440760599999999,9.74281048940505,1.0099319999999992
11.4505301,9.72632056384844,1.0099319999999992
11.460577599999999,9.660689672932362,1.0099319999999992
11.470553099999998,9.693439487586987,1.0099319999999992
11.4805635,9.62807059588681,1.0099319999999992
11.490552199999998,9.51492586865949,1.0099319999999992
11.5005781,9.61180992079036,1.0099319999999992
11.510614299999999,9.677048205357805,1.0099319999999992
11.5206958,9.960207881646939,1.0099319999999992
11.530566899999998,9.89271335666411,1.0099319999999992
11.5405872,9.825756633804376,1.0099319999999992
11.550561400000001,9.77588944516893,1.0099319999999992
11.560737999999999,9.72632056384844,1.0099319999999992
11.570588899999999,9.89271335666411,1.0099319999999992
11.5805195,10.011184305278535,1.0099319999999992
11.590592199999998,9.960207881646939,1.0099319999999992
11.600851099999998,9.94328359581091,1.0099319999999992
11.610770399999998,9.994158168480158,1.0099319999999992
11.6210881,10.011184305278535,1.0099319999999992
11.630736,10.045338906161959,1.0099319999999992
11.6405418,9.926393124720537,1.0099319999999992
11.650644699999999,10.200736589911823,1.0099319999999992
11.6605209,10.376713222184142,1.0099319999999992
11.670640399999998,10.18333172739613,1.0099319999999992
11.680570300000001,10.394505234710364,1.0099319999999992
11.6905065,10.520050675513097,1.0099319999999992
11.700541499999998,10.448095275470884,1.0099319999999992
11.710592700000001,10.484001020187893,1.0099319999999992
11.7206889,10.25316052398179,1.0099319999999992
11.730606199999999,10.376713222184142,1.0099319999999992
11.740486500000001,10.25316052398179,1.0099319999999992
11.7506148,10.045338906161959,1.0099319999999992
11.7605433,10.011184305278535,1.0099319999999992
11.7706204,9.644363824876494,1.0099319999999992
11.7805393,9.825756633804376,1.0099319999999992
11.7905179,9.909536400813906,1.0099319999999992
11.8006011,9.825756633804376,1.0099319999999992
11.8105135,9.909536400813906,1.0099319999999992
11.8207049,9.809100981740718,1.0099319999999992
11.830559899999999,9.74281048940505,1.0099319999999992
11.840562100000001,9.70986358518506,1.0099319999999992
11.850592399999998,9.74281048940505,1.0099319999999992
11.860587999999998,9.57938597223622,1.0099319999999992
11.870614299999998,9.74281048940505,1.0099319999999992
11.8805183,9.70986358518506,1.0099319999999992
11.890564799999998,9.595581734544421,1.0099319999999992
11.900622400000001,9.595581734544421,1.0099319999999992
11.910491899999998,9.61180992079036,1.0099319999999992
11.9206837,9.693439487586987,1.0099319999999992
11.930539999999999,9.960207881646939,1.0099319999999992
11.940483899999998,9.72632056384844,1.0099319999999992
11.9506401,9.926393124720537,1.0099319999999992
11.960538999999999,9.693439487586987,1.0099319999999992
11.970600799999998,9.54709146043023,1.0099319999999992
11.9805568,9.563222569082706,1.0099319999999992
11.991012799999998,9.482888682273867,1.0099319999999992
12.0007006,9.246651300076511,1.0099319999999992
12.0105476,8.987344746665283,1.0099319999999992
12.020566099999998,8.342022743180927,1.0099319999999992
12.030525500000001,7.94296870865388,1.0099319999999992
12.040495299999998,7.47068670608361,1.0099319999999992
12.050602199999998,6.804968146042268,1.0099319999999992
12.060521199999998,6.1198102381647095,1.0099319999999992
12.070606100000001,5.198006519845759,1.0099319999999992
12.080645200000001,4.371939454170687,1.0099319999999992
12.0905288,3.3758717745774436,1.0099319999999992
12.100532,2.6268377261935005,1.0099319999999992
12.110484999999999,1.9410016654329425,1.0099319999999992
12.120646299999999,1.640460799474859,1.0099319999999992
12.1305803,1.516940183795532,1.0099319999999992
12.140339899999999,1.4929614,1.0099319999999992
12.1502924,1.4929614,1.0099319999999992
12.1602275,1.4929614,1.0099319999999992
12.1703557,1.4929614,1.0099319999999992
12.1803458,1.4929614,1.0099319999999992
12.1902393,1.4929614,1.0099319999999992
12.2004535,1.4929614,1.0099319999999992
12.2104735,1.4929614,1.0099319999999992
12.220439999999998,1.4929614,1.0099319999999992
12.2303871,1.4929614,1.0099319999999992
12.240372200000001,1.4929614,1.0099319999999992
12.2502714,1.4929614,1.0099319999999992
12.260238799999998,1.4929614,1.0099319999999992
12.270216499999998,1.4929614,1.0099319999999992
12.280206999999999,1.4929614,1.0099319999999992
12.290210400000001,1.4929614,1.0099319999999992
12.3003545,1.4929614,1.0099319999999992
12.3102574,1.4929614,1.0099319999999992
12.3203597,1.4929614,1.0099319999999992
12.33026,1.4929614,1.0099319999999992
12.340218899999998,1.4929614,1.0099319999999992
12.350377499999999,1.4929614,1.0099319999999992
12.3601899,1.4929614,1.0099319999999992
12.370309399999998,1.4929614,1.0099319999999992
12.3803821,1.4929614,1.0099319999999992
