0.0004276999999994757,1.4929614,0
0.010438699999998136,1.4929614,0
0.025088999999997696,1.4929614,0
0.030219799999997576,1.4929614,0
0.040253299999999825,1.4929614,0
0.05017699999999792,1.4929614,0
0.06030679999999933,1.4929614,0
0.07014159999999947,1.4929614,0
0.08024659999999884,1.4929614,0
0.09024969999999755,1.4929614,0
0.10026789999999863,1.4929614,0
0.11029160000000005,1.4929614,0
0.12024149999999878,1.4929614,0
0.13032829999999862,1.4929614,0
0.14017189999999857,1.4929614,0
0.15012339999999824,1.4929614,0
0.16033029999999826,1.4929614,0
0.17011979999999838,1.4929614,0
0.18023720000000054,1.4929614,0
0.19021169999999898,1.4929614,0
0.20011759999999867,1.4929614,0
0.21035549999999859,1.4929614,0
0.2201135999999977,1.4929614,0
0.23024099999999947,1.4929614,0
0.24012300000000053,1.4929614,0
0.2501312999999996,1.4929614,0
0.26026489999999924,1.4929614,0
0.27019149999999925,1.4929614,0
0.2803399999999989,1.4929614,0
0.29017889999999724,1.4929614,0
0.3001967999999984,1.4929614,0
0.3103043999999997,1.4929614,0
0.3201539999999987,1.4929614,0
0.3302853999999975,1.4929614,0
0.3401013999999982,1.4929614,0
0.3501125999999992,1.4929614,0
0.3602478999999974,1.4929614,0
0.37015889999999985,1.4929614,0
0.38011269999999797,1.4929614,0
0.3901956999999996,1.4929614,0
0.4002953999999974,1.4929614,0
0.4104063999999994,1.4929614,0
0.42017929999999737,1.4929614,0
0.4301712999999978,1.4929614,0
0.4401451999999999,1.4929614,0
0.4501975999999992,1.4929614,0
0.4603260999999996,1.4929614,0
0.47020589999999984,1.4929614,0
0.48035989999999984,1.4929614,0
0.4903195999999994,1.4929614,0
0.5003484,1.4929614,0
0.510363599999998,1.4929614,0
0.520267999999998,1.4929614,0
0.5304846999999988,1.4929614,0
0.5403735999999988,1.4929614,0
0.5500740999999998,1.4929614,0
0.5602524999999972,1.4929614,0
0.5701281999999992,1.4929614,0
0.5801516999999983,1.4929614,0
0.5901905999999997,1.4929614,0
0.6001848999999986,1.4929614,0
0.6104093999999982,1.4929614,0
0.6201589999999975,1.4929614,0
0.6302196000000002,1.4929614,0
0.6402873999999983,1.4929614,0
0.6502403999999977,1.4929614,0
0.6601710999999995,1.4929614,0
0.6700902999999983,1.4929614,0
0.6802196999999985,1.4929614,0
0.6901464999999973,1.4929614,0
0.7001311000000001,1.4929614,0
0.7102688999999991,1.4929614,0
0.7201610999999986,1.4929614,0
0.7302719999999994,1.4929614,0
0.7401423999999999,1.4929614,0
0.7501630999999982,1.4929614,0
0.7602939999999982,1.4929614,0
0.7701715,1.4929614,0
0.7801714000000004,1.4929614,0
0.7900895999999982,1.4929614,0
0.8001149999999981,1.4929614,0
0.8103810999999972,1.4929614,0
0.8202344000000004,1.4929614,0
0.8300698000000004,1.4929614,0
0.8402256999999977,1.4929614,0
0.8502650000000003,1.4929614,0
0.8602150000000002,1.4929614,0
0.870140499999998,1.4929614,0
0.8801692999999986,1.4929614,0
0.8901654999999984,1.4929614,0
0.9002339999999975,1.4929614,0
0.9103130999999998,1.4929614,0
0.9200803999999998,1.4929614,0
0.9302008999999991,1.4929614,0
0.9401505999999991,1.4929614,0
0.9500919000000003,1.4929614,0
0.9603563999999984,1.4929614,0
0.9701314999999973,1.4929614,0
0.9801642999999984,1.4929614,0
0.9901944,1.4929614,0
1.0002159999999982,1.4929614,0
1.010349699999999,1.4929614,0
1.0237191999999986,1.4929614,0
1.0302310000000006,1.4929614,0
1.040326199999999,1.4929614,0
1.0502687000000002,1.4929614,0
1.0603373000000005,1.4929614,0
1.0701253999999985,1.4929614,0
1.0801637,1.4929614,0
1.0903010000000002,1.4929614,0
1.1002153999999997,1.4929614,0
1.1106437999999983,1.4929614,0
1.1201945999999978,1.4929614,0
1.1302070999999998,1.4929614,0
1.1402232999999988,1.4929614,0
1.1505118000000003,1.4929614,0
1.1603630000000003,1.4929614,0
1.1701841999999978,1.4929614,0
1.1804101999999972,1.4929614,0
1.190173999999999,1.4929614,0
1.2001767,1.4929614,0
1.2103937999999985,1.4929614,0
1.2201746,1.4929614,0
1.2301557999999986,1.4929614,0
1.2402394999999977,1.4929614,0
1.2501204999999977,1.4929614,0
1.260326899999999,1.4929614,0
1.2701920999999992,1.4929614,0
1.2802231999999982,1.4929614,0
1.2901650999999994,1.4929614,0
1.3001298000000006,1.4929614,0
1.3102749999999972,1.4929614,0
1.320243399999999,1.4929614,0
1.3301622999999978,1.4929614,0
1.3401534999999996,1.4929614,0
1.3501526999999989,1.4929614,0
1.3602860999999997,1.4929614,0
1.3701231999999983,1.4929614,0
1.3801930999999996,1.4929614,0
1.3901663999999982,1.4929614,0
1.4001246999999992,1.4929614,0
1.4104366999999982,1.4929614,0
1.4203951000000004,1.4929614,0
1.430346199999999,1.4929614,0
1.440362499999999,1.4929614,0
1.4503620999999995,1.4929614,0
1.4604247999999984,1.4929614,0
1.470317399999999,1.4929614,0
1.480227799999998,1.4929614,0
1.4905314999999995,1.4929614,0
1.5001785999999981,1.4929614,0
1.5103142999999974,1.4929614,0
1.5201795999999987,1.4929614,0
1.530270299999998,1.4929614,0
1.5401322999999998,1.4929614,0
1.5502207000000006,1.4929614,0
1.5602912999999994,1.4929614,0
1.570167999999999,1.4929614,0
1.5801139999999982,1.4929614,0
1.5901906999999973,1.4929614,0
1.6001592000000002,1.4929614,0
1.6104777000000006,1.4929614,0
1.6201103000000003,1.4929614,0
1.6302324999999982,1.4929614,0
1.6404429999999977,1.4929614,0
1.6501853000000004,1.4929614,0
1.6603309999999993,1.4929614,0
1.6701279999999983,1.4929614,0
1.6801981999999995,1.4929614,0
1.6902213999999987,1.4929614,0
1.7001317999999976,1.4929614,0
1.7102191999999974,1.4929614,0
1.7201218999999988,1.4929614,0
1.7302625999999997,1.4929614,0
1.7401175000000002,1.4929614,0
1.7501087999999996,1.4929614,0
1.7604194999999976,1.4929614,0
1.7703033999999995,1.4929614,0
1.7804058000000005,1.4929614,0
1.7902317999999973,1.4929614,0
1.800175799999998,1.4929614,0
1.8102293999999972,1.4929614,0
1.8201454999999989,1.4929614,0
1.8302108999999973,1.4929614,0
1.840147599999998,1.4929614,0
1.8502814,1.4929614,0
1.8603553999999995,1.4929614,0
1.8701495999999977,1.4929614,0
1.8800947999999984,1.4929614,0
1.8902126999999993,1.4929614,0
1.9001973999999997,1.4929614,0
1.9103210999999973,1.4929614,0
1.9201318,1.4929614,0
1.9302101999999977,1.4929614,0
1.9401091999999984,1.4929614,0
1.9501245999999988,1.4929614,0
1.9603115999999972,1.4929614,0
1.9701303999999986,1.4929614,0
1.9801785999999986,1.4929614,0
1.9901270999999987,1.4929614,0
2.0000718000000006,1.4929614,0
2.0102559999999983,1.4929614,0
2.0201505999999974,1.4929614,0
2.030209899999999,1.4929614,0
2.0403315999999982,1.4929614,0
2.0503168999999986,1.4929614,0
2.0602762000000006,1.4929614,0
2.0703233999999995,1.4929614,0
2.0802635999999985,1.4929614,0
2.0901733999999976,1.4929614,0
2.1005526000000003,1.4929614,0
2.1102463,1.4929614,0
2.1200614999999985,1.4929614,0
2.1302245000000006,1.4929614,0
2.140138799999999,1.4929614,0
2.150202499999999,1.4929614,0
2.1602902999999998,1.4929614,0
2.170175199999999,1.4929614,0
2.1801759999999994,1.4929614,0
2.190172999999998,1.4929614,0
2.2001189999999973,1.4929614,0
2.210374999999999,1.4929614,0
2.220164999999998,1.4929614,0
2.230160699999999,1.4929614,0
2.2400920999999983,1.4929614,0
2.2501879000000002,1.4929614,0
2.2602881000000004,1.4929614,0
2.2702129999999983,1.4929614,0
2.2803910999999992,1.4929614,0
2.2902260000000005,1.4929614,0
2.3001043999999986,1.4929614,0
2.3102131999999997,1.4929614,0
2.320143999999999,1.4929614,0
2.3302102,1.4929614,0
2.3401703000000005,1.4929614,0
2.3500692,1.4929614,0
2.360275999999999,1.4929614,0
2.370201299999998,1.4929614,0
2.3801349999999992,1.4929614,0
2.390116899999999,1.4929614,0
2.4001132999999975,1.4929614,0
2.410310499999998,1.4929614,0
2.420190899999998,1.4929614,0
2.4301831999999983,1.4929614,0
2.4401899,1.4929614,0
2.4501493999999973,1.4929614,0
2.4602866999999975,1.4929614,0
2.470255299999998,1.4929614,0
2.4802569000000005,1.4929614,0
2.490221599999998,1.4929614,0
2.5001475999999982,1.4929614,0
2.5102267000000005,1.4929614,0
2.5200815,1.4929614,0
2.5304520000000004,1.4929614,0
2.540151299999998,1.4929614,0
2.550106099999997,1.4929614,0
2.560291199999998,1.4929614,0
2.5701301999999977,1.4929614,0
2.5801032,1.4929614,0
2.5901675999999973,1.4929614,0
2.6001534999999976,1.4929614,0
2.6102983,1.4929614,0
2.6202641,1.4929614,0
2.6302324000000006,1.4929614,0
2.639995299999999,1.4929614,0
2.6503768999999977,1.4929614,0
2.6602268000000002,1.4929614,0
2.6701358999999982,1.4929614,0
2.6801983999999983,1.4929614,0
2.6902498999999978,1.4929614,0
2.700192099999999,1.4929614,0
2.710255499999999,1.4929614,0
2.7201208999999977,1.4929614,0
2.730326999999999,1.4929614,0
2.7401300999999982,1.4929614,0
2.7500955000000005,1.4929614,0
2.760332599999998,1.4929614,0
2.770124199999998,1.4929614,0
2.7802223999999995,1.4929614,0
2.7901208000000004,1.4929614,0
2.8000764999999994,1.4929614,0
2.8104093999999975,1.4929614,0
2.8201313999999975,1.4929614,0
2.8301903999999993,1.4929614,0
2.840263099999998,1.4929614,0
2.8501623999999985,1.4929614,0
2.860253499999999,1.4929614,0
2.8702061999999984,1.4929614,0
2.8801518999999978,1.4929614,0
2.890294899999997,1.4929614,0
2.9002669999999995,1.4929614,0
2.9102551000000005,1.4929614,0
2.920114999999999,1.4929614,0
2.9301814999999998,1.4929614,0
2.940135599999998,1.4929614,0
2.9502170999999997,1.4929614,0
2.9603541,1.4929614,0
2.9701266000000004,1.4929614,0
2.9801940999999985,1.4929614,0
2.9901634,1.4929614,0
3.0001761999999985,1.4929614,0
3.0102921999999985,1.4929614,0
3.020207899999999,1.4929614,0
3.0302036,1.4929614,0
3.0401001,1.4929614,0
3.0502416999999973,1.4929614,0
3.0603264999999986,1.4929614,0
3.0702464999999997,1.4929614,0
3.0804094999999982,1.4929614,0
3.0902136999999996,1.4929614,0
3.1001805000000004,1.4929614,0
3.1102552999999986,1.4929614,0
3.120087599999998,1.4929614,0
3.1302266000000003,1.4929614,0
3.140235399999998,1.4929614,0
3.1502023999999977,1.4929614,0
3.1603493,1.4929614,0
3.170145399999999,1.4929614,0
3.180395299999997,1.4929614,0
3.1903505999999986,1.4929614,0
3.2002774999999986,1.4929614,0
3.2105441,1.4929614,0
3.2203643,1.4929614,0
3.2303584999999977,1.4929614,0
3.240292,1.4929614,0
3.2502584,1.4929614,0
3.2603387999999995,1.4929614,0
3.270184699999998,1.4929614,0
3.2801665999999976,1.4929614,0
3.290144999999999,1.4929614,0
3.300140299999999,1.4929614,0
3.3103005000000003,1.4929614,0
3.3200666000000005,1.4929614,0
3.3301756000000005,1.4929614,0
3.3401371999999974,1.4929614,0
3.3501619999999974,1.4929614,0
3.3603381999999975,1.4929614,0
3.370195299999999,1.4929614,0
3.380202699999998,1.4929614,0
3.3901258999999975,1.4929614,0
3.4001440999999986,1.4929614,0
3.4103993999999993,1.4929614,0
3.420189999999998,1.4929614,0
3.4301442999999985,1.4929614,0
3.440109999999997,1.4929614,0
3.4502235999999975,1.4929614,0
3.4602292000000006,1.4929614,0
3.4701670999999976,1.4929614,0
3.480189799999998,1.4929614,0
3.490161699999998,1.4929614,0
3.5002387000000006,1.4929614,0
3.5103289999999987,1.4929614,0
3.5200974999999985,1.4929614,0
3.5301520999999987,1.4929614,0
3.540073699999997,1.4929614,0
3.550115899999998,1.4929614,0
3.5602656999999986,1.4929614,0
3.5701964000000004,1.4929614,0
3.5801269999999974,1.4929614,0
3.5901694999999982,1.4929614,0
3.6001367,1.4929614,0
3.6104513999999988,1.4929614,0
3.6201395000000005,1.4929614,0
3.6301187000000006,1.4929614,0
3.6400866,1.4929614,0
3.6502075000000005,1.4929614,0
3.6603262,1.4929614,0
3.670463699999999,1.4929614,0
3.6801588999999986,1.4929614,0
3.6901452,1.4929614,0
3.700205699999998,1.4929614,0
3.710214099999998,1.4929614,0
3.7201652000000003,1.4929614,0
3.7303105999999993,1.4929614,0
3.7402409999999975,1.4929614,0
3.7501241999999984,1.4929614,0
3.7602540999999974,1.4929614,0
3.7701290999999983,1.4929614,0
3.780199999999997,1.4929614,0
3.790267199999999,1.4929614,0
3.8003171999999985,1.4929614,0
3.810248299999998,1.4929614,0
3.8201827,1.4929614,0
3.830108199999998,1.4929614,0
3.8401294999999998,1.4929614,0
3.8502535999999985,1.4929614,0
3.8602622999999987,1.4929614,0
3.870072199999999,1.4929614,0
3.8801524,1.4929614,0
3.890266699999998,1.4929614,0
3.9001446999999985,1.4929614,0
3.910232999999998,1.4929614,0
3.9201026999999975,1.4929614,0
3.930161899999998,1.4929614,0
3.940110999999998,1.4929614,0
3.9501180999999974,1.4929614,0
3.9602818999999982,1.4929614,0
3.970232799999998,1.4929614,0
3.980305999999999,1.4929614,0
3.9901394000000003,1.4929614,0
4.000180699999998,1.4929614,0
4.010349599999998,1.4929614,0
4.0201162,1.4929614,0
4.0300607,1.4929614,0
4.0401451,1.4929614,0
4.050331999999997,1.4929614,0
4.060239799999998,1.4929614,0
4.0701769,1.4929614,0
4.080117099999999,1.4929614,0
4.090165199999998,1.4929614,0
4.100368399999997,1.4929614,0
4.110391,1.4929614,0
4.1203252,1.4929614,0
4.1305109999999985,1.4929614,0
4.140428,1.4929614,0
4.1501783,1.4929614,0
4.1603101,1.4929614,0
4.170218899999998,1.4929614,0
4.180304499999998,1.4929614,0
4.190217199999999,1.4929614,0
4.200092599999998,1.4929614,0
4.210276499999999,1.4929614,0
4.2200895,1.4929614,0
4.2305883999999985,1.4929614,0
4.240136999999997,1.4929614,0
4.2501462,1.4929614,0
4.260249599999998,1.4929614,0
4.2700309999999995,1.4929614,0
4.2802246,1.4929614,0
4.290209899999997,1.4929614,0
4.300128299999997,1.4929614,0
4.310219099999998,1.4929614,0
4.320125599999997,1.4929614,0
4.330246299999999,1.4929614,0
4.340192999999999,1.4929614,0
4.350144399999998,1.4929614,0
4.360246399999998,1.4929614,0
4.3701523999999985,1.4929614,0
4.380146199999999,1.4929614,0
4.3901939,1.4929614,0
4.4001093000000004,1.4929614,0
4.4102405000000005,1.4929614,0
4.4202011999999975,1.4929614,0
4.430250299999997,1.4929614,0
4.440096199999999,1.4929614,0
4.450120999999999,1.4929614,0
4.460296699999997,1.4929614,0
4.4700594,1.4929614,0
4.480127799999998,1.4929614,0
4.4902196,1.4929614,0
4.5002596,1.4929614,0
4.510300599999997,1.4929614,0
4.5200706,1.4929614,0
4.530311599999997,1.4929614,0
4.540055899999999,1.4929614,0
4.550158699999997,1.4929614,0
4.5602592999999985,1.4929614,0
4.5702484000000005,1.4929614,0
4.580102499999999,1.4929614,0
4.590116199999997,1.4929614,0
4.6002218999999975,1.4929614,0
4.610365299999998,1.4929614,0
4.620144199999999,1.4929614,0
4.6300785,1.4929614,0
4.6400431,1.4929614,0
4.6502923,1.4929614,0
4.660360999999998,1.4929614,0
4.6700728,1.4929614,0
4.6800897,1.4929614,0
4.690252899999997,1.4929614,0
4.7000469,1.4929614,0
4.710278599999999,1.4929614,0
4.7201299999999975,1.4929614,0
4.7301699999999975,1.4929614,0
4.7400956,1.4929614,0
4.750083199999999,1.4929614,0
4.760236599999999,1.4929614,0
4.770191999999998,1.4929614,0
4.780078799999998,1.4929614,0
4.790118499999998,1.4929614,0
4.800094699999999,1.4929614,0
4.810287199999998,1.4929614,0
4.820126499999997,1.4929614,0
4.830065399999999,1.4929614,0
4.840080199999999,1.4929614,0
4.850211999999999,1.4929614,0
4.860242199999998,1.4929614,0
4.8700905,1.4929614,0
4.880051599999998,1.4929614,0
4.890161899999999,1.4929614,0
4.9000837,1.4929614,0
4.910262799999998,1.4929614,0
4.920071099999998,1.4929614,0
4.9302849,1.4929614,0
4.940039899999999,1.4929614,0
4.950113099999999,1.4929614,0
4.960306599999999,1.4929614,0
4.9702281,1.4929614,0
4.980365899999999,1.4929614,0
4.990232299999999,1.4929614,0
5.000298299999997,1.4929614,0
5.010392099999997,1.4929614,0
5.020352799999998,1.4929614,0
5.030368799999998,1.4929614,0
5.040094499999999,1.4929614,0
5.050380199999999,1.4929614,0
5.0605592,1.4929614,0
5.070134499999998,1.4929614,0
5.080117099999999,1.4929614,0
5.090129599999997,1.4929614,0
5.100057499999998,1.4929614,0
5.1103035000000006,1.4929614,0
5.120089799999999,1.4929614,0
5.130581899999999,1.4929614,0
5.1401354999999995,1.4929614,0
5.1501068,1.4929614,0
5.1602326000000005,1.4929614,0
5.170165699999998,1.4929614,0
5.180031499999998,1.4929614,0
5.190049499999997,1.4929614,0
5.200169199999998,1.4929614,0
5.210428399999998,1.4929614,0
5.220184799999998,1.4929614,0
5.2301559,1.4929614,0
5.2400348,1.4929614,0
5.250204799999999,1.4929614,0
5.260208799999997,1.4929614,0
5.270197899999999,1.4929614,0
5.2801176000000005,1.4929614,0
5.290249599999999,1.4929614,0
5.300044999999997,1.4929614,0
5.310298400000001,1.4929614,0
5.3200632,1.4929614,0
5.330244499999999,1.4929614,0
5.340174999999999,1.4929614,0
5.3500917,1.4929614,0
5.360370699999997,1.4929614,0
5.370163299999998,1.4929614,0
5.3801539,1.4929614,0
5.390069799999999,1.4929614,0
5.4000846,1.4929614,0
5.4103429,1.4929614,0
5.420114299999998,1.4929614,0
5.4305518,1.4929614,0
5.440114299999998,1.4929614,0
5.4501998,1.4929614,0
5.460244100000001,1.4929614,0
5.470078299999997,1.4929614,0
5.480169199999999,1.4929614,0
5.4901768,1.4929614,0
5.500075799999998,1.4929614,0
5.510370899999998,1.4929614,0
5.520048299999999,1.4929614,0
5.530325099999999,1.4929614,0
5.540153999999998,1.4929614,0
5.550168299999999,1.4929614,0
5.560247,1.4929614,0
5.5701651000000005,1.4929614,0
5.580037099999998,1.4929614,0
5.590067999999999,1.4929614,0
5.6000643,1.4929614,0
5.610470199999998,1.4929614,0
5.6201374999999985,1.4929614,0
5.630262199999997,1.4929614,0
5.640070099999999,1.4929614,0
5.6502944999999976,1.4929614,0
5.6602274,1.4929614,0
5.6701063000000005,1.4929614,0
5.680064599999998,1.4929614,0
5.6902235999999995,1.4929614,0
5.700068899999998,1.4929614,0
5.710265699999997,1.4929614,0
5.7200773,1.4929614,0
5.7302535,1.4929614,0
5.740074499999999,1.4929614,0
5.7501067,1.4929614,0
5.760335699999999,1.4929614,0
5.770127599999999,1.4929614,0
5.7800461,1.4929614,0
5.7900928,1.4929614,0
5.8002341999999985,1.4929614,0
5.810347399999998,1.4929614,0
5.820097499999999,1.4929614,0
5.830224299999998,1.4929614,0
5.8400578,1.4929614,0
5.8501604,1.4929614,0
5.8602399,1.4929614,0
5.870089999999998,1.4929614,0
5.8802154999999985,1.4929614,0
5.890212399999999,1.4929614,0
5.900075599999997,1.4929614,0
5.9102721,1.4929614,0
5.920081999999997,1.4929614,0
5.930276499999998,1.4929614,0
5.940328599999997,1.4929614,0
5.950311899999999,1.4929614,0
5.960325099999999,1.4929614,0
5.970367799999998,1.4929614,0
5.980087299999997,1.4929614,0
5.9902026,1.4929614,0
6.000066399999998,1.4929614,0
6.010346799999997,1.4929614,0
6.0200827,1.4929614,0
6.030162999999998,1.4929614,0
6.040069200000001,1.4929614,0
6.050157500000001,1.4929614,0
6.060278999999998,1.4929614,0
6.069998899999998,1.4929614,0
6.080129799999998,1.4929614,0
6.090202600000001,1.4929614,0
6.1000691999999965,1.4929614,0
6.110218499999998,1.4929614,0
6.120154099999997,1.4929614,0
6.130255699999996,1.4929614,0
6.140121599999997,1.4929614,0
6.150049299999996,1.4929614,0
6.160278099999996,1.4929614,0
6.170163599999999,1.4929614,0
6.180139899999997,1.4929614,0
6.190212800000001,1.4929614,0
6.2000860999999965,1.4929614,0
6.210372799999998,1.4929614,0
6.220101400000001,1.4929614,0
6.230164300000002,1.4929614,0
6.240073900000002,1.4929614,0
6.250151200000001,1.4929614,0
6.2602613,1.4929614,0
6.270019199999997,1.4929614,0
6.280119099999997,1.4929614,0
6.2901895,1.4929614,0
6.300143899999998,1.4929614,0
6.310321699999999,1.4929614,0
6.3201231,1.4929614,0
6.330164200000002,1.4929614,0
6.340098100000002,1.4929614,0
6.350062900000001,1.4929614,0
6.360523099999998,1.4929614,0
6.370154500000002,1.4929614,0
6.380075899999998,1.4929614,0
6.3900696,1.4929614,0
6.400287699999996,1.4929614,0
6.410316399999996,1.4929614,0
6.4200656999999985,1.4929614,0
6.430174400000002,1.4929614,0
6.440065799999996,1.4929614,0
6.450189599999998,1.4929614,0
6.460191099999999,1.4929614,0
6.4701547999999995,1.4929614,0
6.4800796,1.4929614,0
6.4901509,1.4929614,0
6.500122899999997,1.4929614,0
6.5102696999999985,1.4929614,0
6.5200365,1.4929614,0
6.530148299999997,1.4929614,0
6.5400709,1.4929614,0
6.550100099999998,1.4929614,0
6.5604169999999975,1.4929614,0
6.570165399999997,1.4929614,0
6.580070899999999,1.4929614,0
6.590072199999998,1.4929614,0
6.6001364,1.4929614,0
6.610436599999996,1.4929614,0
6.620076600000001,1.4929614,0
6.630054400000002,1.4929614,0
6.640072700000001,1.4929614,0
6.650273099999996,1.4929614,0
6.660235400000001,1.4929614,0
6.6701108,1.4929614,0
6.680107699999997,1.4929614,0
6.690200000000001,1.4929614,0
6.700077199999999,1.4929614,0
6.710300399999998,1.4929614,0
6.720090599999995,1.4929614,0
6.730105399999996,1.4929614,0
6.7400641999999955,1.4929614,0
6.750117100000001,1.4929614,0
6.760406399999997,1.4929614,0
6.770196699999996,1.4929614,0
6.780215299999998,1.4929614,0
6.790119700000002,1.4929614,0
6.800139599999998,1.4929614,0
6.810299599999997,1.4929614,0
6.820111600000001,1.4929614,0
6.830054299999997,1.4929614,0
6.840103799999998,1.4929614,0
6.850158599999997,1.4929614,0
6.8602475999999974,1.4929614,0
6.870271599999999,1.4929614,0
6.880488699999997,1.4929614,0
6.890339600000001,1.4929614,0
6.900456500000001,1.4929614,0
6.910296300000002,1.4929614,0
6.920251499999996,1.4929614,0
6.930224200000001,1.4929614,0
6.940110399999998,1.4929614,0
6.950196099999996,1.4929614,0
6.960393800000002,1.4929614,0
6.970262399999999,1.4929614,0
6.980116300000002,1.4929614,0
6.990140799999995,1.4929614,0
7.000045799999999,1.4929614,0
7.010249900000002,1.4929614,0
7.020079599999999,1.4929614,0
7.030124599999997,1.4929614,0
7.040091999999998,1.4929614,0
7.0501479999999965,1.4929614,0
7.060238699999996,1.4929614,0
7.0700769,1.4929614,0
7.080150100000001,1.4929614,0
7.090154199999997,1.4929614,0
7.100218299999998,1.4929614,0
7.110251699999996,1.4929614,0
7.120180600000001,1.4929614,0
7.130338399999996,1.4929614,0
7.1401245999999965,1.4929614,0
7.150105200000002,1.4929614,0
7.160243900000001,1.4929614,0
7.170195500000002,1.4929614,0
7.1801647999999965,1.4929614,0
7.1901151999999975,1.4929614,0
7.200102300000001,1.4929614,0
7.2105976999999974,1.4929614,0
7.2200555999999985,1.4929614,0
7.230069099999998,1.4929614,0
7.240080899999999,1.4929614,0
7.250199200000001,1.4929614,0
7.260246200000001,1.4929614,0
7.2699880999999955,1.4929614,0
7.280048300000001,1.4929614,0
7.2901155999999965,1.4929614,0
7.300055699999998,1.4929614,0
7.310312899999996,1.4929614,0
7.320149300000001,1.4929614,0
7.330158299999997,1.4929614,0
7.340092899999998,1.4929614,0
7.350081499999998,1.4929614,0
7.360348399999996,1.4929614,0
7.370193799999999,1.4929614,0
7.380193099999996,1.4929614,0
7.3902111999999995,1.4929614,0
7.4000683999999985,1.4929614,0
7.410348699999997,1.4929614,0
7.420108299999999,1.4929614,0
7.430113299999999,1.4929614,0
7.440042299999998,1.4929614,0
7.450169299999995,1.4929614,0
7.460299199999998,1.4929614,0
7.470037299999998,1.4929614,0
7.480145400000001,1.4929614,0
7.490202,1.4929614,0
7.500397199999998,1.4929614,0
7.510272199999999,1.4929614,0
7.5202858,1.4929614,0
7.530337200000002,1.4929614,0
7.540164000000001,1.4929614,0
7.550262299999996,1.4929614,0
7.560242800000001,1.4929614,0
7.570139100000002,1.4929614,0
7.580101500000001,1.4929614,0
7.590180800000002,1.4929614,0
7.600048400000002,1.4929614,0
7.610344899999998,1.4929614,0
7.6201227,1.4929614,0
7.630179299999998,1.4929614,0
7.6401,1.4929614,0
7.650231799999997,1.4929614,0
7.660267000000001,1.4929614,0
7.669995500000002,1.4929614,0
7.680243399999998,1.4929614,0
7.690134799999999,1.4929614,0
7.700030999999999,1.4929614,0
7.710274899999998,1.4929614,0
7.720088899999997,1.4929614,0
7.730143699999996,1.4929614,0
7.740138699999999,1.4929614,0
7.750052100000001,1.4929614,0
7.760277300000002,1.4929614,0
7.770152100000001,1.4929614,0
7.780038700000002,1.4929614,0
7.790232800000002,1.4929614,0
7.800155,1.4929614,0
7.810546300000002,1.4929614,0
7.8201643999999995,1.4929614,0
7.830407099999999,1.4929614,0
7.8401134999999975,1.4929614,0
7.8501838,1.4929614,0
7.860224900000002,1.4929614,0
7.8700145,1.4929614,0
7.880132999999997,1.4929614,0
7.890277399999999,1.4929614,0
7.900071899999997,1.4929614,0
7.910282200000001,1.4929614,0
7.920140200000002,1.4929614,0
7.930302100000002,1.4929614,0
7.940058799999999,1.4929614,0
7.950129100000002,1.4929614,0
7.960224799999995,1.4929614,0
7.970170599999999,1.4929614,0
7.980157199999997,1.4929614,0
7.990177599999999,1.4929614,0
8.0001086,1.4929614,0
8.010388699999996,1.4929614,0
8.0201521,1.4929614,0
8.030068400000001,1.4929614,0
8.040231000000002,1.4929614,0
8.050185799999998,1.4929614,0
8.060217900000001,1.4929614,0
8.070091699999995,1.4929614,0
8.080083300000002,1.4929614,0
8.090183399999997,1.4929614,0
8.100081299999996,1.4929614,0
8.110206099999996,1.4929614,0
8.1200844,1.4929614,0
8.130213700000002,1.4929614,0
8.140040599999995,1.4929614,0
8.150110199999997,1.4929614,0
8.160444799999997,1.4929614,0
8.170193000000001,1.4929614,0
8.180100999999997,1.4929614,0
8.190161800000002,1.4929614,0
8.200203599999998,1.4929614,0
8.210375699999997,1.4929614,0
8.220150199999996,1.4929614,0
8.2300881,1.4929614,0
8.240619399999996,1.4929614,0
8.2502527,1.4929614,0
8.260258099999998,1.4929614,0
8.270056499999999,1.4929614,0
8.280198000000002,1.4929614,0
8.290137599999998,1.4929614,0
8.300124799999995,1.4929614,0
8.310294500000001,1.4929614,0
8.320086700000001,1.4929614,0
8.330189,1.4929614,0
8.340095600000001,1.4929614,0
8.350098899999995,1.4929614,0
8.360229100000002,1.4929614,0
8.370188799999998,1.4929614,0
8.380069799999998,1.4929614,0
8.390161899999999,1.4929614,0
8.400119100000001,1.4929614,0
8.410351099999996,1.4929614,0
8.420090499999997,1.4929614,0
8.430119899999998,1.4929614,0
8.4401184,1.4929614,0
8.450178400000002,1.4929614,0
8.460196200000002,1.4929614,0
8.470073699999997,1.4929614,0
8.480116900000002,1.4929614,0
8.490198500000002,1.4929614,0
8.500063299999997,1.4929614,0
8.510186700000002,1.4929614,0
8.520082300000002,1.4929614,0
8.530407799999995,1.4929614,0
8.540157400000002,1.4929614,0
8.550036699999996,1.4929614,0
8.560149599999999,1.4929614,0
8.5701814,1.4929614,0
8.580295599999996,1.4929614,0
8.590068800000001,1.4929614,0
8.6000695,1.4929614,0
8.6103853,1.4929614,0
8.620374199999997,1.4929614,0
8.630338599999998,1.4929614,0
8.6402137,1.4929614,0
8.650335699999996,1.4929614,0
8.660312100000002,1.4929614,0
8.670305799999998,1.4929614,0
8.680218800000002,1.4929614,0
8.690245299999997,1.4929614,0
8.700228899999995,1.4929614,0
8.710687500000002,1.4929614,0
8.720206700000002,1.4929614,0
8.730251999999997,1.4929614,0
8.7400987,1.4929614,0
8.7500781,1.4929614,0
8.760343799999998,1.4929614,0
8.770150400000002,1.4929614,0
8.780464300000002,1.4946954987596217,0
8.790402400000001,1.4988106235712013,0
8.800453700000002,1.4985922001705232,0
8.810494899999998,1.501884736463621,0
8.8205457,1.5016414823835642,0
8.830558200000002,1.5020828731133395,0
8.8404415,1.503340635724195,0
8.8504222,1.504248787299715,0
8.860493099999996,1.50569256805397,0
8.870350499999997,1.5252716963089747,0
8.8804883,1.5179991028210578,0
8.890396800000001,1.532221446001361,0
8.900443299999996,1.5464466649166158,0
8.9104305,1.5671061706019704,0
8.9203966,1.5923560316517582,0
8.9303676,1.6148557383218398,0
8.940348099999998,1.6463038242315562,0
8.950460099999997,1.7102014222218134,0
8.960563400000002,1.7521279503429565,0
8.970386199999997,1.7820686711805012,0
8.980462800000002,1.819357505941619,0
8.990387199999997,1.8812456801427633,0
9.0003207,1.9267854841333165,0
9.010563000000001,1.9670013557967287,0
9.020582999999998,2.002641918270264,0
9.034007999999996,2.0750364010710194,0
9.040522399999997,2.1697800577039192,0
9.050590699999997,2.2473530597418887,0
9.0606105,2.281438576793002,0
9.0703055,2.4606301845566527,0
9.080451899999996,2.4225555464201634,0
9.090372399999996,2.5457204854843325,0
9.100388399999996,2.638267155356164,0
9.110753200000001,2.682756450450146,0
9.1206238,2.8082418097518693,0
9.130440699999998,2.973393931426066,0
9.140637299999998,3.003368557164441,0
9.156445799999997,3.1294459014292197,0
9.1606226,3.2731437837883997,0
9.170611400000002,3.3237887302246483,0
9.1804277,3.3237887302246483,0
9.190312099999996,3.417829597383815,0
9.2004415,3.391022470755146,0
9.2104933,3.6943238762749417,0
9.220337699999998,3.6334478492987046,0
9.2303854,3.565930753022127,0
9.240470300000002,3.6463496029502154,0
9.250408199999999,3.7164817196059605,0
9.260450799999997,3.676756448668016,0
9.270345699999996,3.685522595067296,0
9.2804672,3.784300364546165,0
9.290296299999998,3.7569285197020266,0
9.300362199999999,3.931074780310812,0
9.3104567,3.681135138795919,0
9.320353299999997,3.8447449486106637,0
9.330521399999999,3.863661674212862,0
9.340346899999997,3.901952168090908,0
9.350443600000002,3.9116209013381265,0
9.360581,3.965495812250389,0
9.370411399999998,4.155661460330809,0
9.383753699999996,4.182455823463794,0
9.390347799999997,4.286753449470591,0
9.400412299999996,4.303586819778257,0
9.410537399999999,4.48956995878066,0
9.4205121,4.675077740771481,0
9.430439699999997,4.519720158113891,0
9.440469099999998,4.580932645749876,0
9.450491199999998,4.556300643961566,0
9.460525199999996,4.75245400772832,0
9.470284199999998,4.739428659760467,0
9.480442399999998,4.732935497767326,0
9.490355400000002,4.75245400772832,0
9.500412899999997,4.798455220978574,0
9.510546600000001,4.818368030996101,0
9.520402,4.838400677022255,0
9.530381199999997,4.798455220978574,0
9.5404466,4.8924124296296645,0
9.550326099999996,4.851822705892051,0
9.560494299999998,4.8924124296296645,0
9.5705275,4.858553880234452,0
9.5804023,4.885613605860449,0
9.590280699999997,4.968103855907675,0
9.600412000000002,4.8924124296296645,0
9.610658699999998,4.968103855907675,0
9.6204566,4.919744110019454,0
9.630454699999998,4.989037617526732,0
9.640466899999996,4.968103855907675,0
9.6504443,4.878828366150185,0
9.660551000000002,4.858553880234452,0
9.670356899999998,4.872056683357902,0
9.680434600000002,4.75245400772832,0
9.690348499999995,4.851822705892051,0
9.7004567,4.818368030996101,0
9.710502799999997,4.818368030996101,0
9.720402799999999,4.851822705892051,0
9.730470799999996,4.778661530106355,0
9.740419800000002,4.726455309120502,0
9.750375099999996,4.798455220978574,0
9.760543600000002,4.8250322290347345,0
9.7703818,4.811717148034032,0
9.7804465,4.785246235677236,0
9.790392299999997,4.745934821072582,0
9.800406399999996,4.726455309120502,0
9.810501399999996,4.954217631447924,0
9.820587499999998,4.798455220978574,0
9.830593799999999,4.726455309120502,0
9.840511699999997,4.745934821072582,0
9.850692399999996,4.878828366150185,0
9.8606133,4.858553880234452,0
9.870400200000002,4.919744110019454,0
9.880455399999999,4.933492164237235,0
9.890316299999999,4.899224864653134,0
9.9004041,4.878828366150185,0
9.910637699999999,4.872056683357902,0
9.920547799999998,4.919744110019454,0
9.9304558,4.926611263103525,0
9.9405204,4.933492164237235,0
9.950395099999998,4.968103855907675,0
9.9604836,4.75245400772832,0
9.970388799999998,4.858553880234452,0
9.980445999999997,4.858553880234452,0
9.990315299999995,4.811717148034032,0
10.000409600000001,5.662462599012697,0
10.013920500000001,4.94038684094419,0
10.027691999999998,4.885613605860449,0
10.0306265,4.954217631447924,0
10.040384499999998,4.872056683357902,0
10.050470100000002,4.865298530396866,0
10.060511899999998,4.906050938180612,0
10.070402599999998,4.811717148034032,0
10.080491599999998,4.865298530396866,0
10.090406300000001,4.811717148034032,0
10.100429699999996,4.791844123837453,0
10.110480999999996,4.75245400772832,0
10.120344899999996,4.778661530106355,0
10.130402,4.77208998078598,0
10.1403523,4.8317097688067285,0
10.150405500000002,4.906050938180612,0
10.160482999999996,5.017145399687578,0
10.174058200000001,5.220323843985317,0
10.180408199999999,5.2729213009106,0
10.190433099999996,5.388140587926246,0
10.200478399999998,5.514911402176358,0
10.2105298,6.260821133074819,6.999999939694135e-07
10.224340399999999,5.5229700809732805,0
10.238988699999997,5.5229700809732805,0
10.240304900000002,5.563506124199345,0
10.250532699999997,5.5310448932559035,0
10.260459700000002,5.695979388205552,0
10.270409499999996,5.4908318446744335,0
10.280445400000001,5.571662089694587,0
10.290305299999996,5.5880230381356535,0
10.300437200000001,5.695979388205552,0
10.310607899999997,5.5880230381356535,0
10.320457799999996,5.858897647865455,0
10.330391799999997,5.902809819266964,0
10.3405016,6.028125932580405,6.999999939694135e-07
10.355402199999997,6.27994423832014,0.014854899999996007
10.360524999999999,6.347480709865341,0.019925600000000543
10.370425000000001,6.535632418935098,0.0298950999999974
10.380435000000002,6.762614839982228,0.03988899999999518
10.3904855,6.934080128015318,0.049981299999998896
10.400423100000001,7.044065922350272,0.05989359999999522
10.414085799999999,7.1336521558107355,0.07357249999999738
10.420454199999998,7.190375823008391,0.07988669999999587
10.430653099999997,7.144951555755833,0.09002710000000036
10.4410257,7.3055391338252935,0.10045379999999682
10.4505972,7.567153771952609,0.10996399999999795
10.460709599999998,7.3405396652208985,0.12005979999999994
10.4706272,7.542892112532513,0.12998769999999382
10.4806311,7.652837914252965,0.13998569999999688
10.490684300000002,7.652837914252965,0.150064399999998
10.500357599999997,7.506681101523312,0.15981490000000065
10.510782799999998,7.714779485070684,0.17012339999999426
10.520400300000002,7.652837914252965,0.17988309999999785
10.530516099999996,7.677540237620285,0.18994419999999934
10.5403974,7.840536452576179,0.1998812000000001
10.550335999999998,7.878756617124858,0.20980229999999978
10.5606233,7.853251035826392,0.2201020999999983
10.570389600000002,7.727242302704185,0.22984989999999783
10.580438400000002,7.865991073689227,0.23990039999999624
10.590335999999997,7.878756617124858,0.24980779999999925
10.600363399999996,8.166155927514222,0.2598464000000007
10.615271599999996,7.9300748693738,0.27474769999999893
10.6277176,7.853251035826392,0.2872001999999938
10.630451699999998,8.08651605131745,0.28991909999999876
10.644694900000001,8.08651605131745,0.30417349999999743
10.650400600000001,7.7023415681634235,0.30988479999999896
10.664889300000002,7.878756617124858,0.3242712999999995
10.670536099999996,7.853251035826392,0.3299481999999969
10.680786399999999,7.7023415681634235,0.3401250999999945
10.690698999999999,7.815183446581865,0.3500601000000003
10.700607099999996,7.677540237620285,0.35997949999999435
10.7105146,7.994802717912391,0.3699790000000007
10.720442000000002,7.82784727308025,0.37982629999999773
10.730518100000001,7.7522428396548655,0.38989199999999613
10.7404501,8.139503045106144,0.39988509999999877
10.753978200000002,7.815183446581865,0.4134859999999989
10.768023699999997,7.7023415681634235,0.42744869999999935
10.770371399999998,7.567153771952609,0.429865999999997
10.780737399999996,7.7023415681634235,0.44010559999999543
10.790324299999998,7.917206792001785,0.44983019999999385
10.8004267,7.677540237620285,0.4599083999999962
10.8105066,7.518727305915347,0.4699006999999966
10.820402300000001,7.542892112532513,0.4797969999999978
10.830530200000002,7.739730070915215,0.4899270999999956
10.840341200000001,7.3055391338252935,0.4998351999999997
10.8503212,7.494658965463705,0.5098093000000006
10.8605135,7.652837914252965,0.5200037999999978
10.870380399999998,7.3055391338252935,0.5298327999999941
10.880557399999997,7.3405396652208985,0.5399401999999967
10.890390899999996,7.446810144218417,0.5498442999999966
10.900369600000001,7.363990293871589,0.5598746000000006
10.9104791,7.282321842828364,0.5699404999999942
10.920363900000002,7.3055391338252935,0.5798382999999987
10.930536700000001,7.328849479972434,0.5899017999999998
10.940366999999998,7.3055391338252935,0.5998657999999963
10.950304,7.282321842828364,0.6097989999999953
10.960440099999996,7.24766957253901,0.6198954999999984
10.970389299999997,7.190375823008391,0.6298491999999953
10.9804961,6.9449799844945455,0.639905799999994
10.993758699999997,6.934080128015318,0.6532440999999949
11.000643199999995,6.890698046687361,0.660135799999999
11.010551500000002,7.044065922350272,0.6699741999999986
11.022924,7.111121039461668,0.6823744999999946
11.0304721,6.988798062988308,0.689895099999994
11.045497799999996,7.066328281073982,0.7048266999999981
11.057784299999998,6.890698046687361,0.7172594999999973
11.071754699999996,6.988798062988308,0.7312093999999973
11.072436399999997,6.890698046687361,0.7319102999999956
11.080551099999997,6.901511052181899,0.7399412999999981
11.0903764,6.966845205721355,0.7498200999999938
11.100355599999997,6.934080128015318,0.7598482000000004
11.110522200000002,6.879906645592216,0.7699694999999949
11.120326899999998,6.6893069845681055,0.7797991999999994
11.130523499999999,6.858388484023861,0.7899164999999968
11.140394699999998,6.879906645592216,0.7998422999999946
11.1503811,6.505446871620019,0.809884799999999
11.160699300000001,6.699716804887621,0.8201334999999972
11.170424,6.858388484023861,0.8298787999999959
11.180507000000002,6.762614839982228,0.8399004999999988
11.190410799999999,6.731071475665324,0.8498868000000002
11.2004008,6.658202150477414,0.8598918999999938
11.2105006,6.637569035616036,0.8699563999999995
11.220350700000001,6.668549698877585,0.8798306999999994
11.230495700000002,6.5965495799240745,0.8899182999999979
11.240375599999997,6.6272833866223495,0.8998425999999995
11.2503359,6.586345887857524,0.9098143999999948
11.2605137,6.396303222674444,0.9199596999999997
11.270420300000001,6.366951147619736,0.9298888999999946
11.280553600000001,6.213346689581242,0.9400039999999947
11.290438599999998,5.712838601706433,0
11.304216899999997,6.0463163929775785,8.000000022434506e-07
11.3190256,5.991962571435397,0
11.333736499999997,5.78954518471769,0
11.3344445,5.9293686750734675,0
11.340415499999995,5.867644987585125,0
11.350394999999995,5.850167785342203,0
11.360691999999997,5.704400565352053,0
11.370370699999999,5.704400565352053,0
11.380500199999997,5.5880230381356535,0
11.3904612,5.44310400232517,0
11.400423700000001,5.482837378116464,0
11.410622299999996,5.341637676374042,0
11.4203832,5.419453999270351,0
11.430397699999997,5.403765980228704,0
11.440387400000002,5.411602145742623,0
11.450574899999996,5.357076684510473,0
11.460571399999996,5.349349460940765,0
11.470350700000001,5.212869852773224,0
11.480532499999999,5.198006519845759,0
11.490309999999997,5.3185946485283795,0
11.500345200000002,5.081216123496028,0
11.510481899999998,5.095611359267912,0
11.520348899999998,5.066878353658739,0
11.530666299999996,5.117312465639354,0
11.540405599999996,5.102830598819589,0
11.550303699999997,4.845104980444953,0
11.563311699999996,5.017145399687578,0
11.578209599999997,5.052597820351426,0
11.580467899999999,5.117312465639354,0
11.5904931,5.045478945958075,0
11.600527500000002,5.117312465639354,0
11.610633500000002,5.131852375935964,0
11.6203575,5.146450562348289,0
11.630490999999996,5.280495515201974,0
11.640361799999997,5.190597118677034,0
11.650381200000002,5.198006519845759,0
11.660548799999997,5.205430754645505,0
11.6704105,5.183202521501721,0
11.6805609,4.9750678252675264,0
11.6934055,5.190597118677034,0
11.706326,5.212869852773224,0
11.710599499999997,5.235276624986227,0
11.7203154,5.303309261089653,0
11.730466199999999,5.212869852773224,0
11.740359299999998,5.205430754645505,0
11.750357900000001,5.250289336893039,0
11.760493199999996,5.341637676374042,0
11.770354999999999,5.212869852773224,0
11.780568300000002,5.117312465639354,0
11.790450400000001,5.153771582052348,0
11.800382599999995,5.4273215722193155,0
11.810623199999998,5.372577572356361,0
11.820435800000002,5.596228086525299,0
11.8304321,5.5310448932559035,0
11.840431300000002,5.419453999270351,0
11.850377599999998,5.341637676374042,0
11.860530299999997,5.341637676374042,0
11.870385099999996,5.563506124199345,0
11.880562299999998,5.4273215722193155,0
11.890395799999997,5.695979388205552,0
11.9004431,5.704400565352053,0
11.910568600000001,5.612687495743965,0
11.920376799999996,5.704400565352053,0
11.930521799999998,5.695979388205552,0
11.940371600000002,5.867644987585125,0
11.950340399999998,5.704400565352053,0
11.960496799999998,5.902809819266964,0
11.970386899999998,5.780953888508232,0
11.9803374,5.850167785342203,0
11.990370799999997,5.876409839490586,0
12.000426799999996,5.78954518471769,0
12.010422199999997,5.704400565352053,0
12.020387500000002,5.687575036582215,0
12.0304368,7.021892435199812,7.000000010748408e-07
12.042891199999996,5.763822758056602,0
12.056613899999999,5.867644987585125,0
12.060555699999998,5.763822758056602,0
12.070358000000002,5.7467600152602865,0
12.080406,5.755282855289889,0
12.090341900000002,5.755282855289889,0
12.100425300000001,5.712838601706433,0
12.110562900000001,5.7467600152602865,0
12.120379599999996,5.982966845017518,0
12.130482400000002,5.97398909207301,0
12.140523499999997,6.073738876518667,8.000000022434506e-07
12.156619599999996,5.885192238641251,0
12.173056900000002,6.1198102381647095,9.000000034120603e-07
12.1737784,6.15700048270041,0.0007137999999997646
12.188905799999997,6.27994423832014,0.015732599999999763
12.1906486,6.194489442460147,0.017482000000001108
12.2007224,6.299143989175471,0.027502600000005373
12.210585900000002,6.27994423832014,0.03742300000000398
12.220415399999997,6.318420692837231,0.047365900000002625
12.230647399999999,6.435714282503059,0.05751390000000356
12.245110299999997,6.475441895334031,0.0718991000000031
12.250566500000001,6.505446871620019,0.07740970000000402
12.2606206,6.668549698877585,0.08746160000000458
12.270640499999995,6.658202150477414,0.0975455000000025
12.280546599999997,6.901511052181899,0.10742730000000478
12.290380599999995,6.934080128015318,0.1173148000000026
12.300672799999997,6.934080128015318,0.127459800000004
12.310825099999999,6.934080128015318,0.13764950000000198
12.320425499999995,7.111121039461668,0.14734719999999868
12.334988299999996,7.088679867569163,0.16188389999999941
12.3403727,7.317182651729675,0.1673258000000004
12.350345899999997,7.24766957253901,0.1773067000000026
12.360544100000002,7.891547717195478,0.18743419999999844
12.370348099999998,7.689928502230714,0.19727400000000017
12.380574399999997,6.565999623962232,0.20740080000000205
12.393977599999996,7.739730070915215,0.2208755999999994
12.406451,7.815183446581865,0.23339510000000274
12.410686199999997,7.865991073689227,0.23753510000000233
12.420374599999999,8.08651605131745,0.24731350000000418
12.4339148,8.246757239301694,0.26085820000000126
12.440363799999997,8.126216529959919,0.26727710000000116
12.450355900000002,8.179522401387631,0.27730689999999925
12.460556199999996,8.126216529959919,0.2874863999999988
12.470366199999997,8.02087563986406,0.29730020000000223
12.480515799999996,8.08651605131745,0.30744140000000186
12.4904276,8.073335404255426,0.31739689999999854
12.500443899999997,8.08651605131745,0.3273611000000045
12.510579199999999,7.865991073689227,0.33746049999999883
12.522708999999995,8.987344746665283,0.3496379999999988
12.538489000000002,8.060181092143798,0.3654192999999992
12.5403464,8.02087563986406,0.36732030000000293
12.550378399999996,7.9300748693738,0.3773042999999987
12.564005999999996,8.03395126240779,0.39092070000000234
12.577660599999998,8.273839997665297,0.4046076999999997
12.580349600000002,8.260285077108826,0.40728440000000177
12.590443499999996,8.397061988565584,0.4173568000000003
12.600386799999999,8.397061988565584,0.4273470000000046
12.610582699999998,8.621675420423669,0.4374095000000011
12.6203417,9.32461096172274,0.44729540000000156
12.633079300000002,8.522522057577296,0.4599754000000047
12.647211899999999,8.522522057577296,0.47411430000000365
12.650333,8.522522057577296,0.47725429999999847
12.660653800000002,8.536601976918485,0.4874516
12.6703492,8.621675420423669,0.4972822000000008
12.680341699999996,8.765752901088112,0.507246600000002
12.690329600000002,8.621675420423669,0.517279000000002
12.700332399999997,8.550710084276984,0.5272624999999991
12.7107724,8.635953844929547,0.5375765000000001
12.720380199999997,8.751215137895052,0.5472923000000023
12.7303459,8.650260854860331,0.5572717000000011
12.740389099999998,8.66459650744409,0.5673274000000035
12.750404999999997,8.853592720743801,0.5772781000000009
12.7605204,8.607425524228983,0.5874161999999998
12.770338399999996,8.67896086002344,0.5973056999999997
12.780443799999997,8.780319768902485,0.6073395000000019
12.790321000000002,8.707775895113674,0.6172545000000014
12.800453799999996,8.66459650744409,0.6273774000000003
12.810464899999996,8.751215137895052,0.6373473000000018
12.820384199999996,8.897909494439109,0.6473234000000048
12.830405199999998,8.972364242669451,0.6573276000000021
12.840323299999998,8.780319768902485,0.6672696000000045
12.850298200000001,8.621675420423669,0.6772564999999986
12.8606017,8.751215137895052,0.6874467000000024
12.870838899999999,8.707775895113674,0.6978009999999983
12.880464999999997,8.736706421172222,0.7073447000000002
12.8903857,8.66459650744409,0.7173445000000029
12.900340500000002,8.794915799605649,0.7272767999999985
12.910621899999999,8.67896086002344,0.7374276000000037
12.920380499999997,8.736706421172222,0.7472996999999992
12.930368399999995,8.722226692884746,0.7572718999999992
12.9403318,8.780319768902485,0.7672808000000018
12.950412799999999,8.853592720743801,0.7773018000000036
12.960584999999998,8.883107682196407,0.7874015000000014
12.970293000000002,8.751215137895052,0.7972439000000051
12.980388099999995,8.853592720743801,0.8073076000000015
12.9903388,8.751215137895052,0.8172842000000031
13.000320300000002,8.897909494439109,0.8272814000000039
13.010524799999995,8.621675420423669,0.8373619000000048
13.020264899999997,8.883107682196407,0.8472310000000007
13.030422300000001,8.794915799605649,0.8573416000000051
13.040332199999998,8.897909494439109,0.8672620000000038
13.050858199999997,8.868335443994296,0.8777399000000017
13.060655199999996,8.722226692884746,0.8874777999999992
13.070422499999996,8.853592720743801,0.8973477000000045
13.080383100000002,8.751215137895052,0.9073002000000017
13.090300500000001,8.809541051581752,0.9172678000000047
13.100385399999997,8.736706421172222,0.927314299999999
13.110646200000001,8.693353970055812,0.9374486000000033
13.120492600000002,8.66459650744409,0.9473161000000019
13.130419899999996,8.579011088888649,0.957312800000004
13.140397199999999,8.736706421172222,0.9673263000000034
13.150456699999996,8.260285077108826,0.9773500000000013
13.160562299999999,8.564846436085226,0.9874490999999992
13.170344099999998,8.233256430132531,0.9972850000000051
13.180380599999996,8.635953844929547,1.007291600000002
13.190558200000002,8.67896086002344,1.007291600000002
13.2021372,8.522522057577296,1.007291600000002
13.218165299999999,8.607425524228983,1.007291600000002
13.220508300000002,8.838879453474007,1.007291600000002
13.2306043,8.152816159873417,1.007291600000002
13.240563599999998,8.522522057577296,1.007291600000002
13.250540599999997,8.607425524228983,1.007291600000002
13.260737899999999,8.593204099345877,1.007291600000002
13.270601699999997,8.66459650744409,1.007291600000002
13.280570399999998,8.522522057577296,1.007291600000002
13.2904898,8.536601976918485,1.007291600000002
13.300466500000002,8.607425524228983,1.007291600000002
13.310685799999998,7.802544922425701,1.007291600000002
13.320530199999997,8.508470269933717,1.007291600000002
13.330605799999997,8.564846436085226,1.007291600000002
13.3405636,8.522522057577296,1.007291600000002
13.3505583,8.494446557780574,1.007291600000002
13.3607118,8.508470269933717,1.007291600000002
13.3704298,8.522522057577296,1.007291600000002
13.3805126,8.508470269933717,1.007291600000002
13.390466499999999,8.494446557780574,1.007291600000002
13.4004431,8.452543313875262,1.007291600000002
13.4106275,8.522522057577296,1.007291600000002
13.4204707,8.66459650744409,1.007291600000002
13.430558299999998,8.66459650744409,1.007291600000002
13.4405295,8.66459650744409,1.007291600000002
13.4505211,8.494446557780574,1.007291600000002
13.461014500000001,8.809541051581752,1.007291600000002
13.470496700000002,8.550710084276984,1.007291600000002
13.4806299,8.522522057577296,1.007291600000002
13.490588200000001,8.650260854860331,1.007291600000002
13.5005646,8.780319768902485,1.007291600000002
13.510623399999997,8.550710084276984,1.007291600000002
13.520466899999999,8.765752901088112,1.007291600000002
13.530587199999996,8.780319768902485,1.007291600000002
13.540637700000001,8.853592720743801,1.007291600000002
13.550488999999995,8.809541051581752,1.007291600000002
13.560769699999998,9.047567273559713,1.007291600000002
13.570591699999998,8.957413669740566,1.007291600000002
13.580535100000002,8.94249296807631,1.007291600000002
13.590636800000002,8.957413669740566,1.007291600000002
13.600508699999995,8.824195583331818,1.007291600000002
13.610904699999995,8.957413669740566,1.007291600000002
13.620393500000002,8.883107682196407,1.007291600000002
13.631052199999996,8.987344746665283,1.007291600000002
13.640491100000002,8.972364242669451,1.007291600000002
13.650638599999997,9.047567273559713,1.007291600000002
13.660664899999997,9.09305139310744,1.007291600000002
13.670767000000001,8.987344746665283,1.007291600000002
13.680648399999999,9.123526107475662,1.007291600000002
13.6912372,9.032466444874892,1.007291600000002
13.700771499999998,9.09305139310744,1.007291600000002
13.7106162,9.356013769314421,1.007291600000002
13.720669499999996,9.184842454704212,1.007291600000002
13.730571600000001,8.751215137895052,1.007291600000002
13.7405315,9.123526107475662,1.007291600000002
13.750586799999997,9.123526107475662,1.007291600000002
13.760626900000002,8.987344746665283,1.007291600000002
13.770469600000002,9.002355241650097,1.007291600000002
13.780562899999996,9.154122964824467,1.007291600000002
13.7904314,8.780319768902485,1.007291600000002
13.800493,8.987344746665283,1.007291600000002
13.810711000000001,9.231152701241395,1.007291600000002
13.820387799999995,9.26218092712718,1.007291600000002
13.830550800000001,9.184842454704212,1.007291600000002
13.840466500000002,9.06269833412371,1.007291600000002
13.851155600000002,9.27774164451191,1.007291600000002
13.860775299999997,9.27774164451191,1.007291600000002
13.870584400000002,9.30895659937976,1.007291600000002
13.880685500000002,9.26218092712718,1.007291600000002
13.890490099999997,9.340296664120023,1.007291600000002
13.900436799999998,9.27774164451191,1.007291600000002
13.910796600000001,9.62807059588681,1.007291600000002
13.920509299999996,8.987344746665283,1.007291600000002
13.930618899999995,9.215685068627405,1.007291600000002
13.940715799999996,9.660689672932362,1.007291600000002
13.950594399999996,9.200248340363991,1.007291600000002
13.960615,9.30895659937976,1.007291600000002
13.9710924,9.530992581754338,1.007291600000002
13.9805915,9.74281048940505,1.007291600000002
13.990411900000002,9.32461096172274,1.007291600000002
14.000420699999996,9.231152701241395,1.007291600000002
14.010758499999998,9.466918080834294,1.007291600000002
14.020445900000002,9.138809237726493,1.007291600000002
14.030620799999998,9.482888682273867,1.007291600000002
14.040423399999998,9.371762340174383,1.007291600000002
14.050496299999995,9.16946735002452,1.007291600000002
14.060702599999995,9.30895659937976,1.007291600000002
14.0705123,9.340296664120023,1.007291600000002
14.080795900000002,9.123526107475662,1.007291600000002
14.0912981,9.138809237726493,1.007291600000002
14.1007693,9.123526107475662,1.007291600000002
14.110764499999998,9.09305139310744,1.007291600000002
14.120772499999998,8.972364242669451,1.007291600000002
14.130653399999996,8.736706421172222,1.007291600000002
14.140654899999998,8.751215137895052,1.007291600000002
14.150770499999997,8.536601976918485,1.007291600000002
14.160877099999997,8.328331593408056,1.007291600000002
14.170609199999998,8.166155927514222,1.007291600000002
14.180730700000002,7.955888361417405,1.007291600000002
14.1904134,7.891547717195478,1.007291600000002
