0.0004252999999998508,1.4929614,0
0.010333199999998044,1.4929614,0
0.025897799999999194,1.4929614,0
0.03014779999999817,1.4929614,0
0.0401701999999986,1.4929614,0
0.05011879999999991,1.4929614,0
0.060231499999996885,1.4929614,0
0.07008639999999744,1.4929614,0
0.08009779999999722,1.4929614,0
0.0902472000000003,1.4929614,0
0.10024569999999855,1.4929614,0
0.11014619999999908,1.4929614,0
0.12009949999999847,1.4929614,0
0.1301477999999996,1.4929614,0
0.14029579999999697,1.4929614,0
0.1502814999999984,1.4929614,0
0.16023859999999956,1.4929614,0
0.17012360000000015,1.4929614,0
0.1800575000000002,1.4929614,0
0.19025239999999854,1.4929614,0
0.20018799999999715,1.4929614,0
0.21026619999999951,1.4929614,0
0.2201336999999981,1.4929614,0
0.23011999999999944,1.4929614,0
0.24017979999999994,1.4929614,0
0.2500768999999998,1.4929614,0
0.26026530000000037,1.4929614,0
0.27016379999999884,1.4929614,0
0.28024719999999803,1.4929614,0
0.2901384,1.4929614,0
0.30020979999999753,1.4929614,0
0.31018669999999915,1.4929614,0
0.3200713999999998,1.4929614,0
0.33009699999999853,1.4929614,0
0.3402382999999993,1.4929614,0
0.3502522999999975,1.4929614,0
0.36021229999999704,1.4929614,0
0.3701258000000003,1.4929614,0
0.3800524999999979,1.4929614,0
0.39015410000000017,1.4929614,0
0.4002757999999993,1.4929614,0
0.41025089999999764,1.4929614,0
0.4200571999999987,1.4929614,0
0.43015009999999876,1.4929614,0
0.4402378999999996,1.4929614,0
0.4502211999999979,1.4929614,0
0.4602977999999993,1.4929614,0
0.47017009999999715,1.4929614,0
0.4800369999999994,1.4929614,0
0.4901126999999974,1.4929614,0
0.5000705999999973,1.4929614,0
0.5102963999999979,1.4929614,0
0.5203204999999969,1.4929614,0
0.5301903999999986,1.4929614,0
0.5404151999999982,1.4929614,0
0.5502574999999972,1.4929614,0
0.5602898999999972,1.4929614,0
0.5701754999999977,1.4929614,0
0.580129699999997,1.4929614,0
0.5902802999999999,1.4929614,0
0.600150499999998,1.4929614,0
0.6102549999999987,1.4929614,0
0.6201413000000002,1.4929614,0
0.6301369000000001,1.4929614,0
0.6401600999999992,1.4929614,0
0.6501146999999996,1.4929614,0
0.6602665999999999,1.4929614,0
0.6701652999999972,1.4929614,0
0.6802118999999998,1.4929614,0
0.6902095999999993,1.4929614,0
0.7000668999999995,1.4929614,0
0.7102128999999984,1.4929614,0
0.7201209999999989,1.4929614,0
0.7301414999999984,1.4929614,0
0.7402825999999969,1.4929614,0
0.7502547999999969,1.4929614,0
0.7602903999999988,1.4929614,0
0.7701895999999984,1.4929614,0
0.7801881000000002,1.4929614,0
0.7901688999999976,1.4929614,0
0.8001422999999974,1.4929614,0
0.8102395999999992,1.4929614,0
0.8201010999999987,1.4929614,0
0.8302158999999989,1.4929614,0
0.8401959999999988,1.4929614,0
0.8500339999999973,1.4929614,0
0.8602069999999991,1.4929614,0
0.8702213999999984,1.4929614,0
0.8801406999999983,1.4929614,0
0.8901913999999991,1.4929614,0
0.9001092999999969,1.4929614,0
0.9101838999999998,1.4929614,0
0.9201543000000001,1.4929614,0
0.9301104000000002,1.4929614,0
0.9400879999999994,1.4929614,0
0.9501653999999995,1.4929614,0
0.9603642999999984,1.4929614,0
0.9704008000000002,1.4929614,0
0.9803835999999997,1.4929614,0
0.9904487999999994,1.4929614,0
1.0003624999999978,1.4929614,0
1.0154958999999977,1.4929614,0
1.0201581999999974,1.4929614,0
1.0304479999999998,1.4929614,0
1.0403120999999977,1.4929614,0
1.0501679999999993,1.4929614,0
1.0603684999999992,1.4929614,0
1.0701842,1.4929614,0
1.0800306999999982,1.4929614,0
1.0901380999999972,1.4929614,0
1.1000799999999984,1.4929614,0
1.1101521999999981,1.4929614,0
1.1201180999999991,1.4929614,0
1.1302484999999969,1.4929614,0
1.1403293999999988,1.4929614,0
1.1504336999999971,1.4929614,0
1.1603867999999977,1.4929614,0
1.1703456999999986,1.4929614,0
1.1803493999999972,1.4929614,0
1.1903661999999997,1.4929614,0
1.2000873999999975,1.4929614,0
1.2102635999999976,1.4929614,0
1.220049699999997,1.4929614,0
1.2301720999999972,1.4929614,0
1.2401935999999978,1.4929614,0
1.2503168999999978,1.4929614,0
1.260312299999999,1.4929614,0
1.2701148999999994,1.4929614,0
1.2800695999999974,1.4929614,0
1.290097399999997,1.4929614,0
1.3000814999999974,1.4929614,0
1.3101771999999983,1.4929614,0
1.3201289999999979,1.4929614,0
1.3301179999999988,1.4929614,0
1.3400710999999994,1.4929614,0
1.3502542999999996,1.4929614,0
1.3602296999999979,1.4929614,0
1.370073999999999,1.4929614,0
1.3801710999999983,1.4929614,0
1.3902174999999986,1.4929614,0
1.4001935000000003,1.4929614,0
1.4101643999999993,1.4929614,0
1.4202252999999985,1.4929614,0
1.4302303999999992,1.4929614,0
1.4401285000000001,1.4929614,0
1.4501896999999992,1.4929614,0
1.460330299999999,1.4929614,0
1.4701518,1.4929614,0
1.4801040999999984,1.4929614,0
1.4901649999999975,1.4929614,0
1.5002011999999993,1.4929614,0
1.5102943999999994,1.4929614,0
1.5201847999999991,1.4929614,0
1.5301070999999986,1.4929614,0
1.5401223999999978,1.4929614,0
1.5502356999999982,1.4929614,0
1.560233499999999,1.4929614,0
1.5702702999999971,1.4929614,0
1.580100599999998,1.4929614,0
1.5902345999999987,1.4929614,0
1.6002147999999998,1.4929614,0
1.610215199999999,1.4929614,0
1.6201826999999973,1.4929614,0
1.6301239999999986,1.4929614,0
1.6401028999999987,1.4929614,0
1.6501400000000004,1.4929614,0
1.6602604999999997,1.4929614,0
1.6701191999999985,1.4929614,0
1.6800733999999977,1.4929614,0
1.6901516,1.4929614,0
1.7001011999999989,1.4929614,0
1.7101886999999998,1.4929614,0
1.7201357999999978,1.4929614,0
1.7301042999999972,1.4929614,0
1.740155099999999,1.4929614,0
1.7501536999999985,1.4929614,0
1.7602546999999973,1.4929614,0
1.7702758000000003,1.4929614,0
1.780194899999998,1.4929614,0
1.7903135,1.4929614,0
1.8001799999999974,1.4929614,0
1.8102424,1.4929614,0
1.8200359999999982,1.4929614,0
1.8300385999999982,1.4929614,0
1.8400755999999987,1.4929614,0
1.850127999999998,1.4929614,0
1.860235799999998,1.4929614,0
1.8701295999999985,1.4929614,0
1.8801086999999974,1.4929614,0
1.8901121999999972,1.4929614,0
1.900209499999999,1.4929614,0
1.9102108999999992,1.4929614,0
1.920090799999997,1.4929614,0
1.9301189999999977,1.4929614,0
1.9402518999999998,1.4929614,0
1.9500891999999972,1.4929614,0
1.9601824999999984,1.4929614,0
1.9701012999999996,1.4929614,0
1.9801786999999997,1.4929614,0
1.990125599999999,1.4929614,0
2.0002242999999993,1.4929614,0
2.0102978,1.4929614,0
2.0201361999999996,1.4929614,0
2.030186299999997,1.4929614,0
2.0401743000000003,1.4929614,0
2.050146599999998,1.4929614,0
2.0602354999999974,1.4929614,0
2.0701450999999977,1.4929614,0
2.0801650999999985,1.4929614,0
2.090292999999999,1.4929614,0
2.100218599999998,1.4929614,0
2.110267799999999,1.4929614,0
2.1201305999999995,1.4929614,0
2.1300898000000004,1.4929614,0
2.140038699999998,1.4929614,0
2.1501424,1.4929614,0
2.160324899999999,1.4929614,0
2.1701730999999995,1.4929614,0
2.1801217999999984,1.4929614,0
2.1901364999999977,1.4929614,0
2.200174399999998,1.4929614,0
2.2102864999999987,1.4929614,0
2.220211599999999,1.4929614,0
2.2301405999999986,1.4929614,0
2.2400924999999994,1.4929614,0
2.2502373999999996,1.4929614,0
2.2602779999999996,1.4929614,0
2.270225,1.4929614,0
2.2803386000000003,1.4929614,0
2.2901051999999993,1.4929614,0
2.3000973999999985,1.4929614,0
2.3103272999999973,1.4929614,0
2.3201751999999978,1.4929614,0
2.3301356999999996,1.4929614,0
2.3400988,1.4929614,0
2.350175799999999,1.4929614,0
2.3602504999999994,1.4929614,0
2.370086599999997,1.4929614,0
2.380150199999999,1.4929614,0
2.3901261,1.4929614,0
2.400111199999998,1.4929614,0
2.4101888000000002,1.4929614,0
2.4201106999999986,1.4929614,0
2.430169199999998,1.4929614,0
2.4401627999999995,1.4929614,0
2.4501305,1.4929614,0
2.4603182999999973,1.4929614,0
2.4701638999999993,1.4929614,0
2.4801420999999984,1.4929614,0
2.4902327,1.4929614,0
2.5000546999999997,1.4929614,0
2.5101865999999973,1.4929614,0
2.520122299999997,1.4929614,0
2.530278599999999,1.4929614,0
2.5405510999999983,1.4929614,0
2.5502792999999997,1.4929614,0
2.5602890999999985,1.4929614,0
2.5701152,1.4929614,0
2.5802306999999978,1.4929614,0
2.590199499999997,1.4929614,0
2.6002346000000003,1.4929614,0
2.6102248999999986,1.4929614,0
2.620210199999999,1.4929614,0
2.6300814999999993,1.4929614,0
2.640182199999998,1.4929614,0
2.6501281,1.4929614,0
2.660324099999997,1.4929614,0
2.6701112999999985,1.4929614,0
2.680093799999998,1.4929614,0
2.690113,1.4929614,0
2.7002451,1.4929614,0
2.7104092999999985,1.4929614,0
2.7201436999999977,1.4929614,0
2.730144599999999,1.4929614,0
2.7401512999999973,1.4929614,0
2.7501210999999977,1.4929614,0
2.760302399999997,1.4929614,0
2.7703036999999995,1.4929614,0
2.780246199999997,1.4929614,0
2.7905923999999978,1.4929614,0
2.800268599999999,1.4929614,0
2.8104519000000003,1.4929614,0
2.820209499999997,1.4929614,0
2.830282199999999,1.4929614,0
2.840432,1.4929614,0
2.8502519,1.4929614,0
2.8602932999999986,1.4929614,0
2.8700680999999975,1.4929614,0
2.8805525000000003,1.4929614,0
2.890433099999999,1.4929614,0
2.9003163,1.4929614,0
2.9103226999999983,1.4929614,0
2.920173899999998,1.4929614,0
2.9303618,1.4929614,0
2.9402782999999992,1.4929614,0
2.950123399999999,1.4929614,0
2.9602489,1.4929614,0
2.9700773,1.4929614,0
2.9801036999999972,1.4929614,0
2.990101799999998,1.4929614,0
3.0000757999999976,1.4929614,0
3.0102477999999984,1.4929614,0
3.0201107,1.4929614,0
3.030132599999998,1.4929614,0
3.0401235,1.4929614,0
3.0500525999999972,1.4929614,0
3.060158399999999,1.4929614,0
3.0700737999999994,1.4929614,0
3.0801731999999973,1.4929614,0
3.0902266999999988,1.4929614,0
3.100159599999998,1.4929614,0
3.110284199999999,1.4929614,0
3.1200844999999973,1.4929614,0
3.130218199999998,1.4929614,0
3.1400736999999985,1.4929614,0
3.1500598999999987,1.4929614,0
3.160248499999998,1.4929614,0
3.170101599999999,1.4929614,0
3.1801062999999985,1.4929614,0
3.190104699999999,1.4929614,0
3.200280099999997,1.4929614,0
3.2101968999999997,1.4929614,0
3.2200989999999976,1.4929614,0
3.230120399999997,1.4929614,0
3.2400899999999986,1.4929614,0
3.2501400999999994,1.4929614,0
3.2602957000000004,1.4929614,0
3.270125199999999,1.4929614,0
3.280248199999999,1.4929614,0
3.2902521999999976,1.4929614,0
3.300091199999997,1.4929614,0
3.3101728,1.4929614,0
3.320105599999998,1.4929614,0
3.3300802999999988,1.4929614,0
3.3400861999999982,1.4929614,0
3.3501484999999995,1.4929614,0
3.360222199999999,1.4929614,0
3.370097399999999,1.4929614,0
3.3801908999999988,1.4929614,0
3.3902393999999987,1.4929614,0
3.400072999999999,1.4929614,0
3.410270299999997,1.4929614,0
3.4201570999999973,1.4929614,0
3.430148499999998,1.4929614,0
3.440171199999998,1.4929614,0
3.4501786999999986,1.4929614,0
3.4602800999999985,1.4929614,0
3.4701214,1.4929614,0
3.4801529,1.4929614,0
3.4901035,1.4929614,0
3.5000994999999975,1.4929614,0
3.5102455,1.4929614,0
3.520091599999997,1.4929614,0
3.530104599999998,1.4929614,0
3.5401998,1.4929614,0
3.5500812999999987,1.4929614,0
3.5601886999999977,1.4929614,0
3.5700706999999987,1.4929614,0
3.5800815999999998,1.4929614,0
3.5901365,1.4929614,0
3.600172299999997,1.4929614,0
3.6102992999999977,1.4929614,0
3.6201288,1.4929614,0
3.630143199999999,1.4929614,0
3.6400921000000004,1.4929614,0
3.6500914999999985,1.4929614,0
3.6602605999999973,1.4929614,0
3.670085199999999,1.4929614,0
3.6800536999999984,1.4929614,0
3.6901042000000004,1.4929614,0
3.700136399999998,1.4929614,0
3.7102579999999996,1.4929614,0
3.7201456999999998,1.4929614,0
3.7300737999999996,1.4929614,0
3.740116399999998,1.4929614,0
3.7502816999999986,1.4929614,0
3.7603147999999997,1.4929614,0
3.7701138999999984,1.4929614,0
3.7801671999999975,1.4929614,0
3.7900887999999995,1.4929614,0
3.8000669999999985,1.4929614,0
3.8103064999999994,1.4929614,0
3.8201092999999986,1.4929614,0
3.8301714999999987,1.4929614,0
3.8400800000000004,1.4929614,0
3.850134399999998,1.4929614,0
3.8603392999999997,1.4929614,0
3.8700912999999986,1.4929614,0
3.880068099999999,1.4929614,0
3.8901782999999988,1.4929614,0
3.9000848999999995,1.4929614,0
3.9102466999999983,1.4929614,0
3.9201648999999996,1.4929614,0
3.9300539999999984,1.4929614,0
3.9401124000000003,1.4929614,0
3.950125,1.4929614,0
3.960304899999997,1.4929614,0
3.970210399999999,1.4929614,0
3.9801176,1.4929614,0
3.990072099999999,1.4929614,0
4.0000669,1.4929614,0
4.0102693999999985,1.4929614,0
4.020170399999998,1.4929614,0
4.030200899999997,1.4929614,0
4.040120699999999,1.4929614,0
4.050083999999998,1.4929614,0
4.060286599999998,1.4929614,0
4.0700982,1.4929614,0
4.0800862,1.4929614,0
4.090158199999998,1.4929614,0
4.100140399999997,1.4929614,0
4.110280299999999,1.4929614,0
4.120214999999998,1.4929614,0
4.1300650999999995,1.4929614,0
4.140201999999999,1.4929614,0
4.1501193,1.4929614,0
4.160374599999997,1.4929614,0
4.170060899999999,1.4929614,0
4.180099799999997,1.4929614,0
4.190126299999999,1.4929614,0
4.200122999999998,1.4929614,0
4.2103061,1.4929614,0
4.220170999999997,1.4929614,0
4.2300708,1.4929614,0
4.2400834,1.4929614,0
4.250178399999999,1.4929614,0
4.260280399999999,1.4929614,0
4.270202699999999,1.4929614,0
4.280161999999997,1.4929614,0
4.290259199999998,1.4929614,0
4.300176499999999,1.4929614,0
4.310175599999997,1.4929614,0
4.3201079,1.4929614,0
4.330169299999998,1.4929614,0
4.340056699999998,1.4929614,0
4.350148099999998,1.4929614,0
4.360185399999999,1.4929614,0
4.370130699999997,1.4929614,0
4.3802235,1.4929614,0
4.390163399999999,1.4929614,0
4.400060499999999,1.4929614,0
4.410294799999999,1.4929614,0
4.420309399999997,1.4929614,0
4.4303250999999975,1.4929614,0
4.4404538,1.4929614,0
4.4503059,1.4929614,0
4.460368799999998,1.4929614,0
4.4701688,1.4929614,0
4.480260399999999,1.4929614,0
4.4904583,1.4929614,0
4.500111799999999,1.4929614,0
4.510377199999997,1.4929614,0
4.5201274,1.4929614,0
4.530216499999998,1.4929614,0
4.540256599999999,1.4929614,0
4.550281699999999,1.4929614,0
4.5602129,1.4929614,0
4.570121199999999,1.4929614,0
4.5801099,1.4929614,0
4.590107699999997,1.4929614,0
4.600063599999999,1.4929614,0
4.6103311,1.4929614,0
4.620218999999999,1.4929614,0
4.630232099999997,1.4929614,0
4.640135899999997,1.4929614,0
4.6501522999999985,1.4929614,0
4.660308899999997,1.4929614,0
4.670166299999998,1.4929614,0
4.680190099999997,1.4929614,0
4.6900844999999975,1.4929614,0
4.700067499999999,1.4929614,0
4.710238999999998,1.4929614,0
4.720128499999998,1.4929614,0
4.730126499999997,1.4929614,0
4.740078999999998,1.4929614,0
4.7500713999999995,1.4929614,0
4.7601999999999975,1.4929614,0
4.770080999999998,1.4929614,0
4.7801066999999975,1.4929614,0
4.790158499999997,1.4929614,0
4.8001206,1.4929614,0
4.8103014,1.4929614,0
4.8200772,1.4929614,0
4.8301026,1.4929614,0
4.840117799999998,1.4929614,0
4.850096999999998,1.4929614,0
4.860333499999999,1.4929614,0
4.870323899999999,1.4929614,0
4.880256199999998,1.4929614,0
4.8903003,1.4929614,0
4.9002276999999985,1.4929614,0
4.910288399999999,1.4929614,0
4.920364799999998,1.4929614,0
4.930133399999999,1.4929614,0
4.9400721999999995,1.4929614,0
4.9500946999999975,1.4929614,0
4.9602611,1.4929614,0
4.9700185999999995,1.4929614,0
4.9801940999999985,1.4929614,0
4.990103299999998,1.4929614,0
5.000052799999999,1.4929614,0
5.010205499999998,1.4929614,0
5.020111199999999,1.4929614,0
5.0300911999999975,1.4929614,0
5.0401039999999995,1.4929614,0
5.050122699999999,1.4929614,0
5.060256499999998,1.4929614,0
5.070069799999999,1.4929614,0
5.080143099999997,1.4929614,0
5.090170099999998,1.4929614,0
5.100181199999998,1.4929614,0
5.110144899999998,1.4929614,0
5.120110399999998,1.4929614,0
5.130116599999997,1.4929614,0
5.1400848,1.4929614,0
5.150101199999998,1.4929614,0
5.160243699999999,1.4929614,0
5.170057999999997,1.4929614,0
5.1803113,1.4929614,0
5.190163799999997,1.4929614,0
5.200074899999997,1.4929614,0
5.210372699999997,1.4929614,0
5.2200929999999985,1.4929614,0
5.230431999999997,1.4929614,0
5.240493699999998,1.4929614,0
5.2501572,1.4929614,0
5.2603532999999985,1.4929614,0
5.270089299999999,1.4929614,0
5.280079799999999,1.4929614,0
5.2900794,1.4929614,0
5.3001082,1.4929614,0
5.3102932,1.4929614,0
5.3202289,1.4929614,0
5.330100999999999,1.4929614,0
5.3401961,1.4929614,0
5.350198799999998,1.4929614,0
5.360247099999999,1.4929614,0
5.370089399999998,1.4929614,0
5.380125199999998,1.4929614,0
5.390122999999999,1.4929614,0
5.4001519999999985,1.4929614,0
5.410240499999997,1.4929614,0
5.420062399999999,1.4929614,0
5.430237799999997,1.4929614,0
5.440200399999998,1.4929614,0
5.450195899999997,1.4929614,0
5.460298699999999,1.4929614,0
5.470106599999998,1.4929614,0
5.480243999999999,1.4929614,0
5.490142599999999,1.4929614,0
5.500112899999998,1.4929614,0
5.510234499999999,1.4929614,0
5.520137599999998,1.4929614,0
5.5301419,1.4929614,0
5.540136999999998,1.4929614,0
5.5501049999999985,1.4929614,0
5.5601506,1.4929614,0
5.5701003,1.4929614,0
5.5801166,1.4929614,0
5.590224799999998,1.4929614,0
5.6000981,1.4929614,0
5.610308199999999,1.4929614,0
5.620125899999998,1.4929614,0
5.630118799999998,1.4929614,0
5.640283799999999,1.4929614,0
5.650096699999999,1.4929614,0
5.660308699999998,1.4929614,0
5.670128499999997,1.4929614,0
5.680169599999999,1.4929614,0
5.6902379,1.4929614,0
5.700151699999999,1.4929614,0
5.710214699999998,1.4929614,0
5.7201044,1.4929614,0
5.7301927,1.4929614,0
5.740082299999997,1.4929614,0
5.750115099999999,1.4929614,0
5.760197299999998,1.4929614,0
5.770201699999998,1.4929614,0
5.780118399999999,1.4929614,0
5.790170199999999,1.4929614,0
5.800137199999998,1.4929614,0
5.810226,1.4929614,0
5.820104299999997,1.4929614,0
5.830071199999999,1.4929614,0
5.840332,1.4929614,0
5.850135999999999,1.4929614,0
5.860313399999999,1.4929614,0
5.870093399999998,1.4929614,0
5.880088199999999,1.4929614,0
5.8901389,1.4929614,0
5.900061999999998,1.4929614,0
5.910264699999999,1.4929614,0
5.920067099999997,1.4929614,0
5.930074099999999,1.4929614,0
5.940166999999999,1.4929614,0
5.9500876,1.4929614,0
5.960224399999998,1.4929614,0
5.9701241,1.4929614,0
5.980129599999998,1.4929614,0
5.990132199999998,1.4929614,0
6.000157899999998,1.4929614,0
6.0101926999999975,1.4929614,0
6.020137699999999,1.4929614,0
6.030140999999997,1.4929614,0
6.0400724,1.4929614,0
6.050250499999997,1.4929614,0
6.0602026,1.4929614,0
6.070098999999999,1.4929614,0
6.080113399999998,1.4929614,0
6.0903505,1.4929614,0
6.100113999999998,1.4929614,0
6.110244099999999,1.4929614,0
6.120153899999998,1.4929614,0
6.1301162,1.4929614,0
6.140097599999997,1.4929614,0
6.150334299999997,1.4929614,0
6.1602885,1.4929614,0
6.170356599999998,1.4929614,0
6.180379899999998,1.4929614,0
6.190430199999998,1.4929614,0
6.2002153,1.4929614,0
6.210327499999998,1.4929614,0
6.2201059,1.4929614,0
6.230319099999999,1.4929614,0
6.240199099999998,1.4929614,0
6.2501757,1.4929614,0
6.260204399999999,1.4929614,0
6.270173199999999,1.4929614,0
6.2801456999999985,1.4929614,0
6.290221499999998,1.4929614,0
6.3000565,1.4929614,0
6.310289999999998,1.4929614,0
6.320201899999997,1.4929614,0
6.3302327,1.4929614,0
6.340109699999999,1.4929614,0
6.350148899999997,1.4929614,0
6.360182999999999,1.4929614,0
6.370060599999999,1.4929614,0
6.380097199999998,1.4929614,0
6.3902815,1.4929614,0
6.4000759999999985,1.4929614,0
6.4101924,1.4929614,0
6.420090399999999,1.4929614,0
6.4300454999999985,1.4929614,0
6.440071499999998,1.4929614,0
6.450206099999999,1.4929614,0
6.460243199999997,1.4929614,0
6.470091499999999,1.4929614,0
6.480236999999999,1.4929614,0
6.4905118,1.4929614,0
6.5003367999999995,1.4929614,0
6.5102434,1.4929614,0
6.520144499999997,1.4929614,0
6.5302112,1.4929614,0
6.540139,1.4929614,0
6.550099699999997,1.4929614,0
6.5602397,1.4929614,0
6.5701085999999975,1.4929614,0
6.580102,1.4929614,0
6.590221099999997,1.4929614,0
6.600096599999997,1.4929614,0
6.610205099999998,1.4929614,0
6.620112899999999,1.4929614,0
6.6300402,1.4929614,0
6.640144599999999,1.4929614,0
6.6500838999999985,1.4929614,0
6.6601526,1.4929614,0
6.6701343999999985,1.4929614,0
6.680159099999997,1.4929614,0
6.6901478999999995,1.4929614,0
6.7000665999999995,1.4929614,0
6.7101603999999995,1.4929614,0
6.720100199999997,1.4929614,0
6.7300842,1.4929614,0
6.740066899999999,1.4929614,0
6.7500547,1.4929614,0
6.7603182,1.4929614,0
6.7701466,1.4929614,0
6.7801437,1.4929614,0
6.790143499999999,1.4929614,0
6.800049099999999,1.4929614,0
6.810216999999998,1.4929614,0
6.820067599999998,1.4929614,0
6.8301306,1.4929614,0
6.8400736,1.4929614,0
6.8500774,1.4929614,0
6.860200299999999,1.4929614,0
6.870093699999998,1.4929614,0
6.880197599999999,1.4929614,0
6.890275499999998,1.4929614,0
6.900089999999999,1.4929614,0
6.910196299999999,1.4929614,0
6.920082299999997,1.4929614,0
6.930146799999999,1.4929614,0
6.9401011,1.4929614,0
6.950153199999999,1.4929614,0
6.960171199999998,1.4929614,0
6.970118399999997,1.4929614,0
6.9802201,1.4929614,0
6.9901281,1.4929614,0
7.000091699999999,1.4929614,0
7.010296799999999,1.4929614,0
7.020103499999998,1.4929614,0
7.0302229999999994,1.4929614,0
7.0401767,1.4929614,0
7.050173699999998,1.4929614,0
7.0602662999999986,1.4929614,0
7.070129899999998,1.4929614,0
7.080104299999999,1.4929614,0
7.090300599999999,1.4929614,0
7.100078699999997,1.4929614,0
7.1102481,1.4929614,0
7.1200538999999985,1.4929614,0
7.130178299999997,1.4929614,0
7.140122999999999,1.4929614,0
7.150085899999997,1.4929614,0
7.160196299999999,1.4929614,0
7.170118599999999,1.4929614,0
7.180121699999997,1.4929614,0
7.190081199999998,1.4929614,0
7.200225799999998,1.4929614,0
7.210269099999998,1.4929614,0
7.2201296,1.4929614,0
7.2302234999999975,1.4929614,0
7.240088,1.4929614,0
7.250104099999998,1.4929614,0
7.260231899999997,1.4929614,0
7.2701317,1.4929614,0
7.2800841,1.4929614,0
7.290161699999999,1.4929614,0
7.3001708,1.4929614,0
7.310322299999999,1.4929614,0
7.320149499999999,1.4929614,0
7.330209,1.4929614,0
7.340110799999998,1.4929614,0
7.350156199999997,1.4929614,0
7.3601879,1.4929614,0
7.3700653,1.4929614,0
7.380153199999999,1.4929614,0
7.390059899999997,1.4929614,0
7.400101499999998,1.4929614,0
7.4101754,1.4929614,0
7.420051999999998,1.4929614,0
7.430079599999999,1.4929614,0
7.440093899999997,1.4929614,0
7.450158799999997,1.4929614,0
7.460260199999997,1.4929614,0
7.470118299999999,1.4929614,0
7.480034399999997,1.4929614,0
7.490035199999998,1.4929614,0
7.500343699999998,1.4929614,0
7.510254,1.4929614,0
7.520220699999999,1.4929614,0
7.5302297,1.4929614,0
7.540071899999997,1.4929614,0
7.5501515999999995,1.4929614,0
7.5602807999999975,1.4929614,0
7.570066899999997,1.4929614,0
7.580099199999999,1.4929614,0
7.590093499999998,1.4929614,0
7.600116,1.4929614,0
7.6102482999999985,1.4929614,0
7.6200449999999975,1.4929614,0
7.630197599999999,1.4929614,0
7.6400802999999975,1.4929614,0
7.650103399999999,1.4929614,0
7.660230799999997,1.4929614,0
7.670137699999998,1.4929614,0
7.680059,1.4929614,0
7.690071399999997,1.4929614,0
7.700350699999998,1.4929614,0
7.710245799999999,1.4929614,0
7.720148899999998,1.4929614,0
7.7301465,1.4929614,0
7.740079299999998,1.4929614,0
7.750074999999999,1.4929614,0
7.760272299999997,1.4929614,0
7.770076199999998,1.4929614,0
7.7801911,1.4929614,0
7.790053,1.4929614,0
7.800083699999998,1.4929614,0
7.8102825,1.4929614,0
7.820141799999998,1.4929614,0
7.830129299999999,1.4929614,0
7.840097,1.4929614,0
7.850120399999998,1.4929614,0
7.860219599999997,1.4929614,0
7.870065999999998,1.4929614,0
7.8801934,1.4929614,0
7.890077599999998,1.4929614,0
7.900147999999998,1.4929614,0
7.910223199999997,1.4929614,0
7.920152999999999,1.4929614,0
7.9300374,1.4929614,0
7.940064999999997,1.4929614,0
7.950266599999999,1.4929614,0
7.960309899999999,1.4929614,0
7.970216399999998,1.4929614,0
7.980289199999998,1.4929614,0
7.990055399999999,1.4929614,0
8.000065099999997,1.4929614,0
8.010189699999998,1.4929614,0
8.020060299999997,1.4929614,0
8.030233599999999,1.4929614,0
8.040141299999998,1.4929614,0
8.050218899999997,1.4929614,0
8.0601849,1.4929614,0
8.070270099999998,1.4929614,0
8.080302399999997,1.4929614,0
8.090418,1.4929614,0
8.100300999999998,1.4929614,0
8.110278399999999,1.4929614,0
8.120377699999999,1.4929614,0
8.1303634,1.4929614,0
8.1401009,1.4929614,0
8.1504254,1.4929614,0
8.1602705,1.4929614,0
8.1700704,1.4929614,0
8.180139999999998,1.4929614,0
8.1900677,1.4929614,0
8.200094999999997,1.4929614,0
8.210228999999998,1.4929614,0
8.220123699999998,1.4929614,0
8.230088799999997,1.4929614,0
8.2402105,1.4929614,0
8.2500708,1.4929614,0
8.260259699999999,1.4929614,0
8.270354899999997,1.4929614,0
8.280338399999998,1.4929614,0
8.290234599999998,1.4929614,0
8.3002042,1.4929614,0
8.310277499999998,1.4929614,0
8.3203538,1.4929614,0
8.330233499999999,1.4929614,0
8.340217599999999,1.4929614,0
8.3501972,1.4929614,0
8.360218699999997,1.4929614,0
8.370058199999999,1.4929614,0
8.380103799999997,1.4929614,0
8.390103399999997,1.4929614,0
8.400082999999999,1.4929614,0
8.410245099999997,1.4929614,0
8.420042199999997,1.4929614,0
8.4301228,1.4929614,0
8.440124299999997,1.4929614,0
8.450066999999997,1.4929614,0
8.4602376,1.4929614,0
8.470063,1.4929614,0
8.480123799999998,1.4929614,0
8.490067199999999,1.4929614,0
8.5000961,1.4929614,0
8.510314699999999,1.4929614,0
8.520172599999999,1.4929614,0
8.530113199999999,1.4929614,0
8.5400985,1.4929614,0
8.5500899,1.4929614,0
8.5602153,1.4929614,0
8.570236299999998,1.4929614,0
8.580294199999997,1.4929614,0
8.5902043,1.4929614,0
8.6001564,1.4929614,0
8.6102274,1.4929614,0
8.620082199999999,1.4929614,0
8.6301919,1.4929614,0
8.6401431,1.4929614,0
8.6501266,1.4929614,0
8.6601903,1.4929614,0
8.670109699999998,1.4929614,0
8.680165299999999,1.4929614,0
8.6901154,1.4929614,0
8.7001751,1.4929614,0
8.710166099999999,1.4929614,0
8.720101499999998,1.4929614,0
8.730159699999998,1.4929614,0
8.7401011,1.4929614,0
8.750149,1.4929614,0
8.760329199999997,1.4929614,0
8.770023799999997,1.4929614,0
8.780147699999997,1.4929614,0
8.790041199999997,1.4929614,0
8.800182799999998,1.4929614,0
8.810234999999999,1.4929614,0
8.820093,1.4929614,0
8.830023999999998,1.4929614,0
8.8400775,1.4929614,0
8.8500793,1.4929614,0
8.860103399999996,1.4929614,0
8.870099800000002,1.4929614,0
8.880281399999998,1.4929614,0
8.890048799999999,1.4929614,0
8.900150899999996,1.4929614,0
8.910206900000002,1.4929614,0
8.920215899999999,1.4929614,0
8.930092300000002,1.4929614,0
8.940113199999995,1.4929614,0
8.950163800000002,1.4929614,0
8.960314299999997,1.4929614,0
8.970084099999998,1.4929614,0
8.980101600000001,1.4929614,0
8.990050299999996,1.4929614,0
9.000045499999995,1.4929614,0
9.010302899999996,1.4929614,0
9.020089799999997,1.4929614,0
9.0300731,1.4929614,0
9.040118799999998,1.4929614,0
9.050134400000001,1.4929614,0
9.0603363,1.4929614,0
9.070229199999996,1.4929614,0
9.080108599999999,1.4929614,0
9.090191700000002,1.4929614,0
9.100478200000001,1.5137517672110024,0
9.1104406,1.6022580983596109,0
9.120380100000002,1.6669912160763867,0
9.130548100000002,1.6809984831306692,0
9.1403414,1.6210146450582752,0
9.150426399999997,1.56572354053257,0
9.160464000000001,1.5269509204005547,0
9.170491799999997,1.5113661835879835,0
9.1812438,1.5119842492682065,0
9.190383299999997,1.5209231535420966,0
9.200283899999999,1.5493612557522112,0
9.2104161,1.6020330073289526,0
9.220320300000001,1.6872222843212623,0
9.2305684,1.9510425467884294,0
9.2404944,2.362968482015966,0
9.253962599999998,3.0937632400618837,0
9.2678038,3.901952168090908,0
9.2703283,4.745934821072582,0
9.2846564,5.395945471383927,0
9.300710399999996,5.9293686750734675,0
9.301376299999998,6.435714282503059,1.300000000981072e-06
9.319479300000001,6.9778106579298536,0.01802560000000142
9.320388399999995,6.966845205721355,0.019039700000000437
9.330481500000001,7.224683297447398,0.029032200000003172
9.344194300000002,7.591512672362713,0.04281480000000215
9.350523999999997,7.955888361417405,0.04913080000000036
9.3609136,8.314667798570671,0.059505900000004885
9.374471699999997,8.621675420423669,0.07306900000000383
9.3804992,9.077859687091145,0.07909120000000058
9.393931999999996,9.498891256878826,0.09253560000000505
9.4004139,10.011184305278535,0
9.417077899999999,10.200736589911823,0
9.420457500000001,10.556244818241767,0
9.430688,10.57439625326279,0
9.440444699999997,9.75933342781462,1.900000000887303e-06
9.453825900000002,10.629068884658762,0
9.468408799999995,10.556244818241767,0
9.470935199999996,10.739403193116889,0
9.480759599999995,10.813698403261705,0
9.4904902,10.851069489218567,0
9.5004947,10.945153821738554,0
9.510554599999995,11.174832229900465,0
9.523324800000001,11.350744874221816,0
9.530748899999995,12.150707163949544,0
9.5453413,11.69178869158578,0
9.559053099999996,11.814952460536821,0
9.560708899999998,11.671404704983862,0
9.5704283,11.897886574361623,0
9.580801499999996,12.969552748265372,0
9.595656799999997,11.814952460536821,0
9.608964499999995,11.91872397796814,0
9.610636599999996,12.023538416488238,0
9.624320199999996,11.87709080391526,0
9.639268900000001,12.764762242660842,0
9.653831700000001,12.129406257628279,0
9.654555300000002,12.40966884602787,0
9.660737299999997,12.150707163949544,0
9.670482799999998,12.301012345539366,0
9.680473699999997,12.27941112926496,0
9.6905817,12.150707163949544,0
9.700645599999998,12.34434460165743,0
9.710606099999996,12.34434460165743,0
9.720490899999998,12.453436598560057,0
9.730608399999998,12.453436598560057,0
9.740534799999995,12.40966884602787,0
9.750617299999998,12.431530838424981,0
9.760665800000002,12.497379772711708,0
9.770527599999998,12.74223445347396,0
9.780673099999998,12.387850533920684,0
9.7904527,12.34434460165743,0
9.800580799999995,12.519417362501068,0
9.810705099999996,12.585795201058353,0
9.820530999999999,12.541499071574583,0
9.830569799999996,12.497379772711708,0
9.8405338,12.787335132511705,0
9.8505583,12.630268869902059,0
9.860622500000002,12.697313816827531,0
9.8706201,12.697313816827531,0
9.8805261,13.201463177224186,0
9.894728599999997,12.787335132511705,0
9.912186899999998,12.787335132511705,0
9.913214999999997,12.697313816827531,0
9.920726900000002,12.787335132511705,0
9.930826399999997,12.787335132511705,0
9.940785099999996,12.787335132511705,0
9.9506123,12.855325309868437,0
9.960734200000001,12.787335132511705,0
9.970678500000002,12.74223445347396,0
9.980837699999999,12.697313816827531,0
9.990771299999995,12.787335132511705,0
10.000882799999996,12.855325309868437,0
10.010604699999998,12.652572503841265,0
10.020631300000002,12.630268869902059,0
10.0307791,12.878079507100683,0
10.040701099999996,12.878079507100683,0
10.0507782,12.74223445347396,0
10.060922299999998,12.608009798653184,0
10.070595299999997,12.497379772711708,0
10.0805817,12.697313816827531,0
10.090552399999996,12.83261657555261,0
10.100453499999997,12.563624988259097,0
10.110615999999997,12.809953213318185,0
10.1204961,13.178062858988072,0
10.134706399999995,12.608009798653184,0
10.1504261,12.71975167483992,0
10.151479999999996,12.630268869902059,0
10.160652599999995,12.497379772711708,0
10.1705218,12.74223445347396,0
10.1806303,12.630268869902059,0
10.190477900000001,12.630268869902059,0
10.200484800000002,12.497379772711708,0
10.210604799999995,12.475386214056142,0
10.220451799999996,12.366075814830186,0
10.230560899999997,11.897886574361623,0
10.243876499999995,11.794322392560423,0
10.250443899999997,12.002491593493856,0
10.265294399999998,12.002491593493856,0
10.2704834,11.753185830962098,0
10.2847051,11.814952460536821,0
10.290573599999998,11.814952460536821,0
10.300551799999997,11.814952460536821,0
10.310551700000001,11.814952460536821,0
10.3204308,11.814952460536821,0
10.330662100000001,11.529852615748647,0
10.340561099999999,11.549953214879066,0
10.3507767,11.489771820317557,0
10.360731599999998,11.44985102784893,0
10.370627500000001,11.44985102784893,0
10.3805977,11.233118306652,0
10.390662899999999,11.350744874221816,0
10.400523500000002,11.272170432059934,0
10.4108069,11.155481122997937,0
10.420581799999997,11.155481122997937,0
10.430555699999996,11.25262484329977,0
10.440539099999999,10.983051782416258,0
10.455434199999996,11.059303998863323,0
10.469412600000002,11.233118306652,0
10.470366199999997,11.136168679632782,0
10.481066699999996,11.116894822555212,0
10.490506700000001,10.907407150123706,0
10.507018200000001,11.059303998863323,0
10.520641799999996,10.888590358886962,0
10.5214356,10.869811163624185,0
10.5357558,10.851069489218567,0
10.540713,10.813698403261705,0
10.5504571,10.813698403261705,0
10.560831799999999,10.776476503078216,0
10.570494499999999,10.647366113557899,0
10.580646300000002,10.57439625326279,0
10.59074,10.57439625326279,0
10.600625699999998,10.358956758122659,0
10.610680900000002,10.412332866869404,0
10.620478600000002,10.305899947177094,0
10.630437499999996,9.94328359581091,2.600000001962144e-06
10.645062800000002,9.960207881646939,0.014729400000000226
10.650395399999997,9.909536400813906,0.020011699999997745
10.660509999999999,9.825756633804376,0.030065999999997928
10.6704209,9.75933342781462,0.04007469999999813
10.680452800000001,9.660689672932362,0.0500702000000004
10.6903446,9.825756633804376,0.05999159999999648
10.700436700000001,9.644363824876494,0.07009250000000122
10.710548,9.74281048940505,0.08016239999999897
10.720866400000002,9.977166049925785,0.0905296999999976
10.730590799999998,10.011184305278535,0
10.7451677,10.376713222184142,0
10.751075499999995,10.684070537921636,0
10.7609259,10.466030194963013,0
10.770581599999996,10.92626161260162,0
10.780481300000002,10.869811163624185,0
10.7904534,10.92626161260162,0
10.800479200000002,11.04018371752037,0
10.8139127,10.851069489218567,0
10.828284499999999,11.04018371752037,0
10.8411553,10.964083853103384,0
10.8421713,11.097659474669772,0
10.856943099999999,11.213650744090437,0
10.8607348,11.097659474669772,0
10.870469199999999,11.059303998863323,0
10.880567699999997,11.213650744090437,0
10.890477399999998,11.25262484329977,0
10.900443899999996,11.31137907880348,0
10.910560799999995,11.174832229900465,0
10.9205815,11.213650744090437,0
10.930562399999996,11.390268448168516,0
10.940564399999996,11.213650744090437,0
10.950472899999998,11.174832229900465,0
10.960584999999998,11.174832229900465,0
10.970477800000001,11.213650744090437,0
10.980715799999995,11.078462559035042,0
10.990558799999999,11.194222077744826,0
11.000455399999996,11.370486899414773,0
11.010692500000001,11.194222077744826,0
11.020524300000002,11.429950433021594,0
11.030621999999997,11.272170432059934,0
11.040567299999996,11.272170432059934,0
11.0505332,11.291755151114865,0
11.060580900000001,11.174832229900465,0
11.071040799999995,11.155481122997937,0
11.080578299999996,10.964083853103384,0
11.094530599999995,10.92626161260162,0
11.101106699999999,11.174832229900465,0
11.114605899999997,11.194222077744826,0
11.120502999999996,11.272170432059934,0
11.130599799999995,11.174832229900465,0
11.1404545,11.25262484329977,0
11.150566699999995,11.233118306652,0
11.160675899999998,11.272170432059934,0
11.1704599,11.529852615748647,0
11.1804922,11.213650744090437,0
11.190612399999996,11.213650744090437,0
11.200535200000001,11.370486899414773,0
11.210728200000002,11.44985102784893,0
11.2205276,11.194222077744826,0
11.230492899999998,11.814952460536821,0
11.240474099999997,11.429950433021594,0
11.250460100000002,11.390268448168516,0
11.260656100000002,11.549953214879066,0
11.270439399999997,11.570094055435773,0
11.280658899999995,11.390268448168516,0
11.2904795,11.509792177642064,0
11.300442700000001,11.570094055435773,0
11.310565700000001,11.469791463693667,0
11.3204527,11.469791463693667,0
11.330570599999998,11.350744874221816,0
11.340564699999998,11.31137907880348,0
11.350502299999999,11.429950433021594,0
11.360574799999998,11.390268448168516,0
11.370684399999998,11.174832229900465,0
11.380733799999998,11.233118306652,0
11.3905414,11.174832229900465,0
11.4004291,11.078462559035042,0
11.410766200000001,11.136168679632782,0
11.420482099999997,10.851069489218567,0
11.434792300000002,11.136168679632782,0
11.4505728,11.059303998863323,0
11.451379800000002,10.869811163624185,0
11.467018499999998,11.04018371752037,0
11.481635899999997,11.059303998863323,0
11.482322800000002,11.174832229900465,0
11.490745199999996,11.136168679632782,0
11.500634099999996,11.213650744090437,0
11.5106127,11.174832229900465,0
11.520456499999998,11.116894822555212,0
11.530642699999998,11.155481122997937,0
11.5405129,10.907407150123706,0
11.554771299999995,11.002057685548928,0
11.569251499999996,11.04018371752037,0
11.570601,10.907407150123706,0
11.5855001,11.059303998863323,0
11.600230499999999,10.983051782416258,0
11.601020299999998,10.79506884222607,0
11.617200899999997,10.869811163624185,0
11.620427799999998,10.869811163624185,0
11.630728399999999,10.776476503078216,0
11.640531399999997,10.610808213647339,0
11.650673999999999,10.23565091837597,0
11.660752800000001,10.045338906161959,0
11.670522299999998,9.677048205357805,2.600000001962144e-06
11.6861663,8.987344746665283,0.015578800000000115
11.702144,8.94249296807631,0.031670699999999385
11.7029106,8.853592720743801,0.032447900000001084
11.710586500000002,8.397061988565584,0.039992000000005135
11.720522599999999,8.08651605131745,0.04996030000000218
11.730446599999997,7.917206792001785,0.05992950000000263
11.7434069,7.640523756686739,0.07273830000000459
11.750336399999998,7.282321842828364,0.07984869999999944
11.7604413,7.021892435199812,0.08993720000000138
11.770383800000001,6.858388484023861,0.09987870000000498
11.783611099999998,6.565999623962232,0.11310230000000132
11.790383099999996,6.260821133074819,0.11987170000000447
11.8003581,5.9293686750734675,0
11.813422599999999,5.482837378116464,0
11.8203316,5.2729213009106,0
11.830372899999997,5.088406543766483,0
11.8403399,4.75245400772832,0
11.853897999999997,4.354697195947081,0
11.860474199999995,3.935962616077921,0
11.874106099999995,3.8027315940808872,0
11.880558599999997,3.5493863727556167,0
11.890483499999998,3.5288911559055007,0
11.9005993,3.5742527088499334,0
11.910616000000001,3.541163683606475,0
11.920484900000002,3.7120324069624946,0
11.930685799999996,3.7797155501597306,0
11.9406888,3.9213283869714335,0
11.950326,4.020569105069346,0
11.965532999999997,4.1450185145715945,0
11.970592199999995,4.171705914321434,0
11.980467299999997,4.242355128010889,0
11.990506999999997,4.275587183093811,0
12.000446899999996,4.236855119596617,0
12.010570300000001,4.214964756839351,0
12.0203344,4.292353354407833,0
12.030459400000002,4.25892130761927,0
12.040426999999998,4.25892130761927,0
12.0503811,4.3604331243554055,0
12.0603735,4.231366100206485,0
12.070374400000002,4.275587183093811,0
12.080418599999998,4.47162403065012,0
12.090434599999998,4.424291317624163,0
12.1003328,4.389285476925941,0
12.110441999999995,4.459719758943291,0
12.120361499999998,4.550173371988041,0
12.130434499999996,3.9408602372987573,0
12.1438101,4.47162403065012,0
12.157672600000001,4.568592012886777,0
12.160395900000001,4.501593870407158,0
12.170346599999998,4.758986245804439,0
12.180415100000001,4.0054287569044424,0
12.190347800000001,4.643381707662481,0
12.200341599999998,4.668713152000239,0
12.210404899999997,4.630791777478766,0
12.2203834,4.4537854557067424,0
12.230318299999997,4.459719758943291,0
12.240362299999997,4.550173371988041,0
12.250521099999997,4.447863009215968,0
12.260447099999997,4.354697195947081,0
12.270385399999999,4.371939454170687,0
12.280288500000001,4.389285476925941,0
12.290305199999995,4.366180536100056,0
12.300443499999997,4.242355128010889,0
12.3104184,4.337558081531954,0
12.320391699999998,4.3261890025226135,0
12.330406700000001,4.309220425145312,0
12.340326099999995,4.309220425145312,0
12.350367699999996,4.2533881999560625,0
12.360378,4.3261890025226135,0
12.3704431,3.901952168090908,0
12.383635000000002,4.2533881999560625,0
12.396742999999997,4.286753449470591,0
12.4003367,4.242355128010889,0
12.410467100000002,4.177075493939835,0
12.4204373,4.236855119596617,0
12.430404,4.331867857489674,0
12.440411999999998,4.275587183093811,0
12.450350400000001,4.337558081531954,0
12.460477999999998,4.286753449470591,0
12.470336800000002,4.1878469244146395,0
12.480360600000001,4.231366100206485,0
12.490392799999999,4.20951947442318,0
12.500355099999997,4.113343920058039,0
12.510518299999998,4.015512225424479,0
12.5202901,3.9457676635638124,0
12.533986199999998,3.788894357737117,0
12.540348999999996,3.9067817003495064,0
12.550360399999999,3.950684914502795,0
12.560463299999999,4.0054287569044424,0
12.573201999999998,3.8731769387517763,0
12.587599700000002,4.082047149202822,0
12.6019136,4.046005767460161,0
12.602517500000001,4.150334665980098,0
12.610530999999998,4.097648589614982,0
12.620292500000001,4.082047149202822,0
12.630433199999995,4.071698072558067,0
12.6404618,4.010465449431882,0
12.650403,3.965495812250389,0
12.663867899999996,3.9953855416981865,0
12.6703413,4.0054287569044424,0
12.683818900000002,3.8731769387517763,0
12.6976488,4.015512225424479,0
12.711079699999996,3.9953855416981865,0
12.711799799999998,4.076867436343846,0
12.725191599999999,3.950684914502795,0
12.738900599999997,4.166347063130264,0
12.7531948,4.281164733150875,0
12.753777099999997,4.377709901602981,0
12.760405899999999,4.550173371988041,0
12.770332999999997,4.75245400772832,0
12.780468599999995,5.124575150834932,0
12.793564299999996,5.198006519845759,0
12.8003593,5.44310400232517,0
12.810426099999997,5.695979388205552,0
12.820344799999997,5.982966845017518,0
12.830422899999999,5.982966845017518,0
12.840436700000001,5.902809819266964,0
12.850414099999998,6.1198102381647095,8.000000022434506e-07
12.863640299999997,6.073738876518667,0.013219900000002838
12.870306099999997,5.947163315328091,0
12.8841408,6.028125932580405,8.000000022434506e-07
12.900389199999996,6.0009763073095606,0.016275600000000168
12.900987499999996,6.138368170237612,0.016854500000000883
12.910418400000001,6.073738876518667,0.02626070000000169
12.920308299999999,6.175707473670507,0.036167999999996425
12.930443100000002,6.270373124148044,0.04624009999999856
12.940350999999996,6.27994423832014,0.05617449999999735
12.9503126,6.475441895334031,0.0662001000000032
12.960438899999996,6.328087998305943,0.07629010000000136
12.9703434,6.49542520288607,0.08618690000000129
12.980423999999996,6.505446871620019,0.09623679999999979
12.9903504,6.647875276492737,0.10623760000000004
13.0003214,6.586345887857524,0.11620489999999961
13.010357599999995,6.617018288369059,0.12621790000000033
13.020279499999997,6.535632418935098,0.13616849999999658
13.030378899999999,6.79434803340286,0.14620500000000192
13.040433499999995,6.752079349304772,0.15629559999999998
13.050354299999999,6.901511052181899,0.16623090000000218
13.0604227,6.858388484023861,0.17624870000000215
13.070389699999996,6.232279516750141,0.18627899999999897
13.080325900000002,6.9449799844945455,0.1961968999999968
13.090294699999998,6.934080128015318,0.206181100000002
13.100496799999998,6.912345705327855,0.21636159999999904
13.110392399999999,6.934080128015318,0.226222700000001
13.1202997,6.912345705327855,0.236179700000001
13.130344400000002,7.032968092035166,0.2462050999999974
13.1434374,6.955901662500982,0.2592517000000001
13.157268999999996,7.122375332081784,0.2731418999999988
13.1711675,7.1789856653167865,0.28703149999999766
13.1718388,7.482660849647961,0.28769069999999886
13.180431099999996,7.60372870967274,0.2962048999999993
13.190393499999995,7.714779485070684,0.3062461999999968
13.2002931,8.03395126240779,0.31616830000000107
13.214257800000002,8.452543313875262,0.3301172999999977
13.220457499999998,8.480450865022997,0.3363445000000027
13.230602299999997,8.693353970055812,0.3464375000000004
13.2403741,8.736706421172222,0.3562621999999962
13.250390800000002,8.957413669740566,0.3662600999999981
13.260415300000002,8.794915799605649,0.3762496000000013
13.270326799999996,8.809541051581752,0.38621409999999656
13.280292899999996,8.838879453474007,0.3961743999999996
13.2904369,9.017395787665905,0.4062866000000014
13.3035526,9.032466444874892,0.4193878999999967
13.310435600000002,9.246651300076511,0.4262022999999999
13.320307699999997,9.27774164451191,0.43617989999999907
13.3303829,9.809100981740718,0.44622400000000084
13.340334699999996,9.340296664120023,0.4562236000000013
13.350368399999997,9.435072542049229,0.4662328000000002
13.360462099999996,9.450979388677672,0.4762914000000009
13.370414799999995,9.498891256878826,0.4861926999999966
13.380636599999999,9.27774164451191,0.49636600000000186
13.390845099999996,9.387542439694219,0.5067268999999968
13.400296399999998,9.419197477321548,0.516176999999999
13.410415599999997,9.403354130994348,0.526258900000002
13.420325899999998,9.435072542049229,0.5361909000000011
13.430485100000002,9.466918080834294,0.5463032999999982
13.440717500000002,9.466918080834294,0.5564463999999987
13.450644299999997,9.466918080834294,0.5663421
13.460611099999998,9.371762340174383,0.5763713999999993
13.4705063,9.482888682273867,0.5862862999999976
13.480358200000001,9.450979388677672,0.5962079999999972
13.490447899999996,9.482888682273867,0.6062208000000027
13.500416699999999,9.403354130994348,0.616248800000001
13.5104492,9.482888682273867,0.6262535999999983
13.520329199999995,9.51492586865949,0.6362122000000028
13.530370000000001,9.154122964824467,0.6462244000000013
13.5403239,9.530992581754338,0.6561841999999984
13.550337500000001,9.482888682273867,0.666159399999998
13.560546399999996,9.482888682273867,0.6763055999999992
13.570313699999996,8.410890736681248,0.6861991000000032
13.5835823,9.530992581754338,0.6994381000000018
13.597364500000001,9.435072542049229,0.7132112999999976
13.600291099999996,9.387542439694219,0.7161710999999968
13.6104989,9.32461096172274,0.7263289999999998
13.620337500000002,9.51492586865949,0.7362287999999992
13.630378599999997,9.435072542049229,0.7461984999999984
13.640382999999996,9.595581734544421,0.7562459999999973
13.650293399999999,9.482888682273867,0.7661535000000015
13.660445899999996,9.498891256878826,0.7762346000000022
13.6703102,8.957413669740566,0.7861971000000025
13.683577199999998,9.595581734544421,0.7994321999999983
13.701880599999999,9.644363824876494,0.8176428000000016
13.702618499999996,9.72632056384844,0.8184571999999974
13.710637799999997,9.859168038600663,0.8264082999999971
13.720700599999997,9.72632056384844,0.8363247999999999
13.730572999999996,9.75933342781462,0.8463273999999998
13.740556199999997,9.74281048940505,0.856337400000001
13.750473799999998,9.74281048940505,0.8663129999999981
13.760529799999997,9.926393124720537,0.876339999999999
13.7705917,9.89271335666411,0.8863705999999993
13.780635700000001,9.792478607692077,0.8964459999999974
13.790654100000001,10.062467506865458,0
13.8058643,9.74281048940505,2.1000000032245225e-06
13.819956699999995,9.909536400813906,0.014144600000001617
13.820662899999999,9.77588944516893,0.014828800000003639
13.8304079,9.859168038600663,0.024567699999998638
13.840349200000002,9.960207881646939,0.034539600000002224
13.8503261,9.994158168480158,0.04453870000000393
13.860357699999998,9.94328359581091,0.05451610000000073
13.870392399999997,9.960207881646939,0.06453410000000304
13.880413899999997,9.89271335666411,0.0745047999999997
13.890492900000002,10.114059332608491,0
13.905474299999998,10.062467506865458,0
13.9105886,10.011184305278535,0
13.9204774,10.045338906161959,0
13.930639099999997,10.011184305278535,0
13.9403385,9.977166049925785,1.900000000887303e-06
13.953554700000002,9.825756633804376,0.013225200000000825
13.9605,9.960207881646939,0.02008870000000229
13.970346099999997,9.960207881646939,0.029981400000004044
13.980455199999998,9.94328359581091,0.04007740000000126
13.990362999999999,9.909536400813906,0.050029600000002006
14.000498400000001,10.448095275470884,0
14.0162279,9.77588944516893,2.0000000020559128e-06
14.029922500000001,10.011184305278535,0
14.030840899999998,10.011184305278535,0
14.045325699999996,9.875923924978945,2.2999999984563146e-06
14.058560599999996,9.825756633804376,0.013237000000003718
14.060342699999996,9.94328359581091,0.015045800000002885
14.070545899999995,11.291755151114865,0
14.084773099999996,9.72632056384844,2.7000000031307536e-06
14.100318499999997,9.792478607692077,0.015549399999997604
14.101274299999996,10.011184305278535,0
14.117592399999996,10.011184305278535,0
14.120249099999999,9.977166049925785,2.2000000043931323e-06
14.133660599999995,9.926393124720537,0.013370999999999356
14.140588400000002,10.011184305278535,0
14.155878099999999,10.011184305278535,0
14.160695,10.011184305278535,0
14.170480600000001,9.89271335666411,2.9999999995311555e-06
14.184083699999999,10.011184305278535,0
14.200539199999998,10.200736589911823,0
14.201310599999996,10.288284968133446,0
14.210558699999996,10.165961639818944,0
14.220565400000002,10.131325511697408,0
14.230432099999998,10.09682765136841,0
14.2403953,10.200736589911823,0
14.250506099999999,10.448095275470884,0
14.260610400000001,10.114059332608491,0
14.270404599999996,9.26218092712718,2.7000000031307536e-06
14.284215999999997,10.323550191432286,0
14.3008384,10.50200782302884,0
14.301813800000001,10.376713222184142,0
14.310902099999996,10.556244818241767,0
14.320548299999995,10.062467506865458,0
14.330627199999999,10.448095275470884,0
14.340523600000001,10.394505234710364,0
14.3504356,10.165961639818944,0
14.360540799999999,10.448095275470884,0
14.370453999999999,10.466030194963013,0
14.3806039,10.412332866869404,0
14.390494899999997,10.358956758122659,0
14.400634899999996,10.520050675513097,0
14.410586399999996,10.131325511697408,0
14.4204555,10.484001020187893,0
14.430608199999998,10.50200782302884,0
14.440439099999995,10.520050675513097,0
14.450596999999998,10.358956758122659,0
14.460570299999997,10.2707051838414,0
14.470553499999998,10.520050675513097,0
14.480531899999999,10.14862625769989,0
14.490440699999997,10.323550191432286,0
14.500490799999998,10.629068884658762,0
14.510547399999997,10.358956758122659,0
14.520492399999998,10.538129649812095,0
14.530572799999998,10.448095275470884,0
14.540413099999999,10.323550191432286,0
14.550372999999997,11.213650744090437,0
14.5640484,10.520050675513097,0
14.578305099999998,10.25316052398179,0
14.580534099999998,10.25316052398179,0
14.590458600000002,10.341235771500035,0
14.600630800000001,10.448095275470884,0
14.610930100000001,10.57439625326279,0
14.620709799999997,10.323550191432286,0
14.630548600000001,10.305899947177094,0
14.640444200000001,10.23565091837597,0
14.650463599999998,10.25316052398179,0
14.660580899999996,10.23565091837597,0
14.670525899999998,10.14862625769989,0
14.680608199999998,10.57439625326279,0
14.6905429,10.131325511697408,0
14.700556199999998,10.114059332608491,0
14.710412000000002,9.926393124720537,1.900000000887303e-06
14.7242487,10.062467506865458,0
14.738902200000002,9.859168038600663,2.500000000793534e-06
14.753231099999997,9.74281048940505,0.014433199999999147
14.7537901,9.660689672932362,0.015013400000000843
14.760459899999997,9.482888682273867,0.021605399999998554
14.7703782,9.450979388677672,0.031562799999996116
14.780320499999998,9.138809237726493,0.04148800000000108
14.790358699999995,9.293333514473604,0.05155189999999976
14.800374699999995,9.51492586865949,0.06153760000000119
14.8103679,8.94249296807631,0.07154909999999859
14.824479999999998,9.466918080834294,0.08559419999999562
14.838139899999998,9.466918080834294,0.09933679999999612
14.840195300000001,9.123526107475662,0.10140760000000171
14.8504264,9.498891256878826,0.11160269999999883
14.860500499999997,9.215685068627405,0.121604099999999
14.8704499,9.231152701241395,0.13164179999999703
14.880320299999998,8.987344746665283,0.14149210000000068
14.893609899999998,8.751215137895052,0.15478900000000095
14.9003233,8.927602077993871,0.16150869999999884
14.9104092,8.67896086002344,0.17159569999999746
14.9202804,8.607425524228983,0.18147379999999913
14.9304204,8.722226692884746,0.1915206999999981
14.940357699999996,8.564846436085226,0.2015203999999997
14.950285699999998,8.522522057577296,0.21150289999999927
14.960443299999998,8.650260854860331,0.22160519999999906
14.970288700000001,8.794915799605649,0.2314727999999988
14.9804068,8.751215137895052,0.24152379999999596
14.990333099999997,8.579011088888649,0.2515161999999975
15.000271699999995,8.607425524228983,0.26146779999999836
15.010405600000002,8.383260870307085,0.271583200000002
15.0202907,8.410890736681248,0.2814885000000018
15.030466899999997,8.508470269933717,0.2915433000000007
15.0403707,8.369487326701252,0.30152719999999533
15.050308900000001,8.20633568180298,0.31150549999999555
15.060440599999996,8.342022743180927,0.3215378999999956
15.0704295,8.152816159873417,0.3315673999999973
15.080403299999997,7.878756617124858,0.3415181000000018
15.092864199999998,8.08651605131745,0.3540265999999974
15.1069882,7.865991073689227,0.3681405999999967
15.1212202,7.955888361417405,0.3823837999999995
15.121901399999995,7.677540237620285,0.38306850000000026
15.130645099999999,7.789931650057636,0.39176969999999756
15.140326999999996,7.665176724779058,0.4015145999999987
15.150572199999996,7.506681101523312,0.4116804000000016
15.160548000000002,7.567153771952609,0.4216801999999973
15.170526299999995,7.802544922425701,0.43164509999999723
15.180515699999997,7.677540237620285,0.4416209999999978
15.1904669,7.446810144218417,0.45164039999999517
15.200671099999997,7.567153771952609,0.4617251999999965
15.210543499999996,7.542892112532513,0.47161880000000167
15.220324899999998,7.423028897842612,0.4815235999999956
15.230349499999999,7.530797626824645,0.4914696999999961
15.240359899999998,7.45873648687406,0.5015146000000001
15.250444999999996,7.423028897842612,0.5116365999999957
15.260389899999996,7.689928502230714,0.5215498999999966
15.270391100000001,7.224683297447398,0.5315660999999992
15.280412600000002,7.494658965463705,0.5415416999999962
15.290356299999996,7.482660849647961,0.5515326000000016
15.300426399999996,7.375750831076357,0.5615759000000011
15.310421199999997,7.213224593376143,0.5716079999999977
15.320348800000001,7.363990293871589,0.5815318000000005
15.330368400000001,7.363990293871589,0.5915219999999977
15.340284299999997,7.317182651729675,0.6014702000000014
15.350410899999996,7.446810144218417,0.6115747999999996
15.3604619,7.317182651729675,0.6216049000000012
15.3703198,7.677540237620285,0.631518100000001
15.3804038,7.35225325423583,0.6415109000000001
15.390333099999996,7.35225325423583,0.6515088999999961
15.400302199999995,7.47068670608361,0.6614983999999993
15.410449799999999,7.317182651729675,0.6716265999999962
15.420328699999995,7.259197235504502,0.6815050000000014
15.4305147,7.293918879685199,0.6916233999999974
15.4403148,7.144951555755833,0.7015080999999981
15.450419100000001,7.1789856653167865,0.7115873999999991
15.460429199999997,6.166344624693092,0.7215951999999959
15.472960099999998,6.923202049463866,0.7341483000000011
15.480397899999996,6.783749139762662,0.7415177999999969
15.490333199999998,6.545734582569215,0.7515167999999974
15.500396999999996,6.576162582781321,0.7615410000000011
15.510429399999996,6.366951147619736,0.7715698000000017
15.520264199999996,6.318420692837231,0.7814598000000004
15.5304453,6.347480709865341,0.7915609000000003
15.5403408,6.328087998305943,0.8014972
15.550352700000001,6.232279516750141,0.8115026999999984
15.5604197,6.0829163286647,0.8216151999999965
15.570332499999996,6.073738876518667,0.831523599999997
15.580433599999996,6.1198102381647095,0.8415509999999955
15.590535399999997,5.982966845017518,0
15.607397599999995,6.010008088694971,1.300000000981072e-06
15.611332199999996,6.0463163929775785,0.004002100000001008
15.627407299999998,6.147675010315886,0.020053799999999455
15.6305138,5.867644987585125,0
15.6472296,5.9293686750734675,0
15.650558499999999,5.729765387115033,0
15.660577799999995,5.7723797577200475,0
15.670413999999997,5.704400565352053,0
15.680669900000002,5.729765387115033,0
15.690480599999997,5.755282855289889,0
15.700395599999997,5.78954518471769,0
15.7104058,5.867644987585125,0
15.720291,5.704400565352053,0
15.730435599999996,5.721293531020849,0
15.740374899999996,5.679187476864623,0
15.750424200000001,5.704400565352053,0
15.760494399999995,5.5310448932559035,0
15.770316399999995,5.780953888508232,0
15.780471699999996,5.755282855289889,0
15.790363699999997,5.867644987585125,0
15.800322399999995,5.729765387115033,0
15.810482400000001,5.704400565352053,0
15.820362499999998,5.712838601706433,0
15.830456600000002,5.466896331951051,0
15.8402907,5.357076684510473,0
15.8503358,5.250289336893039,0
15.860395700000002,5.326260300922612,0
15.8704183,4.818368030996101,0
15.884950299999996,4.713533748234534,0
15.890462799999998,4.4955759026401,0
15.900527100000001,4.424291317624163,0
15.9104372,4.25892130761927,0
15.920303700000002,4.182455823463794,0
15.930488,4.182455823463794,0
15.940287299999998,4.071698072558067,0
15.950373899999999,4.082047149202822,0
15.9604319,4.015512225424479,0
15.970253799999998,4.046005767460161,0
15.980298699999995,3.990378978846497,0
15.9941687,3.9261967104460784,0
16.0003013,3.8684145488516366,0
16.010428299999997,3.7209399397792713,0
16.020337799999997,3.784300364546165,0
16.030391399999996,3.698737736416347,0
16.0403189,3.734368223985737,0
16.050402899999998,3.854184394711384,0
16.060418699999996,3.830656386869883,0
16.0702313,3.8259789530890673,0
16.080345399999995,3.9605489691179665,0
16.0904019,4.020569105069346,0
16.1035901,4.0408980653299365,0
16.1104735,4.204085071688536,0
16.120362599999996,3.901952168090908,0
16.133611300000002,3.931074780310812,0
16.1402774,3.9605489691179665,0
16.1503325,3.734368223985737,0
16.160504899999996,3.835343184879366,0
16.170362799999996,3.7981099540732797,0
16.1803762,3.672386507168827,0
16.190325999999995,3.681135138795919,0
16.2002773,3.6121162067816948,0
16.210449999999998,3.4965221400737256,0
16.220296,3.4216899156100355,0
16.230534699999996,3.464666907270373,0
16.240432799999997,3.3721030010580653,0
16.250347299999998,3.5452709168378425,0
16.260426499999998,3.7120324069624946,0
16.270270299999996,3.561782241410532,0
16.280292999999997,3.5288911559055007,0
16.2903068,3.445014663186515,0
16.3004785,3.464666907270373,0
16.310452,3.3091737582173146,0
16.3203024,3.1793866441128307,0
16.3303659,3.159230383819779,0
16.3403423,3.018582184090703,0
16.350421199999996,2.941106924245793,0
16.364583800000002,2.853846518157391,0
16.3703155,2.955694811358291,0
16.3804706,3.030863099727831,0
16.3940046,3.0873594033135787,0
16.400422799999998,3.287469359960403,0
16.4105181,2.9010284474680685,0
16.4235998,3.425557962198495,0
16.4401118,3.4411077420835525,0
16.440780399999998,3.4333173023818726,0
16.4503065,3.464666907270373,0
16.460412299999998,3.3237887302246483,0
16.470268899999997,3.2518691614120523,0
16.4803758,3.103417152277182,0
16.490351799999996,3.152565201535974,0
16.500360099999998,2.958629935126401,0
16.513482999999997,2.856577741506647,0
16.5203333,2.941106924245793,0
16.530401299999998,2.821494380264045,0
16.540288199999996,3.0557216473913633,0
16.5540596,3.119636284300863,0
16.5605667,3.2100781990336418,0
16.5702673,3.360841800437161,0
16.5804084,3.417829597383815,0
16.5903326,3.452851986035198,0
16.6002865,3.7120324069624946,0
16.610516799999996,3.504565905439734,0
16.6204011,3.7120324069624946,0
16.630452000000002,3.698737736416347,0
16.640349499999996,3.6377398355528943,0
16.6503209,3.7797155501597306,0
16.660425999999998,3.766015996618033,0
16.670259499999997,3.9116209013381265,0
16.6803804,3.8447449486106637,0
16.690318299999998,4.020569105069346,0
16.7031934,4.134418055565263,0
16.7105188,4.102869906370529,0
16.7203617,4.3261890025226135,0
16.730444600000002,4.29796447036223,0
16.740797599999997,4.343259697410357,0
16.7503285,4.544058342312084,0
16.760499399999997,5.045478945958075,0
16.7745389,4.649695582848366,0
16.7918506,4.649695582848366,0
16.792676099999998,4.77208998078598,0
16.8004996,4.818368030996101,0
16.8105261,4.94729532080311,0
16.820379999999997,5.146450562348289,0
16.836416699999997,5.235276624986227,0
16.8405424,5.3185946485283795,0
16.850343499999997,5.419453999270351,0
16.8603932,5.780953888508232,0
16.8703373,5.858897647865455,0
16.8804409,5.956087363031768,0
16.890276699999998,6.175707473670507,8.000000022434506e-07
16.9031422,6.0463163929775785,0.012865200000000243
16.9104925,6.545734582569215,0.020147700000002544
16.9203826,6.5965495799240745,0.03007960000000054
16.930319100000002,6.576162582781321,0.04001660000000129
16.940290199999996,6.668549698877585,0.05002200000000556
16.950348699999996,6.752079349304772,0.060067300000000046
16.960471699999996,6.934080128015318,0.07010990000000561
16.970362399999996,6.901511052181899,0.08007249999999999
16.980917899999998,6.934080128015318,0.09064640000000423
16.990314199999997,7.01083890754158,0.1000388000000001
17.0032891,7.088679867569163,0.1130079000000066
17.010527800000002,7.111121039461668,0.12015790000000237
17.020370699999997,7.122375332081784,0.13012180000000484
17.0304945,7.1336521558107355,0.1402087000000023
17.0403191,7.111121039461668,0.15005730000000028
17.050274999999996,7.190375823008391,0.16003300000000564
17.0603709,7.293918879685199,0.17006190000000032
17.070271099999996,7.122375332081784,0.1800177000000005
17.080338299999998,7.434907630411287,0.19005580000000322
17.0903516,7.423028897842612,0.20007900000000234
17.1003718,7.3405396652208985,0.21008230000000339
17.1104667,7.41117389899744,0.22009890000000354
17.1203038,7.47068670608361,0.23005670000000578
17.130444899999997,7.482660849647961,0.24012770000000216
17.1402665,7.47068670608361,0.25002530000000434
17.150344,7.640523756686739,0.2600695000000002
17.160446599999997,7.579321042711515,0.2701354000000009
17.170334,7.652837914252965,0.2800318000000033
17.1802823,7.579321042711515,0.29001430000000283
17.190348499999995,7.579321042711515,0.30008550000000156
17.2003204,7.677540237620285,0.3100415000000041
17.210454600000002,7.714779485070684,0.3201083000000011
17.2203755,7.764780658974222,0.3301265999999998
17.2303041,7.764780658974222,0.3400208000000049
17.2402943,7.802544922425701,0.35002900000000636
17.2503578,7.802544922425701,0.3600623000000027
17.2604065,7.891547717195478,0.3700807000000026
17.270255099999996,8.08651605131745,0.38001000000000573
17.283394599999998,8.02087563986406,0.3931260000000023
17.2902814,8.099723086052473,0.40002020000000016
17.3003545,7.652837914252965,0.4100517000000039
17.313152299999995,8.287422055190799,0.42289950000000687
17.326810499999997,8.233256430132531,0.4365276000000051
17.3303964,8.550710084276984,0.44011670000000436
17.3402742,8.508470269933717,0.45002910000000185
17.3504003,8.550710084276984,0.46012330000000645
17.360478499999996,8.522522057577296,0.4701139000000012
17.370261599999996,8.722226692884746,0.47999670000000094
17.3805674,8.751215137895052,0.4902435000000054
17.390326499999997,8.707775895113674,0.5000784000000067
17.400509500000002,8.94249296807631,0.5101707000000033
17.410540299999997,8.765752901088112,0.5201687000000064
17.4205499,8.927602077993871,0.5301887000000036
17.4305592,8.780319768902485,0.5402309000000045
17.440485,8.809541051581752,0.5501643000000058
17.4505802,9.123526107475662,0.5602231000000018
17.466939199999995,9.002355241650097,0.5766249999999999
17.470539399999996,8.987344746665283,0.5801336000000035
17.4883938,8.883107682196407,0.5980506000000005
17.4903936,9.002355241650097,0.6001173000000009
17.5062757,9.017395787665905,0.6159807000000015
17.5103934,9.06269833412371,0.6201255000000003
17.520339699999997,9.06269833412371,0.630070400000001
17.530513599999995,8.987344746665283,0.6401958000000008
17.5439258,9.154122964824467,0.6536664999999999
17.556954899999997,9.340296664120023,0.6666979000000026
17.560442,9.246651300076511,0.670124400000006
17.570277299999997,9.26218092712718,0.680020600000006
17.580321199999997,9.26218092712718,0.6900352000000041
17.5902985,9.26218092712718,0.7000567000000046
17.600275899999996,9.387542439694219,0.7100051000000036
17.610353899999996,9.482888682273867,0.7200455000000048
17.6203958,9.27774164451191,0.7301524000000015
17.630368999999998,9.482888682273867,0.7400798000000037
17.640263899999997,9.466918080834294,0.7499963000000065
17.6505198,9.200248340363991,0.7602357000000026
17.6603805,9.54709146043023,0.7700917000000018
17.6702166,9.563222569082706,0.7799671000000004
17.6804272,9.340296664120023,0.7901413000000019
17.6903338,9.246651300076511,0.8000453000000007
17.700335299999995,8.20633568180298,0.8100470000000044
17.714926799999997,9.32461096172274,0.8246381000000014
17.728576799999995,9.387542439694219,0.8382856000000061
17.730355999999997,9.154122964824467,0.8400539000000009
17.740409099999997,9.138809237726493,0.8501428000000004
17.7502465,9.017395787665905,0.8600009000000028
17.7605916,8.912740939929662,0.8702094000000002
17.7735873,8.987344746665283,0.8833242000000041
17.780381199999997,8.897909494439109,0.8900555000000026
17.790344700000002,8.987344746665283,0.9000787000000017
17.800292099999997,8.853592720743801,0.9099992000000015
17.810506799999995,8.94249296807631,0.9201847000000001
17.820281999999995,8.824195583331818,0.9300278000000048
17.8302894,8.809541051581752,0.9400012000000046
17.8403448,8.853592720743801,0.9500884000000056
17.850497999999998,8.67896086002344,0.9602232000000015
17.860442799999998,8.707775895113674,0.970084700000001
17.870271299999995,8.972364242669451,0.980020500000002
17.8804554,9.017395787665905,0.9901741000000044
17.8934598,9.017395787665905,1.0031396000000044
17.9005477,8.987344746665283,1.0031396000000044
17.9130443,9.184842454704212,1.0031396000000044
17.9289173,8.809541051581752,1.0031396000000044
17.930617199999997,8.987344746665283,1.0031396000000044
17.940606399999997,8.972364242669451,1.0031396000000044
17.950421799999997,8.897909494439109,1.0031396000000044
17.960660999999998,8.957413669740566,1.0031396000000044
17.9703967,8.897909494439109,1.0031396000000044
17.980534600000002,8.987344746665283,1.0031396000000044
17.990591,8.987344746665283,1.0031396000000044
18.000453699999998,9.09305139310744,1.0031396000000044
18.0105179,8.987344746665283,1.0031396000000044
18.02047,8.987344746665283,1.0031396000000044
18.0305286,9.154122964824467,1.0031396000000044
18.0404991,8.987344746665283,1.0031396000000044
18.050446499999996,9.340296664120023,1.0031396000000044
18.060557499999998,9.032466444874892,1.0031396000000044
18.070406600000002,8.987344746665283,1.0031396000000044
18.080658099999997,9.002355241650097,1.0031396000000044
18.0904869,8.897909494439109,1.0031396000000044
18.100442499999996,8.957413669740566,1.0031396000000044
18.1105529,8.765752901088112,1.0031396000000044
18.1204749,8.927602077993871,1.0031396000000044
18.1306822,8.987344746665283,1.0031396000000044
18.140508199999996,8.912740939929662,1.0031396000000044
18.150472599999997,8.987344746665283,1.0031396000000044
18.160645899999995,8.838879453474007,1.0031396000000044
18.170531799999996,9.017395787665905,1.0031396000000044
18.180415799999995,9.017395787665905,1.0031396000000044
18.190395999999996,8.987344746665283,1.0031396000000044
18.2005369,9.123526107475662,1.0031396000000044
18.210575000000002,9.231152701241395,1.0031396000000044
18.2203878,9.231152701241395,1.0031396000000044
18.230538499999998,9.231152701241395,1.0031396000000044
18.240461800000002,9.482888682273867,1.0031396000000044
18.2505063,9.32461096172274,1.0031396000000044
18.260523799999998,9.32461096172274,1.0031396000000044
18.270497099999996,9.371762340174383,1.0031396000000044
18.280524099999997,9.340296664120023,1.0031396000000044
18.2904509,9.466918080834294,1.0031396000000044
18.3004565,9.32461096172274,1.0031396000000044
18.310619499999998,9.387542439694219,1.0031396000000044
18.3204574,9.51492586865949,1.0031396000000044
18.330504299999998,9.51492586865949,1.0031396000000044
18.3404384,9.563222569082706,1.0031396000000044
18.3505146,9.660689672932362,1.0031396000000044
18.360642799999997,9.693439487586987,1.0031396000000044
18.370502399999996,9.70986358518506,1.0031396000000044
18.380404600000002,9.660689672932362,1.0031396000000044
18.390519,9.644363824876494,1.0031396000000044
18.400360199999998,9.340296664120023,1.0031396000000044
18.4105708,9.74281048940505,1.0031396000000044
18.420460699999996,9.977166049925785,1.0031396000000044
18.430513099999995,9.74281048940505,1.0031396000000044
18.4406718,9.660689672932362,1.0031396000000044
18.4506453,9.72632056384844,1.0031396000000044
18.4606326,9.70986358518506,1.0031396000000044
18.4706442,9.450979388677672,1.0031396000000044
18.4807161,9.660689672932362,1.0031396000000044
18.490570199999997,9.77588944516893,1.0031396000000044
18.5011986,9.74281048940505,1.0031396000000044
18.5107532,9.74281048940505,1.0031396000000044
18.5205453,9.693439487586987,1.0031396000000044
18.5303948,9.72632056384844,1.0031396000000044
18.540411599999995,9.74281048940505,1.0031396000000044
18.550528499999995,9.72632056384844,1.0031396000000044
18.5606203,9.89271335666411,1.0031396000000044
18.5705932,9.859168038600663,1.0031396000000044
18.580566099999995,9.77588944516893,1.0031396000000044
18.590400399999996,9.792478607692077,1.0031396000000044
18.600490499999996,9.909536400813906,1.0031396000000044
18.6105517,9.909536400813906,1.0031396000000044
18.620514599999996,10.062467506865458,1.0031396000000044
18.630594499999997,10.011184305278535,1.0031396000000044
18.6405486,10.011184305278535,1.0031396000000044
18.650417199999996,9.482888682273867,1.0031396000000044
18.6605363,10.288284968133446,1.0031396000000044
18.670510499999995,10.200736589911823,1.0031396000000044
18.6804764,10.131325511697408,1.0031396000000044
18.6904001,10.288284968133446,1.0031396000000044
18.701159,10.23565091837597,1.0031396000000044
18.7106009,10.57439625326279,1.0031396000000044
18.720483499999997,10.2707051838414,1.0031396000000044
18.7304591,10.079630399050409,1.0031396000000044
18.740389099999998,10.394505234710364,1.0031396000000044
18.750409699999995,10.288284968133446,1.0031396000000044
18.7606255,10.062467506865458,1.0031396000000044
18.770659,10.114059332608491,1.0031396000000044
18.780429199999997,10.556244818241767,1.0031396000000044
18.7904516,10.14862625769989,1.0031396000000044
18.800515199999996,9.94328359581091,1.0031396000000044
18.810415799999998,9.926393124720537,1.0031396000000044
18.820462799999998,9.89271335666411,1.0031396000000044
18.830512699999996,9.859168038600663,1.0031396000000044
18.8403501,9.595581734544421,1.0031396000000044
18.8505789,9.466918080834294,1.0031396000000044
18.8604893,9.387542439694219,1.0031396000000044
18.870330499999998,8.972364242669451,1.0031396000000044
18.880641100000002,8.424747169969082,1.0031396000000044
18.890404799999995,8.424747169969082,1.0031396000000044
18.900433500000002,7.45873648687406,1.0031396000000044
