0.0004929999999987444,1.4929614,0
0.010174499999997977,1.4929614,0
0.025479999999994618,1.4929614,0
0.03007719999999381,1.4929614,0
0.04013039999999535,1.4929614,0
0.05016409999999638,1.4929614,0
0.060063299999995934,1.4929614,0
0.07000049999999902,1.4929614,0
0.08001769999999908,1.4929614,0
0.09013059999999484,1.4929614,0
0.10013529999999804,1.4929614,0
0.1100093999999956,1.4929614,0
0.12014349999999752,1.4929614,0
0.130007599999999,1.4929614,0
0.14011439999999453,1.4929614,0
0.15012439999999572,1.4929614,0
0.16007729999999754,1.4929614,0
0.17008469999999676,1.4929614,0
0.18012319999999704,1.4929614,0
0.19018389999999386,1.4929614,0
0.2001317999999941,1.4929614,0
0.21007439999999633,1.4929614,0
0.22024929999999898,1.4929614,0
0.23000309999999757,1.4929614,0
0.24014109999999533,1.4929614,0
0.2500916999999987,1.4929614,0
0.26000329999999394,1.4929614,0
0.27002059999999517,1.4929614,0
0.2801484999999957,1.4929614,0
0.29016259999999505,1.4929614,0
0.3000221999999937,1.4929614,0
0.3100583999999955,1.4929614,0
0.3201287999999991,1.4929614,0
0.3300210999999962,1.4929614,0
0.34014109999999675,1.4929614,0
0.35014359999999556,1.4929614,0
0.3600316999999933,1.4929614,0
0.3700418999999968,1.4929614,0
0.38005669999999725,1.4929614,0
0.390135199999996,1.4929614,0
0.4000704999999982,1.4929614,0
0.41007229999999595,1.4929614,0
0.420070299999999,1.4929614,0
0.4299755999999988,1.4929614,0
0.44009319999999974,1.4929614,0
0.45005009999999857,1.4929614,0
0.46005239999999503,1.4929614,0
0.4701004999999938,1.4929614,0
0.48005489999999895,1.4929614,0
0.49020389999999736,1.4929614,0
0.5001180999999946,1.4929614,0
0.5101207999999957,1.4929614,0
0.5200256999999979,1.4929614,0
0.529964899999996,1.4929614,0
0.5400929999999988,1.4929614,0
0.5501098999999954,1.4929614,0
0.5600744999999989,1.4929614,0
0.5700050999999959,1.4929614,0
0.5802526999999955,1.4929614,0
0.5902978999999959,1.4929614,0
0.6002093999999971,1.4929614,0
0.6101826999999957,1.4929614,0
0.6202592999999936,1.4929614,0
0.6301090999999985,1.4929614,0
0.6400939999999977,1.4929614,0
0.650261399999998,1.4929614,0
0.660318199999999,1.4929614,0
0.6702596999999955,1.4929614,0
0.6802164999999931,1.4929614,0
0.6902597999999998,1.4929614,0
0.7002225999999965,1.4929614,0
0.7100227999999973,1.4929614,0
0.7201114999999945,1.4929614,0
0.7302139999999966,1.4929614,0
0.7402226999999968,1.4929614,0
0.7501153999999985,1.4929614,0
0.7600577999999985,1.4929614,0
0.7701308999999981,1.4929614,0
0.7800901999999965,1.4929614,0
0.7901745999999932,1.4929614,0
0.8001433999999961,1.4929614,0
0.8100740999999942,1.4929614,0
0.8200206999999935,1.4929614,0
0.8299688999999972,1.4929614,0
0.8401703999999981,1.4929614,0
0.850126699999997,1.4929614,0
0.8600445999999948,1.4929614,0
0.8700823,1.4929614,0
0.8800012999999964,1.4929614,0
0.8901281999999995,1.4929614,0
0.9001611999999994,1.4929614,0
0.9099643999999998,1.4929614,0
0.9201543999999942,1.4929614,0
0.930078899999998,1.4929614,0
0.9401355999999979,1.4929614,0
0.9501160999999954,1.4929614,0
0.9600197999999978,1.4929614,0
0.9700627999999938,1.4929614,0
0.9799976999999984,1.4929614,0
0.990222799999998,1.4929614,0
1.0000923999999998,1.4929614,0
1.010022499999998,1.4929614,0
1.0235340999999991,1.4929614,0
1.0301298999999986,1.4929614,0
1.0400921999999966,1.4929614,0
1.0501077999999993,1.4929614,0
1.060033599999997,1.4929614,0
1.0701715999999948,1.4929614,0
1.0800326999999967,1.4929614,0
1.090184199999996,1.4929614,0
1.1002348999999967,1.4929614,0
1.110116099999999,1.4929614,0
1.120022899999995,1.4929614,0
1.1300883999999982,1.4929614,0
1.140028099999995,1.4929614,0
1.1501229999999936,1.4929614,0
1.1600994,1.4929614,0
1.1701829999999944,1.4929614,0
1.1800426999999942,1.4929614,0
1.1904769000000002,1.4929614,0
1.2001678999999967,1.4929614,0
1.2101576999999963,1.4929614,0
1.2200131999999968,1.4929614,0
1.230111799999996,1.4929614,0
1.2401471999999956,1.4929614,0
1.2501296999999951,1.4929614,0
1.2600172999999941,1.4929614,0
1.269990699999994,1.4929614,0
1.2800062999999966,1.4929614,0
1.2901113999999936,1.4929614,0
1.3000962999999999,1.4929614,0
1.310011099999997,1.4929614,0
1.3199585999999996,1.4929614,0
1.3300071999999972,1.4929614,0
1.3401327999999992,1.4929614,0
1.3500660999999994,1.4929614,0
1.3599733999999941,1.4929614,0
1.3700813999999966,1.4929614,0
1.3799873999999974,1.4929614,0
1.3901626999999976,1.4929614,0
1.4001197999999988,1.4929614,0
1.410046599999994,1.4929614,0
1.4202006999999952,1.4929614,0
1.4301069999999996,1.4929614,0
1.4400611999999953,1.4929614,0
1.4501306999999954,1.4929614,0
1.4600155999999984,1.4929614,0
1.470068299999994,1.4929614,0
1.4800606999999957,1.4929614,0
1.490049599999999,1.4929614,0
1.5001082999999937,1.4929614,0
1.5100279999999984,1.4929614,0
1.5199995999999985,1.4929614,0
1.5302819999999997,1.4929614,0
1.5400967999999935,1.4929614,0
1.5501226999999957,1.4929614,0
1.5600649999999945,1.4929614,0
1.570264899999998,1.4929614,0
1.5799965,1.4929614,0
1.5900485999999958,1.4929614,0
1.6000921999999989,1.4929614,0
1.6100940999999978,1.4929614,0
1.6201746999999997,1.4929614,0
1.6299534999999992,1.4929614,0
1.640079699999994,1.4929614,0
1.6500476999999947,1.4929614,0
1.6600242999999963,1.4929614,0
1.6700612999999933,1.4929614,0
1.680006799999994,1.4929614,0
1.6900614999999988,1.4929614,0
1.7001438999999934,1.4929614,0
1.7099975,1.4929614,0
1.7200081999999952,1.4929614,0
1.7300275999999997,1.4929614,0
1.7400801000000001,1.4929614,0
1.7501112999999933,1.4929614,0
1.7600373999999945,1.4929614,0
1.7700293999999985,1.4929614,0
1.7800220999999965,1.4929614,0
1.7901194999999959,1.4929614,0
1.800060099999996,1.4929614,0
1.8100313999999997,1.4929614,0
1.8201374999999942,1.4929614,0
1.830051999999995,1.4929614,0
1.8402583999999962,1.4929614,0
1.8500088999999988,1.4929614,0
1.8601049999999972,1.4929614,0
1.8700215,1.4929614,0
1.8801076999999964,1.4929614,0
1.8900223999999994,1.4929614,0
1.9001162999999934,1.4929614,0
1.910082899999999,1.4929614,0
1.9200420999999963,1.4929614,0
1.9300780999999958,1.4929614,0
1.9400995999999964,1.4929614,0
1.9500648999999939,1.4929614,0
1.9599978999999976,1.4929614,0
1.9701992999999973,1.4929614,0
1.9800385999999932,1.4929614,0
1.9901359999999997,1.4929614,0
2.0001193999999956,1.4929614,0
2.0100796999999986,1.4929614,0
2.0199961,1.4929614,0
2.030068099999994,1.4929614,0
2.0400364999999994,1.4929614,0
2.0501270999999974,1.4929614,0
2.0599630999999974,1.4929614,0
2.070057999999996,1.4929614,0
2.0800304999999994,1.4929614,0
2.0902553999999967,1.4929614,0
2.100047199999999,1.4929614,0
2.1099733,1.4929614,0
2.1199733999999992,1.4929614,0
2.1299986999999945,1.4929614,0
2.1401420999999985,1.4929614,0
2.1500901,1.4929614,0
2.1600763,1.4929614,0
2.1700204999999997,1.4929614,0
2.1800409999999957,1.4929614,0
2.190109399999997,1.4929614,0
2.200105899999997,1.4929614,0
2.2099683,1.4929614,0
2.2200637999999984,1.4929614,0
2.2299830999999983,1.4929614,0
2.240343799999998,1.4929614,0
2.2501511999999977,1.4929614,0
2.2600561,1.4929614,0
2.2700356,1.4929614,0
2.2800575999999992,1.4929614,0
2.290142099999997,1.4929614,0
2.3002237999999977,1.4929614,0
2.3102604999999983,1.4929614,0
2.320249799999999,1.4929614,0
2.330213399999998,1.4929614,0
2.3410984,1.4929614,0
2.350137399999994,1.4929614,0
2.360047999999999,1.4929614,0
2.370105599999995,1.4929614,0
2.380232999999997,1.4929614,0
2.3900586999999973,1.4929614,0
2.400079699999999,1.4929614,0
2.409990899999997,1.4929614,0
2.420203199999996,1.4929614,0
2.430053199999996,1.4929614,0
2.440164699999997,1.4929614,0
2.450082799999997,1.4929614,0
2.4600056999999964,1.4929614,0
2.4701431999999954,1.4929614,0
2.4801638999999938,1.4929614,0
2.490169899999998,1.4929614,0
2.500059399999998,1.4929614,0
2.5099653999999987,1.4929614,0
2.5199997999999937,1.4929614,0
2.530024399999995,1.4929614,0
2.5401356999999933,1.4929614,0
2.550262199999999,1.4929614,0
2.560128799999994,1.4929614,0
2.570011699999995,1.4929614,0
2.5800180999999967,1.4929614,0
2.5905652999999944,1.4929614,0
2.6001310999999987,1.4929614,0
2.6099881999999965,1.4929614,0
2.620067199999994,1.4929614,0
2.6300119999999936,1.4929614,0
2.6400942,1.4929614,0
2.6502153999999933,1.4929614,0
2.6600587999999945,1.4929614,0
2.6699409999999943,1.4929614,0
2.680017299999996,1.4929614,0
2.690170699999996,1.4929614,0
2.7001830999999967,1.4929614,0
2.7102588999999995,1.4929614,0
2.7202621999999934,1.4929614,0
2.730218299999997,1.4929614,0
2.740230899999993,1.4929614,0
2.7502672999999973,1.4929614,0
2.760116399999994,1.4929614,0
2.770030499999997,1.4929614,0
2.780027799999999,1.4929614,0
2.790175699999999,1.4929614,0
2.800267699999999,1.4929614,0
2.8101006999999996,1.4929614,0
2.820100199999999,1.4929614,0
2.8299988999999997,1.4929614,0
2.840102999999999,1.4929614,0
2.8501143999999954,1.4929614,0
2.8600720999999965,1.4929614,0
2.8701042,1.4929614,0
2.880004899999996,1.4929614,0
2.890180699999995,1.4929614,0
2.9000652999999943,1.4929614,0
2.9100167,1.4929614,0
2.9200071999999935,1.4929614,0
2.9299550999999937,1.4929614,0
2.940078799999995,1.4929614,0
2.9501572999999937,1.4929614,0
2.9600361999999976,1.4929614,0
2.9700201999999933,1.4929614,0
2.9801036999999937,1.4929614,0
2.990214899999998,1.4929614,0
3.0001449999999963,1.4929614,0
3.0100318,1.4929614,0
3.020072799999994,1.4929614,0
3.0300126999999932,1.4929614,0
3.0402151999999987,1.4929614,0
3.0501768999999967,1.4929614,0
3.060111599999999,1.4929614,0
3.0699974999999995,1.4929614,0
3.080049299999999,1.4929614,0
3.0902143999999936,1.4929614,0
3.100292499999995,1.4929614,0
3.1101235999999943,1.4929614,0
3.120130499999995,1.4929614,0
3.1300270999999995,1.4929614,0
3.1401359999999983,1.4929614,0
3.1501103999999955,1.4929614,0
3.159980999999995,1.4929614,0
3.1701168999999965,1.4929614,0
3.1800347,1.4929614,0
3.190261299999996,1.4929614,0
3.200081399999995,1.4929614,0
3.2100611999999984,1.4929614,0
3.220029799999999,1.4929614,0
3.230056899999994,1.4929614,0
3.2400988999999996,1.4929614,0
3.250244099999996,1.4929614,0
3.2599921999999992,1.4929614,0
3.270142899999996,1.4929614,0
3.2801371999999986,1.4929614,0
3.2900615999999943,1.4929614,0
3.3001529999999946,1.4929614,0
3.3100425999999956,1.4929614,0
3.3200033999999974,1.4929614,0
3.330062599999998,1.4929614,0
3.340092999999996,1.4929614,0
3.350114099999999,1.4929614,0
3.3599750999999998,1.4929614,0
3.370170199999997,1.4929614,0
3.379988999999995,1.4929614,0
3.390165699999997,1.4929614,0
3.400193499999993,1.4929614,0
3.4100911999999965,1.4929614,0
3.4200143999999995,1.4929614,0
3.430078299999998,1.4929614,0
3.440107299999994,1.4929614,0
3.450154699999999,1.4929614,0
3.4600458999999972,1.4929614,0
3.470148799999997,1.4929614,0
3.4801664999999957,1.4929614,0
3.490168099999998,1.4929614,0
3.5001266999999956,1.4929614,0
3.5100087,1.4929614,0
3.5201008999999956,1.4929614,0
3.5300439999999966,1.4929614,0
3.5401647999999994,1.4929614,0
3.550055499999999,1.4929614,0
3.559982599999998,1.4929614,0
3.5699783999999966,1.4929614,0
3.5800220999999937,1.4929614,0
3.5900126999999955,1.4929614,0
3.600099499999999,1.4929614,0
3.610028,1.4929614,0
3.619928899999998,1.4929614,0
3.630002299999994,1.4929614,0
3.6401981999999933,1.4929614,0
3.6501617999999993,1.4929614,0
3.660007399999998,1.4929614,0
3.6700066999999947,1.4929614,0
3.6799693999999974,1.4929614,0
3.690092199999995,1.4929614,0
3.700056999999994,1.4929614,0
3.7100545999999994,1.4929614,0
3.7199698999999953,1.4929614,0
3.7300201999999985,1.4929614,0
3.7400782999999933,1.4929614,0
3.7501284999999953,1.4929614,0
3.7599819999999937,1.4929614,0
3.7699381999999986,1.4929614,0
3.7800078,1.4929614,0
3.7900722999999985,1.4929614,0
3.8001948,1.4929614,0
3.8100265999999934,1.4929614,0
3.8199802999999974,1.4929614,0
3.830030299999997,1.4929614,0
3.8400318999999996,1.4929614,0
3.850183399999999,1.4929614,0
3.8600622999999956,1.4929614,0
3.869981099999997,1.4929614,0
3.8802471999999995,1.4929614,0
3.8901908999999932,1.4929614,0
3.900255599999994,1.4929614,0
3.9102418999999955,1.4929614,0
3.9201786,1.4929614,0
3.930244099999996,1.4929614,0
3.940085599999996,1.4929614,0
3.950324699999996,1.4929614,0
3.960188599999995,1.4929614,0
3.9702580999999952,1.4929614,0
3.979995499999994,1.4929614,0
3.9901041999999975,1.4929614,0
4.000216699999996,1.4929614,0
4.010004799999997,1.4929614,0
4.020038799999995,1.4929614,0
4.0300623999999985,1.4929614,0
4.040148899999998,1.4929614,0
4.0501416999999975,1.4929614,0
4.060066099999993,1.4929614,0
4.070104899999997,1.4929614,0
4.080041199999997,1.4929614,0
4.090087499999996,1.4929614,0
4.100122299999995,1.4929614,0
4.110044699999996,1.4929614,0
4.1200098999999994,1.4929614,0
4.1300934,1.4929614,0
4.140102999999996,1.4929614,0
4.1501357,1.4929614,0
4.1599939999999975,1.4929614,0
4.170072299999994,1.4929614,0
4.180014099999994,1.4929614,0
4.190248599999997,1.4929614,0
4.200235399999997,1.4929614,0
4.2100222999999986,1.4929614,0
4.219961699999999,1.4929614,0
4.230001999999999,1.4929614,0
4.240141999999999,1.4929614,0
4.250326199999996,1.4929614,0
4.2601212999999944,1.4929614,0
4.269891799999996,1.4929614,0
4.279953799999994,1.4929614,0
4.290032199999999,1.4929614,0
4.300109899999995,1.4929614,0
4.310065999999999,1.4929614,0
4.3202286,1.4929614,0
4.330160299999996,1.4929614,0
4.340193499999998,1.4929614,0
4.350133399999997,1.4929614,0
4.360225199999995,1.4929614,0
4.370044699999994,1.4929614,0
4.380148999999996,1.4929614,0
4.3901769,1.4929614,0
4.400217899999994,1.4929614,0
4.410069099999994,1.4929614,0
4.4201241999999965,1.4929614,0
4.430020199999994,1.4929614,0
4.4401690999999985,1.4929614,0
4.450136599999993,1.4929614,0
4.459981799999994,1.4929614,0
4.470092899999997,1.4929614,0
4.480064799999994,1.4929614,0
4.490058299999994,1.4929614,0
4.500055499999995,1.4929614,0
4.510015399999993,1.4929614,0
4.520026999999999,1.4929614,0
4.5300461,1.4929614,0
4.540049999999994,1.4929614,0
4.550060799999997,1.4929614,0
4.560047499999996,1.4929614,0
4.570061799999998,1.4929614,0
4.580086399999999,1.4929614,0
4.590025699999998,1.4929614,0
4.6001236999999975,1.4929614,0
4.6099745,1.4929614,0
4.619952599999998,1.4929614,0
4.630024199999994,1.4929614,0
4.640089999999994,1.4929614,0
4.650185999999998,1.4929614,0
4.659994999999995,1.4929614,0
4.670045899999998,1.4929614,0
4.680023499999997,1.4929614,0
4.690120799999995,1.4929614,0
4.700168699999999,1.4929614,0
4.710085999999997,1.4929614,0
4.720006099999999,1.4929614,0
4.730027099999994,1.4929614,0
4.740177199999998,1.4929614,0
4.750085199999994,1.4929614,0
4.759969699999999,1.4929614,0
4.770009999999999,1.4929614,0
4.7799792,1.4929614,0
4.790229599999996,1.4929614,0
4.8001109,1.4929614,0
4.810069399999996,1.4929614,0
4.820061099999997,1.4929614,0
4.8299683999999985,1.4929614,0
4.840091099999995,1.4929614,0
4.850015899999995,1.4929614,0
4.860004599999996,1.4929614,0
4.870264599999999,1.4929614,0
4.880165399999996,1.4929614,0
4.890108099999999,1.4929614,0
4.9000270999999955,1.4929614,0
4.910015399999999,1.4929614,0
4.9200047,1.4929614,0
4.930031,1.4929614,0
4.940206599999996,1.4929614,0
4.950066799999995,1.4929614,0
4.960017799999996,1.4929614,0
4.970142099999997,1.4929614,0
4.980151499999998,1.4929614,0
4.990205899999999,1.4929614,0
5.000099299999995,1.4929614,0
5.010022999999997,1.4929614,0
5.020072299999995,1.4929614,0
5.030002599999996,1.4929614,0
5.040070799999995,1.4929614,0
5.050027699999994,1.4929614,0
5.059987099999994,1.4929614,0
5.0700328,1.4929614,0
5.080154099999994,1.4929614,0
5.0899861999999985,1.4929614,0
5.1001063,1.4929614,0
5.110038299999999,1.4929614,0
5.120042599999998,1.4929614,0
5.130101399999994,1.4929614,0
5.140086399999994,1.4929614,0
5.150070499999998,1.4929614,0
5.160118199999999,1.4929614,0
5.170076299999998,1.4929614,0
5.180004599999997,1.4929614,0
5.190131599999994,1.4929614,0
5.200174499999996,1.4929614,0
5.2100054,1.4929614,0
5.220001699999997,1.4929614,0
5.229988599999999,1.4929614,0
5.240168799999999,1.4929614,0
5.250066399999994,1.4929614,0
5.2600719,1.4929614,0
5.269965099999993,1.4929614,0
5.280176299999994,1.4929614,0
5.290219199999996,1.4929614,0
5.300110399999994,1.4929614,0
5.310001399999997,1.4929614,0
5.320001899999994,1.4929614,0
5.329949199999994,1.4929614,0
5.340021999999998,1.4929614,0
5.350164199999995,1.4929614,0
5.360020399999996,1.4929614,0
5.369981199999998,1.4929614,0
5.379965199999994,1.4929614,0
5.390228299999997,1.4929614,0
5.400083499999994,1.4929614,0
5.4100155,1.4929614,0
5.420006399999998,1.4929614,0
5.4299909,1.4929614,0
5.4400685999999965,1.4929614,0
5.450079899999999,1.4929614,0
5.460030599999996,1.4929614,0
5.469979099999996,1.4929614,0
5.480132899999994,1.4929614,0
5.4900651999999965,1.4929614,0
5.500008599999994,1.4929614,0
5.5100128999999995,1.4929614,0
5.519969499999995,1.4929614,0
5.529965499999996,1.4929614,0
5.540079799999994,1.4929614,0
5.550122399999999,1.4929614,0
5.5599463,1.4929614,0
5.5700629999999975,1.4929614,0
5.579978699999998,1.4929614,0
5.590132099999998,1.4929614,0
5.600157999999993,1.4929614,0
5.610051499999997,1.4929614,0
5.619999899999996,1.4929614,0
5.630062499999994,1.4929614,0
5.640090299999997,1.4929614,0
5.6501357,1.4929614,0
5.660254599999995,1.4929614,0
5.670190499999997,1.4929614,0
5.680247999999999,1.4929614,0
5.690268799999998,1.4929614,0
5.700164699999995,1.4929614,0
5.709991499999994,1.4929614,0
5.720263599999996,1.4929614,0
5.729999599999999,1.4929614,0
5.740202599999996,1.4929614,0
5.7500997,1.4929614,0
5.759945699999996,1.4929614,0
5.7700082999999935,1.4929614,0
5.779965399999995,1.4929614,0
5.790055899999999,1.4929614,0
5.800096399999994,1.4929614,0
5.809979799999994,1.4929614,0
5.819984499999997,1.4929614,0
5.830003499999997,1.4929614,0
5.8401341,1.4929614,0
5.850093099999995,1.4929614,0
5.860099399999996,1.4929614,0
5.869947599999996,1.4929614,0
5.879955499999994,1.4929614,0
5.890101999999999,1.4929614,0
5.900016099999995,1.4929614,0
5.909992299999999,1.4929614,0
5.919962999999996,1.4929614,0
5.929966299999997,1.4929614,0
5.940126699999993,1.4929614,0
5.950155599999995,1.4929614,0
5.9600078,1.4929614,0
5.969998199999999,1.4929614,0
5.980032399999999,1.4929614,0
5.990062799999997,1.4929614,0
6.000178299999995,1.4929614,0
6.010011599999999,1.4929614,0
6.019994999999994,1.4929614,0
6.030126299999999,1.4929614,0
6.040108599999996,1.4929614,0
6.050079499999995,1.4929614,0
6.060023199999996,1.4929614,0
6.069979199999999,1.4929614,0
6.080008599999999,1.4929614,0
6.090395599999994,1.4929614,0
6.100211999999999,1.4929614,0
6.110243299999993,1.4929614,0
6.120149099999999,1.4929614,0
6.130074499999999,1.4929614,0
6.1402857,1.4929614,0
6.150242499999997,1.4929614,0
6.160041899999996,1.4929614,0
6.1699793999999955,1.4929614,0
6.179962499999995,1.4929614,0
6.1900368999999955,1.4929614,0
6.200075299999995,1.4929614,0
6.209996799999999,1.4929614,0
6.220085399999995,1.4929614,0
6.230003399999994,1.4929614,0
6.2401219999999995,1.4929614,0
6.250101599999994,1.4929614,0
6.2600579,1.4929614,0
6.2701159999999945,1.4929614,0
6.2800934999999996,1.4929614,0
6.290034399999996,1.4929614,0
6.300118499999996,1.4929614,0
6.310115999999994,1.4929614,0
6.320031,1.4929614,0
6.330012099999998,1.4929614,0
6.3401388999999995,1.4929614,0
6.350079799999996,1.4929614,0
6.3601496,1.4929614,0
6.370096999999994,1.4929614,0
6.380048099999996,1.4929614,0
6.390039399999999,1.4929614,0
6.400040499999996,1.4929614,0
6.410023599999995,1.4929614,0
6.420025299999999,1.4929614,0
6.430109999999999,1.4929614,0
6.440012499999995,1.4929614,0
6.450036299999994,1.4929614,0
6.459994699999996,1.4929614,0
6.470009099999999,1.4929614,0
6.480002999999996,1.4929614,0
6.490160199999998,1.4929614,0
6.500133499999997,1.4929614,0
6.510070199999994,1.4929614,0
6.520059199999999,1.4929614,0
6.530038999999995,1.4929614,0
6.540150099999998,1.4929614,0
6.550097699999995,1.4929614,0
6.559993499999997,1.4929614,0
6.569991399999999,1.4929614,0
6.5799961999999965,1.4929614,0
6.590061199999994,1.4929614,0
6.600080899999995,1.4929614,0
6.609991699999995,1.4929614,0
6.620064799999994,1.4929614,0
6.630096199999997,1.4929614,0
6.640000599999993,1.4929614,0
6.6500913,1.4929614,0
6.660002799999994,1.4929614,0
6.6700254,1.4929614,0
6.680040099999999,1.4929614,0
6.690226399999993,1.4929614,0
6.700089399999996,1.4929614,0
6.710049599999998,1.4929614,0
6.719937799999997,1.4929614,0
6.729988299999995,1.4929614,0
6.740077499999998,1.4929614,0
6.750102099999999,1.4929614,0
6.759872599999994,1.4929614,0
6.769978799999997,1.4929614,0
6.7799403,1.4929614,0
6.790132799999995,1.4929614,0
6.800226799999997,1.4929614,0
6.810224799999993,1.4929614,0
6.819971299999999,1.4929614,0
6.8300470999999945,1.4929614,0
6.8400794999999945,1.4929614,0
6.850223,1.4929614,0
6.859963599999993,1.4929614,0
6.870018999999999,1.4929614,0
6.879967799999996,1.4929614,0
6.890221199999999,1.4929614,0
6.900037699999999,1.4929614,0
6.910296899999999,1.4955319770407407,0
6.920430599999996,1.503285782959964,0
6.930264899999997,1.5265053878971455,0
6.9404837999999955,1.5889210521242194,0
6.950330899999997,1.72619683012921,0
6.960334699999997,1.836264534809469,0
6.970324699999999,2.0692112115510746,0
6.983509699999999,2.242820153700272,0
6.990437699999994,2.3986113259222694,0
7.0002535999999935,2.4567538217125966,0
7.010295899999996,2.6405667885335107,0
7.020409699999995,2.5542033355265574,0
7.030319199999994,2.682756450450146,0
7.040391999999997,2.7117385999248254,0
7.0503839,2.9527655519713805,0
7.060288899999996,3.2100781990336418,0
7.073572299999995,3.387223426124615,0
7.080379399999998,3.7614677144230857,0
7.0905434999999954,4.247866147449342,0
7.104391799999995,4.630791777478766,0
7.110458599999994,4.9750678252675264,0
7.120309599999999,5.372577572356361,0
7.134718199999995,5.704400565352053,0
7.140629399999995,5.78954518471769,0
7.150371199999995,5.7981536807136225,0
7.160236699999999,5.982966845017518,0
7.170416299999999,5.97398909207301,0
7.180297999999993,5.763822758056602,0
7.190380499999996,6.101326389554399,1.0999999986438525e-06
7.203811299999998,6.376715611123658,0.013444499999998527
7.210296799999995,6.445616409894751,0.01995489999999478
7.220319999999994,6.79434803340286,0.029949099999996065
7.230340799999993,6.966845205721355,0.0399923999999956
7.240495599999996,6.988798062988308,0.05004519999999957
7.250331999999993,7.41117389899744,0.06000039999999984
7.262488999999995,7.45873648687406,0.07214909999999719
7.270354399999995,8.494446557780574,0.07998229999999751
7.285612699999994,8.579011088888649,0.09517469999999406
7.290643799999998,8.152816159873417,0.1002298999999951
7.300389199999998,8.494446557780574,0.11000549999999976
7.310314599999998,8.536601976918485,0.11994819999999606
7.320427499999994,8.780319768902485,0.13003709999999558
7.3302731999999935,8.522522057577296,0.13993229999999812
7.340431699999996,8.593204099345877,0.1500460999999973
7.350283999999995,8.522522057577296,0.15996179999999782
7.360283499999994,8.751215137895052,0.16995059999999995
7.370362799999995,8.607425524228983,0.17997169999999585
7.380236099999998,8.765752901088112,0.18989469999999642
7.3903655999999955,8.838879453474007,0.20002589999999998
7.400290999999996,8.853592720743801,0.20996289999999362
7.410242799999999,9.200248340363991,0.21989849999999933
7.424369399999996,8.987344746665283,0.2338762999999986
7.4305029999999945,9.75933342781462,0.24007199999999784
7.450884799999997,9.859168038600663,0.26042739999999753
7.453979599999997,9.123526107475662,0.2636012999999977
7.460549499999999,9.57938597223622,0.2701518999999948
7.470481499999998,9.27774164451191,0.2800960999999944
7.480746799999999,10.376713222184142,0
7.496168599999997,9.123526107475662,2.900000005467973e-06
7.513908399999998,9.57938597223622,0.017715500000001327
7.514663999999996,9.530992581754338,0.018520300000005818
7.5203609,9.842445630505686,0.024190100000005543
7.530581499999997,9.200248340363991,0.034443600000003016
7.540716699999997,9.57938597223622,0.04435320000000331
7.550352199999999,9.660689672932362,0.054209900000003586
7.560245599999995,9.435072542049229,0.06407690000000343
7.5707235,9.660689672932362,0.07452820000000315
7.580493599999997,9.595581734544421,0.08422870000000415
7.590484999999994,9.154122964824467,0.09423660000000211
7.600603799999995,9.693439487586987,0.1043414000000027
7.6103080999999975,9.27774164451191,0.11409570000000002
7.620491999999999,9.26218092712718,0.12431769999999887
7.6303351999999975,9.340296664120023,0.13419100000000128
7.6403899999999965,9.30895659937976,0.14416260000000136
7.650264,9.530992581754338,0.15410500000000127
7.6602964,9.32461096172274,0.16414340000000038
7.6703515999999965,9.017395787665905,0.1741852000000037
7.6802858,9.356013769314421,0.18413250000000403
7.690497999999998,9.077859687091145,0.19426810000000216
7.700335599999995,9.51492586865949,0.20413260000000122
7.710241799999999,9.017395787665905,0.21410920000000289
7.720483099999996,9.435072542049229,0.2243157999999994
7.730302799999997,9.403354130994348,0.23411380000000293
7.740440499999998,9.246651300076511,0.24423330000000476
7.750537199999997,9.215685068627405,0.25428720000000027
7.760346999999996,9.435072542049229,0.26412990000000036
7.770250399999995,9.466918080834294,0.27407850000000167
7.780243499999997,9.138809237726493,0.28411580000000214
7.790404899999999,9.246651300076511,0.2942516000000026
7.800560699999998,9.154122964824467,0.3044387000000057
7.8102778999999956,9.293333514473604,0.3141272000000015
7.820376399999994,9.340296664120023,0.32422220000000124
7.830234099999998,9.200248340363991,0.33411650000000037
7.840332799999999,9.563222569082706,0.34415440000000075
7.850260499999997,9.246651300076511,0.35410080000000477
7.860301099999994,9.387542439694219,0.36415350000000046
7.870457599999995,9.06269833412371,0.37428240000000557
7.880341599999994,9.54709146043023,0.38413970000000575
7.890379599999996,9.293333514473604,0.3941733999999997
7.900269299999998,9.231152701241395,0.40414690000000064
7.910291099999995,9.340296664120023,0.41415530000000444
7.920438699999998,9.26218092712718,0.42422000000000537
7.930279999999996,9.859168038600663,0.43411139999999904
7.940490299999993,9.51492586865949,0.4442893000000012
7.950296299999998,9.660689672932362,0.45417220000000214
7.960304399999998,8.536601976918485,0.4641577000000012
7.973766399999995,9.62807059588681,0.47761060000000555
7.987641499999995,9.27774164451191,0.49135250000000497
7.990402099999997,9.62807059588681,0.49421630000000505
8.000329699999995,9.74281048940505,0.5041893000000002
8.010261299999996,9.435072542049229,0.5141090000000048
8.020369499999994,9.74281048940505,0.5241578000000047
8.030398899999994,9.62807059588681,0.5341955000000027
8.0408598,9.466918080834294,0.5447164000000058
8.050253999999995,9.644363824876494,0.5540986000000032
8.060435199999993,11.155481122997937,0
8.074518899999994,9.792478607692077,2.2999999984563146e-06
8.0892001,9.644363824876494,0.014704100000002995
8.0904004,9.693439487586987,0.015910800000000336
8.100304899999998,9.595581734544421,0.025813800000001663
8.1104335,9.72632056384844,0.03581660000000397
8.120392099999997,9.74281048940505,0.04588379999999859
8.130319099999994,9.62807059588681,0.05579330000000482
8.140459999999997,9.72632056384844,0.06588779999999872
8.1503868,9.563222569082706,0.07584200000000152
8.160276499999995,9.77588944516893,0.08579680000000423
8.1702449,8.397061988565584,0.09572419999999937
8.183882499999996,9.644363824876494,0.1093523999999988
8.1981799,9.77588944516893,0.12370049999999821
8.200360799999999,9.644363824876494,0.12588200000000427
8.210237499999998,9.74281048940505,0.1357323000000008
8.220323199999996,9.660689672932362,0.14581470000000252
8.230293599999996,9.926393124720537,0.15581680000000375
8.2402619,9.677048205357805,0.16575190000000362
8.250355199999994,9.644363824876494,0.17583300000000435
8.260263599999995,9.825756633804376,0.18573770000000422
8.270414599999995,9.75933342781462,0.19583520000000476
8.280423799999994,9.74281048940505,0.2058973999999978
8.290278899999997,9.792478607692077,0.2157893000000044
8.300414099999998,9.74281048940505,0.22589570000000236
8.310380199999997,9.72632056384844,0.23584029999999956
8.3204967,9.74281048940505,0.2459567000000007
8.330248899999994,9.72632056384844,0.25576449999999795
8.340508699999994,9.74281048940505,0.26591260000000005
8.350366699999995,9.89271335666411,0.2758381000000014
8.360782999999998,9.842445630505686,0.2863004000000018
8.370403399999994,9.677048205357805,0.29584830000000295
8.380271999999998,9.74281048940505,0.305776299999998
8.3907533,9.74281048940505,0.31611450000000474
8.400340899999996,9.792478607692077,0.3258203999999978
8.4102684,9.75933342781462,0.33575520000000125
8.420284499999994,9.61180992079036,0.3457712000000015
8.430328999999993,9.74281048940505,0.35582380000000313
8.440350199999997,9.74281048940505,0.3657925999999989
8.450273099999997,9.74281048940505,0.3757748000000021
8.460298599999994,9.89271335666411,0.38581489999999974
8.4703272,9.74281048940505,0.39580589999999916
8.480285799999997,9.859168038600663,0.4057721000000001
8.490389199999996,9.89271335666411,0.41584320000000474
8.500343899999997,9.792478607692077,0.4258018000000021
8.510224399999998,9.660689672932362,0.4357153999999994
8.520325699999994,9.825756633804376,0.4458187000000038
8.530422599999994,10.011184305278535,0
8.544437199999997,9.89271335666411,2.0000000020559128e-06
8.557505199999994,9.792478607692077,0.013027100000002179
8.560363799999998,9.74281048940505,0.01584270000000032
8.570436299999997,10.011184305278535,0
8.586298999999997,9.875923924978945,3.1000000006997652e-06
8.601973699999995,9.842445630505686,0.015671699999998623
8.602673599999996,9.842445630505686,0.016423799999998323
8.610311699999997,9.74281048940505,0.024039600000001826
8.6207292,9.75933342781462,0.03440420000000444
8.630295599999997,9.72632056384844,0.04402300000000281
8.6405149,9.74281048940505,0.0541126000000034
8.650355699999999,9.842445630505686,0.06413290000000416
8.660271299999998,9.75933342781462,0.07403159999999787
8.670366699999995,9.825756633804376,0.0840367999999998
8.680321999999997,9.74281048940505,0.09405399999999986
8.690320999999997,9.660689672932362,0.10408019999999851
8.700306899999994,9.62807059588681,0.11405109999999752
8.710364999999996,9.61180992079036,0.12410429999999906
8.720453899999995,9.466918080834294,0.13416289999999975
8.730320899999995,9.51492586865949,0.14400750000000073
8.740453199999997,9.482888682273867,0.15416629999999998
8.750422199999996,9.371762340174383,0.16413450000000296
8.760255799999996,9.498891256878826,0.17401569999999822
8.770337099999999,9.371762340174383,0.18405190000000005
8.780305299999995,9.62807059588681,0.19404970000000077
8.790423499999996,9.450979388677672,0.20409030000000428
8.800423799999997,9.482888682273867,0.2140890000000013
8.810263599999999,9.371762340174383,0.2240265000000008
8.820196499999994,9.215685068627405,0.23396310000000398
8.830302399999994,9.32461096172274,0.24406240000000423
8.840350099999995,9.30895659937976,0.2540452000000002
8.850280999999995,9.356013769314421,0.26402339999999924
8.860318,9.403354130994348,0.27409930000000315
8.870221699999995,9.340296664120023,0.28397980000000445
8.8802089,9.371762340174383,0.29398259999999965
8.890443399999995,9.435072542049229,0.3041122999999999
8.900789099999997,9.482888682273867,0.3145456000000024
8.910309299999994,9.482888682273867,0.324049500000001
8.920324199999996,9.51492586865949,0.3340802000000025
8.930290099999993,9.482888682273867,0.3440493000000018
8.940464499999997,9.482888682273867,0.3541270999999995
8.950300299999995,9.419197477321548,0.3640614000000042
8.960273599999994,9.32461096172274,0.3740413000000018
8.970361499999996,9.530992581754338,0.38408669999999745
8.980277299999997,9.435072542049229,0.3940494000000001
8.9904595,9.693439487586987,0.40411459999999977
9.000392999999995,9.387542439694219,0.4140958999999995
9.010575399999993,9.371762340174383,0.42433900000000335
9.020328999999997,9.450979388677672,0.434072399999998
9.030234099999994,9.419197477321548,0.4440044000000043
9.040357399999998,9.419197477321548,0.454062399999998
9.050302799999997,9.387542439694219,0.4640746999999976
9.060293599999994,9.32461096172274,0.47407960000000315
9.070293899999996,9.482888682273867,0.4840510000000009
9.080327499999996,9.30895659937976,0.49406330000000054
9.090363699999997,9.435072542049229,0.5040931999999998
9.100379499999995,9.340296664120023,0.5140674000000018
9.110267599999993,9.482888682273867,0.5240121000000002
9.120315899999994,9.371762340174383,0.5340416000000019
9.130377399999993,9.231152701241395,0.544107099999998
9.1404632,9.27774164451191,0.5541373000000007
9.150494299999998,9.466918080834294,0.5641759000000022
9.160294099999994,9.466918080834294,0.5739838000000006
9.170580599999994,9.482888682273867,0.5842914999999991
9.180206799999993,9.32461096172274,0.5939774
9.190378699999997,9.371762340174383,0.6040390000000002
9.2005214,9.246651300076511,0.6141240000000039
9.210269099999998,9.356013769314421,0.6240025000000031
9.220240899999993,9.403354130994348,0.6339915000000005
9.230265999999993,9.231152701241395,0.6440357000000034
9.240566899999997,9.371762340174383,0.654207300000003
9.250429099999998,9.246651300076511,0.6640932000000035
9.260510799999999,9.340296664120023,0.6741647999999998
9.270475699999999,9.154122964824467,0.6841544999999982
9.280503599999996,9.215685068627405,0.6941816000000003
9.290652099999996,9.200248340363991,0.7042761000000013
9.300463999999998,9.184842454704212,0.7140951000000015
9.310377599999995,9.340296664120023,0.7240441000000004
9.3206888,9.30895659937976,0.7343097999999983
9.330616799999994,9.06269833412371,0.7441597999999985
9.340787799999994,8.987344746665283,0.7542912999999984
9.357592599999997,9.002355241650097,0.7712300000000027
9.374562899999994,8.987344746665283,0.7881216999999978
9.375433699999995,8.912740939929662,0.7891338000000019
9.3910925,9.27774164451191,0.8047916000000015
9.392004,8.883107682196407,0.8057234999999991
9.405593999999994,8.897909494439109,0.8192902999999987
9.410271299999998,8.957413669740566,0.8240327000000036
9.420891699999999,8.751215137895052,0.8346209000000044
9.430600199999994,8.722226692884746,0.8443328999999977
9.440401899999998,8.780319768902485,0.854112200000003
9.450324499999994,8.635953844929547,0.8640790999999979
9.460288999999996,8.722226692884746,0.8740493000000029
9.470245799999994,9.138809237726493,0.8839883999999998
9.4833425,8.66459650744409,0.8970819999999975
9.498470699999999,8.621675420423669,0.9122411000000028
9.500277099999998,8.650260854860331,0.914042000000002
9.510354499999998,8.522522057577296,0.9240642999999977
9.5203396,8.693353970055812,0.9340764000000021
9.530262299999997,8.508470269933717,0.9439740999999984
9.540448899999994,8.522522057577296,0.9541409999999999
9.5503814,8.508470269933717,0.9641076999999996
9.560263999999997,8.536601976918485,0.9739841000000027
9.570499499999997,7.567153771952609,0.9841923000000037
9.583870299999994,8.550710084276984,0.9976319000000018
9.599097699999994,8.522522057577296,1.0128296000000034
9.600493399999998,8.480450865022997,1.0128296000000034
9.612027999999995,8.607425524228983,1.0128296000000034
9.626954699999999,8.480450865022997,1.0128296000000034
9.6303293,8.621675420423669,1.0128296000000034
9.640628499999998,8.438631343854855,1.0128296000000034
9.650411299999995,8.522522057577296,1.0128296000000034
9.660523099999999,8.522522057577296,1.0128296000000034
9.670339999999996,8.635953844929547,1.0128296000000034
9.680269699999997,8.607425524228983,1.0128296000000034
9.690567999999999,8.550710084276984,1.0128296000000034
9.700497399999996,8.635953844929547,1.0128296000000034
9.710341299999996,8.650260854860331,1.0128296000000034
9.720526899999996,8.550710084276984,1.0128296000000034
9.7304611,8.564846436085226,1.0128296000000034
9.740506599999996,8.67896086002344,1.0128296000000034
9.750911299999999,8.536601976918485,1.0128296000000034
9.760428899999994,8.593204099345877,1.0128296000000034
9.770422199999999,8.607425524228983,1.0128296000000034
9.780449899999994,8.522522057577296,1.0128296000000034
9.7905278,8.593204099345877,1.0128296000000034
9.800545799999995,8.593204099345877,1.0128296000000034
9.810423099999994,8.536601976918485,1.0128296000000034
9.8208141,8.593204099345877,1.0128296000000034
9.830373099999996,8.536601976918485,1.0128296000000034
9.840485899999997,8.522522057577296,1.0128296000000034
9.850448999999998,8.410890736681248,1.0128296000000034
9.860703399999998,8.466483135678205,1.0128296000000034
9.870351899999996,8.452543313875262,1.0128296000000034
9.880331799999993,8.369487326701252,1.0128296000000034
9.890515299999997,8.522522057577296,1.0128296000000034
9.900407299999998,8.424747169969082,1.0128296000000034
9.910404399999997,8.480450865022997,1.0128296000000034
9.920435499999996,8.452543313875262,1.0128296000000034
9.930497599999995,8.480450865022997,1.0128296000000034
9.940455199999995,8.494446557780574,1.0128296000000034
9.950585499999995,8.522522057577296,1.0128296000000034
9.960386399999997,8.522522057577296,1.0128296000000034
9.970395399999994,8.508470269933717,1.0128296000000034
9.980363899999993,8.635953844929547,1.0128296000000034
9.990474399999997,8.522522057577296,1.0128296000000034
10.000530299999994,8.593204099345877,1.0128296000000034
10.0104063,8.621675420423669,1.0128296000000034
10.020519199999995,8.66459650744409,1.0128296000000034
10.030509299999999,8.650260854860331,1.0128296000000034
10.040568899999997,8.550710084276984,1.0128296000000034
10.050429399999999,8.607425524228983,1.0128296000000034
10.060454899999996,8.987344746665283,1.0128296000000034
10.070440299999994,8.736706421172222,1.0128296000000034
10.080305799999998,8.536601976918485,1.0128296000000034
10.0906782,8.707775895113674,1.0128296000000034
10.1004157,8.751215137895052,1.0128296000000034
10.110371299999997,8.522522057577296,1.0128296000000034
10.120507599999996,8.650260854860331,1.0128296000000034
10.130918199999996,8.522522057577296,1.0128296000000034
10.140573999999994,8.751215137895052,1.0128296000000034
10.150571899999996,8.564846436085226,1.0128296000000034
10.160390099999994,8.722226692884746,1.0128296000000034
10.170344899999996,8.397061988565584,1.0128296000000034
10.180391499999999,8.751215137895052,1.0128296000000034
10.190554499999998,8.722226692884746,1.0128296000000034
10.200553399999997,8.824195583331818,1.0128296000000034
10.210450099999996,8.987344746665283,1.0128296000000034
10.220356199999998,8.780319768902485,1.0128296000000034
10.230339799999996,8.853592720743801,1.0128296000000034
10.240613499999995,8.780319768902485,1.0128296000000034
10.250493799999994,8.883107682196407,1.0128296000000034
10.260413199999995,8.824195583331818,1.0128296000000034
10.270341899999998,8.883107682196407,1.0128296000000034
10.280416199999998,8.94249296807631,1.0128296000000034
10.290439499999998,8.987344746665283,1.0128296000000034
10.300497199999995,8.972364242669451,1.0128296000000034
10.310459699999996,9.017395787665905,1.0128296000000034
10.320474099999998,9.340296664120023,1.0128296000000034
10.330607899999997,9.017395787665905,1.0128296000000034
10.340578999999998,9.184842454704212,1.0128296000000034
10.350496999999997,9.184842454704212,1.0128296000000034
10.360554099999995,9.047567273559713,1.0128296000000034
10.370499299999999,9.16946735002452,1.0128296000000034
10.380732699999996,9.184842454704212,1.0128296000000034
10.390565099999996,8.868335443994296,1.0128296000000034
10.400596199999995,8.987344746665283,1.0128296000000034
10.410496899999998,8.912740939929662,1.0128296000000034
10.420334699999998,8.987344746665283,1.0128296000000034
10.430385299999998,8.987344746665283,1.0128296000000034
10.440639899999994,8.883107682196407,1.0128296000000034
10.450564099999994,8.987344746665283,1.0128296000000034
10.460399499999994,8.838879453474007,1.0128296000000034
10.470472899999997,8.883107682196407,1.0128296000000034
10.480442499999995,8.650260854860331,1.0128296000000034
10.490552899999997,8.424747169969082,1.0128296000000034
10.500460399999994,8.192915634959567,1.0128296000000034
10.510576299999997,8.073335404255426,1.0128296000000034
10.520487699999997,7.714779485070684,1.0128296000000034
10.530355399999998,7.506681101523312,1.0128296000000034
10.540488999999994,6.9449799844945455,1.0128296000000034
10.550448699999997,6.576162582781321,1.0128296000000034
10.560412199999995,6.27994423832014,1.0128296000000034
10.570392199999993,5.876409839490586,1.0128296000000034
10.580360399999996,5.175822698741421,1.0128296000000034
10.590473999999993,4.739428659760467,1.0128296000000034
