0.0005093999999985499,1.4929614,0
0.010318399999999173,1.4929614,0
0.026486899999998315,1.4929614,0
0.030256699999998915,1.4929614,0
0.04020919999999961,1.4929614,0
0.050155300000000125,1.4929614,0
0.060326599999999786,1.4929614,0
0.07023099999999971,1.4929614,0
0.08017659999999793,1.4929614,0
0.0901980999999985,1.4929614,0
0.10026470000000032,1.4929614,0
0.1104137999999999,1.4929614,0
0.12022209999999944,1.4929614,0
0.13022699999999787,1.4929614,0
0.1402082,1.4929614,0
0.1501425999999988,1.4929614,0
0.16033109999999695,1.4929614,0
0.17023999999999972,1.4929614,0
0.18041419999999775,1.4929614,0
0.19038819999999745,1.4929614,0
0.2003668999999988,1.4929614,0
0.2104961000000003,1.4929614,0
0.22029869999999718,1.4929614,0
0.2304089999999981,1.4929614,0
0.2403538999999988,1.4929614,0
0.25022719999999765,1.4929614,0
0.26039949999999834,1.4929614,0
0.270343399999998,1.4929614,0
0.2802176999999979,1.4929614,0
0.290287799999998,1.4929614,0
0.30018499999999904,1.4929614,0
0.31037279999999967,1.4929614,0
0.3201576999999993,1.4929614,0
0.33020859999999885,1.4929614,0
0.34033999999999764,1.4929614,0
0.3501987999999976,1.4929614,0
0.3603777999999984,1.4929614,0
0.3702142999999971,1.4929614,0
0.3802158999999996,1.4929614,0
0.3903169999999996,1.4929614,0
0.4002069999999982,1.4929614,0
0.4103898999999984,1.4929614,0
0.4202338999999995,1.4929614,0
0.4302969999999995,1.4929614,0
0.4403018999999979,1.4929614,0
0.4501723999999996,1.4929614,0
0.4604558999999995,1.4929614,0
0.47030679999999947,1.4929614,0
0.4801948999999972,1.4929614,0
0.4902220999999969,1.4929614,0
0.5002952,1.4929614,0
0.5105392999999978,1.4929614,0
0.5202723999999996,1.4929614,0
0.5301836999999985,1.4929614,0
0.5401580999999993,1.4929614,0
0.5502101999999987,1.4929614,0
0.560568,1.4929614,0
0.5702295,1.4929614,0
0.5802415999999972,1.4929614,0
0.5902946,1.4929614,0
0.6002096999999971,1.4929614,0
0.6104239999999983,1.4929614,0
0.620200999999998,1.4929614,0
0.6301565999999994,1.4929614,0
0.6403094999999972,1.4929614,0
0.6501505999999999,1.4929614,0
0.6603132999999985,1.4929614,0
0.6702201999999993,1.4929614,0
0.6802907999999981,1.4929614,0
0.6902067999999986,1.4929614,0
0.7002008999999987,1.4929614,0
0.7104178999999995,1.4929614,0
0.7201774999999984,1.4929614,0
0.7302669000000002,1.4929614,0
0.7402874999999973,1.4929614,0
0.7501145999999999,1.4929614,0
0.7603902999999974,1.4929614,0
0.7703008999999987,1.4929614,0
0.7802396999999992,1.4929614,0
0.7902556999999995,1.4929614,0
0.8001716999999999,1.4929614,0
0.8104550999999987,1.4929614,0
0.8201888000000004,1.4929614,0
0.8301823999999982,1.4929614,0
0.8402523999999971,1.4929614,0
0.8502818999999988,1.4929614,0
0.860343799999999,1.4929614,0
0.8701957,1.4929614,0
0.8801405999999972,1.4929614,0
0.8901703999999988,1.4929614,0
0.9002070999999994,1.4929614,0
0.910377699999998,1.4929614,0
0.9202864999999996,1.4929614,0
0.9302755999999981,1.4929614,0
0.9401541999999985,1.4929614,0
0.9502658000000004,1.4929614,0
0.960413299999999,1.4929614,0
0.9701978999999987,1.4929614,0
0.9802065999999989,1.4929614,0
0.9902560999999999,1.4929614,0
1.0002840999999982,1.4929614,0
1.0131120999999972,1.4929614,0
1.020170799999999,1.4929614,0
1.0302325000000003,1.4929614,0
1.0404848999999992,1.4929614,0
1.0501936999999977,1.4929614,0
1.0603613000000003,1.4929614,0
1.0702187999999992,1.4929614,0
1.080223499999999,1.4929614,0
1.0903142999999993,1.4929614,0
1.1003079999999983,1.4929614,0
1.1102930999999998,1.4929614,0
1.1202444999999983,1.4929614,0
1.1303006999999994,1.4929614,0
1.140222699999999,1.4929614,0
1.1501395999999993,1.4929614,0
1.1605180999999973,1.4929614,0
1.170241599999997,1.4929614,0
1.1802496999999974,1.4929614,0
1.1902626999999981,1.4929614,0
1.2003354000000002,1.4929614,0
1.2102907999999992,1.4929614,0
1.2202080999999971,1.4929614,0
1.2303119000000002,1.4929614,0
1.2403040999999995,1.4929614,0
1.2501739,1.4929614,0
1.2605913999999991,1.4929614,0
1.2704094999999995,1.4929614,0
1.2802872,1.4929614,0
1.2904212999999984,1.4929614,0
1.3004098999999982,1.4929614,0
1.3104669999999992,1.4929614,0
1.320437799999997,1.4929614,0
1.3304463999999996,1.4929614,0
1.340245999999997,1.4929614,0
1.3505134999999981,1.4929614,0
1.3605786999999978,1.4929614,0
1.3703052999999983,1.4929614,0
1.3801922999999974,1.4929614,0
1.390290499999999,1.4929614,0
1.4001751999999996,1.4929614,0
1.4104396000000001,1.4929614,0
1.4201930999999988,1.4929614,0
1.4302208999999984,1.4929614,0
1.4403267,1.4929614,0
1.4502206999999991,1.4929614,0
1.4602565999999975,1.4929614,0
1.4702291999999986,1.4929614,0
1.480183799999999,1.4929614,0
1.4903115999999983,1.4929614,0
1.5002563999999978,1.4929614,0
1.5104286999999985,1.4929614,0
1.5203044999999982,1.4929614,0
1.5303101999999988,1.4929614,0
1.540273299999999,1.4929614,0
1.5501401000000001,1.4929614,0
1.5604338999999996,1.4929614,0
1.570242099999998,1.4929614,0
1.5802517999999992,1.4929614,0
1.5902427999999986,1.4929614,0
1.6001811000000004,1.4929614,0
1.610372899999998,1.4929614,0
1.6202204999999985,1.4929614,0
1.6301992999999975,1.4929614,0
1.6403660000000002,1.4929614,0
1.6502039999999987,1.4929614,0
1.6605263999999984,1.4929614,0
1.670181999999997,1.4929614,0
1.6802054999999996,1.4929614,0
1.690384599999998,1.4929614,0
1.7003136999999988,1.4929614,0
1.7104542999999985,1.4929614,0
1.7202941000000003,1.4929614,0
1.730309799999997,1.4929614,0
1.7401614999999993,1.4929614,0
1.7504938999999986,1.4929614,0
1.7791688999999984,1.4929614,0
1.7835922999999987,1.4929614,0
1.7846245999999972,1.4929614,0
1.790402799999999,1.4929614,0
1.8003386,1.4929614,0
1.8103037999999998,1.4929614,0
1.8203794999999978,1.4929614,0
1.830524999999998,1.4929614,0
1.8405120000000004,1.4929614,0
1.8502089999999995,1.4929614,0
1.8603515999999978,1.4929614,0
1.8702131999999985,1.4929614,0
1.8801664000000002,1.4929614,0
1.8902314999999987,1.4929614,0
1.9002128999999996,1.4929614,0
1.9104055999999972,1.4929614,0
1.9202151,1.4929614,0
1.9302555999999989,1.4929614,0
1.9402293999999998,1.4929614,0
1.9501275999999983,1.4929614,0
1.9604216,1.4929614,0
1.970162799999997,1.4929614,0
1.9801930999999975,1.4929614,0
1.9902853,1.4929614,0
2.000252999999997,1.4929614,0
2.0108175999999993,1.4929614,0
2.0203089999999975,1.4929614,0
2.030269699999998,1.4929614,0
2.0402933999999995,1.4929614,0
2.0502027,1.4929614,0
2.0603330999999976,1.4929614,0
2.0702538999999973,1.4929614,0
2.0802318,1.4929614,0
2.090178399999999,1.4929614,0
2.1001999999999974,1.4929614,0
2.1103235,1.4929614,0
2.1202362999999984,1.4929614,0
2.1302977999999975,1.4929614,0
2.1402414999999984,1.4929614,0
2.150223099999998,1.4929614,0
2.160414099999997,1.4929614,0
2.1702161999999987,1.4929614,0
2.1802661999999984,1.4929614,0
2.1902519999999974,1.4929614,0
2.2003370999999987,1.4929614,0
2.2104599999999976,1.4929614,0
2.2202167999999993,1.4929614,0
2.2302125000000004,1.4929614,0
2.2403416999999983,1.4929614,0
2.250257699999999,1.4929614,0
2.2602550999999984,1.4929614,0
2.270229799999999,1.4929614,0
2.280329499999997,1.4929614,0
2.2903071999999973,1.4929614,0
2.300340799999997,1.4929614,0
2.3104042999999983,1.4929614,0
2.3202454999999986,1.4929614,0
2.3302435999999993,1.4929614,0
2.3402443999999996,1.4929614,0
2.3501926999999974,1.4929614,0
2.3603877000000004,1.4929614,0
2.3701770999999994,1.4929614,0
2.3802136999999988,1.4929614,0
2.3902921999999975,1.4929614,0
2.4002295999999994,1.4929614,0
2.41047,1.4929614,0
2.420332799999997,1.4929614,0
2.430191999999998,1.4929614,0
2.4404252999999976,1.4929614,0
2.4502854999999997,1.4929614,0
2.4603483999999973,1.4929614,0
2.4702748999999997,1.4929614,0
2.4802633999999983,1.4929614,0
2.490237099999998,1.4929614,0
2.5001903,1.4929614,0
2.510394299999998,1.4929614,0
2.5202944999999985,1.4929614,0
2.5302027000000002,1.4929614,0
2.5402084999999985,1.4929614,0
2.5501752999999994,1.4929614,0
2.5604288000000004,1.4929614,0
2.570198099999999,1.4929614,0
2.5802407999999986,1.4929614,0
2.5903028999999975,1.4929614,0
2.6002143999999987,1.4929614,0
2.610365999999999,1.4929614,0
2.620315399999999,1.4929614,0
2.630248299999998,1.4929614,0
2.640212199999997,1.4929614,0
2.6501731,1.4929614,0
2.660384599999997,1.4929614,0
2.6702557999999996,1.4929614,0
2.6802190999999986,1.4929614,0
2.6903049999999986,1.4929614,0
2.7002439000000003,1.4929614,0
2.7103427999999994,1.4929614,0
2.7202614999999994,1.4929614,0
2.7302083999999986,1.4929614,0
2.740216199999999,1.4929614,0
2.7501555999999994,1.4929614,0
2.7604407,1.4929614,0
2.770357299999997,1.4929614,0
2.780252899999997,1.4929614,0
2.7903525999999985,1.4929614,0
2.800227099999997,1.4929614,0
2.8103397,1.4929614,0
2.8202023999999994,1.4929614,0
2.8301741999999983,1.4929614,0
2.8403493999999974,1.4929614,0
2.850227199999999,1.4929614,0
2.860441699999999,1.4929614,0
2.870253899999998,1.4929614,0
2.8801454,1.4929614,0
2.8902316999999975,1.4929614,0
2.9002032,1.4929614,0
2.910346599999997,1.4929614,0
2.9201476,1.4929614,0
2.930146999999998,1.4929614,0
2.9401996999999973,1.4929614,0
2.9502457,1.4929614,0
2.9603894000000004,1.4929614,0
2.9701804000000003,1.4929614,0
2.980366,1.4929614,0
2.9902999999999977,1.4929614,0
3.0002294999999997,1.4929614,0
3.0104453999999983,1.4929614,0
3.020224299999999,1.4929614,0
3.0301332999999993,1.4929614,0
3.0402932999999983,1.4929614,0
3.0501763000000004,1.4929614,0
3.0604872999999984,1.4929614,0
3.070326699999999,1.4929614,0
3.0802081,1.4929614,0
3.090238499999998,1.4929614,0
3.100246799999997,1.4929614,0
3.1103205000000003,1.4929614,0
3.1203034999999986,1.4929614,0
3.130196399999999,1.4929614,0
3.140370599999997,1.4929614,0
3.150130599999997,1.4929614,0
3.160414399999997,1.4929614,0
3.170150099999997,1.4929614,0
3.1803349999999995,1.4929614,0
3.190211999999999,1.4929614,0
3.2003296,1.4929614,0
3.210277699999999,1.4929614,0
3.2204546,1.4929614,0
3.230401099999998,1.4929614,0
3.240290299999998,1.4929614,0
3.2504731999999983,1.4929614,0
3.2605484999999987,1.4929614,0
3.2704945999999993,1.4929614,0
3.2804575999999983,1.4929614,0
3.290453799999998,1.4929614,0
3.300402799999997,1.4929614,0
3.310346499999998,1.4929614,0
3.3203843999999982,1.4929614,0
3.3301824999999994,1.4929614,0
3.3402289999999972,1.4929614,0
3.3502088999999984,1.4929614,0
3.360495099999998,1.4929614,0
3.3701526999999984,1.4929614,0
3.3801886000000003,1.4929614,0
3.390184299999998,1.4929614,0
3.4001826999999984,1.4929614,0
3.4105779999999974,1.4929614,0
3.4201902000000004,1.4929614,0
3.430140599999998,1.4929614,0
3.4402675999999985,1.4929614,0
3.450320299999998,1.4929614,0
3.460367399999999,1.4929614,0
3.470261599999997,1.4929614,0
3.480195199999997,1.4929614,0
3.4902543,1.4929614,0
3.5001973999999976,1.4929614,0
3.5103222999999986,1.4929614,0
3.5201791999999976,1.4929614,0
3.530203099999998,1.4929614,0
3.5402065999999976,1.4929614,0
3.550266399999998,1.4929614,0
3.5604408999999997,1.4929614,0
3.570219099999999,1.4929614,0
3.580321099999999,1.4929614,0
3.5902154999999993,1.4929614,0
3.6003869,1.4929614,0
3.610510599999998,1.4929614,0
3.6204016999999986,1.4929614,0
3.6303821999999997,1.4929614,0
3.6403757,1.4929614,0
3.650354199999999,1.4929614,0
3.6605706999999974,1.4929614,0
3.6702914999999976,1.4929614,0
3.6803989999999978,1.4929614,0
3.690383699999998,1.4929614,0
3.700331499999997,1.4929614,0
3.7103804999999994,1.4929614,0
3.7205084999999976,1.4929614,0
3.7302234999999975,1.4929614,0
3.740328199999997,1.4929614,0
3.7501651000000003,1.4929614,0
3.760357299999999,1.4929614,0
3.770131799999998,1.4929614,0
3.7801492000000003,1.4929614,0
3.7902318999999984,1.4929614,0
3.800221799999999,1.4929614,0
3.8105930999999984,1.4929614,0
3.8202353000000002,1.4929614,0
3.8301377999999993,1.4929614,0
3.8401727,1.4929614,0
3.8501829,1.4929614,0
3.860325099999997,1.4929614,0
3.8702268999999987,1.4929614,0
3.880195099999998,1.4929614,0
3.8901863,1.4929614,0
3.9003221000000003,1.4929614,0
3.910371699999999,1.4929614,0
3.920219699999997,1.4929614,0
3.9302727999999973,1.4929614,0
3.9402617999999983,1.4929614,0
3.9501504999999995,1.4929614,0
3.9604076,1.4929614,0
3.9701746999999976,1.4929614,0
3.9802630999999984,1.4929614,0
3.9902483999999987,1.4929614,0
4.000158199999998,1.4929614,0
4.0105501,1.4929614,0
4.020275699999999,1.4929614,0
4.0301729,1.4929614,0
4.040252299999999,1.4929614,0
4.050240799999997,1.4929614,0
4.0605066,1.4929614,0
4.070243599999998,1.4929614,0
4.080313099999998,1.4929614,0
4.090202399999999,1.4929614,0
4.100321899999997,1.4929614,0
4.110305999999998,1.4929614,0
4.120144999999997,1.4929614,0
4.130183899999999,1.4929614,0
4.140206299999999,1.4929614,0
4.1501975999999985,1.4929614,0
4.160314099999997,1.4929614,0
4.170222799999998,1.4929614,0
4.180191999999998,1.4929614,0
4.190269299999997,1.4929614,0
4.2001986,1.4929614,0
4.2103798999999995,1.4929614,0
4.220201899999999,1.4929614,0
4.2302558999999995,1.4929614,0
4.2402888999999995,1.4929614,0
4.250171199999997,1.4929614,0
4.260494999999999,1.4929614,0
4.270329,1.4929614,0
4.280179999999998,1.4929614,0
4.2902001999999975,1.4929614,0
4.3003409999999995,1.4929614,0
4.3103558,1.4929614,0
4.320207499999999,1.4929614,0
4.330163499999998,1.4929614,0
4.340207099999997,1.4929614,0
4.350258999999998,1.4929614,0
4.360515299999999,1.4929614,0
4.370130799999998,1.4929614,0
4.380162199999997,1.4929614,0
4.390220299999999,1.4929614,0
4.400153699999997,1.4929614,0
4.4103721,1.4929614,0
4.420431099999998,1.4929614,0
4.4301895999999985,1.4929614,0
4.440253299999998,1.4929614,0
4.450229399999998,1.4929614,0
4.460422999999999,1.4929614,0
4.470246099999997,1.4929614,0
4.480226699999999,1.4929614,0
4.490237699999998,1.4929614,0
4.5003104,1.4929614,0
4.5103534,1.4929614,0
4.520246099999998,1.4929614,0
4.530163299999998,1.4929614,0
4.540165799999997,1.4929614,0
4.550192899999999,1.4929614,0
4.560538399999999,1.4929614,0
4.570183399999998,1.4929614,0
4.5801774,1.4929614,0
4.590352399999997,1.4929614,0
4.600183599999998,1.4929614,0
4.610455299999998,1.4929614,0
4.620289699999997,1.4929614,0
4.6301548,1.4929614,0
4.640225999999998,1.4929614,0
4.6501760999999995,1.4929614,0
4.6603113,1.4929614,0
4.670110999999999,1.4929614,0
4.680213199999997,1.4929614,0
4.690250799999998,1.4929614,0
4.700362599999998,1.4929614,0
4.710419399999999,1.4929614,0
4.720217999999999,1.4929614,0
4.730201299999997,1.4929614,0
4.7401510999999985,1.4929614,0
4.750169399999997,1.4929614,0
4.760408299999998,1.4929614,0
4.770123299999998,1.4929614,0
4.7801757999999985,1.4929614,0
4.790289599999998,1.4929614,0
4.8001994,1.4929614,0
4.8104455,1.4929614,0
4.820159999999998,1.4929614,0
4.830136799999998,1.4929614,0
4.840127599999999,1.4929614,0
4.850206199999999,1.4929614,0
4.860409699999998,1.4929614,0
4.8701936,1.4929614,0
4.8802269,1.4929614,0
4.890250999999999,1.4929614,0
4.900208499999998,1.4929614,0
4.910767699999997,1.4929614,0
4.920355299999997,1.4929614,0
4.930159,1.4929614,0
4.940217299999997,1.4929614,0
4.950194399999997,1.4929614,0
4.9603678,1.4929614,0
4.970188099999998,1.4929614,0
4.980226999999999,1.4929614,0
4.9902631,1.4929614,0
5.000260999999998,1.4929614,0
5.010425299999998,1.4929614,0
5.020491399999997,1.4929614,0
5.0303790999999975,1.4929614,0
5.040293299999998,1.4929614,0
5.050332299999997,1.4929614,0
5.0603941999999975,1.4929614,0
5.070404699999997,1.4929614,0
5.0801965,1.4929614,0
5.090201499999999,1.4929614,0
5.100372,1.4929614,0
5.110374499999999,1.4929614,0
5.120221699999998,1.4929614,0
5.130225799999998,1.4929614,0
5.1402669,1.4929614,0
5.1501155999999995,1.4929614,0
5.160401499999999,1.4929614,0
5.170258999999998,1.4929614,0
5.180163199999999,1.4929614,0
5.190228299999998,1.4929614,0
5.2003123,1.4929614,0
5.2104891,1.4929614,0
5.2202001,1.4929614,0
5.2301608,1.4929614,0
5.240157499999999,1.4929614,0
5.250225399999998,1.4929614,0
5.2604258,1.4929614,0
5.270175399999999,1.4929614,0
5.2801616,1.4929614,0
5.290244299999998,1.4929614,0
5.3002927,1.4929614,0
5.3103841,1.4929614,0
5.320163399999998,1.4929614,0
5.3302592,1.4929614,0
5.3402284999999985,1.4929614,0
5.350174599999999,1.4929614,0
5.360323699999999,1.4929614,0
5.370247899999999,1.4929614,0
5.380128199999998,1.4929614,0
5.390204599999997,1.4929614,0
5.400183299999998,1.4929614,0
5.410245799999998,1.4929614,0
5.420207599999998,1.4929614,0
5.430194699999998,1.4929614,0
5.4403714,1.4929614,0
5.450215,1.4929614,0
5.460267899999998,1.4929614,0
5.470364199999999,1.4929614,0
5.4805402,1.4929614,0
5.490463999999999,1.4929614,0
5.500446699999998,1.4929614,0
5.5105465,1.4929614,0
5.520344099999999,1.4929614,0
5.5302647,1.4929614,0
5.540262899999998,1.4929614,0
5.550201999999999,1.4929614,0
5.560611699999999,1.4929614,0
5.5702271,1.4929614,0
5.580238999999999,1.4929614,0
5.5902745,1.4929614,0
5.6002019999999995,1.4929614,0
5.6105269,1.4929614,0
5.6201343,1.4929614,0
5.6301621,1.4929614,0
5.6401711999999975,1.4929614,0
5.650279399999999,1.4929614,0
5.660453499999999,1.4929614,0
5.6701049999999995,1.4929614,0
5.680228799999998,1.4929614,0
5.690189799999999,1.4929614,0
5.700120299999998,1.4929614,0
5.7106177,1.4929614,0
5.720168399999999,1.4929614,0
5.730487999999998,1.4929614,0
5.740252399999999,1.4929614,0
5.7503925,1.4929614,0
5.760333499999998,1.4929614,0
5.770136299999997,1.4929614,0
5.780126799999998,1.4929614,0
5.7901837,1.4929614,0
5.800214399999998,1.4929614,0
5.8103187,1.4929614,0
5.820260699999999,1.4929614,0
5.830329499999998,1.4929614,0
5.840200199999998,1.4929614,0
5.850261699999997,1.4929614,0
5.860284099999998,1.4929614,0
5.8702106,1.4929614,0
5.880210899999998,1.4929614,0
5.890261299999999,1.4929614,0
5.900144899999997,1.4929614,0
5.910393199999998,1.4929614,0
5.9202005,1.4929614,0
5.9307102,1.5002798368143528,0
5.940493,1.530142773551263,0
5.950509999999998,1.5919458284784356,0
5.9607579999999984,1.6593552262452544,0
5.970467099999997,1.7276206783832053,0
5.980445799999998,1.8200176809084105,0
5.9905188,1.8636380588470618,0
6.000532099999997,1.9155651578586792,0
6.010617699999997,1.9747012120768173,0
6.0205947,2.147042661799303,0
6.034188499999999,2.191897816338742,0
6.040512399999997,2.371745981186274,0
6.050573799999999,2.4882032512410013,0
6.060663699999999,2.8648042628401384,0
6.070520799999997,3.312816547308579,0
6.083749899999997,3.6636728001724186,0
6.0904568999999995,3.8027315940808872,0
6.100559499999999,4.097648589614982,0
6.113526799999999,4.459719758943291,0
6.120472499999998,3.8589182958239516,0
6.135582799999998,4.447863009215968,0
6.148959999999999,4.459719758943291,0
6.150366499999997,4.4537854557067424,0
6.160770399999997,4.4656659426628345,0
6.1704592,4.550173371988041,0
6.180435899999999,4.580932645749876,0
6.190436799999997,4.618252106430505,0
6.200530299999997,4.818368030996101,0
6.2106818,4.872056683357902,0
6.220452399999999,5.045478945958075,0
6.233715799999999,5.205430754645505,0
6.2405227,5.3185946485283795,0
6.250518799999998,5.4273215722193155,0
6.260759999999998,5.571662089694587,0
6.270444399999999,5.704400565352053,0
6.2805243,5.662462599012697,0
6.290497499999997,5.670816675502524,0
6.300437799999997,5.704400565352053,0
6.310847499999998,5.982966845017518,0
6.320442699999997,5.867644987585125,0
6.3304428,5.938257097883617,0
6.340470399999997,6.037212067551826,7.999999986907369e-07
6.353600499999999,5.982966845017518,0
6.368511399999999,6.1198102381647095,1.0999999986438525e-06
6.3822548999999995,5.982966845017518,0
6.382877299999997,6.49542520288607,8.000000022434506e-07
6.396563799999999,6.485423557459608,0.013666800000002866
6.4010093999999995,6.545734582569215,0.018092200000001668
6.410596699999999,6.637569035616036,0.027639500000002926
6.4204866,5.850167785342203,0
6.4335074999999975,6.773171422726079,7.999999986907369e-07
6.4468676999999985,6.890698046687361,0.01341019999999915
6.450552699999999,6.879906645592216,0.017085099999999187
6.460711,6.923202049463866,0.027126599999999
6.470460799999998,6.912345705327855,0.03699039999999698
6.4804627,6.890698046687361,0.04701599999999928
6.490422299999999,6.8262721983256105,0.05694749999999971
6.500502599999997,6.9449799844945455,0.06699749999999938
6.5106772,7.224683297447398,0.0771417999999997
6.524013099999998,7.066328281073982,0.0905200999999991
6.530409899999999,6.934080128015318,0.09692189999999812
6.544463,6.934080128015318,0.11097699999999833
6.550936699999998,6.9998074648463415,0.11744879999999824
6.5609785999999986,6.988798062988308,0.12722229999999968
6.570484099999998,7.01083890754158,0.13701659999999904
6.583392699999997,6.934080128015318,0.1499018999999997
6.596667799999999,6.890698046687361,0.16320089999999965
6.600520499999998,6.988798062988308,0.16702729999999733
6.610766199999997,6.934080128015318,0.17713350000000005
6.620522399999999,6.9998074648463415,0.18699249999999878
6.630407299999998,6.912345705327855,0.19694649999999925
6.640485199999997,7.066328281073982,0.2069907999999998
6.653949599999997,6.79434803340286,0.2203836999999993
6.6687215,6.8262721983256105,0.235199699999999
6.67041,6.955901662500982,0.23698010000000025
6.680492099999999,6.815609520161351,0.24702539999999829
6.6905024,6.783749139762662,0.25703189999999765
6.700389299999998,6.617018288369059,0.26689979999999736
6.710701699999998,6.318420692837231,0.2771150999999996
6.720477199999998,6.576162582781321,0.28697529999999816
6.730440699999999,6.4061264490717855,0.2969590999999987
6.740448899999997,6.15700048270041,0.3069802999999993
6.750523099999999,6.232279516750141,0.3170271999999983
6.760826999999999,6.175707473670507,0.3273066
6.770523399999998,6.073738876518667,0.33705189999999874
6.780564099999999,6.2228036367552635,0.3470254999999973
6.790794799999997,6.055438945274984,0.3570671999999995
6.800455599999999,5.982966845017518,0
6.813354699999998,5.729765387115033,0
6.820535699999997,5.571662089694587,0
6.8309876,5.6458044870513815,0
6.840465699999999,5.372577572356361,0
6.8506184999999995,5.341637676374042,0
6.8606967999999995,5.038374295085245,0
6.8704627999999985,4.968103855907675,0
6.883290899999999,4.94038684094419,0
6.8905344,4.926611263103525,0
6.900443899999999,4.99604349630527,0
6.910845699999999,5.0030634008624695,0
6.924891299999999,4.968103855907675,0
6.9386653,4.8924124296296645,0
6.9404471,4.954217631447924,0
6.950515399999997,4.758986245804439,0
6.9605985,4.885613605860449,0
6.970651199999999,4.618252106430505,0
6.9807588,4.562440182741756,0
6.990745699999998,4.3604331243554055,0
7.0006141,4.3950906511189265,0
7.0108606999999985,4.231366100206485,0
7.020490299999999,4.275587183093811,0
7.030634299999999,4.40673588867153,0
7.040529899999999,4.348972727931358,0
7.050474299999998,4.47162403065012,0
7.060649699999999,4.400907447278394,0
7.0704311,4.637080447607629,0
7.080472099999998,4.605762493882691,0
7.0904396999999975,4.612001055352405,0
7.1005487999999986,4.630791777478766,0
7.110659399999999,4.562440182741756,0
7.1204491999999995,4.739428659760467,0
7.130459899999998,4.745934821072582,0
7.140452999999997,4.845104980444953,0
7.150541699999998,4.811717148034032,0
7.160747899999997,4.878828366150185,0
7.1704191,5.183202521501721,0
7.1836758,5.198006519845759,0
7.190621699999998,5.220323843985317,0
7.200625299999999,5.466896331951051,0
7.210691299999997,5.466896331951051,0
7.2205172,5.44310400232517,0
7.2305265,5.44310400232517,0
7.240461399999997,5.451018922611801,0
7.250505,5.5229700809732805,0
7.260634799999998,5.4273215722193155,0
7.270524499999997,5.604449561432766,0
7.280528399999998,5.498842316165114,0
7.290400299999998,5.763822758056602,0
7.300637799999997,5.858897647865455,0
7.3108112999999975,6.241774367469408,8.999999998593466e-07
7.332959199999998,6.232279516750141,0.02221929999999972
7.347643299999998,6.318420692837231,0.036854500000000456
7.3524098,6.4061264490717855,0.04167099999999735
7.353551099999997,6.465480176582687,0.04288219999999754
7.360591699999997,6.5965495799240745,0.04982880000000023
7.370683699999997,6.5965495799240745,0.059938100000000105
7.381057899999998,6.5965495799240745,0.07030549999999991
7.390858899999998,6.773171422726079,0.08010429999999857
7.400815399999999,6.804968146042268,0.08997379999999922
7.4108301999999995,6.731071475665324,0.1000230000000002
7.420486399999998,6.934080128015318,0.10980789999999985
7.430568999999998,6.858388484023861,0.11978729999999871
7.440415699999999,7.09988923293321,0.1297499000000002
7.4526708,7.3055391338252935,0.14197090000000046
7.4606675,7.293918879685199,0.14991019999999722
7.4704257999999975,6.289534513875581,0.15976429999999908
7.4833198,7.41117389899744,0.17259519999999995
7.4959697999999975,7.6159692035057525,0.18530159999999896
7.500500199999998,7.542892112532513,0.18973569999999995
7.5109135999999985,7.555010811416895,0.19999569999999878
7.520479399999999,7.628234202823747,0.20977359999999834
7.530398599999998,7.802544922425701,0.21973939999999814
7.540473499999997,7.727242302704185,0.22977839999999716
7.550441499999998,7.865991073689227,0.2397519999999993
7.560760199999997,8.099723086052473,0.24994099999999975
7.573796899999998,7.917206792001785,0.2630923000000003
7.587346799999999,8.060181092143798,0.2766783000000004
7.6027008999999985,8.047053062365295,0.29202399999999784
7.603261499999999,8.08651605131745,0.2926088
7.610766499999997,8.126216529959919,0.299919899999999
7.620542199999999,8.152816159873417,0.3098528999999992
7.630433499999999,8.233256430132531,0.3197589999999977
7.640454899999998,8.20633568180298,0.3297674999999991
7.6505467,8.273839997665297,0.33984549999999913
7.6606679,8.11295656128866,0.34991119999999754
7.670498199999997,8.522522057577296,0.35977709999999874
7.680442299999999,8.522522057577296,0.3697792
7.6904121,8.466483135678205,0.3797423000000002
7.700472399999999,8.522522057577296,0.38977239999999824
7.710563199999999,8.480450865022997,0.39989969999999886
7.720544199999999,8.522522057577296,0.40986159999999927
7.730529499999999,8.722226692884746,0.41977409999999793
7.7404759,8.66459650744409,0.4298146999999979
7.750544899999998,8.707775895113674,0.4397985999999996
7.760660399999999,8.621675420423669,0.4498603999999986
7.7704990999999985,8.66459650744409,0.4598426999999994
7.780618499999999,8.780319768902485,0.4698722999999987
7.790529499999998,8.853592720743801,0.47980039999999846
7.800512699999999,8.751215137895052,0.4898026999999985
7.810889499999998,8.912740939929662,0.5001454999999986
7.820456499999999,8.957413669740566,0.5097896999999989
7.830461499999998,8.972364242669451,0.5197687999999978
7.840613299999998,8.972364242669451,0.5298613999999979
7.8505100999999975,8.987344746665283,0.5398059999999987
7.860675099999998,9.06269833412371,0.5498478999999996
7.873749199999999,9.032466444874892,0.5630483999999996
7.8804257,9.06269833412371,0.5697550999999983
7.890462899999999,9.047567273559713,0.5797795999999984
7.900447,9.184842454704212,0.589734
7.9107688,9.047567273559713,0.5999599999999994
7.920553499999997,9.27774164451191,0.6097864999999985
7.930476899999999,9.154122964824467,0.6198034999999997
7.940473899999997,9.077859687091145,0.6297897999999975
7.950471399999998,8.987344746665283,0.6397522000000002
7.9638192,9.032466444874892,0.6531394999999982
7.977311199999999,9.123526107475662,0.6665435999999971
7.980399899999998,9.123526107475662,0.6697313999999999
7.990631699999998,9.215685068627405,0.6799052999999979
8.000463799999999,9.27774164451191,0.6897789999999979
8.0106988,9.154122964824467,0.6998940000000005
8.020475599999997,9.340296664120023,0.7098218000000003
8.0304322,9.293333514473604,0.7197677999999996
8.040866999999999,9.246651300076511,0.730197399999998
8.050539599999997,9.403354130994348,0.7398340999999995
8.060791299999998,9.340296664120023,0.7500067999999978
8.0708828,9.30895659937976,0.7602104999999995
8.080497099999999,9.498891256878826,0.7698064000000002
8.090420199999997,9.62807059588681,0.7797388000000005
8.100409799999998,9.403354130994348,0.7897547999999972
8.110742499999997,9.61180992079036,0.7999826999999975
8.120581399999999,9.54709146043023,0.8098637999999987
8.130482299999997,9.660689672932362,0.819772399999998
8.140935799999998,9.54709146043023,0.8302748999999991
8.150470199999997,9.74281048940505,0.8398082000000002
8.1606797,9.77588944516893,0.8498987999999983
8.170450199999998,9.875923924978945,0.8597782999999986
8.1804752,9.74281048940505,0.8698087000000001
8.1904948,9.74281048940505,0.8798001999999983
8.2008115,10.011184305278535,0
8.215688099999998,9.89271335666411,1.399999998596968e-06
8.229023899999998,9.62807059588681,0.013360099999999875
8.2303432,9.909536400813906,0.014708399999999955
8.2408365,9.960207881646939,0.025180999999999898
8.250461899999998,9.842445630505686,0.034768599999999594
8.260699299999999,9.809100981740718,0.04488860000000017
8.270440599999997,9.960207881646939,0.054784099999999114
8.2804054,9.89271335666411,0.06475299999999962
8.290457799999999,9.842445630505686,0.07479849999999999
8.300495299999998,9.926393124720537,0.08479930000000024
8.310664199999998,9.89271335666411,0.09487670000000037
8.320526399999999,9.994158168480158,0.10481169999999906
8.330680899999997,10.011184305278535,0
8.344483799999999,9.994158168480158,2.099999999671809e-06
8.3577774,9.77588944516893,0.013371499999998093
8.360742499999997,9.74281048940505,0.01628119999999811
8.370449299999997,9.693439487586987,0.026040999999999315
8.3804704,9.61180992079036,0.03608900000000048
8.390787199999998,9.660689672932362,0.04640189999999933
8.4005692,9.94328359581091,0.05616669999999857
8.410662599999998,9.77588944516893,0.06614159999999814
8.420627099999997,9.809100981740718,0.0761642000000009
8.4308379,9.57938597223622,0.08644759999999962
8.440503399999997,9.660689672932362,0.09607339999999809
8.4505187,9.77588944516893,0.10606770000000054
8.460732499999999,9.51492586865949,0.11615480000000034
8.4704023,9.563222569082706,0.1260319999999986
8.4804803,9.77588944516893,0.1360993999999991
8.490452399999999,9.693439487586987,0.14607349999999997
8.500882599999997,9.70986358518506,0.156459899999998
8.510822699999999,9.595581734544421,0.16621430000000004
8.520501499999998,9.57938597223622,0.17610059999999805
8.530420999999997,9.54709146043023,0.18602269999999876
8.540950499999997,9.563222569082706,0.19654689999999775
8.550545,9.498891256878826,0.2061257999999988
8.560786,9.530992581754338,0.21624650000000045
8.570639,9.482888682273867,0.22611789999999843
8.580563099999999,10.57439625326279,0
8.5956349,9.498891256878826,1.4999999997655777e-06
8.609612199999997,9.466918080834294,0.01392099999999985
8.6106305,9.498891256878826,0.014927699999997657
8.6206423,9.246651300076511,0.024862699999999904
8.630567,9.371762340174383,0.03491149999999976
8.640442499999999,9.482888682273867,0.044802799999999365
8.650992299999999,9.435072542049229,0.05532799999999938
8.660645499999998,9.482888682273867,0.06492829999999827
8.670531699999998,9.435072542049229,0.07484380000000002
8.680569499999997,9.960207881646939,0.0848698999999975
8.690464499999997,9.403354130994348,0.09484009999999898
8.700534399999999,9.32461096172274,0.10488619999999926
8.710640299999998,9.293333514473604,0.11497579999999985
8.720432199999998,9.200248340363991,0.12479069999999837
8.730443999999999,9.30895659937976,0.1347664999999978
8.740466099999999,9.246651300076511,0.14482809999999802
8.750834599999997,8.987344746665283,0.15518819999999778
8.765103999999997,9.123526107475662,0.16940469999999763
8.7784047,8.94249296807631,0.18272830000000084
8.795162899999998,9.017395787665905,0.19937909999999803
8.7959708,9.002355241650097,0.2002828000000001
8.8128235,8.883107682196407,0.21689800000000048
8.813598199999998,8.972364242669451,0.21793070000000014
8.830221199999997,9.002355241650097,0.23419140000000027
8.8310769,8.522522057577296,0.23536049999999875
8.846274699999999,9.06269833412371,0.2505621999999974
8.862540199999998,8.957413669740566,0.26683029999999874
8.863162599999999,8.621675420423669,0.26756019999999836
8.878503499999997,8.838879453474007,0.28280449999999746
8.880591899999999,8.765752901088112,0.28497349999999955
8.8905748,8.593204099345877,0.2949360999999975
8.900526199999998,8.736706421172222,0.30478689999999986
8.910940499999999,8.736706421172222,0.31505729999999943
8.920560299999998,8.564846436085226,0.32483279999999937
8.9304986,8.707775895113674,0.33484909999999957
8.940455699999998,8.369487326701252,0.3448180999999977
8.950433,8.522522057577296,0.35478009999999927
8.960588299999998,8.508470269933717,0.36487849999999966
8.9704932,8.452543313875262,0.3748660000000008
8.980437899999998,8.438631343854855,0.38478259999999764
8.990476299999997,8.328331593408056,0.39478679999999855
9.000565599999998,8.233256430132531,0.40488249999999937
9.0107684,8.342022743180927,0.4150267999999997
9.0204895,8.466483135678205,0.42484149999999943
9.0305359,8.369487326701252,0.434883199999998
9.0404971,8.246757239301694,0.4448280999999987
9.050488399999999,8.424747169969082,0.45481089999999824
9.060657499999998,8.550710084276984,0.4649195999999982
9.070919099999998,8.410890736681248,0.475271799999998
9.080806799999998,8.67896086002344,0.48506180000000043
9.090500599999999,8.342022743180927,0.4948233000000002
9.100431999999998,8.522522057577296,0.5047970999999976
9.111004999999999,8.536601976918485,0.5153457999999986
9.120427699999997,8.522522057577296,0.5247534999999992
9.130564099999997,8.452543313875262,0.5348514999999985
9.1404614,8.287422055190799,0.5448251000000006
9.15082,8.550710084276984,0.5551734999999987
9.160789699999999,8.536601976918485,0.5649686000000003
9.1705252,8.607425524228983,0.5748387000000008
9.180554999999998,8.824195583331818,0.5848392999999987
9.190486799999999,8.564846436085226,0.5948148999999994
9.200547699999998,8.650260854860331,0.6048608999999985
9.210688699999999,8.707775895113674,0.6149196000000003
9.220697699999999,8.607425524228983,0.6250134000000003
9.230798099999998,8.794915799605649,0.6350483999999987
9.240701699999999,8.564846436085226,0.6449497999999991
9.2507284,8.579011088888649,0.6549638000000009
9.260743699999999,8.707775895113674,0.664984399999998
9.271065199999999,8.67896086002344,0.6753076999999976
9.2807629,8.66459650744409,0.6850023000000007
9.290532499999998,8.650260854860331,0.6948009000000006
9.3010412,8.66459650744409,0.705306499999999
9.310912899999998,8.564846436085226,0.7151619999999994
9.320580999999997,8.736706421172222,0.7248890999999986
9.330451999999998,8.66459650744409,0.7347947999999995
9.340472199999997,8.751215137895052,0.7448173999999987
9.350477099999999,8.593204099345877,0.7548045999999999
9.360709999999997,8.722226692884746,0.7650193999999999
9.370509599999998,9.154122964824467,0.7748694999999977
9.384538199999998,8.424747169969082,0.7888573999999977
9.399792999999999,8.494446557780574,0.8041221000000007
9.400365299999997,8.383260870307085,0.8047500999999997
9.4107168,8.438631343854855,0.8149796000000009
9.420460799999997,8.424747169969082,0.8248175999999994
9.430485299999997,8.522522057577296,0.8348131999999993
9.4404705,8.650260854860331,0.8447765999999994
9.450467699999997,8.607425524228983,0.8547879999999992
9.460747399999999,8.66459650744409,0.8650217999999974
9.4705157,8.736706421172222,0.8748308999999992
9.4804833,8.67896086002344,0.8847722999999981
9.4904981,8.522522057577296,0.8947897999999981
9.500406599999998,8.736706421172222,0.9047730999999999
9.5106367,8.522522057577296,0.9149191999999999
9.520891899999999,8.972364242669451,0.9252137000000005
9.530487399999998,8.957413669740566,0.9348115999999997
9.540553,9.002355241650097,0.944901299999998
9.5542327,9.06269833412371,0.9585791999999991
9.5611769,8.987344746665283,0.965429499999999
9.574525599999998,9.032466444874892,0.9787937000000007
9.5885228,8.987344746665283,0.9928783999999986
9.6029439,8.972364242669451,1.0072891999999989
9.603595199999997,8.987344746665283,1.0072891999999989
9.615445099999999,9.154122964824467,1.0072891999999989
9.631141199999998,8.883107682196407,1.0072891999999989
9.631898799999998,8.987344746665283,1.0072891999999989
9.640632999999998,8.987344746665283,1.0072891999999989
9.650776999999998,9.032466444874892,1.0072891999999989
9.660882299999997,9.26218092712718,1.0072891999999989
9.670676699999998,9.231152701241395,1.0072891999999989
9.680530299999997,9.16946735002452,1.0072891999999989
9.6905249,9.200248340363991,1.0072891999999989
9.700603999999998,9.231152701241395,1.0072891999999989
9.711222699999997,9.387542439694219,1.0072891999999989
9.720638399999999,8.987344746665283,1.0072891999999989
9.7305602,9.231152701241395,1.0072891999999989
9.740590999999998,9.246651300076511,1.0072891999999989
9.750630399999999,8.927602077993871,1.0072891999999989
9.7607502,9.154122964824467,1.0072891999999989
9.770647099999998,9.138809237726493,1.0072891999999989
9.7805967,8.987344746665283,1.0072891999999989
9.790600599999998,8.94249296807631,1.0072891999999989
9.800661899999998,9.032466444874892,1.0072891999999989
9.810874499999997,9.06269833412371,1.0072891999999989
9.820533099999999,9.154122964824467,1.0072891999999989
9.830684399999999,9.215685068627405,1.0072891999999989
9.840644999999999,9.340296664120023,1.0072891999999989
9.8507644,9.419197477321548,1.0072891999999989
9.8608519,9.32461096172274,1.0072891999999989
9.870514999999997,9.482888682273867,1.0072891999999989
9.880677299999999,9.26218092712718,1.0072891999999989
9.890671399999999,9.371762340174383,1.0072891999999989
9.9005899,9.30895659937976,1.0072891999999989
9.9107418,9.30895659937976,1.0072891999999989
9.9206407,9.419197477321548,1.0072891999999989
9.9306135,9.32461096172274,1.0072891999999989
9.940597499999999,9.340296664120023,1.0072891999999989
9.950535199999997,9.435072542049229,1.0072891999999989
9.961319999999997,9.482888682273867,1.0072891999999989
9.970658699999998,9.530992581754338,1.0072891999999989
9.980890799999997,9.595581734544421,1.0072891999999989
9.990673899999997,9.466918080834294,1.0072891999999989
10.000582599999998,9.435072542049229,1.0072891999999989
10.010844199999998,9.387542439694219,1.0072891999999989
10.0210841,9.26218092712718,1.0072891999999989
10.0306717,9.466918080834294,1.0072891999999989
10.0406093,9.482888682273867,1.0072891999999989
10.0507034,9.482888682273867,1.0072891999999989
10.060806499999998,9.482888682273867,1.0072891999999989
10.0706572,9.466918080834294,1.0072891999999989
10.0807747,9.72632056384844,1.0072891999999989
10.0905369,9.54709146043023,1.0072891999999989
10.1006577,9.482888682273867,1.0072891999999989
10.1109805,9.482888682273867,1.0072891999999989
10.120620499999998,9.419197477321548,1.0072891999999989
10.130518499999997,9.74281048940505,1.0072891999999989
10.1405994,9.482888682273867,1.0072891999999989
10.151119099999999,9.660689672932362,1.0072891999999989
10.1607524,9.77588944516893,1.0072891999999989
10.170611699999998,9.530992581754338,1.0072891999999989
10.1805056,9.61180992079036,1.0072891999999989
10.1906988,9.62807059588681,1.0072891999999989
10.2007892,9.51492586865949,1.0072891999999989
10.210704199999999,9.693439487586987,1.0072891999999989
10.220569399999999,9.660689672932362,1.0072891999999989
10.2311728,9.419197477321548,1.0072891999999989
10.2405847,9.32461096172274,1.0072891999999989
10.250594399999997,9.340296664120023,1.0072891999999989
10.261004399999997,9.154122964824467,1.0072891999999989
10.270662299999998,9.06269833412371,1.0072891999999989
10.280571499999997,8.972364242669451,1.0072891999999989
10.2905521,8.383260870307085,1.0072891999999989
10.300559799999998,7.446810144218417,1.0072891999999989
10.3109334,7.032968092035166,1.0072891999999989
10.320550299999997,6.485423557459608,1.0072891999999989
10.330566699999999,5.885192238641251,1.0072891999999989
10.340605499999999,4.858553880234452,1.0072891999999989
10.3506477,4.097648589614982,1.0072891999999989
10.360823399999997,3.5826080191655536,1.0072891999999989
10.3705523,2.649811452191591,1.0072891999999989
10.380742899999998,1.4929614,1.0072891999999989
10.3903869,1.4929614,1.0072891999999989
10.4004963,1.4929614,1.0072891999999989
10.410656499999998,1.4929614,1.0072891999999989
10.420278499999998,1.4929614,1.0072891999999989
10.4304241,1.4929614,1.0072891999999989
10.440556999999998,1.4929614,1.0072891999999989
10.4504071,1.4929614,1.0072891999999989
10.460524799999998,1.4929614,1.0072891999999989
10.470167199999999,1.4929614,1.0072891999999989
10.4803319,1.4929614,1.0072891999999989
10.490378399999997,1.4929614,1.0072891999999989
10.500204199999999,1.4929614,1.0072891999999989
10.510539299999998,1.4929614,1.0072891999999989
10.520315499999999,1.4929614,1.0072891999999989
10.530259099999999,1.4929614,1.0072891999999989
10.540420299999997,1.4929614,1.0072891999999989
10.550228599999997,1.4929614,1.0072891999999989
10.5604762,1.4929614,1.0072891999999989
10.570325399999998,1.4929614,1.0072891999999989
10.580359299999998,1.4929614,1.0072891999999989
10.5903031,1.4929614,1.0072891999999989
10.600327099999998,1.4929614,1.0072891999999989
