0.0004547000000005852,1.4929614,0
0.010257600000000977,1.4929614,0
0.025308700000000073,1.4929614,0
0.030142100000000838,1.4929614,0
0.040087299999999715,1.4929614,0
0.050279299999999694,1.4929614,0
0.06022950000000016,1.4929614,0
0.07016400000000012,1.4929614,0
0.08019320000000008,1.4929614,0
0.09018000000000015,1.4929614,0
0.10014310000000037,1.4929614,0
0.11019540000000028,1.4929614,0
0.12031400000000048,1.4929614,0
0.13029180000000018,1.4929614,0
0.14023520000000111,1.4929614,0
0.15022180000000063,1.4929614,0
0.1601745000000001,1.4929614,0
0.17029349999999965,1.4929614,0
0.1802747,1.4929614,0
0.19018349999999984,1.4929614,0
0.20012510000000105,1.4929614,0
0.21029249999999955,1.4929614,0
0.22037230000000108,1.4929614,0
0.23013770000000022,1.4929614,0
0.24012290000000114,1.4929614,0
0.2503966999999996,1.4929614,0
0.26032780000000066,1.4929614,0
0.2703854999999997,1.4929614,0
0.2803500000000003,1.4929614,0
0.29023169999999965,1.4929614,0
0.30039939999999987,1.4929614,0
0.3103119999999997,1.4929614,0
0.3201967999999997,1.4929614,0
0.33019029999999994,1.4929614,0
0.3401189999999996,1.4929614,0
0.35020399999999974,1.4929614,0
0.3604944999999997,1.4929614,0
0.3702330000000007,1.4929614,0
0.3801541999999998,1.4929614,0
0.39011640000000014,1.4929614,0
0.40025020000000033,1.4929614,0
0.4102472000000006,1.4929614,0
0.42017590000000027,1.4929614,0
0.4301136000000003,1.4929614,0
0.44007730000000045,1.4929614,0
0.45026739999999954,1.4929614,0
0.46016490000000054,1.4929614,0
0.47024509999999964,1.4929614,0
0.4800991999999997,1.4929614,0
0.4901610000000005,1.4929614,0
0.5001975000000005,1.4929614,0
0.510204700000001,1.4929614,0
0.520157900000001,1.4929614,0
0.5302416999999995,1.4929614,0
0.5402585000000002,1.4929614,0
0.5503122000000005,1.4929614,0
0.560345100000001,1.4929614,0
0.5702885999999996,1.4929614,0
0.5802391,1.4929614,0
0.5901616000000001,1.4929614,0
0.6001480000000008,1.4929614,0
0.6102568999999995,1.4929614,0
0.6201885000000011,1.4929614,0
0.6301804000000004,1.4929614,0
0.6401374999999998,1.4929614,0
0.6501991,1.4929614,0
0.6601282000000008,1.4929614,0
0.6702196000000011,1.4929614,0
0.6801086999999999,1.4929614,0
0.6902249000000005,1.4929614,0
0.7002205999999997,1.4929614,0
0.7102233000000009,1.4929614,0
0.7202271000000007,1.4929614,0
0.7303508000000001,1.4929614,0
0.7400956999999995,1.4929614,0
0.7501619999999996,1.4929614,0
0.7601703000000004,1.4929614,0
0.7703061000000009,1.4929614,0
0.7801421000000008,1.4929614,0
0.7900702000000006,1.4929614,0
0.8004034000000004,1.4929614,0
0.8102938000000002,1.4929614,0
0.8201649,1.4929614,0
0.8301724000000004,1.4929614,0
0.8401223000000009,1.4929614,0
0.8502267000000003,1.4929614,0
0.8602325000000004,1.4929614,0
0.8701831999999996,1.4929614,0
0.8801670999999995,1.4929614,0
0.8902721000000007,1.4929614,0
0.9001871000000001,1.4929614,0
0.9101862000000001,1.4929614,0
0.9202109000000007,1.4929614,0
0.9302817999999995,1.4929614,0
0.940100600000001,1.4929614,0
0.9503310000000003,1.4929614,0
0.9601907999999995,1.4929614,0
0.9702345999999995,1.4929614,0
0.9802,1.4929614,0
0.9901122000000004,1.4929614,0
1.0001601999999998,1.4929614,0
1.0104112999999995,1.4929614,0
1.0234956000000004,1.4929614,0
1.030163700000001,1.4929614,0
1.0402880000000003,1.4929614,0
1.0502503,1.4929614,0
1.0602327000000002,1.4929614,0
1.0702467000000002,1.4929614,0
1.080327800000001,1.4929614,0
1.0902098000000002,1.4929614,0
1.1001788999999995,1.4929614,0
1.1102158000000006,1.4929614,0
1.1201311999999994,1.4929614,0
1.1302547000000018,1.4929614,0
1.1403251999999995,1.4929614,0
1.1503352000000007,1.4929614,0
1.1603038000000012,1.4929614,0
1.1703997000000008,1.4929614,0
1.1802561999999988,1.4929614,0
1.1901247999999995,1.4929614,0
1.2002044000000005,1.4929614,0
1.2103536999999989,1.4929614,0
1.2202124000000012,1.4929614,0
1.2302387999999986,1.4929614,0
1.240103099999999,1.4929614,0
1.2502317000000005,1.4929614,0
1.2603313000000007,1.4929614,0
1.2702223000000004,1.4929614,0
1.280256099999999,1.4929614,0
1.2903002000000008,1.4929614,0
1.3002463000000013,1.4929614,0
1.3102091000000016,1.4929614,0
1.3203510999999999,1.4929614,0
1.3303523000000013,1.4929614,0
1.3400935999999994,1.4929614,0
1.350272499999999,1.4929614,0
1.3601931,1.4929614,0
1.3702873999999987,1.4929614,0
1.3801750999999989,1.4929614,0
1.3901743000000018,1.4929614,0
1.4001428999999987,1.4929614,0
1.4102712000000004,1.4929614,0
1.4201733999999995,1.4929614,0
1.430135400000001,1.4929614,0
1.4401110000000017,1.4929614,0
1.4502865000000007,1.4929614,0
1.4601726,1.4929614,0
1.4703111,1.4929614,0
1.4802548999999985,1.4929614,0
1.4901815999999997,1.4929614,0
1.5001566000000004,1.4929614,0
1.5106506000000017,1.4929614,0
1.5201890999999996,1.4929614,0
1.5302435999999986,1.4929614,0
1.5400968000000006,1.4929614,0
1.550150900000002,1.4929614,0
1.5602979999999995,1.4929614,0
1.5704406000000013,1.4929614,0
1.5803791000000018,1.4929614,0
1.5903647999999997,1.4929614,0
1.600322300000002,1.4929614,0
1.6104839999999996,1.4929614,0
1.6202728999999998,1.4929614,0
1.6302422000000014,1.4929614,0
1.6403792999999993,1.4929614,0
1.650394900000002,1.4929614,0
1.6603686000000017,1.4929614,0
1.6701316000000013,1.4929614,0
1.680190200000002,1.4929614,0
1.6902831999999997,1.4929614,0
1.7002458000000011,1.4929614,0
1.710242700000002,1.4929614,0
1.7202187000000002,1.4929614,0
1.7302989999999987,1.4929614,0
1.740151700000002,1.4929614,0
1.7503549000000014,1.4929614,0
1.7602262999999994,1.4929614,0
1.7702212000000017,1.4929614,0
1.780267300000002,1.4929614,0
1.7901236999999988,1.4929614,0
1.8001788000000012,1.4929614,0
1.8102884999999986,1.4929614,0
1.8201436000000015,1.4929614,0
1.830278700000001,1.4929614,0
1.8402132999999985,1.4929614,0
1.8502659000000001,1.4929614,0
1.8601823000000017,1.4929614,0
1.8701441999999986,1.4929614,0
1.880182399999999,1.4929614,0
1.8902229999999989,1.4929614,0
1.9002675999999994,1.4929614,0
1.9103583999999998,1.4929614,0
1.9200577999999986,1.4929614,0
1.9302637000000011,1.4929614,0
1.9401684999999986,1.4929614,0
1.9502237999999998,1.4929614,0
1.9603384999999989,1.4929614,0
1.9702424,1.4929614,0
1.9802597000000013,1.4929614,0
1.9901584999999997,1.4929614,0
2.0003233000000016,1.4929614,0
2.0102529999999987,1.4929614,0
2.0201986000000005,1.4929614,0
2.0302165000000016,1.4929614,0
2.040352800000001,1.4929614,0
2.0503651000000005,1.4929614,0
2.0602392000000016,1.4929614,0
2.070292300000002,1.4929614,0
2.080532399999999,1.4929614,0
2.0903422999999997,1.4929614,0
2.1002733000000013,1.4929614,0
2.1101346999999997,1.4929614,0
2.1202709000000013,1.4929614,0
2.1302181000000004,1.4929614,0
2.1401007000000014,1.4929614,0
2.150218299999999,1.4929614,0
2.160377799999999,1.4929614,0
2.1702993,1.4929614,0
2.1802309000000015,1.4929614,0
2.1901158999999986,1.4929614,0
2.200184499999999,1.4929614,0
2.2103219000000003,1.4929614,0
2.220220300000001,1.4929614,0
2.230141500000002,1.4929614,0
2.2401786,1.4929614,0
2.2502227999999995,1.4929614,0
2.260160299999999,1.4929614,0
2.2701552000000014,1.4929614,0
2.2801226999999997,1.4929614,0
2.2902799000000016,1.4929614,0
2.300216500000001,1.4929614,0
2.3102236000000005,1.4929614,0
2.3201842,1.4929614,0
2.3302563999999997,1.4929614,0
2.340221200000002,1.4929614,0
2.350261400000001,1.4929614,0
2.3603203000000015,1.4929614,0
2.3702067000000007,1.4929614,0
2.3802340000000015,1.4929614,0
2.3901219000000005,1.4929614,0
2.400227300000001,1.4929614,0
2.4102692999999995,1.4929614,0
2.420142900000002,1.4929614,0
2.4302077000000004,1.4929614,0
2.4401702000000007,1.4929614,0
2.4502685,1.4929614,0
2.460269199999999,1.4929614,0
2.470223100000002,1.4929614,0
2.4801608,1.4929614,0
2.490323400000001,1.4929614,0
2.5002163000000017,1.4929614,0
2.5103104000000016,1.4929614,0
2.5202308,1.4929614,0
2.5302568,1.4929614,0
2.540168699999999,1.4929614,0
2.550363700000002,1.4929614,0
2.5603258999999987,1.4929614,0
2.5702710000000017,1.4929614,0
2.5803711000000007,1.4929614,0
2.5902008999999993,1.4929614,0
2.6001912999999988,1.4929614,0
2.610312799999999,1.4929614,0
2.6202228000000005,1.4929614,0
2.6301875000000017,1.4929614,0
2.640153699999999,1.4929614,0
2.6502383000000016,1.4929614,0
2.6602207,1.4929614,0
2.6702124000000005,1.4929614,0
2.680164099999999,1.4929614,0
2.6902206,1.4929614,0
2.7001969000000017,1.4929614,0
2.710219200000001,1.4929614,0
2.720139800000002,1.4929614,0
2.730275299999999,1.4929614,0
2.7401127999999986,1.4929614,0
2.7501472000000007,1.4929614,0
2.760193000000001,1.4929614,0
2.7703677000000013,1.4929614,0
2.7802925999999992,1.4929614,0
2.7901628999999986,1.4929614,0
2.8001468000000003,1.4929614,0
2.810290900000002,1.4929614,0
2.8201865999999995,1.4929614,0
2.830451400000001,1.4929614,0
2.8401084999999995,1.4929614,0
2.850231400000002,1.4929614,0
2.8601922,1.4929614,0
2.8702228000000005,1.4929614,0
2.8801686999999987,1.4929614,0
2.890268299999999,1.4929614,0
2.9001331000000015,1.4929614,0
2.9102069999999998,1.4929614,0
2.9202414999999995,1.4929614,0
2.9302394000000014,1.4929614,0
2.9401055000000014,1.4929614,0
2.9501910000000002,1.4929614,0
2.9601685999999994,1.4929614,0
2.9702887999999987,1.4929614,0
2.9802509000000015,1.4929614,0
2.990104500000001,1.4929614,0
3.0001722000000015,1.4929614,0
3.010369700000002,1.4929614,0
3.0201417,1.4929614,0
3.030177600000002,1.4929614,0
3.040123300000001,1.4929614,0
3.0502582999999994,1.4929614,0
3.0601629999999993,1.4929614,0
3.0701983000000013,1.4929614,0
3.0801447999999993,1.4929614,0
3.090129900000001,1.4929614,0
3.1001347999999993,1.4929614,0
3.1102355999999993,1.4929614,0
3.120233500000001,1.4929614,0
3.1303616000000005,1.4929614,0
3.1403274000000003,1.4929614,0
3.150233700000001,1.4929614,0
3.160463199999999,1.4929614,0
3.1705004000000017,1.4929614,0
3.180356800000002,1.4929614,0
3.190462499999999,1.4929614,0
3.2002194999999993,1.4929614,0
3.210499500000001,1.4929614,0
3.2203179000000013,1.4929614,0
3.2302234,1.4929614,0
3.2401352999999986,1.4929614,0
3.2501989999999985,1.4929614,0
3.2601885000000017,1.4929614,0
3.2701831000000006,1.4929614,0
3.2801866000000004,1.4929614,0
3.2902300999999987,1.4929614,0
3.300226900000002,1.4929614,0
3.3103508999999995,1.4929614,0
3.3201327999999997,1.4929614,0
3.3303075,1.4929614,0
3.340159,1.4929614,0
3.3502025999999994,1.4929614,0
3.360343499999999,1.4929614,0
3.370207100000002,1.4929614,0
3.3801373000000012,1.4929614,0
3.3901301000000004,1.4929614,0
3.4001707000000003,1.4929614,0
3.4103576999999987,1.4929614,0
3.4202484999999996,1.4929614,0
3.4302466000000003,1.4929614,0
3.4402074999999996,1.4929614,0
3.4502755,1.4929614,0
3.4602345999999997,1.4929614,0
3.4701921999999996,1.4929614,0
3.4801135999999993,1.4929614,0
3.4902467,1.4929614,0
3.5002107000000002,1.4929614,0
3.5101587999999992,1.4929614,0
3.5202719999999985,1.4929614,0
3.5302566000000013,1.4929614,0
3.5401728000000006,1.4929614,0
3.5502022999999987,1.4929614,0
3.5602765000000005,1.4929614,0
3.570236399999999,1.4929614,0
3.580139899999999,1.4929614,0
3.5901312999999995,1.4929614,0
3.600208200000001,1.4929614,0
3.6104065,1.4929614,0
3.6201465000000006,1.4929614,0
3.630140700000002,1.4929614,0
3.640245,1.4929614,0
3.650331699999999,1.4929614,0
3.6601861000000007,1.4929614,0
3.670323800000002,1.4929614,0
3.680094799999999,1.4929614,0
3.690403400000001,1.4929614,0
3.700134600000002,1.4929614,0
3.7101739999999985,1.4929614,0
3.7201974,1.4929614,0
3.7302445000000013,1.4929614,0
3.7401124999999986,1.4929614,0
3.7501457999999985,1.4929614,0
3.7602380999999987,1.4929614,0
3.7702597000000004,1.4929614,0
3.780211099999999,1.4929614,0
3.7901048000000017,1.4929614,0
3.800235100000002,1.4929614,0
3.810724799999999,1.4929614,0
3.8202979,1.4929614,0
3.830314699999999,1.4929614,0
3.840378300000001,1.4929614,0
3.8502545999999995,1.4929614,0
3.8603816,1.4929614,0
3.8703174999999987,1.4929614,0
3.8801667,1.4929614,0
3.8903041000000016,1.4929614,0
3.900294500000001,1.4929614,0
3.9102537999999996,1.4929614,0
3.920228099999999,1.4929614,0
3.9302572,1.4929614,0
3.9402758999999996,1.4929614,0
3.9502395999999997,1.4929614,0
3.9602760000000004,1.4929614,0
3.9702483000000015,1.4929614,0
3.980077999999999,1.4929614,0
3.9902184,1.4929614,0
4.000185800000001,1.4929614,0
4.010375700000001,1.4929614,0
4.020210899999999,1.4929614,0
4.030163000000002,1.4929614,0
4.040148800000001,1.4929614,0
4.050317800000002,1.4929614,0
4.060166299999999,1.4929614,0
4.070229399999999,1.4929614,0
4.080129200000002,1.4929614,0
4.0903190999999985,1.4929614,0
4.1001878000000005,1.4929614,0
4.110218400000001,1.4929614,0
4.120165,1.4929614,0
4.130236499999999,1.4929614,0
4.140162799999999,1.4929614,0
4.150224399999999,1.4929614,0
4.160352,1.4929614,0
4.170217000000001,1.4929614,0
4.180136600000001,1.4929614,0
4.1902027,1.4929614,0
4.200154099999999,1.4929614,0
4.210298399999999,1.4929614,0
4.2201737,1.4929614,0
4.230199899999999,1.4929614,0
4.2402888999999995,1.4929614,0
4.2503238,1.4929614,0
4.260138900000001,1.4929614,0
4.270146499999999,1.4929614,0
4.280167500000001,1.4929614,0
4.290184100000001,1.4929614,0
4.3002137000000005,1.4929614,0
4.310219199999999,1.4929614,0
4.3201936,1.4929614,0
4.3303808,1.4929614,0
4.340271600000001,1.4929614,0
4.350234799999999,1.4929614,0
4.360199699999999,1.4929614,0
4.370443999999999,1.4929614,0
4.380125700000001,1.4929614,0
4.390101999999999,1.4929614,0
4.400209799999999,1.4929614,0
4.4103436999999985,1.4929614,0
4.4202388,1.4929614,0
4.4301578,1.4929614,0
4.440108299999999,1.4929614,0
4.450243199999999,1.4929614,0
4.4602119999999985,1.4929614,0
4.470163200000002,1.4929614,0
4.480206200000001,1.4929614,0
4.4901953,1.4929614,0
4.500190199999999,1.4929614,0
4.510247100000001,1.4929614,0
4.5202177,1.4929614,0
4.5302349,1.4929614,0
4.540154999999999,1.4929614,0
4.550126299999999,1.4929614,0
4.560223700000002,1.4929614,0
4.570315600000001,1.4929614,0
4.580118299999999,1.4929614,0
4.590246100000002,1.4929614,0
4.600183399999999,1.4929614,0
4.610322499999999,1.4929614,0
4.620248199999999,1.4929614,0
4.6301828,1.4929614,0
4.640259700000001,1.4929614,0
4.650229100000001,1.4929614,0
4.660268600000002,1.4929614,0
4.670196100000002,1.4929614,0
4.680248899999999,1.4929614,0
4.690205599999999,1.4929614,0
4.7003339,1.4929614,0
4.710251200000002,1.4929614,0
4.7202555,1.4929614,0
4.730258800000001,1.4929614,0
4.740111800000001,1.4929614,0
4.750190400000001,1.4929614,0
4.760280999999999,1.4929614,0
4.770433199999999,1.4929614,0
4.780149099999999,1.4929614,0
4.790169500000001,1.4929614,0
4.800169,1.4929614,0
4.810253100000001,1.4929614,0
4.820242799999999,1.4929614,0
4.830237499999999,1.4929614,0
4.840189200000001,1.4929614,0
4.850209899999999,1.4929614,0
4.8604717000000015,1.4929614,0
4.870244200000002,1.4929614,0
4.8801381,1.4929614,0
4.890249000000001,1.4929614,0
4.9002161000000015,1.4929614,0
4.910184600000001,1.4929614,0
4.920198800000001,1.4929614,0
4.930269800000001,1.4929614,0
4.940096400000002,1.4929614,0
4.9502399,1.4929614,0
4.9601855000000015,1.4929614,0
4.970258699999999,1.4929614,0
4.980454300000002,1.4929614,0
4.9903251,1.4929614,0
5.0002745,1.4929614,0
5.010389199999999,1.4929614,0
5.020450400000001,1.4929614,0
5.030419200000001,1.4929614,0
5.0403144,1.4929614,0
5.050362,1.4929614,0
5.060422299999999,1.4929614,0
5.070334599999999,1.4929614,0
5.0801871,1.4929614,0
5.090183400000001,1.4929614,0
5.100192700000001,1.4929614,0
5.110220000000002,1.4929614,0
5.120124700000002,1.4929614,0
5.130225299999999,1.4929614,0
5.1401913000000015,1.4929614,0
5.150144300000001,1.4929614,0
5.1602187000000015,1.4929614,0
5.170425699999999,1.4929614,0
5.1801815,1.4929614,0
5.190238600000001,1.4929614,0
5.200232800000002,1.4929614,0
5.210334899999999,1.4929614,0
5.220268400000002,1.4929614,0
5.230246900000001,1.4929614,0
5.2402807,1.4929614,0
5.250425100000001,1.4996177403260351,0
5.260556099999999,1.5142396652726788,0
5.2704913,1.5433507464235077,0
5.2804269999999995,1.5801912431007368,0
5.2908577,1.6456782608953866,0
5.300386500000002,1.78559943746327,0
5.310718300000001,1.9835120939384288,0
5.3210874,2.2383143636655363,0
5.334725800000001,2.588821580137389,0
5.340418700000001,2.9010284474680685,0
5.350528300000001,3.1228996191165024,0
5.3649802000000015,3.3237887302246483,0
5.370558800000001,3.5994192385366217,0
5.380489100000002,3.6636728001724186,0
5.390404400000001,3.935962616077921,0
5.400471100000001,4.0924377050572724,0
5.4135411,4.1878469244146395,0
5.4205054,4.236855119596617,0
5.4304098,4.4656659426628345,0
5.440535000000001,4.675077740771481,0
5.4504059,4.713533748234534,0
5.4604876,4.732935497767326,0
5.470562900000001,4.732935497767326,0
5.480409099999999,4.687845169568926,0
5.490341900000001,4.48956995878066,0
5.500655500000001,4.630791777478766,0
5.5106877999999995,4.48956995878066,0
5.5206084,4.303586819778257,0
5.5306117000000015,4.139712984840692,0
5.540540199999999,4.182455823463794,0
5.550589599999999,3.8779488629628496,0
5.566361700000002,3.9213283869714335,0
5.570398000000001,3.863661674212862,0
5.580379400000002,3.8779488629628496,0
5.590422,3.9704525589693596,0
5.600437100000001,3.901952168090908,0
5.610541999999999,3.950684914502795,0
5.6205362,4.056251869071759,0
5.634289899999999,3.9953855416981865,0
5.648138500000002,4.1450185145715945,0
5.662493300000001,3.9457676635638124,0
5.663281399999999,3.965495812250389,0
5.6764665,4.015512225424479,0
5.690522900000001,3.9408602372987573,0
5.6912679,4.030713256266487,0
5.704655500000001,3.9853824191140568,0
5.7194495,4.102869906370529,0
5.732541399999999,4.286753449470591,0
5.7332103,4.525786462712617,0
5.740409,4.872056683357902,0
5.750398100000002,4.8924124296296645,0
5.760489700000001,5.161107258447625,0
5.773569000000002,5.3185946485283795,0
5.7805307,5.451018922611801,0
5.790404599999999,5.704400565352053,0
5.8004541,5.687575036582215,0
5.811114400000001,5.704400565352053,0
5.8204727,5.982966845017518,0
5.830405299999999,6.0009763073095606,7.000000010748408e-07
5.8431189,6.010008088694971,0.012678499999999815
5.850469199999999,5.982966845017518,0
5.864279,6.037212067551826,5.999999999062311e-07
5.878196800000001,5.815422409869826,0
5.892584299999999,6.110559071938329,8.999999998593466e-07
5.893259199999999,6.2228036367552635,0.0007328999999991481
5.907033800000001,6.337774657733094,0.014487199999997813
5.910390200000002,6.27994423832014,0.017833299999999497
5.920393400000002,6.415969341581473,0.02782049999999714
5.930405199999999,6.445616409894751,0.037860299999998404
5.940365400000001,6.4061264490717855,0.047839299999999696
5.9503571000000015,6.415969341581473,0.0578366999999993
5.9604231,6.27994423832014,0.06787749999999804
5.970521900000001,6.337774657733094,0.07791089999999912
5.980375800000001,6.232279516750141,0.08785419999999888
5.990433200000002,6.175707473670507,0.09790819999999911
6.000358200000001,6.270373124148044,0.10784659999999846
6.010559499999999,6.166344624693092,0.11793739999999886
6.020595199999999,6.0829163286647,0.12800399999999712
6.030447299999999,6.129079925238219,0.13788049999999785
6.040363599999999,6.2228036367552635,0.14781089999999963
6.051018899999999,6.0463163929775785,0.15837750000000028
6.060565799999999,6.0463163929775785,0.1679124999999999
6.0705719999999985,6.0829163286647,0.177957499999998
6.0804343,5.755282855289889,0
6.093387799999999,5.89399222016673,0
6.100464800000001,5.815422409869826,0
6.110734600000001,5.965029276690851,0
6.1205721,5.5880230381356535,0
6.130930500000002,5.612687495743965,0
6.1404448999999985,5.563506124199345,0
6.150378700000001,5.579834383443626,0
6.1604931,5.679187476864623,0
6.171002000000001,5.670816675502524,0
6.180415100000001,5.704400565352053,0
6.190346600000002,5.514911402176358,0
6.200396000000001,5.7723797577200475,0
6.210478900000002,5.704400565352053,0
6.220580399999999,5.695979388205552,0
6.230389299999999,5.729765387115033,0
6.240400900000001,5.704400565352053,0
6.250891599999999,5.947163315328091,0
6.260657699999999,5.876409839490586,0
6.270605100000001,5.938257097883617,0
6.2804246,5.858897647865455,0
6.2903673,5.965029276690851,0
6.300460099999999,5.947163315328091,0
6.3104437,5.956087363031768,0
6.320471399999999,6.0009763073095606,5.999999999062311e-07
6.333764800000001,5.920498011343938,0
6.346628599999999,6.010008088694971,5.999999999062311e-07
6.362463399999999,5.956087363031768,0
6.363181400000002,5.982966845017518,0
6.3768657,6.037212067551826,8.999999998593466e-07
6.3908722000000004,6.010008088694971,0.01398670000000024
6.3915310000000005,5.991962571435397,0
6.406467599999999,5.956087363031768,0
6.410578300000001,6.037212067551826,7.999999986907369e-07
6.425791799999999,6.010008088694971,0.015322499999999906
6.4304238,6.028125932580405,0.019928900000000027
6.440411399999999,6.019057951718768,0.02992319999999893
6.4504959,5.97398909207301,0
6.4638670000000005,6.010008088694971,5.999999999062311e-07
6.476997100000002,6.028125932580405,0.013148300000001
6.4803991,5.97398909207301,0
6.494137900000002,6.028125932580405,5.999999999062311e-07
6.5074343,6.028125932580405,0.013310700000001674
6.5103542999999995,5.982966845017518,0
6.5238713,5.982966845017518,0
6.530924800000001,6.1198102381647095,5.999999999062311e-07
6.5435759000000004,6.101326389554399,0.012629600000000352
6.5504985,5.982966845017518,0
6.5634757000000015,6.019057951718768,5.999999999062311e-07
6.5764220999999985,6.0829163286647,0.01295509999999922
6.580514900000001,6.055438945274984,0.01698999999999984
6.5903759000000015,6.0645797609342535,0.026950400000000485
6.600397600000001,6.147675010315886,0.03696090000000041
6.610465600000001,6.092112154082174,0.046959400000002205
6.6204474,6.147675010315886,0.05695359999999994
6.6304663999999995,6.185089067084062,0.06699019999999933
6.6404198,6.2228036367552635,0.07698660000000146
6.650400099999999,6.213346689581242,0.08695619999999948
6.660434299999999,6.1198102381647095,0.09694389999999942
6.670461800000002,5.679187476864623,0
6.684772299999999,6.194489442460147,5.999999999062311e-07
6.6981061,6.251288226892488,0.013332800000000589
6.7004044,6.138368170237612,0.015629600000000465
6.710601199999999,6.386499623096539,0.025697399999998538
6.720731799999999,6.037212067551826,0.03589140000000057
6.731245300000001,6.49542520288607,0.04632489999999834
6.740549300000001,6.606773699795757,0.055704399999999765
6.750757799999999,6.783749139762662,0.0658227999999994
6.7608444,6.8262721983256105,0.07587669999999846
6.7706488,6.955901662500982,0.0858144999999979
6.780430500000001,7.044065922350272,0.09562959999999876
6.7930204,7.1336521558107355,0.10820869999999871
6.800713399999999,7.09988923293321,0.11582939999999908
6.8105084,7.111121039461668,0.1256896999999988
6.820565500000001,7.24766957253901,0.13569719999999919
6.8303408999999995,7.066328281073982,0.14557869999999795
6.8402873,6.465480176582687,0.15554269999999804
6.852925599999999,7.111121039461668,0.1681519999999992
6.866974899999999,7.190375823008391,0.18222760000000093
6.870563400000002,7.1789856653167865,0.18568319999999972
6.880414999999999,7.156273577114696,0.19561179999999823
6.8912157,7.35225325423583,0.20639620000000036
6.900494300000002,7.224683297447398,0.21569769999999977
6.9104044999999985,7.167618265175428,0.22564119999999832
6.920482,7.387534912892297,0.23568939999999827
6.9303951999999995,7.328849479972434,0.24562099999999987
6.9403577,6.376715611123658,0.25559259999999995
6.954005500000001,7.3055391338252935,0.2691736999999996
6.9674011,7.282321842828364,0.28261360000000124
6.970403900000001,6.988798062988308,0.2856246999999996
6.984069300000002,7.293918879685199,0.2993060000000014
6.9970155,7.3405396652208985,0.31226999999999805
7.0003834000000005,7.45873648687406,0.31561419999999885
7.0104828999999995,7.41117389899744,0.3256774
7.020524399999999,7.689928502230714,0.3356861000000002
7.030416500000001,7.714779485070684,0.3456578999999991
7.0403704000000005,8.166155927514222,0.3555981999999993
7.0537293000000005,7.904364425065508,0.3689058999999979
7.0696151,8.073335404255426,0.3848079999999996
7.0705974000000005,8.08651605131745,0.38577569999999994
7.0860997999999995,8.314667798570671,0.40132930000000044
7.0903639,8.301031304013586,0.405618699999998
7.1005351999999995,8.273839997665297,0.41575659999999814
7.1104442,8.369487326701252,0.4256662999999996
7.1207776,8.494446557780574,0.4358752999999993
7.130715500000001,8.438631343854855,0.44574779999999947
7.140802100000002,8.522522057577296,0.45574590000000015
7.1506285,8.452543313875262,0.4657549000000003
7.1605642,8.722226692884746,0.4757017999999995
7.170671800000001,8.67896086002344,0.4857802999999983
7.1805919,8.522522057577296,0.49575940000000074
7.190440299999999,8.722226692884746,0.5056915000000011
7.2009352,8.751215137895052,0.5161599999999993
7.210398000000001,8.707775895113674,0.5255739999999989
7.2205327,8.751215137895052,0.5357021999999994
7.2303494000000015,9.002355241650097,0.5456134999999982
7.243555400000002,8.751215137895052,0.5587377999999994
7.257459100000002,8.736706421172222,0.5726881999999982
7.260456999999999,8.722226692884746,0.5756303000000003
7.270559299999999,9.09305139310744,0.585699899999998
7.2836073,9.123526107475662,0.5988192999999988
7.290351999999999,9.032466444874892,0.6056013
7.300649499999999,9.047567273559713,0.6157690000000002
7.310995200000001,8.853592720743801,0.6261441999999988
7.325759999999999,8.972364242669451,0.6409699999999994
7.330577300000002,9.032466444874892,0.6457535000000014
7.345935100000002,9.032466444874892,0.6611361000000002
7.3505672,8.972364242669451,0.6657109999999982
7.3660184000000015,8.94249296807631,0.681255199999999
7.370433800000001,8.987344746665283,0.6856173999999982
7.3808924000000005,8.94249296807631,0.6961022999999997
7.390414700000001,8.972364242669451,0.705630499999998
7.4004245,8.987344746665283,0.7156230999999984
7.410518500000002,8.987344746665283,0.7257174999999982
7.420498600000002,9.032466444874892,0.7356866000000011
7.4344570999999995,9.09305139310744,0.7496936999999981
7.440394900000001,8.987344746665283,0.75563
7.454999300000001,9.017395787665905,0.7701895999999984
7.469761200000001,8.972364242669451,0.7848964000000009
7.470580999999999,8.927602077993871,0.7858276000000011
7.486865300000002,8.987344746665283,0.8020829999999997
7.490428699999999,9.06269833412371,0.8056590999999997
7.5056838,8.987344746665283,0.8208590999999998
7.520240999999999,8.94249296807631,0.8354351999999992
7.521058700000001,9.017395787665905,0.8362581999999996
7.5365517,9.017395787665905,0.8517879999999991
7.541013800000002,8.853592720743801,0.856212799999998
7.5555293,9.30895659937976,0.8707081999999993
7.5699787,8.912740939929662,0.8851846999999999
7.570721599999999,8.751215137895052,0.8859424000000011
7.586886100000001,8.897909494439109,0.9020617000000009
7.5903831,8.94249296807631,0.9056430999999989
7.600408000000002,8.94249296807631,0.9156480000000009
7.6109823,8.912740939929662,0.9261136000000008
7.620535199999999,8.897909494439109,0.9357000999999983
7.630400699999999,8.987344746665283,0.9456087000000011
7.640417299999999,8.912740939929662,0.9556395000000002
7.650405599999999,8.912740939929662,0.9656464999999983
7.6605419999999995,9.032466444874892,0.9757092999999983
7.673806299999999,8.987344746665283,0.9890532999999984
7.687431,9.002355241650097,1.0026420999999992
7.703654400000001,9.047567273559713,1.0026420999999992
7.7045587,8.987344746665283,1.0026420999999992
7.720112499999999,9.06269833412371,1.0026420999999992
7.721035499999999,9.154122964824467,1.0026420999999992
7.7306177,9.002355241650097,1.0026420999999992
7.740552000000001,9.16946735002452,1.0026420999999992
7.750492099999999,9.595581734544421,1.0026420999999992
7.760580600000001,9.077859687091145,1.0026420999999992
7.7706616,9.246651300076511,1.0026420999999992
7.780482599999999,8.987344746665283,1.0026420999999992
7.7905169,9.215685068627405,1.0026420999999992
7.8004885,9.123526107475662,1.0026420999999992
7.810668,9.138809237726493,1.0026420999999992
7.820782600000001,8.94249296807631,1.0026420999999992
7.8305404,9.09305139310744,1.0026420999999992
7.840480500000002,9.16946735002452,1.0026420999999992
7.850552799999999,9.231152701241395,1.0026420999999992
7.860653899999999,9.231152701241395,1.0026420999999992
7.8705560000000006,9.138809237726493,1.0026420999999992
7.880594200000001,9.30895659937976,1.0026420999999992
7.890434299999999,9.215685068627405,1.0026420999999992
7.900853399999999,9.06269833412371,1.0026420999999992
7.9107077,9.184842454704212,1.0026420999999992
7.9206529,9.154122964824467,1.0026420999999992
7.930663599999999,8.736706421172222,1.0026420999999992
7.940711199999999,9.200248340363991,1.0026420999999992
7.950492400000002,9.26218092712718,1.0026420999999992
7.9606791,9.246651300076511,1.0026420999999992
7.9705844,8.273839997665297,1.0026420999999992
7.980613600000002,8.972364242669451,1.0026420999999992
7.9907042,9.09305139310744,1.0026420999999992
8.0005548,9.293333514473604,1.0026420999999992
8.0106121,9.077859687091145,1.0026420999999992
8.020696099999999,9.200248340363991,1.0026420999999992
8.0305222,9.57938597223622,1.0026420999999992
8.040550200000002,9.403354130994348,1.0026420999999992
8.050590200000002,9.077859687091145,1.0026420999999992
8.060672499999999,9.200248340363991,1.0026420999999992
8.070631500000001,8.780319768902485,1.0026420999999992
8.0805331,9.26218092712718,1.0026420999999992
8.0906649,9.231152701241395,1.0026420999999992
8.1006797,9.123526107475662,1.0026420999999992
8.110601500000001,9.06269833412371,1.0026420999999992
8.120598000000001,9.184842454704212,1.0026420999999992
8.1306175,8.314667798570671,1.0026420999999992
8.140626099999999,9.09305139310744,1.0026420999999992
8.150566399999999,8.987344746665283,1.0026420999999992
8.160602400000002,9.09305139310744,1.0026420999999992
8.170597100000002,9.06269833412371,1.0026420999999992
8.1805634,9.047567273559713,1.0026420999999992
8.1905741,9.017395787665905,1.0026420999999992
8.200616499999999,9.154122964824467,1.0026420999999992
8.2105973,9.200248340363991,1.0026420999999992
8.2206708,9.231152701241395,1.0026420999999992
8.230678399999999,9.26218092712718,1.0026420999999992
8.240588800000001,9.077859687091145,1.0026420999999992
8.250613099999999,9.231152701241395,1.0026420999999992
8.260660600000001,9.27774164451191,1.0026420999999992
8.2708379,9.246651300076511,1.0026420999999992
8.2806316,9.246651300076511,1.0026420999999992
8.290602799999998,9.246651300076511,1.0026420999999992
8.300783899999999,9.246651300076511,1.0026420999999992
8.3107419,9.30895659937976,1.0026420999999992
8.320664700000002,9.340296664120023,1.0026420999999992
8.330705300000002,9.09305139310744,1.0026420999999992
8.34063,8.751215137895052,1.0026420999999992
8.3504869,8.67896086002344,1.0026420999999992
8.3607783,8.21978259559808,1.0026420999999992
8.370711400000001,7.917206792001785,1.0026420999999992
8.3810638,7.506681101523312,1.0026420999999992
8.390616099999999,7.144951555755833,1.0026420999999992
8.400604900000001,6.762614839982228,1.0026420999999992
8.4105512,6.2228036367552635,1.0026420999999992
8.420616899999999,5.858897647865455,1.0026420999999992
8.430529700000001,5.44310400232517,1.0026420999999992
8.440518100000002,5.220323843985317,1.0026420999999992
8.4506181,4.982045736503327,1.0026420999999992
8.460684,4.20951947442318,1.0026420999999992
8.470600000000001,3.5452709168378425,1.0026420999999992
8.4805517,2.958629935126401,1.0026420999999992
8.490589199999999,2.2877986919473856,1.0026420999999992
8.500659299999999,1.967957113947887,1.0026420999999992
8.5107362,1.69652523694765,1.0026420999999992
8.5205612,1.5584794278672465,1.0026420999999992
8.5306098,1.50569256805397,1.0026420999999992
8.540385400000002,1.4929614,1.0026420999999992
8.550340600000002,1.4929614,1.0026420999999992
8.560278499999999,1.4929614,1.0026420999999992
8.570599000000001,1.4929614,1.0026420999999992
8.580496,1.4929614,1.0026420999999992
8.590540400000002,1.4929614,1.0026420999999992
8.600321399999999,1.4929614,1.0026420999999992
8.610594299999999,1.4929614,1.0026420999999992
8.620601100000002,1.4929614,1.0026420999999992
8.6305138,1.4929614,1.0026420999999992
8.640253399999999,1.4929614,1.0026420999999992
8.650638400000002,1.4929614,1.0026420999999992
8.6604624,1.4929614,1.0026420999999992
8.670457800000001,1.4929614,1.0026420999999992
8.680309600000001,1.4929614,1.0026420999999992
8.6904224,1.4929614,1.0026420999999992
8.7002642,1.4929614,1.0026420999999992
