0.0004409999999950287,1.4929614,0
0.010074699999996994,1.4929614,0
0.025196799999996244,1.4929614,0
0.030219400000000007,1.4929614,0
0.040040799999999876,1.4929614,0
0.050163099999998906,1.4929614,0
0.06018569999999812,1.4929614,0
0.07019369999999725,1.4929614,0
0.08011929999999978,1.4929614,0
0.09012539999999802,1.4929614,0
0.10024239999999907,1.4929614,0
0.11019729999999583,1.4929614,0
0.12019029999999731,1.4929614,0
0.13012349999999628,1.4929614,0
0.14004289999999742,1.4929614,0
0.15019129999999592,1.4929614,0
0.16008039999999824,1.4929614,0
0.17018519999999882,1.4929614,0
0.18021739999999653,1.4929614,0
0.1901152999999951,1.4929614,0
0.20024180000000058,1.4929614,0
0.2101704999999967,1.4929614,0
0.22015079999999898,1.4929614,0
0.23015629999999732,1.4929614,0
0.24009519999999895,1.4929614,0
0.25020329999999547,1.4929614,0
0.2601719999999972,1.4929614,0
0.27013219999999905,1.4929614,0
0.28008330000000115,1.4929614,0
0.2902227999999951,1.4929614,0
0.3002396999999988,1.4929614,0
0.31005460000000085,1.4929614,0
0.3201344000000006,1.4929614,0
0.3301443000000006,1.4929614,0
0.3401625999999993,1.4929614,0
0.350207300000001,1.4929614,0
0.3600452999999959,1.4929614,0
0.3703318999999965,1.4929614,0
0.38012489999999843,1.4929614,0
0.3901755999999992,1.4929614,0
0.4001438999999962,1.4929614,0
0.4100723999999971,1.4929614,0
0.420219699999997,1.4929614,0
0.4301944999999989,1.4929614,0
0.44003899999999874,1.4929614,0
0.450150899999997,1.4929614,0
0.46011490000000066,1.4929614,0
0.4701525999999987,1.4929614,0
0.4800348999999997,1.4929614,0
0.4902939999999987,1.4929614,0
0.5001569000000003,1.4929614,0
0.5101915999999989,1.4929614,0
0.5202488999999986,1.4929614,0
0.5302635999999978,1.4929614,0
0.5401296000000002,1.4929614,0
0.5503688999999952,1.4929614,0
0.5600476999999984,1.4929614,0
0.5702032999999957,1.4929614,0
0.5802077999999966,1.4929614,0
0.5901186999999979,1.4929614,0
0.6002484999999993,1.4929614,0
0.610065899999995,1.4929614,0
0.6202071999999959,1.4929614,0
0.6302463999999972,1.4929614,0
0.6401077999999956,1.4929614,0
0.6501064999999997,1.4929614,0
0.6600865999999996,1.4929614,0
0.6702227999999977,1.4929614,0
0.6800344999999979,1.4929614,0
0.6901324999999972,1.4929614,0
0.7001080000000002,1.4929614,0
0.7101526000000007,1.4929614,0
0.7202087000000006,1.4929614,0
0.7301631999999998,1.4929614,0
0.7400982999999997,1.4929614,0
0.7501560999999981,1.4929614,0
0.7601763999999989,1.4929614,0
0.7704446999999988,1.4929614,0
0.7800906000000012,1.4929614,0
0.7900575999999973,1.4929614,0
0.8002236999999965,1.4929614,0
0.8100671999999989,1.4929614,0
0.8202487999999946,1.4929614,0
0.8302323999999999,1.4929614,0
0.8400813000000014,1.4929614,0
0.8501891000000015,1.4929614,0
0.860168299999998,1.4929614,0
0.8701158000000007,1.4929614,0
0.8800457999999978,1.4929614,0
0.8900608999999946,1.4929614,0
0.9001434999999987,1.4929614,0
0.9101213000000001,1.4929614,0
0.9202020999999974,1.4929614,0
0.9300809000000001,1.4929614,0
0.9400418999999971,1.4929614,0
0.9501155999999966,1.4929614,0
0.9601295000000007,1.4929614,0
0.9701299999999975,1.4929614,0
0.9801311000000013,1.4929614,0
0.990361,1.4929614,0
1.0003545000000003,1.4929614,0
1.0103924999999947,1.4929614,0
1.0262208999999984,1.4929614,0
1.0303471000000002,1.4929614,0
1.0402908999999951,1.4929614,0
1.0503586999999968,1.4929614,0
1.0602739999999997,1.4929614,0
1.0703718999999978,1.4929614,0
1.080213299999997,1.4929614,0
1.0902402999999978,1.4929614,0
1.1003027000000003,1.4929614,0
1.1102074000000002,1.4929614,0
1.1203536999999955,1.4929614,0
1.130355999999999,1.4929614,0
1.1402880999999994,1.4929614,0
1.1503568999999985,1.4929614,0
1.1602069999999998,1.4929614,0
1.1702906000000013,1.4929614,0
1.1802330999999953,1.4929614,0
1.1901882000000015,1.4929614,0
1.2001813999999982,1.4929614,0
1.2100679999999997,1.4929614,0
1.2201941000000005,1.4929614,0
1.230276400000001,1.4929614,0
1.2401128999999997,1.4929614,0
1.2502530999999948,1.4929614,0
1.2604377999999983,1.4929614,0
1.2701238000000004,1.4929614,0
1.2800855999999996,1.4929614,0
1.2901172999999986,1.4929614,0
1.3001864999999952,1.4929614,0
1.3101330999999945,1.4929614,0
1.320091699999999,1.4929614,0
1.330094299999999,1.4929614,0
1.3401230999999996,1.4929614,0
1.3501489000000007,1.4929614,0
1.3601215999999994,1.4929614,0
1.3700799999999944,1.4929614,0
1.3800772999999964,1.4929614,0
1.3901931999999988,1.4929614,0
1.4002485999999976,1.4929614,0
1.4100696,1.4929614,0
1.420148999999995,1.4929614,0
1.430128499999995,1.4929614,0
1.4400399999999962,1.4929614,0
1.4501208000000005,1.4929614,0
1.4603170999999975,1.4929614,0
1.4701033999999993,1.4929614,0
1.4800824999999946,1.4929614,0
1.4901264000000012,1.4929614,0
1.5001856999999958,1.4929614,0
1.5100523999999993,1.4929614,0
1.5201913999999945,1.4929614,0
1.530134099999998,1.4929614,0
1.5401522000000014,1.4929614,0
1.5502265000000008,1.4929614,0
1.5601376999999985,1.4929614,0
1.5701211999999956,1.4929614,0
1.5802446999999944,1.4929614,0
1.5901031999999944,1.4929614,0
1.6001807999999969,1.4929614,0
1.610085599999998,1.4929614,0
1.6202159999999992,1.4929614,0
1.630173499999998,1.4929614,0
1.640074999999996,1.4929614,0
1.650242899999995,1.4929614,0
1.660370399999998,1.4929614,0
1.6701692999999977,1.4929614,0
1.680043099999999,1.4929614,0
1.6901338999999993,1.4929614,0
1.7002079999999964,1.4929614,0
1.7100934999999993,1.4929614,0
1.7202035999999978,1.4929614,0
1.7300818000000007,1.4929614,0
1.7401132999999973,1.4929614,0
1.7501761999999985,1.4929614,0
1.7600513999999947,1.4929614,0
1.770251199999997,1.4929614,0
1.780239199999997,1.4929614,0
1.790104399999997,1.4929614,0
1.8001861999999988,1.4929614,0
1.8100780999999984,1.4929614,0
1.8201269999999994,1.4929614,0
1.8300516999999985,1.4929614,0
1.8401387999999983,1.4929614,0
1.8502186999999992,1.4929614,0
1.8601646999999986,1.4929614,0
1.870152399999995,1.4929614,0
1.8800649999999948,1.4929614,0
1.8900920999999968,1.4929614,0
1.9001234999999994,1.4929614,0
1.9100674999999967,1.4929614,0
1.9201325000000011,1.4929614,0
1.930045799999995,1.4929614,0
1.940130499999995,1.4929614,0
1.9501622999999952,1.4929614,0
1.9600557999999992,1.4929614,0
1.970342599999995,1.4929614,0
1.9801278999999994,1.4929614,0
1.9901101999999966,1.4929614,0
2.0001974999999987,1.4929614,0
2.010146800000001,1.4929614,0
2.020208199999999,1.4929614,0
2.030238699999998,1.4929614,0
2.0401576000000006,1.4929614,0
2.0501411999999988,1.4929614,0
2.060178299999997,1.4929614,0
2.070121399999998,1.4929614,0
2.080051300000001,1.4929614,0
2.090202699999999,1.4929614,0
2.100276799999996,1.4929614,0
2.1100345999999988,1.4929614,0
2.12012,1.4929614,0
2.1300652999999983,1.4929614,0
2.140070999999999,1.4929614,0
2.1501870999999966,1.4929614,0
2.160088099999996,1.4929614,0
2.1701730999999995,1.4929614,0
2.1801394999999957,1.4929614,0
2.190140399999997,1.4929614,0
2.200204399999997,1.4929614,0
2.2101240999999945,1.4929614,0
2.2201999999999984,1.4929614,0
2.2300635,1.4929614,0
2.240103699999999,1.4929614,0
2.250119099999999,1.4929614,0
2.260122199999998,1.4929614,0
2.2702209999999994,1.4929614,0
2.2800735000000003,1.4929614,0
2.290071900000001,1.4929614,0
2.3001409999999964,1.4929614,0
2.3100716999999946,1.4929614,0
2.3201465,1.4929614,0
2.3301170999999954,1.4929614,0
2.3400686999999962,1.4929614,0
2.350176900000001,1.4929614,0
2.3601223999999945,1.4929614,0
2.3701196999999965,1.4929614,0
2.380078499999996,1.4929614,0
2.3900992999999957,1.4929614,0
2.4001395999999957,1.4929614,0
2.410039300000001,1.4929614,0
2.420183899999998,1.4929614,0
2.430078199999997,1.4929614,0
2.440123899999996,1.4929614,0
2.450139499999999,1.4929614,0
2.4600064999999987,1.4929614,0
2.4701610999999986,1.4929614,0
2.480111899999997,1.4929614,0
2.490290199999997,1.4929614,0
2.5002355999999963,1.4929614,0
2.510067299999996,1.4929614,0
2.5201268,1.4929614,0
2.5302414999999954,1.4929614,0
2.5401847999999987,1.4929614,0
2.5502581999999947,1.4929614,0
2.560091100000001,1.4929614,0
2.570143899999998,1.4929614,0
2.5801275999999973,1.4929614,0
2.5900772999999973,1.4929614,0
2.600216599999996,1.4929614,0
2.6101634999999987,1.4929614,0
2.620230399999997,1.4929614,0
2.6300852999999975,1.4929614,0
2.6401102999999964,1.4929614,0
2.6502564999999976,1.4929614,0
2.6602016000000006,1.4929614,0
2.6701511999999994,1.4929614,0
2.6801788,1.4929614,0
2.6901802999999944,1.4929614,0
2.7001734999999982,1.4929614,0
2.710106599999996,1.4929614,0
2.7201281999999978,1.4929614,0
2.730052299999997,1.4929614,0
2.7401788999999965,1.4929614,0
2.7501584999999977,1.4929614,0
2.7601794999999996,1.4929614,0
2.7701370999999995,1.4929614,0
2.780050899999999,1.4929614,0
2.7904535999999993,1.4929614,0
2.8002989999999954,1.4929614,0
2.810305199999995,1.4929614,0
2.8202440999999965,1.4929614,0
2.830266099999996,1.4929614,0
2.840229199999996,1.4929614,0
2.8501811999999944,1.4929614,0
2.860414899999995,1.4929614,0
2.8703610999999967,1.4929614,0
2.8801913,1.4929614,0
2.8901058000000006,1.4929614,0
2.900149800000001,1.4929614,0
2.9100924999999975,1.4929614,0
2.920234999999998,1.4929614,0
2.930100099999997,1.4929614,0
2.9402244999999994,1.4929614,0
2.950353199999995,1.4929614,0
2.9602317999999954,1.4929614,0
2.970210899999998,1.4929614,0
2.9800877999999997,1.4929614,0
2.9901987999999946,1.4929614,0
3.0002548999999945,1.4929614,0
3.010078,1.4929614,0
3.0200934999999944,1.4929614,0
3.030093699999995,1.4929614,0
3.040155999999996,1.4929614,0
3.050165700000001,1.4929614,0
3.0601278999999977,1.4929614,0
3.070157099999996,1.4929614,0
3.080097699999996,1.4929614,0
3.090340099999999,1.4929614,0
3.100167599999999,1.4929614,0
3.110082299999995,1.4929614,0
3.1200970000000012,1.4929614,0
3.1300686999999954,1.4929614,0
3.140097499999996,1.4929614,0
3.1501807,1.4929614,0
3.1601068999999953,1.4929614,0
3.170181299999996,1.4929614,0
3.1800361999999964,1.4929614,0
3.1900667999999968,1.4929614,0
3.2002469999999974,1.4929614,0
3.2101763000000005,1.4929614,0
3.2202112999999954,1.4929614,0
3.2300678000000005,1.4929614,0
3.2401125999999962,1.4929614,0
3.250081899999998,1.4929614,0
3.260579100000001,1.4929614,0
3.2701252999999966,1.4929614,0
3.2800753,1.4929614,0
3.290195499999996,1.4929614,0
3.3002050999999994,1.4929614,0
3.3100999999999985,1.4929614,0
3.3201646999999994,1.4929614,0
3.330067899999996,1.4929614,0
3.340131399999997,1.4929614,0
3.3501495000000006,1.4929614,0
3.3602143999999967,1.4929614,0
3.3701208999999963,1.4929614,0
3.3800872999999996,1.4929614,0
3.390209899999995,1.4929614,0
3.400183999999996,1.4929614,0
3.4101335000000006,1.4929614,0
3.4201075000000003,1.4929614,0
3.4300669,1.4929614,0
3.4401202999999967,1.4929614,0
3.450224899999995,1.4929614,0
3.4601313999999945,1.4929614,0
3.4700919,1.4929614,0
3.480101099999999,1.4929614,0
3.4902721999999997,1.4929614,0
3.5001999999999995,1.4929614,0
3.5100843999999967,1.4929614,0
3.5201457999999946,1.4929614,0
3.530060200000001,1.4929614,0
3.5401641999999995,1.4929614,0
3.5501436999999996,1.4929614,0
3.5601040999999967,1.4929614,0
3.570157299999998,1.4929614,0
3.580059299999995,1.4929614,0
3.5901228999999972,1.4929614,0
3.600211299999998,1.4929614,0
3.6100884999999963,1.4929614,0
3.620292499999998,1.4929614,0
3.630276099999996,1.4929614,0
3.6400787999999977,1.4929614,0
3.6501684999999995,1.4929614,0
3.6600381000000013,1.4929614,0
3.6702242,1.4929614,0
3.680092699999996,1.4929614,0
3.6903302999999994,1.4929614,0
3.7001485999999986,1.4929614,0
3.7101187999999965,1.4929614,0
3.7201451999999975,1.4929614,0
3.7300512999999995,1.4929614,0
3.7400920999999983,1.4929614,0
3.750190499999995,1.4929614,0
3.7601088999999988,1.4929614,0
3.7701157999999992,1.4929614,0
3.7801215,1.4929614,0
3.7901331999999996,1.4929614,0
3.8001267,1.4929614,0
3.8100796999999957,1.4929614,0
3.8201701999999997,1.4929614,0
3.830081199999995,1.4929614,0
3.840153199999996,1.4929614,0
3.850091499999998,1.4929614,0
3.860082499999997,1.4929614,0
3.8702849999999955,1.4929614,0
3.8800765999999953,1.4929614,0
3.890110799999995,1.4929614,0
3.9002319999999955,1.4929614,0
3.910129099999999,1.4929614,0
3.9201632999999987,1.4929614,0
3.930015900000001,1.4929614,0
3.940141099999998,1.4929614,0
3.9501880999999983,1.4929614,0
3.9601960999999974,1.4929614,0
3.9702105000000003,1.4929614,0
3.9800862999999964,1.4929614,0
3.9901409,1.4929614,0
4.000230199999997,1.4929614,0
4.0101078,1.4929614,0
4.020097399999997,1.4929614,0
4.030051700000001,1.4929614,0
4.040152599999999,1.4929614,0
4.050200099999998,1.4929614,0
4.060150199999995,1.4929614,0
4.070316499999997,1.4929614,0
4.080104299999995,1.4929614,0
4.090274099999995,1.4929614,0
4.100117499999996,1.4929614,0
4.110070399999998,1.4929614,0
4.120187000000001,1.4929614,0
4.130060899999997,1.4929614,0
4.140012800000001,1.4929614,0
4.150229099999997,1.4929614,0
4.1601286,1.4929614,0
4.170234899999997,1.4929614,0
4.180095699999995,1.4929614,0
4.1901109000000005,1.4929614,0
4.200263899999996,1.4929614,0
4.210163299999998,1.4929614,0
4.220139199999998,1.4929614,0
4.230075499999998,1.4929614,0
4.2401146999999995,1.4929614,0
4.2502045999999964,1.4929614,0
4.260110599999997,1.4929614,0
4.270090400000001,1.4929614,0
4.280158199999995,1.4929614,0
4.290097599999996,1.4929614,0
4.300170399999999,1.4929614,0
4.3101594999999975,1.4929614,0
4.320195200000001,1.4929614,0
4.330136400000001,1.4929614,0
4.3401098999999945,1.4929614,0
4.3502613,1.4929614,0
4.360092699999996,1.4929614,0
4.370081200000001,1.4929614,0
4.380102399999998,1.4929614,0
4.390099599999999,1.4929614,0
4.4001448,1.4929614,0
4.410065899999999,1.4929614,0
4.420137099999998,1.4929614,0
4.430075500000001,1.4929614,0
4.440134499999999,1.4929614,0
4.450177699999998,1.4929614,0
4.460013199999999,1.4929614,0
4.470098199999995,1.4929614,0
4.480078800000001,1.4929614,0
4.490085399999998,1.4929614,0
4.500295699999995,1.4929614,0
4.510293300000001,1.4929614,0
4.520238999999997,1.4929614,0
4.530207099999998,1.4929614,0
4.540188199999996,1.4929614,0
4.550280000000001,1.4929614,0
4.560285,1.4929614,0
4.570709000000001,1.4929614,0
4.5805018999999945,1.4929614,0
4.590830799999999,1.4929614,0
4.6004456000000005,1.4929614,0
4.610287499999998,1.4929614,0
4.620426500000001,1.4929614,0
4.630353100000001,1.4929614,0
4.640151599999996,1.4929614,0
4.650406199999999,1.4929614,0
4.6602656999999965,1.4929614,0
4.670218599999998,1.4929614,0
4.680237399999996,1.4929614,0
4.690027899999997,1.4929614,0
4.700176499999998,1.4929614,0
4.710119499999998,1.4929614,0
4.720198499999995,1.4929614,0
4.730046899999998,1.4929614,0
4.740014699999996,1.4929614,0
4.750154899999998,1.4929614,0
4.760049199999997,1.4929614,0
4.770176299999996,1.4929614,0
4.780089199999999,1.4929614,0
4.790064699999995,1.4929614,0
4.800289299999996,1.4929614,0
4.8101416000000015,1.4929614,0
4.820213799999998,1.4929614,0
4.830078999999998,1.4929614,0
4.840143999999995,1.4929614,0
4.850121899999998,1.4929614,0
4.860074999999995,1.4929614,0
4.870138399999995,1.4929614,0
4.880194699999997,1.4929614,0
4.890127,1.4929614,0
4.900140299999997,1.4929614,0
4.910073599999997,1.4929614,0
4.920230400000001,1.4929614,0
4.9300837999999985,1.4929614,0
4.9400811999999945,1.4929614,0
4.950298099999998,1.4929614,0
4.960146699999996,1.4929614,0
4.970067,1.4929614,0
4.9800770999999955,1.4929614,0
4.990137900000001,1.4929614,0
5.000079999999997,1.4929614,0
5.010244399999998,1.4929614,0
5.020106299999995,1.4929614,0
5.0301185999999944,1.4929614,0
5.0401764,1.4929614,0
5.050163999999995,1.4929614,0
5.0601482,1.4929614,0
5.070189199999994,1.4929614,0
5.080048999999995,1.4929614,0
5.090084999999995,1.4929614,0
5.100214399999999,1.4929614,0
5.1101434999999995,1.4929614,0
5.120168,1.4929614,0
5.1300819999999945,1.4929614,0
5.140110700000001,1.4929614,0
5.1501552,1.4929614,0
5.160110099999997,1.4929614,0
5.170107999999999,1.4929614,0
5.1801125,1.4929614,0
5.190097099999996,1.4929614,0
5.200289699999999,1.4929614,0
5.210187399999995,1.4929614,0
5.2201126,1.4929614,0
5.230092200000001,1.4929614,0
5.240071999999998,1.4929614,0
5.250257300000001,1.4929614,0
5.260138599999998,1.4929614,0
5.2702759999999955,1.4929614,0
5.280135399999999,1.4929614,0
5.290086899999999,1.4929614,0
5.300186400000001,1.4929614,0
5.310077199999995,1.4929614,0
5.320327599999999,1.4929614,0
5.330113699999998,1.4929614,0
5.340092299999995,1.4929614,0
5.350162099999999,1.4929614,0
5.360073799999995,1.4929614,0
5.3701577,1.4929614,0
5.380119899999997,1.4929614,0
5.390101099999995,1.4929614,0
5.4001056999999975,1.4929614,0
5.4101116000000005,1.4929614,0
5.420113299999997,1.4929614,0
5.4300494000000015,1.4929614,0
5.440197099999999,1.4929614,0
5.450159299999996,1.4929614,0
5.460086199999999,1.4929614,0
5.470113699999999,1.4929614,0
5.480061800000001,1.4929614,0
5.4900148999999985,1.4929614,0
5.500124100000001,1.4929614,0
5.510162099999995,1.4929614,0
5.5202091999999965,1.4929614,0
5.530120499999995,1.4929614,0
5.540099099999999,1.4929614,0
5.550210899999996,1.4929614,0
5.560063999999997,1.4929614,0
5.5702843999999985,1.4929614,0
5.5800524,1.4929614,0
5.590120999999996,1.4929614,0
5.6001249999999985,1.4929614,0
5.610076899999996,1.4929614,0
5.620081800000001,1.4929614,0
5.630100999999996,1.4929614,0
5.640110999999997,1.4929614,0
5.650158699999999,1.4929614,0
5.660068899999999,1.4929614,0
5.670097399999996,1.4929614,0
5.6801247,1.4929614,0
5.690064899999996,1.4929614,0
5.700212799999996,1.4929614,0
5.710110700000001,1.4929614,0
5.720167099999998,1.4929614,0
5.730168200000001,1.4929614,0
5.740139399999997,1.4929614,0
5.750275299999998,1.4929614,0
5.7600677000000005,1.4929614,0
5.7702484,1.4929614,0
5.780077399999996,1.4929614,0
5.791140200000001,1.4929614,0
5.800279599999996,1.4929614,0
5.8101153,1.4929614,0
5.820140899999998,1.4929614,0
5.830063299999999,1.4929614,0
5.840051199999998,1.4929614,0
5.850233699999997,1.4929614,0
5.860019799999996,1.4929614,0
5.870225099999999,1.4929614,0
5.8800539,1.4929614,0
5.890097999999995,1.4929614,0
5.900187500000001,1.4929614,0
5.910124400000001,1.4929614,0
5.920223,1.4929614,0
5.930256,1.4929614,0
5.940051599999997,1.4929614,0
5.950269399999996,1.4929614,0
5.960142699999999,1.4929614,0
5.970185199999996,1.4929614,0
5.980130099999997,1.4929614,0
5.990159999999996,1.4929614,0
6.000163999999998,1.4929614,0
6.010087899999995,1.4929614,0
6.0200976,1.4929614,0
6.030086399999995,1.4929614,0
6.040074799999999,1.4929614,0
6.050114199999996,1.4929614,0
6.060121699999996,1.4929614,0
6.0701909,1.4929614,0
6.080178699999998,1.4929614,0
6.090117499999998,1.4929614,0
6.100232499999997,1.4929614,0
6.1100694999999945,1.4929614,0
6.1201004999999995,1.4929614,0
6.1300501999999994,1.4929614,0
6.1400184999999965,1.4929614,0
6.150205,1.4929614,0
6.160032899999997,1.4929614,0
6.170186799999996,1.4929614,0
6.180238299999999,1.4929614,0
6.190093499999996,1.4929614,0
6.2002442,1.4929614,0
6.210129699999996,1.4929614,0
6.220267199999995,1.4929614,0
6.230065799999998,1.4929614,0
6.240095499999995,1.4929614,0
6.250241500000001,1.4929614,0
6.260080899999998,1.4929614,0
6.270304199999998,1.4929614,0
6.280041699999998,1.4929614,0
6.290040900000001,1.4929614,0
6.3001887,1.4929614,0
6.3101269,1.4929614,0
6.320125999999995,1.4929614,0
6.3300506,1.4929614,0
6.340345399999997,1.4929614,0
6.350357199999998,1.4929614,0
6.360236699999994,1.4929614,0
6.3703869,1.4929614,0
6.380472399999995,1.4929614,0
6.390292500000001,1.4929614,0
6.400306799999996,1.4929614,0
6.4103376999999995,1.4929614,0
6.4202425000000005,1.4929614,0
6.430437300000001,1.4929614,0
6.4402642999999955,1.4929614,0
6.450279099999996,1.4929614,0
6.4602547,1.4929614,0
6.470430700000001,1.4929614,0
6.480108999999999,1.4929614,0
6.490069200000001,1.4929614,0
6.500085299999995,1.4929614,0
6.510094500000001,1.4929614,0
6.520056799999999,1.4929614,0
6.5300808,1.4929614,0
6.540099599999998,1.4929614,0
6.550314199999995,1.4929614,0
6.5602546,1.4929614,0
6.5702189,1.4929614,0
6.580217300000001,1.4929614,0
6.5900733,1.4929614,0
6.600113499999999,1.4929614,0
6.610114599999996,1.4929614,0
6.620070399999996,1.4929614,0
6.6301480999999995,1.4929614,0
6.6400608000000005,1.4929614,0
6.6501874,1.4929614,0
6.660056599999997,1.4929614,0
6.670109400000001,1.4929614,0
6.680119699999999,1.4929614,0
6.690166999999995,1.4929614,0
6.700144699999996,1.4929614,0
6.710115099999996,1.4929614,0
6.720109199999996,1.4929614,0
6.7300995000000015,1.4929614,0
6.740099299999997,1.4929614,0
6.750276700000001,1.4929614,0
6.760182099999994,1.4929614,0
6.770100999999997,1.4929614,0
6.780503899999999,1.5009402410406203,0
6.790329199999995,1.5164524631414853,0
6.800462099999997,1.5553827439449086,0
6.810314099999999,1.581284886756186,0
6.8205679,1.6313914837140424,0
6.8304422,1.6772085392376075,0
6.840362299999995,1.7353605170552588,0
6.850370399999996,1.7768513320191017,0
6.860366200000001,1.808972314994478,0
6.870429399999999,1.8147730668112763,0
6.8803926,1.834190775101013,0
6.890417999999997,1.8643868835398407,0
6.900414599999998,1.9805574940382926,0
6.910430699999999,2.148358862885254,0
6.923345300000001,2.359481985729137,0
6.930487100000001,2.649811452191591,0
6.940448599999996,3.018582184090703,0
6.954267199999997,3.445014663186515,0
6.9603325,3.830656386869883,0
6.970464399999997,4.113343920058039,0
6.983453099999998,4.25892130761927,0
6.990526099999997,4.605762493882691,0
7.000412099999998,4.745934821072582,0
7.0104045,4.8317097688067285,0
7.020458900000001,4.919744110019454,0
7.030371500000001,5.175822698741421,0
7.043353099999997,5.303309261089653,0
7.050419699999999,5.451018922611801,0
7.060317900000001,5.704400565352053,0
7.070535799999995,5.97398909207301,0
7.080346399999996,6.166344624693092,5.999999999062311e-07
7.094567399999995,6.455538361358687,0.014245899999998812
7.1004711,6.5965495799240745,0.02007329999999996
7.110413799999996,6.27994423832014,0.029998700000000156
7.1206362,6.762614839982228,0.040166499999997995
7.130408899999999,7.044065922350272,0.050085499999994454
7.1437922,7.122375332081784,0.06346289999999755
7.150439499999997,7.293918879685199,0.07010729999999654
7.1605155999999965,7.399342586455758,0.08017609999999564
7.1704890999999975,7.714779485070684,0.0900820999999965
7.180454499999996,7.665176724779058,0.1000867999999997
7.190403400000001,7.840536452576179,0.1100356999999974
7.200365900000001,7.853251035826392,0.12001709999999832
7.210336899999994,7.9300748693738,0.13001649999999643
7.2204836999999955,8.073335404255426,0.14010569999999944
7.2356234999999955,8.20633568180298,0.15528809999999993
7.240384399999996,8.522522057577296,0.16002089999999924
7.250449699999997,8.383260870307085,0.1700547999999955
7.260429500000001,8.522522057577296,0.18010419999999527
7.2704339999999945,8.564846436085226,0.1900601999999978
7.280319899999995,8.707775895113674,0.19996099999999473
7.290495499999999,8.765752901088112,0.21005710000000022
7.300429799999996,8.883107682196407,0.2200382999999988
7.3103142000000005,8.08651605131745,0.22998429999999814
7.3204952999999975,9.123526107475662,0.24012029999999385
7.333514699999995,9.387542439694219,0.2531384999999986
7.340367999999998,9.403354130994348,0.2600192999999962
7.350422899999998,9.450979388677672,0.2700582999999952
7.360338999999996,9.57938597223622,0.28000799999999515
7.370487699999998,9.108273512939446,0.2900701999999953
7.380434600000001,9.677048205357805,0.30008360000000067
7.390391699999995,9.72632056384844,0.3100290999999942
7.400398099999997,9.693439487586987,0.32003259999999756
7.4105485999999985,10.011184305278535,0
7.425023599999996,9.825756633804376,2.199999997287705e-06
7.4403054,10.18333172739613,0
7.441155999999999,9.994158168480158,1.900000000887303e-06
7.456938099999995,10.079630399050409,0
7.474532799999999,10.062467506865458,0
7.475296,10.18333172739613,0
7.4805603000000005,10.305899947177094,0
7.490627799999999,10.358956758122659,0
7.500679099999999,10.25316052398179,0
7.510530899999999,10.412332866869404,0
7.520582599999997,10.394505234710364,0
7.530530899999995,10.50200782302884,0
7.540532999999996,10.57439625326279,0
7.550519299999998,10.57439625326279,0
7.560537799999999,10.757921311448747,0
7.570598099999998,10.610808213647339,0
7.580400399999995,10.647366113557899,0
7.590616699999998,10.610808213647339,0
7.600556900000001,10.684070537921636,0
7.610634900000001,10.832365260703382,0
7.620620299999999,10.851069489218567,0
7.630436699999997,10.851069489218567,0
7.640779099999996,10.813698403261705,0
7.650721300000001,10.869811163624185,0
7.660522700000001,10.851069489218567,0
7.670589,10.869811163624185,0
7.6805333000000005,10.869811163624185,0
7.690590999999998,10.869811163624185,0
7.700617099999995,10.851069489218567,0
7.710418099999998,10.869811163624185,0
7.720585199999995,10.851069489218567,0
7.7304739,10.851069489218567,0
7.740541499999999,10.964083853103384,0
7.750522099999998,10.945153821738554,0
7.7605577,10.610808213647339,0
7.770593099999999,10.983051782416258,0
7.780622799999996,10.964083853103384,0
7.790478799999995,10.869811163624185,0
7.8005607999999995,10.520050675513097,0
7.810687299999998,11.155481122997937,0
7.8246441,10.851069489218567,0
7.840401999999997,11.155481122997937,0
7.841416899999999,10.869811163624185,0
7.856946799999996,10.945153821738554,0
7.860418599999996,10.869811163624185,0
7.870638399999997,10.813698403261705,0
7.880536399999997,10.851069489218567,0
7.890594399999998,11.002057685548928,0
7.904443999999998,11.078462559035042,0
7.910594099999997,11.059303998863323,0
7.920603399999997,11.002057685548928,0
7.930527900000001,11.136168679632782,0
7.940527899999999,11.116894822555212,0
7.950446499999998,11.116894822555212,0
7.9605861,11.097659474669772,0
7.970621000000001,11.213650744090437,0
7.980476599999996,11.116894822555212,0
7.9905060999999975,11.233118306652,0
8.000569999999996,11.194222077744826,0
8.010663299999997,11.174832229900465,0
8.020693399999999,11.194222077744826,0
8.0305976,11.059303998863323,0
8.0404317,11.155481122997937,0
8.050512399999995,11.097659474669772,0
8.060464499999995,11.272170432059934,0
8.070708799999998,11.174832229900465,0
8.080525399999999,11.116894822555212,0
8.090481399999994,11.213650744090437,0
8.100521,11.272170432059934,0
8.110618899999999,11.174832229900465,0
8.1206016,11.350744874221816,0
8.131264299999998,11.078462559035042,0
8.140585099999996,11.155481122997937,0
8.150567899999999,11.174832229900465,0
8.160529599999997,11.174832229900465,0
8.170532199999997,11.155481122997937,0
8.180435699999997,11.272170432059934,0
8.190929999999994,11.174832229900465,0
8.2007707,11.25262484329977,0
8.210744999999996,11.174832229900465,0
8.222923799999997,11.155481122997937,0
8.2354117,11.116894822555212,0
8.240856,11.155481122997937,0
8.250674400000001,11.04018371752037,0
8.260613499999998,11.097659474669772,0
8.2708504,11.04018371752037,0
8.2808232,11.174832229900465,0
8.290894299999998,11.116894822555212,0
8.3008935,11.116894822555212,0
8.310912199999997,11.04018371752037,0
8.320748199999997,11.350744874221816,0
8.3304683,11.078462559035042,0
8.3404764,11.155481122997937,0
8.350483599999997,10.888590358886962,0
8.364715699999998,10.869811163624185,0
8.370572699999997,10.92626161260162,0
8.380416599999997,10.739403193116889,0
8.390540799999997,10.776476503078216,0
8.400577299999995,10.610808213647339,0
8.410474799999996,10.538129649812095,0
8.420600799999995,11.002057685548928,0
8.434122699999996,10.165961639818944,0
8.448400499999998,10.062467506865458,0
8.450328299999995,9.994158168480158,1.6000000044869012e-06
8.463382199999998,9.825756633804376,0.013023699999997973
8.470484299999995,9.859168038600663,0.02010179999999906
8.480352599999996,9.70986358518506,0.03001170000000286
8.490384999999996,9.466918080834294,0.04003720000000044
8.500349299999996,9.563222569082706,0.049998500000000945
8.510369999999995,9.482888682273867,0.06001960000000395
8.520430999999995,9.26218092712718,0.0700265999999985
8.530430699999997,9.231152701241395,0.08010070000000269
8.540366200000001,9.123526107475662,0.08999790000000019
8.550407999999997,8.987344746665283,0.10003139999999888
8.564074900000001,9.032466444874892,0.11357800000000395
8.579972900000001,8.897909494439109,0.12962800000000385
8.580731799999995,8.522522057577296,0.13037090000000262
8.596826100000001,8.751215137895052,0.14646950000000203
8.6004146,8.722226692884746,0.15006689999999878
8.610393899999998,8.67896086002344,0.1600634999999997
8.6204447,8.522522057577296,0.17005809999999855
8.630424900000001,8.707775895113674,0.1799898000000013
8.640415099999998,8.522522057577296,0.19003890000000467
8.650436599999999,8.480450865022997,0.19999510000000242
8.6604533,8.233256430132531,0.2100835000000032
8.670473699999995,8.179522401387631,0.22009849999999886
8.680391399999998,8.126216529959919,0.23000290000000234
8.690440899999999,8.060181092143798,0.24003129999999828
8.700344699999995,8.060181092143798,0.2500046999999981
8.710276499999999,8.126216529959919,0.25995470000000154
8.7204184,7.917206792001785,0.2700338000000002
8.734673999999998,7.904364425065508,0.28429789999999855
8.740355099999995,7.917206792001785,0.29001050000000106
8.7503806,7.917206792001785,0.30002950000000084
8.760376199999996,7.878756617124858,0.31003079999999983
8.770449899999996,7.802544922425701,0.32002650000000443
8.780306799999998,7.840536452576179,0.32996229999999827
8.790390199999997,7.955888361417405,0.3400419000000028
8.8004179,7.994802717912391,0.3500178000000034
8.810370399999996,7.878756617124858,0.36004179999999764
8.820420399999996,8.08651605131745,0.3700624000000019
8.833906899999995,7.878756617124858,0.3835510000000042
8.846508899999996,7.878756617124858,0.3961421999999999
8.850411699999995,8.007826142431599,0.4000456999999997
8.863482099999999,8.007826142431599,0.413142900000004
8.870537899999995,8.02087563986406,0.4201113000000021
8.880336399999997,8.126216529959919,0.42999499999999813
8.8903295,8.342022743180927,0.43997480000000166
8.900378199999999,8.314667798570671,0.450035800000002
8.910372599999995,8.452543313875262,0.4599648000000016
8.92051,8.21978259559808,0.470096599999998
8.930377799999995,8.508470269933717,0.4800451999999993
8.940438700000001,8.480450865022997,0.49006430000000023
8.9504096,8.452543313875262,0.5000300000000024
8.9603447,8.342022743180927,0.5100227000000004
8.970472000000001,8.579011088888649,0.5200426999999976
8.9803632,8.579011088888649,0.5300060000000002
8.990313399999998,8.579011088888649,0.539961599999998
9.000386999999996,8.564846436085226,0.5500023000000027
9.0103771,8.751215137895052,0.5600397999999984
9.020408699999997,8.897909494439109,0.5700508999999983
9.0303289,8.853592720743801,0.5799718000000027
9.040490999999996,8.722226692884746,0.5900727000000003
9.050377399999995,8.883107682196407,0.6000033000000045
9.060296000000001,8.957413669740566,0.6099446999999998
9.0705678,8.972364242669451,0.6201744000000033
9.080303999999998,9.032466444874892,0.6299763000000027
9.094719599999998,9.032466444874892,0.644295900000003
9.100454800000001,9.032466444874892,0.6500388999999984
9.110348699999996,9.154122964824467,0.6600161
9.120469700000001,9.184842454704212,0.6700710000000001
9.130417999999999,9.215685068627405,0.6800630000000041
9.1403568,9.340296664120023,0.6900176999999985
9.150338099999999,9.32461096172274,0.6999752000000043
9.160455399999996,9.482888682273867,0.7101268000000047
9.170473699999995,9.123526107475662,0.7200895000000003
9.1803418,9.51492586865949,0.7299842999999981
9.1905012,9.482888682273867,0.7401192000000023
9.2003129,9.482888682273867,0.7499701999999999
9.2103265,9.595581734544421,0.7599957999999987
9.220460199999998,9.450979388677672,0.7700710000000015
9.230325999999998,9.72632056384844,0.7799990000000037
9.240423199999995,9.644363824876494,0.789997200000002
9.2504633,9.693439487586987,0.800011099999999
9.260437699999997,9.72632056384844,0.8100452000000047
9.270404299999996,9.184842454704212,0.8200350000000043
9.280313799999995,9.70986358518506,0.8299651000000026
9.290334299999998,9.792478607692077,0.8399841000000023
9.300376399999998,9.842445630505686,0.8500118999999984
9.310342299999995,9.960207881646939,0.8599654000000001
9.320583899999995,9.842445630505686,0.8700709000000018
9.330385799999995,9.909536400813906,0.8800330999999986
9.340364899999997,9.825756633804376,0.8899650999999977
9.350453899999998,9.960207881646939,0.9000301000000022
9.3605132,9.909536400813906,0.910102700000003
9.370424799999995,9.825756633804376,0.9200379999999981
9.3804649,10.011184305278535,0
9.394784600000001,9.994158168480158,1.6999999985500835e-06
9.409456999999996,9.909536400813906,0.014610099999998738
9.410449100000001,10.131325511697408,0
9.424595499999995,10.376713222184142,0
9.430474799999999,10.200736589911823,0
9.4409493,10.23565091837597,0
9.450479699999995,10.448095275470884,0
9.460581399999995,10.062467506865458,0
9.470670999999996,10.25316052398179,0
9.480554300000001,10.305899947177094,0
9.490401299999995,10.25316052398179,0
9.5005114,10.376713222184142,0
9.510455099999994,10.2707051838414,0
9.52091,10.323550191432286,0
9.530544599999999,10.2707051838414,0
9.540534799999996,10.305899947177094,0
9.550436099999999,10.538129649812095,0
9.56044,10.079630399050409,0
9.570720999999999,10.131325511697408,0
9.580471099999997,10.011184305278535,0
9.590625099999997,10.23565091837597,0
9.6004796,10.288284968133446,0
9.610363,10.2707051838414,0
9.620588300000001,10.556244818241767,0
9.630446,10.305899947177094,0
9.6406123,10.520050675513097,0
9.650517699999995,10.466030194963013,0
9.660563699999997,10.57439625326279,0
9.670567899999995,10.57439625326279,0
9.680393699999996,10.448095275470884,0
9.6905134,10.305899947177094,0
9.700820999999998,10.305899947177094,0
9.710498299999998,10.045338906161959,0
9.720409099999998,9.926393124720537,2.300000005561742e-06
9.733356899999997,9.994158168480158,0.01292770000000587
9.7403652,9.62807059588681,0.019958400000000154
9.750474599999997,9.466918080834294,0.030108400000003144
9.760345699999995,9.387542439694219,0.039979200000004766
9.7707507,9.123526107475662,0.050389800000004925
9.780330799999994,9.419197477321548,0.05996509999999944
9.790374399999997,9.154122964824467,0.0700018
9.800352799999999,8.751215137895052,0.07993740000000571
9.8134886,8.722226692884746,0.09310950000000418
9.820456299999996,7.865991073689227,0.10007240000000195
9.833693599999997,8.099723086052473,0.11332170000000019
9.847521799999996,7.7023415681634235,0.127115400000001
9.860341899999995,7.714779485070684,0.1399296000000021
9.860943200000001,7.328849479972434,0.14059440000000478
9.8705043,7.317182651729675,0.15004740000000538
9.8803038,7.122375332081784,0.1599455000000063
9.890276700000001,7.111121039461668,0.16990930000000048
9.900424799999996,6.934080128015318,0.1800667000000047
9.913539100000001,7.032968092035166,0.1931798000000029
9.926604699999999,6.86913680573084,0.2062421000000043
9.941223,6.86913680573084,0.22078150000000107
9.941919999999996,6.79434803340286,0.22158140000000515
9.9504144,6.678917963083457,0.22999360000000024
9.9604505,6.455538361358687,0.24009949999999947
9.970394200000001,6.435714282503059,0.25000760000000355
9.980291399999999,6.27994423832014,0.25989760000000217
9.9904042,6.175707473670507,0.2700090000000017
10.000353499999996,6.1198102381647095,0.2799459000000013
10.010367299999999,5.97398909207301,0
10.027222899999998,5.876409839490586,0
10.0429375,5.780953888508232,0
10.047736,5.729765387115033,0
10.0505481,5.44310400232517,0
10.0604929,5.3185946485283795,0
10.070480599999996,5.257818241962262,0
10.0808027,5.010097359277957,0
10.090605400000001,4.865298530396866,0
10.108141599999996,4.872056683357902,0
10.110442399999997,4.713533748234534,0
10.1205085,4.612001055352405,0
10.130367799999995,4.537955530473567,0
10.140373799999999,4.4537854557067424,0
10.150793999999998,4.3604331243554055,0
10.160340399999995,4.4537854557067424,0
10.170418399999996,4.418427800460581,0
10.180326899999997,4.519720158113891,0
10.190379999999998,4.41257599861211,0
10.2006169,4.4955759026401,0
10.210535700000001,4.4656659426628345,0
10.220552499999997,4.4537854557067424,0
10.230536399999998,4.4537854557067424,0
10.240510999999998,4.320521493915344,0
10.250714699999996,4.3950906511189265,0
10.260490599999997,4.4656659426628345,0
10.2705695,4.4955759026401,0
10.280346999999999,4.25892130761927,0
10.290650299999996,4.47162403065012,0
10.3003614,4.400907447278394,0
10.310323599999997,4.41257599861211,0
10.320441899999999,4.4656659426628345,0
10.330455799999996,4.519720158113891,0
10.3402794,4.4537854557067424,0
10.3503914,4.418427800460581,0
10.360379899999998,4.48956995878066,0
10.3704587,4.519720158113891,0
10.380288100000001,4.662361279685841,0
10.3903484,4.961153800567885,0
10.400312299999996,5.183202521501721,0
10.413049399999998,5.514911402176358,0
10.420496999999997,5.982966845017518,0
10.430297199999998,6.175707473670507,5.999999999062311e-07
10.443698699999999,6.6893069845681055,0.013389500000002386
10.4505312,6.5965495799240745,0.020242700000004277
10.4602723,6.6272833866223495,0.029980800000004137
10.470548199999996,6.79434803340286,0.040122000000003766
10.480285299999998,6.815609520161351,0.0499847000000031
10.490383000000001,6.752079349304772,0.06002690000000399
10.500384699999998,6.858388484023861,0.07002930000000163
10.510332499999997,6.934080128015318,0.08002010000000581
10.520367899999997,7.077492898532053,0.09003390000000167
10.533354199999998,7.111121039461668,0.10299580000000219
10.540282499999996,7.3055391338252935,0.10998850000000004
10.550388299999995,7.41117389899744,0.12005480000000546
10.560369099999996,7.518727305915347,0.13005270000000024
10.570530999999995,7.665176724779058,0.14010280000000108
10.5806398,7.677540237620285,0.15023190000000142
10.590466799999994,7.542892112532513,0.16009960000000234
10.600487999999999,7.677540237620285,0.17013680000000164
10.610337699999995,7.482660849647961,0.18004290000000367
10.620381899999998,7.677540237620285,0.19007799999999975
10.630375799999996,7.518727305915347,0.20003690000000063
10.6403866,7.764780658974222,0.2100550000000041
10.6503966,7.689928502230714,0.22000790000000592
10.660331499999998,7.840536452576179,0.2300457999999992
10.6708492,7.815183446581865,0.24050749999999965
10.680306799999997,8.007826142431599,0.24999490000000435
10.693490599999997,8.126216529959919,0.26315230000000156
10.7004199,7.677540237620285,0.27007860000000505
10.712682099999995,7.7773435790245795,0.2823571000000058
10.720465499999996,7.878756617124858,0.2900271000000032
10.730355499999995,7.815183446581865,0.30006380000000377
10.740351399999994,8.099723086052473,0.30998770000000064
10.753971499999999,7.994802717912391,0.3236684000000025
10.7669474,8.047053062365295,0.33665290000000425
10.7808925,7.878756617124858,0.350465100000001
10.781673300000001,7.789931650057636,0.3513224000000008
10.7949822,8.073335404255426,0.3646357000000009
10.809151199999995,7.904364425065508,0.37881800000000254
10.823809999999995,7.94296870865388,0.39348730000000387
10.8247997,7.865991073689227,0.39443890000000437
10.8303431,7.94296870865388,0.40005560000000173
10.840341299999999,7.677540237620285,0.4100347000000042
10.850347,7.878756617124858,0.4200456000000017
10.860368600000001,7.878756617124858,0.4300502000000037
10.870469299999996,7.853251035826392,0.4400825000000026
10.880319999999998,8.02087563986406,0.44997730000000047
10.893926299999997,7.968833879342992,0.46359080000000574
10.907013499999998,7.968833879342992,0.47668589999999966
10.910256699999998,8.007826142431599,0.4799659000000034
10.923635699999998,7.9300748693738,0.4933070000000015
10.937659099999998,7.94296870865388,0.5073584000000011
10.9402981,7.591512672362713,0.5100067999999993
10.9505001,7.9300748693738,0.5201078000000052
10.960530399999996,7.878756617124858,0.5301412000000028
10.970475899999997,7.878756617124858,0.5401475000000033
10.980320499999998,8.02087563986406,0.5500360999999998
10.993583000000001,7.840536452576179,0.563166300000006
11.007254599999996,7.9818053142127345,0.5769558000000004
11.010240599999996,7.994802717912391,0.5799294000000046
11.020499099999995,8.08651605131745,0.5900862000000018
11.034051299999994,8.073335404255426,0.6037353000000039
11.040315,8.152816159873417,0.6099926999999994
11.050398199999997,8.233256430132531,0.620096800000006
11.060375199999996,8.233256430132531,0.6300276999999994
11.070625899999996,8.233256430132531,0.6401493000000045
11.080450800000001,8.287422055190799,0.650065000000005
11.0903135,8.152816159873417,0.6600241000000011
11.100361999999997,8.20633568180298,0.6700602000000018
11.110262399999996,8.287422055190799,0.6799683000000059
11.120450299999995,8.20633568180298,0.6901207000000014
11.130463999999996,8.287422055190799,0.7000855000000001
11.1405308,8.452543313875262,0.7100888000000012
11.150311799999997,8.21978259559808,0.7200051000000016
11.160364199999997,8.20633568180298,0.7300630000000012
11.1705379,8.273839997665297,0.7401090000000039
11.1804962,7.213224593376143,0.7501499000000038
11.1928403,8.260285077108826,0.7625313000000062
11.207860599999997,8.246757239301694,0.7775072000000023
11.210311999999995,8.314667798570671,0.7800003000000046
11.220466799999997,8.246757239301694,0.7901039999999995
11.230322199999996,8.152816159873417,0.8000218000000032
11.240324299999997,8.179522401387631,0.8099948000000055
11.250366899999996,8.273839997665297,0.820054600000006
11.2604276,8.273839997665297,0.8300596000000056
11.270487799999998,8.233256430132531,0.8400978000000023
11.280327,8.260285077108826,0.8500079000000014
11.290562799999996,8.152816159873417,0.8601686000000015
11.300441999999997,8.139503045106144,0.8700566999999992
11.310399699999998,8.246757239301694,0.8800696000000059
11.3204475,8.21978259559808,0.8900898000000055
11.330289699999994,9.74281048940505,0.9000017000000042
11.3440297,8.047053062365295,0.9137386000000021
11.358286,8.166155927514222,0.9279666000000049
11.360291699999998,8.273839997665297,0.930018000000004
11.3704288,8.21978259559808,0.9400633999999997
11.380433599999996,8.260285077108826,0.9501092
11.390360999999999,8.047053062365295,0.9600129000000024
11.400380499999997,8.099723086052473,0.970051600000005
11.410359199999995,8.273839997665297,0.9800730000000044
11.420780899999997,8.355741302653907,0.9904705000000007
11.430318799999995,8.260285077108826,1.0000199000000052
11.440440500000001,8.126216529959919,1.0000199000000052
11.452673699999998,8.233256430132531,1.0000199000000052
11.467655799999996,8.260285077108826,1.0000199000000052
11.470671199999998,8.466483135678205,1.0000199000000052
11.480526999999995,8.328331593408056,1.0000199000000052
11.490467199999998,8.047053062365295,1.0000199000000052
11.500623999999995,8.179522401387631,1.0000199000000052
11.5105449,8.246757239301694,1.0000199000000052
11.5204794,8.301031304013586,1.0000199000000052
11.530548499999995,8.410890736681248,1.0000199000000052
11.540599499999999,8.11295656128866,1.0000199000000052
11.550551399999996,8.166155927514222,1.0000199000000052
11.560532699999996,8.233256430132531,1.0000199000000052
11.570552799999994,8.233256430132531,1.0000199000000052
11.580447,8.152816159873417,1.0000199000000052
11.590561699999995,8.073335404255426,1.0000199000000052
11.6005848,8.152816159873417,1.0000199000000052
11.610419999999998,8.179522401387631,1.0000199000000052
11.620566499999995,8.260285077108826,1.0000199000000052
11.6305221,8.233256430132531,1.0000199000000052
11.6404243,8.20633568180298,1.0000199000000052
11.650627999999998,8.152816159873417,1.0000199000000052
11.660462299999999,8.21978259559808,1.0000199000000052
11.670592800000001,8.260285077108826,1.0000199000000052
11.680458600000001,8.099723086052473,1.0000199000000052
11.690498599999998,8.246757239301694,1.0000199000000052
11.700568999999994,8.08651605131745,1.0000199000000052
11.710492099999996,8.02087563986406,1.0000199000000052
11.720542599999995,7.917206792001785,1.0000199000000052
11.730387399999998,8.02087563986406,1.0000199000000052
11.7404753,8.007826142431599,1.0000199000000052
11.750502999999995,7.955888361417405,1.0000199000000052
11.760541599999996,7.968833879342992,1.0000199000000052
11.770647799999999,7.955888361417405,1.0000199000000052
11.780486799999998,8.301031304013586,1.0000199000000052
11.790507599999998,7.917206792001785,1.0000199000000052
11.800520499999998,8.08651605131745,1.0000199000000052
11.810491200000001,8.08651605131745,1.0000199000000052
11.820535299999996,8.139503045106144,1.0000199000000052
11.830908899999997,8.007826142431599,1.0000199000000052
11.840504799999998,8.522522057577296,1.0000199000000052
11.8505702,8.126216529959919,1.0000199000000052
11.8605509,8.007826142431599,1.0000199000000052
11.870893099999996,8.073335404255426,1.0000199000000052
11.880688799999994,8.08651605131745,1.0000199000000052
11.890829099999998,7.904364425065508,1.0000199000000052
11.900846799999997,8.08651605131745,1.0000199000000052
11.910652499999998,8.099723086052473,1.0000199000000052
11.920645199999996,8.152816159873417,1.0000199000000052
11.930785199999995,8.233256430132531,1.0000199000000052
11.9404957,7.891547717195478,1.0000199000000052
11.950570599999999,8.152816159873417,1.0000199000000052
11.9608937,8.301031304013586,1.0000199000000052
11.9706027,8.08651605131745,1.0000199000000052
11.980602499999996,8.152816159873417,1.0000199000000052
11.990858099999997,7.891547717195478,1.0000199000000052
12.000628599999999,8.126216529959919,1.0000199000000052
12.010483,8.08651605131745,1.0000199000000052
12.020685,8.060181092143798,1.0000199000000052
12.030489699999997,8.060181092143798,1.0000199000000052
12.040378499999996,7.878756617124858,1.0000199000000052
12.050589099999996,7.94296870865388,1.0000199000000052
12.060473099999996,7.878756617124858,1.0000199000000052
12.0706055,8.03395126240779,1.0000199000000052
12.0804258,7.917206792001785,1.0000199000000052
12.090482899999998,7.82784727308025,1.0000199000000052
12.100614899999997,7.815183446581865,1.0000199000000052
12.110503699999995,7.677540237620285,1.0000199000000052
12.120570999999998,7.542892112532513,1.0000199000000052
12.1309027,7.3405396652208985,1.0000199000000052
12.1407691,7.317182651729675,1.0000199000000052
12.150699699999997,6.710147465681302,1.0000199000000052
12.160742999999997,6.415969341581473,1.0000199000000052
12.170664299999999,5.850167785342203,1.0000199000000052
12.180572300000001,5.704400565352053,1.0000199000000052
12.1905876,5.265362219909473,1.0000199000000052
12.200519700000001,4.872056683357902,1.0000199000000052
12.210402299999998,4.3604331243554055,1.0000199000000052
12.220546399999996,4.015512225424479,1.0000199000000052
12.230489999999996,3.901952168090908,1.0000199000000052
12.2405531,3.685522595067296,1.0000199000000052
12.250605999999998,3.565930753022127,1.0000199000000052
12.260440199999998,3.1861593270248654,1.0000199000000052
12.270504500000001,2.7847186011767127,1.0000199000000052
12.280397799999996,2.076208445526936,1.0000199000000052
12.2904671,1.7469295486321077,1.0000199000000052
12.300645199999998,1.5344963973286772,1.0000199000000052
12.310178999999998,1.4929614,1.0000199000000052
12.32027,1.4929614,1.0000199000000052
12.3302445,1.4929614,1.0000199000000052
12.340150799999996,1.4929614,1.0000199000000052
12.350213400000001,1.4929614,1.0000199000000052
12.360167399999995,1.4929614,1.0000199000000052
12.370382,1.4929614,1.0000199000000052
12.380148599999998,1.4929614,1.0000199000000052
12.390166199999996,1.4929614,1.0000199000000052
12.4001746,1.4929614,1.0000199000000052
12.410256699999998,1.4929614,1.0000199000000052
12.420395899999995,1.4929614,1.0000199000000052
12.4301691,1.4929614,1.0000199000000052
12.440147499999995,1.4929614,1.0000199000000052
