0.00046869999999898937,1.4929614,0
0.010313100000001185,1.4929614,0
0.025815900000001335,1.4929614,0
0.030246099999999387,1.4929614,0
0.04028509999999841,1.4929614,0
0.05044000000000182,1.4929614,0
0.06025160000000085,1.4929614,0
0.07021870000000163,1.4929614,0
0.08035160000000019,1.4929614,0
0.0901695999999994,1.4929614,0
0.10025519999999943,1.4929614,0
0.11018650000000108,1.4929614,0
0.12031980000000075,1.4929614,0
0.1301786000000007,1.4929614,0
0.14019079999999917,1.4929614,0
0.15020459999999858,1.4929614,0
0.16024170000000026,1.4929614,0
0.17030480000000026,1.4929614,0
0.18026869999999917,1.4929614,0
0.19016369999999938,1.4929614,0
0.20089940000000084,1.4929614,0
0.2101651000000011,1.4929614,0
0.22020949999999928,1.4929614,0
0.23037839999999932,1.4929614,0
0.2408235000000012,1.4929614,0
0.2501919000000008,1.4929614,0
0.2602916999999998,1.4929614,0
0.27027530000000155,1.4929614,0
0.2803445000000018,1.4929614,0
0.2903887999999988,1.4929614,0
0.30019109999999927,1.4929614,0
0.3101635999999992,1.4929614,0
0.32025409999999965,1.4929614,0
0.33026860000000013,1.4929614,0
0.340174600000001,1.4929614,0
0.3503070000000008,1.4929614,0
0.3602901000000003,1.4929614,0
0.37030989999999875,1.4929614,0
0.3802607999999985,1.4929614,0
0.39014900000000097,1.4929614,0
0.40026890000000037,1.4929614,0
0.4102926000000018,1.4929614,0
0.4202237000000011,1.4929614,0
0.4302783000000012,1.4929614,0
0.4401633000000018,1.4929614,0
0.4502234999999999,1.4929614,0
0.46027249999999853,1.4929614,0
0.47030369999999877,1.4929614,0
0.48018430000000123,1.4929614,0
0.4908761999999989,1.4929614,0
0.5002294999999997,1.4929614,0
0.5102966000000002,1.4929614,0
0.5203111000000007,1.4929614,0
0.5302825999999996,1.4929614,0
0.5403707000000004,1.4929614,0
0.5502473999999999,1.4929614,0
0.5602322999999991,1.4929614,0
0.5703050999999988,1.4929614,0
0.5803213000000014,1.4929614,0
0.5902281999999985,1.4929614,0
0.6003793000000002,1.4929614,0
0.6101731000000008,1.4929614,0
0.6203326999999987,1.4929614,0
0.6302762000000008,1.4929614,0
0.6401603999999992,1.4929614,0
0.6503189999999996,1.4929614,0
0.6602190999999991,1.4929614,0
0.6702738000000004,1.4929614,0
0.6802780000000013,1.4929614,0
0.6902697000000018,1.4929614,0
0.7002023999999984,1.4929614,0
0.7101059999999997,1.4929614,0
0.7207934999999992,1.4929614,0
0.7303066999999999,1.4929614,0
0.7402647000000009,1.4929614,0
0.7502707999999991,1.4929614,0
0.7601945000000008,1.4929614,0
0.7702215000000017,1.4929614,0
0.7802499000000012,1.4929614,0
0.7901951999999994,1.4929614,0
0.8002624999999988,1.4929614,0
0.8107535000000006,1.4929614,0
0.8203576000000012,1.4929614,0
0.8302589000000005,1.4929614,0
0.840182200000001,1.4929614,0
0.8502307000000009,1.4929614,0
0.8603518000000001,1.4929614,0
0.8702812000000009,1.4929614,0
0.8802795000000003,1.4929614,0
0.8908018999999996,1.4929614,0
0.9002014000000003,1.4929614,0
0.9103157999999993,1.4929614,0
0.920335399999999,1.4929614,0
0.9301977000000008,1.4929614,0
0.9402377000000008,1.4929614,0
0.9502637000000007,1.4929614,0
0.9604223999999988,1.4929614,0
0.9702491000000002,1.4929614,0
0.9802111999999994,1.4929614,0
0.9902932,1.4929614,0
1.000408199999999,1.4929614,0
1.014618800000001,1.4929614,0
1.0202503999999983,1.4929614,0
1.0303573999999998,1.4929614,0
1.0404404000000014,1.4929614,0
1.0502880999999995,1.4929614,0
1.060218599999999,1.4929614,0
1.0701912,1.4929614,0
1.0802128000000017,1.4929614,0
1.0902683000000017,1.4929614,0
1.1002256999999993,1.4929614,0
1.1102108000000008,1.4929614,0
1.1202658999999997,1.4929614,0
1.1302209999999988,1.4929614,0
1.1403186000000005,1.4929614,0
1.1502496999999998,1.4929614,0
1.1601937000000007,1.4929614,0
1.1703297,1.4929614,0
1.1803099999999986,1.4929614,0
1.1902624000000017,1.4929614,0
1.2003766999999996,1.4929614,0
1.2101968999999997,1.4929614,0
1.2203921999999991,1.4929614,0
1.2304801000000012,1.4929614,0
1.2404596999999988,1.4929614,0
1.2504254999999986,1.4929614,0
1.2602636000000018,1.4929614,0
1.2705126,1.4929614,0
1.2804946000000008,1.4929614,0
1.2901767,1.4929614,0
1.3002141000000016,1.4929614,0
1.3102342,1.4929614,0
1.320281699999999,1.4929614,0
1.3301970999999995,1.4929614,0
1.3402999000000015,1.4929614,0
1.3502635000000005,1.4929614,0
1.3601637999999987,1.4929614,0
1.3703791999999986,1.4929614,0
1.3806762,1.4929614,0
1.3902658000000017,1.4929614,0
1.4002990000000004,1.4929614,0
1.4101694999999985,1.4929614,0
1.4202328000000009,1.4929614,0
1.4302807999999985,1.4929614,0
1.4402529000000008,1.4929614,0
1.4501643000000008,1.4929614,0
1.4601860000000002,1.4929614,0
1.4703032,1.4929614,0
1.4802751,1.4929614,0
1.490309400000001,1.4929614,0
1.5002077999999983,1.4929614,0
1.5103760000000008,1.4929614,0
1.5202592999999993,1.4929614,0
1.5301933000000005,1.4929614,0
1.5402422000000016,1.4929614,0
1.5502696,1.4929614,0
1.560167700000001,1.4929614,0
1.5701883999999993,1.4929614,0
1.5802420999999995,1.4929614,0
1.5904527000000002,1.4929614,0
1.6004816999999996,1.4929614,0
1.6104053,1.4929614,0
1.6203673000000016,1.4929614,0
1.630439299999999,1.4929614,0
1.6404075999999996,1.4929614,0
1.6502558,1.4929614,0
1.6603190999999988,1.4929614,0
1.670396499999999,1.4929614,0
1.6804629999999996,1.4929614,0
1.6905041000000018,1.4929614,0
1.7002100999999996,1.4929614,0
1.7101830999999983,1.4929614,0
1.7202301999999996,1.4929614,0
1.7302888000000003,1.4929614,0
1.7404095999999996,1.4929614,0
1.7501736,1.4929614,0
1.7601602000000014,1.4929614,0
1.7703118999999994,1.4929614,0
1.780294099999999,1.4929614,0
1.7903701000000005,1.4929614,0
1.8001867000000011,1.4929614,0
1.8101789000000004,1.4929614,0
1.8202445999999988,1.4929614,0
1.8305037000000013,1.4929614,0
1.8402914000000017,1.4929614,0
1.8501876000000017,1.4929614,0
1.8601823999999993,1.4929614,0
1.8702636999999989,1.4929614,0
1.8802215999999987,1.4929614,0
1.8902462,1.4929614,0
1.9002014000000003,1.4929614,0
1.9102229999999984,1.4929614,0
1.9203557000000018,1.4929614,0
1.9302671000000018,1.4929614,0
1.940295599999999,1.4929614,0
1.9503374999999998,1.4929614,0
1.9602253999999988,1.4929614,0
1.9701799999999992,1.4929614,0
1.9805215999999994,1.4929614,0
1.9902875000000009,1.4929614,0
2.0002847000000017,1.4929614,0
2.0101617999999988,1.4929614,0
2.020375699999999,1.4929614,0
2.0303302999999993,1.4929614,0
2.0402947000000005,1.4929614,0
2.050143500000001,1.4929614,0
2.0601781000000017,1.4929614,0
2.070266499999999,1.4929614,0
2.080882299999999,1.4929614,0
2.0902412000000012,1.4929614,0
2.1002662,1.4929614,0
2.1102063000000015,1.4929614,0
2.1202290999999995,1.4929614,0
2.1303343000000012,1.4929614,0
2.1402050999999993,1.4929614,0
2.1501981999999984,1.4929614,0
2.1601453,1.4929614,0
2.1702167999999986,1.4929614,0
2.1802631000000012,1.4929614,0
2.1902782999999992,1.4929614,0
2.2002586000000015,1.4929614,0
2.210162799999999,1.4929614,0
2.2203497,1.4929614,0
2.2303697000000007,1.4929614,0
2.2402999,1.4929614,0
2.250237200000001,1.4929614,0
2.2602033000000006,1.4929614,0
2.2702689000000014,1.4929614,0
2.280219500000001,1.4929614,0
2.290283800000001,1.4929614,0
2.3003272000000017,1.4929614,0
2.310136400000001,1.4929614,0
2.3202441,1.4929614,0
2.3302449000000003,1.4929614,0
2.340265200000001,1.4929614,0
2.3502571000000003,1.4929614,0
2.360194,1.4929614,0
2.3702207999999985,1.4929614,0
2.380283200000001,1.4929614,0
2.3903822000000012,1.4929614,0
2.4001620999999993,1.4929614,0
2.4108625000000004,1.4929614,0
2.420255300000001,1.4929614,0
2.430340600000001,1.4929614,0
2.4403176,1.4929614,0
2.4502015999999998,1.4929614,0
2.460296800000002,1.4929614,0
2.470758700000001,1.4929614,0
2.4802347000000005,1.4929614,0
2.490255600000001,1.4929614,0
2.5002603999999984,1.4929614,0
2.5102379,1.4929614,0
2.520252899999999,1.4929614,0
2.5304423999999983,1.4929614,0
2.5403075999999984,1.4929614,0
2.5502554999999987,1.4929614,0
2.560202199999999,1.4929614,0
2.5702876000000003,1.4929614,0
2.5802416999999984,1.4929614,0
2.5903048999999996,1.4929614,0
2.6001762,1.4929614,0
2.6102922,1.4929614,0
2.6202676999999994,1.4929614,0
2.6302476000000006,1.4929614,0
2.6403058,1.4929614,0
2.6502331000000012,1.4929614,0
2.6603385999999993,1.4929614,0
2.6703110000000017,1.4929614,0
2.6803124999999994,1.4929614,0
2.6902174999999993,1.4929614,0
2.7002056000000003,1.4929614,0
2.7101973999999984,1.4929614,0
2.7202930000000016,1.4929614,0
2.7303052,1.4929614,0
2.7402124000000008,1.4929614,0
2.750304,1.4929614,0
2.7601873999999995,1.4929614,0
2.7702439000000005,1.4929614,0
2.780278299999999,1.4929614,0
2.7901884000000017,1.4929614,0
2.8001849000000014,1.4929614,0
2.8103282000000007,1.4929614,0
2.8202862000000017,1.4929614,0
2.8304940999999992,1.4929614,0
2.840243000000001,1.4929614,0
2.8501908,1.4929614,0
2.860301400000001,1.4929614,0
2.870705300000001,1.4929614,0
2.8802242000000007,1.4929614,0
2.8901705,1.4929614,0
2.9002525000000006,1.4929614,0
2.9102016000000006,1.4929614,0
2.920321399999999,1.4929614,0
2.9302975000000018,1.4929614,0
2.940272799999999,1.4929614,0
2.9502141,1.4929614,0
2.9602429999999984,1.4929614,0
2.9702544000000017,1.4929614,0
2.980227899999999,1.4929614,0
2.9902672000000017,1.4929614,0
3.0002546000000017,1.4929614,0
3.010267599999999,1.4929614,0
3.0202937,1.4929614,0
3.0304009,1.4929614,0
3.040810499999999,1.4929614,0
3.050424800000002,1.4929614,0
3.060404600000002,1.4929614,0
3.070327800000001,1.4929614,0
3.0809335000000004,1.4929614,0
3.0904193000000006,1.4929614,0
3.1003730999999988,1.4929614,0
3.1103263000000005,1.4929614,0
3.1202308000000016,1.4929614,0
3.1302248000000006,1.4929614,0
3.140210700000001,1.4929614,0
3.1502786,1.4929614,0
3.160200100000001,1.4929614,0
3.1702830000000013,1.4929614,0
3.1802734999999984,1.4929614,0
3.1902343,1.4929614,0
3.200341999999999,1.4929614,0
3.210189100000001,1.4929614,0
3.2202900999999997,1.4929614,0
3.2303715000000004,1.4929614,0
3.240264100000001,1.4929614,0
3.250296800000001,1.4929614,0
3.260197699999999,1.4929614,0
3.2701993000000016,1.4929614,0
3.280259000000001,1.4929614,0
3.2902161999999997,1.4929614,0
3.3002481999999986,1.4929614,0
3.310148999999999,1.4929614,0
3.3203005999999995,1.4929614,0
3.3303294,1.4929614,0
3.3403028,1.4929614,0
3.3502098999999994,1.4929614,0
3.360192399999999,1.4929614,0
3.3701912999999983,1.4929614,0
3.3803306000000006,1.4929614,0
3.3903259000000006,1.4929614,0
3.4002143999999994,1.4929614,0
3.4102008999999995,1.4929614,0
3.4202245,1.4929614,0
3.430201799999999,1.4929614,0
3.4402873000000014,1.4929614,0
3.4502284000000003,1.4929614,0
3.4604013999999985,1.4929614,0
3.4703836999999993,1.4929614,0
3.4804084999999993,1.4929614,0
3.4904835,1.4929614,0
3.5002850000000016,1.4929614,0
3.510262000000001,1.4929614,0
3.5203650999999994,1.4929614,0
3.5304952000000007,1.4929614,0
3.5404175,1.4929614,0
3.5502755000000015,1.4929614,0
3.5602249000000015,1.4929614,0
3.5702,1.4929614,0
3.5802641999999985,1.4929614,0
3.590241599999999,1.4929614,0
3.6002478000000018,1.4929614,0
3.6101683000000016,1.4929614,0
3.6201913999999995,1.4929614,0
3.630327300000001,1.4929614,0
3.640291600000001,1.4929614,0
3.650333700000001,1.4929614,0
3.660274000000001,1.4929614,0
3.6702654999999993,1.4929614,0
3.6803065000000004,1.4929614,0
3.6901833999999987,1.4929614,0
3.7001659999999994,1.4929614,0
3.7103222000000002,1.4929614,0
3.7202367999999986,1.4929614,0
3.7302906,1.4929614,0
3.7401660999999997,1.4929614,0
3.7507033000000014,1.4929614,0
3.7601632999999985,1.4929614,0
3.7702598000000016,1.4929614,0
3.7802466999999993,1.4929614,0
3.7901865999999984,1.4929614,0
3.8001848000000003,1.4929614,0
3.8107137999999985,1.4929614,0
3.8202539999999985,1.4929614,0
3.8302341999999996,1.4929614,0
3.8401637000000015,1.4929614,0
3.850219599999999,1.4929614,0
3.8603777999999984,1.4929614,0
3.8702277999999986,1.4929614,0
3.880289000000001,1.4929614,0
3.8902569999999983,1.4929614,0
3.9002435999999996,1.4929614,0
3.9102244000000006,1.4929614,0
3.920322500000001,1.4929614,0
3.930306699999999,1.4929614,0
3.940316599999999,1.4929614,0
3.9502930999999997,1.4929614,0
3.9602961000000008,1.4929614,0
3.9702623000000017,1.4929614,0
3.9802812000000003,1.4929614,0
3.990398899999999,1.4929614,0
4.000250900000001,1.4929614,0
4.010179900000001,1.4929614,0
4.020300500000001,1.4929614,0
4.0302368999999985,1.4929614,0
4.040206000000001,1.4929614,0
4.050822199999999,1.4929614,0
4.0603058999999995,1.4929614,0
4.0701891,1.4929614,0
4.0803522,1.4929614,0
4.0903557,1.4929614,0
4.1001817,1.4929614,0
4.1101016,1.4929614,0
4.1202103,1.4929614,0
4.1302235,1.4929614,0
4.1402407,1.4929614,0
4.150193900000001,1.4929614,0
4.1601707999999995,1.4929614,0
4.170193699999999,1.4929614,0
4.1802011000000014,1.4929614,0
4.190198899999999,1.4929614,0
4.200138599999999,1.4929614,0
4.2101970999999985,1.4929614,0
4.2202409,1.4929614,0
4.230274000000001,1.4929614,0
4.2401847,1.4929614,0
4.250232199999999,1.4929614,0
4.2601756,1.4929614,0
4.270209600000001,1.4929614,0
4.280256300000001,1.4929614,0
4.2903342,1.4929614,0
4.300214100000002,1.4929614,0
4.310130600000001,1.4929614,0
4.3207270000000015,1.4929614,0
4.330169099999999,1.4929614,0
4.3401640000000015,1.4929614,0
4.350268199999999,1.4929614,0
4.360305499999999,1.4929614,0
4.3703039,1.4929614,0
4.380309100000002,1.4929614,0
4.390295300000002,1.4929614,0
4.4002084,1.4929614,0
4.410176400000001,1.4929614,0
4.420273999999999,1.4929614,0
4.4303574999999995,1.4929614,0
4.440897,1.4929614,0
4.450197200000002,1.4929614,0
4.4601524999999995,1.4929614,0
4.470264199999999,1.4929614,0
4.480223299999999,1.4929614,0
4.4902498999999985,1.4929614,0
4.500257900000001,1.4929614,0
4.510183399999999,1.4929614,0
4.520241500000001,1.4929614,0
4.530168400000001,1.4929614,0
4.540358000000001,1.4929614,0
4.550223500000001,1.4929614,0
4.560279600000001,1.4929614,0
4.5702082,1.4929614,0
4.5802741000000005,1.4929614,0
4.5902174,1.4929614,0
4.600180999999999,1.4929614,0
4.6102627,1.4929614,0
4.6203050999999995,1.4929614,0
4.6302339,1.4929614,0
4.6402565,1.4929614,0
4.6502014,1.4929614,0
4.660151500000001,1.4929614,0
4.6703106000000005,1.4929614,0
4.680277799999999,1.4929614,0
4.690236299999999,1.4929614,0
4.7001750000000015,1.4929614,0
4.7102004000000015,1.4929614,0
4.720343700000001,1.4929614,0
4.7303423,1.4929614,0
4.7401397,1.4929614,0
4.750213500000001,1.4929614,0
4.760133,1.4929614,0
4.7702952,1.4929614,0
4.7803463000000015,1.4929614,0
4.790240600000001,1.4929614,0
4.8001507,1.4929614,0
4.810231900000002,1.4929614,0
4.8206285000000015,1.4929614,0
4.8302939999999985,1.4929614,0
4.840188300000001,1.4929614,0
4.850211699999999,1.4929614,0
4.860199600000001,1.4929614,0
4.8702431,1.4929614,0
4.880252899999999,1.4929614,0
4.8902766,1.4929614,0
4.900263500000001,1.4929614,0
4.910133600000002,1.4929614,0
4.920187899999998,1.4929614,0
4.930313000000002,1.4929614,0
4.940248100000002,1.4929614,0
4.950211100000001,1.4929614,0
4.960207400000002,1.4929614,0
4.970703199999999,1.4929614,0
4.980236699999999,1.4929614,0
4.9902753,1.4929614,0
5.000245100000001,1.4929614,0
5.0101485,1.4929614,0
5.020235100000001,1.4929614,0
5.030130100000001,1.4929614,0
5.040168600000001,1.4929614,0
5.0501665,1.4929614,0
5.0602707,1.4929614,0
5.0703709,1.4929614,0
5.080393999999998,1.4929614,0
5.090392600000001,1.4929614,0
5.100326899999999,1.4929614,0
5.1103011999999985,1.4929614,0
5.120377600000001,1.4929614,0
5.130393099999999,1.4929614,0
5.140219800000001,1.4929614,0
5.1502175,1.4929614,0
5.160213500000001,1.4929614,0
5.1702154,1.4929614,0
5.180368399999999,1.4929614,0
5.190221099999999,1.4929614,0
5.200147999999999,1.4929614,0
5.210229600000002,1.4929614,0
5.220350400000001,1.4929614,0
5.237925400000002,1.4929614,0
5.244045499999999,1.4929614,0
5.2503268,1.4929614,0
5.260327799999999,1.4929614,0
5.270989799999999,1.4929614,0
5.2804684,1.4929614,0
5.2904138,1.4929614,0
5.300429000000001,1.4929614,0
5.310264400000001,1.4929614,0
5.320344299999999,1.4929614,0
5.3302643,1.4929614,0
5.3401990999999995,1.4929614,0
5.350193300000001,1.4929614,0
5.360179599999999,1.4929614,0
5.370301399999999,1.4929614,0
5.380207299999999,1.4929614,0
5.390263000000001,1.4929614,0
5.4002482,1.4929614,0
5.4102098000000005,1.4929614,0
5.4202166,1.4929614,0
5.430302300000001,1.4929614,0
5.4401455,1.4929614,0
5.450164999999998,1.4929614,0
5.460175199999998,1.4929614,0
5.4702932,1.4929614,0
5.4802727,1.4929614,0
5.490246500000001,1.4929614,0
5.500246300000001,1.4929614,0
5.5101984,1.4929614,0
5.520390599999999,1.4929614,0
5.5303121,1.4929614,0
5.540134900000002,1.4929614,0
5.550181899999998,1.4929614,0
5.5601737,1.4929614,0
5.5701891,1.4929614,0
5.580262099999999,1.4929614,0
5.5901402000000004,1.4929614,0
5.600213799999999,1.4929614,0
5.610301400000001,1.4929614,0
5.6202359999999985,1.4929614,0
5.6302591,1.4929614,0
5.640232099999999,1.4929614,0
5.650189900000001,1.4929614,0
5.660197400000001,1.4929614,0
5.670218800000001,1.4929614,0
5.680243099999998,1.4929614,0
5.6901352,1.4929614,0
5.700300800000001,1.4929614,0
5.710234700000001,1.4929614,0
5.7202871,1.4929614,0
5.730324100000001,1.4929614,0
5.7402947,1.4929614,0
5.750184699999998,1.4929614,0
5.760195400000001,1.4929614,0
5.770275099999999,1.4929614,0
5.780271599999999,1.4929614,0
5.790174499999999,1.4929614,0
5.800171599999999,1.4929614,0
5.8102249000000015,1.4929614,0
5.820237200000001,1.4929614,0
5.8302221,1.4929614,0
5.8402004000000005,1.4929614,0
5.850244199999999,1.4929614,0
5.860181000000001,1.4929614,0
5.870267900000002,1.4929614,0
5.880217000000002,1.4929614,0
5.890321700000001,1.4929614,0
5.9002245,1.4929614,0
5.9101338000000005,1.4929614,0
5.920324099999998,1.4929614,0
5.930176100000001,1.4929614,0
5.9402562,1.4929614,0
5.9502828,1.4929614,0
5.9602568,1.4929614,0
5.970170899999999,1.4929614,0
5.9802032999999994,1.4929614,0
5.990202,1.4929614,0
6.000256799999999,1.4929614,0
6.0102166,1.4929614,0
6.020227500000001,1.4929614,0
6.030288299999999,1.4929614,0
6.040183899999999,1.4929614,0
6.0502231,1.4929614,0
6.060231000000002,1.4929614,0
6.0702120000000015,1.4929614,0
6.0803560999999995,1.4929614,0
6.0901700000000005,1.4929614,0
6.100293499999999,1.4929614,0
6.110179299999999,1.4929614,0
6.120441700000001,1.4929614,0
6.1302992,1.4929614,0
6.1404204,1.4929614,0
6.1502048999999985,1.4929614,0
6.160241899999999,1.4929614,0
6.170235399999999,1.4929614,0
6.180216999999999,1.4929614,0
6.190180699999999,1.4929614,0
6.2002966000000015,1.4929614,0
6.210174500000001,1.4929614,0
6.220274499999999,1.4929614,0
6.230268299999999,1.4929614,0
6.2403601,1.4929614,0
6.250251500000001,1.4929614,0
6.26013,1.4929614,0
6.270217899999999,1.4929614,0
6.280247200000002,1.4929614,0
6.290179200000001,1.4929614,0
6.3001498,1.4929614,0
6.310172600000001,1.4929614,0
6.320270000000001,1.4929614,0
6.3302087,1.4929614,0
6.340257600000001,1.4929614,0
6.3503115,1.4929614,0
6.3601835000000015,1.4929614,0
6.3702504,1.4929614,0
6.380230999999998,1.4929614,0
6.390184300000001,1.4929614,0
6.400117099999999,1.4929614,0
6.410186500000002,1.4929614,0
6.4202601,1.4929614,0
6.430161200000001,1.4929614,0
6.440228099999999,1.4929614,0
6.450254900000001,1.4929614,0
6.4601603999999995,1.4929614,0
6.470241900000001,1.4929614,0
6.4802526,1.4929614,0
6.4901482,1.4929614,0
6.500267000000001,1.4929614,0
6.5101236,1.4929614,0
6.520301700000001,1.4929614,0
6.530185400000001,1.4929614,0
6.5402553999999995,1.4929614,0
6.550162499999999,1.4929614,0
6.560252900000002,1.4929614,0
6.5702547,1.4929614,0
6.580381899999999,1.4929614,0
6.590394100000001,1.4929614,0
6.6001826,1.4929614,0
6.6102627,1.4929614,0
6.6202468,1.4929614,0
6.6303114,1.4929614,0
6.640266100000002,1.4929614,0
6.650332599999999,1.4929614,0
6.660202699999999,1.4929614,0
6.6703565000000005,1.4929614,0
6.6803971,1.4929614,0
6.690329500000001,1.4929614,0
6.700811000000002,1.4929614,0
6.710362,1.4929614,0
6.720362999999999,1.4929614,0
6.7304134,1.4929614,0
6.740248699999999,1.4929614,0
6.750310800000001,1.4929614,0
6.760207699999999,1.4929614,0
6.770149199999999,1.4929614,0
6.780194699999999,1.4929614,0
6.790375999999998,1.4929614,0
6.8002331,1.4929614,0
6.810133199999999,1.4929614,0
6.820176400000001,1.4929614,0
6.830212599999999,1.4929614,0
6.8401961,1.4929614,0
6.8502613,1.4929614,0
6.8601534000000015,1.4929614,0
6.870217499999999,1.4929614,0
6.880214899999999,1.4929614,0
6.890200199999999,1.4929614,0
6.900326,1.4929614,0
6.9101128,1.4929614,0
6.920203900000001,1.4929614,0
6.9302762000000016,1.4929614,0
6.940286199999999,1.4929614,0
6.9502659000000016,1.4929614,0
6.960217699999998,1.4929614,0
6.970251800000003,1.4929614,0
6.9801781,1.4929614,0
6.990152800000001,1.4929614,0
7.000281400000002,1.4929614,0
7.010261600000003,1.4929614,0
7.020349700000001,1.4929614,0
7.030193999999998,1.4929614,0
7.040155000000002,1.4929614,0
7.050144200000002,1.4929614,0
7.060209799999999,1.4929614,0
7.070305999999999,1.4929614,0
7.0802321,1.4929614,0
7.0902853000000015,1.4929614,0
7.1002006999999985,1.4929614,0
7.1101253000000035,1.4929614,0
7.120231499999999,1.4929614,0
7.131026000000002,1.4929614,0
7.140416900000002,1.4929614,0
7.150387200000001,1.4929614,0
7.160352900000003,1.4929614,0
7.170247399999997,1.4929614,0
7.180430900000001,1.4929614,0
7.190605399999999,1.4940298138101413,0
7.200503100000002,1.5222014756882967,0
7.210677200000003,1.5344963973286772,0
7.220610500000003,1.5293399728471242,0
7.230497400000001,1.5238045116124348,0
7.240597900000001,1.5148886974260294,0
7.2505513000000015,1.512619865346437,0
7.260500599999997,1.5082968966185375,0
7.270567199999999,1.5083718339798173,0
7.280603299999999,1.514787744676428,0
7.290521799999997,1.5317973555277968,0
7.3005952,1.5891198930030663,0
7.3104385,1.711529009534322,0
7.320500399999997,1.9104841231449277,0
7.330641400000001,2.1863018475284086,0
7.344429899999998,2.4169745728053975,0
7.350580400000002,2.588821580137389,0
7.360448199999997,2.751479498331471,0
7.370548699999997,2.824160834590081,0
7.3806501,2.787311430343959,0
7.390549000000004,2.821494380264045,0
7.400499999999997,2.8841925236718295,0
7.4104445000000005,3.003368557164441,0
7.4255478,3.152565201535974,0
7.4309078000000035,3.345931586410826,0
7.440562600000003,3.504565905439734,0
7.450500600000002,3.931074780310812,0
7.4605031,4.182455823463794,0
7.473275599999997,4.544058342312084,0
7.480686100000003,4.878828366150185,0
7.490705600000002,5.088406543766483,0
7.503694900000003,5.265362219909473,0
7.5104336000000025,5.466896331951051,0
7.521029000000002,5.5880230381356535,0
7.5306093999999995,5.89399222016673,0
7.540524199999997,5.938257097883617,0
7.550458500000001,6.073738876518667,8.000000022434506e-07
7.562919400000002,6.328087998305943,0.012489100000003361
7.570524299999999,6.49542520288607,0.020071500000000242
7.580620399999997,6.668549698877585,0.030093000000000814
7.590563900000003,6.923202049463866,0.040049199999998564
7.6005081000000025,7.167618265175428,0.050018999999998925
7.613797000000002,7.167618265175428,0.0632653999999988
7.6204399999999985,7.60372870967274,0.06999170000000277
7.630576999999999,7.677540237620285,0.0800198000000023
7.6405572,7.591512672362713,0.0900468000000032
7.6505284000000024,7.840536452576179,0.10004299999999944
7.660434400000003,7.878756617124858,0.1100133999999997
7.6706315999999966,7.904364425065508,0.12018059999999764
7.680497900000002,8.166155927514222,0.1300206000000017
7.694317299999998,8.20633568180298,0.1438478000000032
7.7005132,8.369487326701252,0.15007659999999845
7.710510199999998,8.287422055190799,0.1600424000000018
7.720601499999997,8.522522057577296,0.1701024999999987
7.730588100000002,8.650260854860331,0.18010149999999925
7.740510199999999,8.736706421172222,0.1900554999999997
7.7508475000000026,8.722226692884746,0.200379599999998
7.7605009,8.838879453474007,0.2100665000000035
7.770529999999997,8.838879453474007,0.22003990000000329
7.780530000000002,8.824195583331818,0.23005160000000302
7.790571799999999,8.838879453474007,0.24009960000000063
7.800494599999997,8.794915799605649,0.25005869999999675
7.810465699999998,8.824195583331818,0.2600383999999991
7.820543599999997,9.032466444874892,0.2701112000000023
7.834955500000003,8.987344746665283,0.28441060000000107
7.848322200000002,8.987344746665283,0.29784469999999885
7.850421800000003,8.957413669740566,0.29999420000000043
7.860416599999997,9.06269833412371,0.30999539999999826
7.873348099999998,9.077859687091145,0.3229007999999993
7.880553899999999,9.017395787665905,0.3300510999999986
7.890507799999998,9.108273512939446,0.34000550000000374
7.900498899999999,9.154122964824467,0.35005040000000065
7.910743200000002,9.215685068627405,0.3603197999999992
7.920518099999999,9.231152701241395,0.3700823
7.930746099999997,9.387542439694219,0.38022670000000147
7.940440599999999,9.482888682273867,0.3899656000000036
7.950737999999998,9.482888682273867,0.4002681999999993
7.960496699999997,9.466918080834294,0.4100792999999996
7.9704416999999985,9.498891256878826,0.4200263999999976
7.9806168000000035,9.466918080834294,0.4300967
7.9904641000000005,9.482888682273867,0.43998630000000105
8.000447099999999,9.482888682273867,0.45003429999999867
8.010428299999997,9.466918080834294,0.4600168999999994
8.020430899999997,9.660689672932362,0.4700115999999994
8.030481900000002,9.644363824876494,0.48002830000000074
8.040537500000003,9.466918080834294,0.4900435999999999
8.050532,9.563222569082706,0.5000684000000035
8.060384000000003,9.403354130994348,0.5099705000000014
8.070451100000003,9.466918080834294,0.5200424000000012
8.080806200000001,9.644363824876494,0.5303156000000016
8.090587500000002,9.70986358518506,0.540061399999999
8.100621299999997,9.693439487586987,0.5501377000000005
8.110827500000003,11.155481122997937,0
8.125548400000003,9.595581734544421,1.700000005655511e-06
8.140083299999997,9.74281048940505,0.01452440000000621
8.140709300000001,9.74281048940505,0.015154900000005966
8.150389299999997,9.70986358518506,0.024824600000002306
8.160629199999999,10.011184305278535,0
8.1758555,9.74281048940505,1.7999999997186933e-06
8.189892799999999,9.70986358518506,0.014059099999997215
8.190502900000002,9.644363824876494,0.01468189999999936
8.200480199999998,9.70986358518506,0.024644999999999584
8.210485299999998,9.660689672932362,0.034622300000002326
8.2204941,9.595581734544421,0.04465189999999808
8.230548299999999,9.644363824876494,0.054703899999999805
8.240548399999998,9.644363824876494,0.06468579999999946
8.250446200000003,9.75933342781462,0.07460960000000227
8.260465999999997,9.75933342781462,0.08461520000000178
8.270439900000003,9.792478607692077,0.09462759999999548
8.280487599999997,9.792478607692077,0.10466360000000208
8.290561999999998,9.660689672932362,0.1146963999999997
8.300450299999998,9.809100981740718,0.12461439999999868
8.310428599999998,9.70986358518506,0.13459410000000105
8.320514300000003,9.859168038600663,0.14468420000000037
8.330537699999997,9.75933342781462,0.15469110000000086
8.340461100000002,9.74281048940505,0.1646172999999962
8.350452399999998,9.74281048940505,0.17460359999999753
8.3604843,9.70986358518506,0.18464919999999552
8.37096,9.70986358518506,0.19509529999999842
8.380833499999998,9.660689672932362,0.20481730000000198
8.390487699999998,9.77588944516893,0.21463909999999942
8.400590900000001,9.74281048940505,0.22470649999999637
8.410523199999997,9.74281048940505,0.2346819999999994
8.4205151,9.660689672932362,0.24463139999999584
8.430747999999998,9.74281048940505,0.254786799999998
8.440721100000001,9.77588944516893,0.26478999999999786
8.450698999999997,9.75933342781462,0.27474519999999814
8.460665500000001,9.74281048940505,0.28473189999999704
8.470582599999997,9.842445630505686,0.29472109999999674
8.480855600000002,9.825756633804376,0.3047740000000019
8.4906215,9.825756633804376,0.3147033999999991
8.500582900000001,9.825756633804376,0.32470200000000204
8.510680099999998,10.011184305278535,0
8.525268899999997,10.011184305278535,0
8.530767899999997,10.165961639818944,0
8.540702399999997,10.114059332608491,0
8.550857500000003,10.23565091837597,0
8.560694199999997,10.062467506865458,0
8.570663499999998,9.960207881646939,2.3999999996249244e-06
8.586377700000003,10.011184305278535,0
8.602061799999998,9.77588944516893,2.0000000020559128e-06
8.6027107,9.89271335666411,0.0006820999999987976
8.6165719,11.610496783242837,0
8.630203599999998,9.200248340363991,1.8000000068241206e-06
8.6309346,9.72632056384844,0.0007460000000065747
8.644831900000003,9.51492586865949,0.014558400000005634
8.650422299999999,9.61180992079036,0.020228900000006433
8.660517100000003,9.51492586865949,0.030267300000005548
8.670515900000002,9.482888682273867,0.04033280000000161
8.6805475,9.419197477321548,0.05030600000000618
8.690735200000002,9.246651300076511,0.06040360000000078
8.700440699999998,9.32461096172274,0.07025610000000171
8.7103851,9.200248340363991,0.08021750000000338
8.720464199999999,9.371762340174383,0.09026500000000226
8.730599199999997,9.482888682273867,0.1003786000000062
8.740504900000001,9.450979388677672,0.11025880000000399
8.750455499999997,9.403354130994348,0.12027790000000493
8.760502900000002,9.62807059588681,0.13033610000000095
8.770456900000003,9.450979388677672,0.14027800000000212
8.780651500000001,9.450979388677672,0.15037830000000696
8.790627699999998,9.356013769314421,0.16040100000000024
8.800513400000003,9.482888682273867,0.17028060000000522
8.810461900000004,9.482888682273867,0.18028310000000403
8.820473600000003,9.660689672932362,0.190295600000006
8.830512899999999,9.62807059588681,0.20029670000000266
8.840624000000002,9.75933342781462,0.21034970000000186
8.850484900000001,9.75933342781462,0.22028530000000046
8.860445799999997,9.644363824876494,0.23026250000000203
8.8704669,9.825756633804376,0.24029290000000003
8.880512300000003,9.994158168480158,0.2502927000000028
8.890553100000002,9.89271335666411,0.2603200000000001
8.900494900000002,9.960207881646939,0.2702894000000029
8.9105746,10.0282445284255,0
8.924501799999998,10.011184305278535,0
8.930871100000001,10.079630399050409,0
8.9406493,10.062467506865458,0
8.950537700000002,10.520050675513097,0
8.9607049,10.25316052398179,0
8.970707100000002,10.610808213647339,0
8.9807424,10.376713222184142,0
8.990696099999997,11.213650744090437,0
9.003761999999998,10.288284968133446,0
9.018123499999998,10.466030194963013,0
9.020569400000003,10.448095275470884,0
9.030652999999997,10.592584027480942,0
9.040656100000003,10.288284968133446,0
9.050621099999997,10.448095275470884,0
9.061028699999998,10.448095275470884,0
9.070871299999997,10.520050675513097,0
9.081535200000001,10.520050675513097,0
9.0907655,10.50200782302884,0
9.100776499999998,10.57439625326279,0
9.110875000000004,10.538129649812095,0
9.120762500000001,10.25316052398179,0
9.1315153,10.412332866869404,0
9.140891,10.484001020187893,0
9.150650199999998,10.394505234710364,0
9.160658799999997,10.2707051838414,0
9.1706148,10.556244818241767,0
9.1807038,10.466030194963013,0
9.190706500000001,10.412332866869404,0
9.200643600000003,10.305899947177094,0
9.211029900000003,10.57439625326279,0
9.220633600000003,10.394505234710364,0
9.2306414,10.538129649812095,0
9.240732900000001,10.394505234710364,0
9.250619400000001,10.358956758122659,0
9.260580000000001,10.200736589911823,0
9.2704706,9.450979388677672,1.9999999949504854e-06
9.283902600000001,10.131325511697408,0
9.298947899999998,10.23565091837597,0
9.300527900000002,10.045338906161959,0
9.310637799999999,10.045338906161959,0
9.3207633,10.09682765136841,0
9.330865,10.165961639818944,0
9.3407205,10.376713222184142,0
9.351086400000003,10.288284968133446,0
9.3605981,10.2707051838414,0
9.370662,10.2707051838414,0
9.380554900000003,10.114059332608491,0
9.390481500000003,9.994158168480158,2.199999997287705e-06
9.404534199999997,10.18333172739613,0
9.419596700000003,10.23565091837597,0
9.420498599999998,10.200736589911823,0
9.431203300000004,10.2707051838414,0
9.440723899999998,10.09682765136841,0
9.450653599999999,10.165961639818944,0
9.460512400000002,10.23565091837597,0
9.470619699999997,10.09682765136841,0
9.480647899999997,10.200736589911823,0
9.490820199999998,10.062467506865458,0
9.500597000000003,10.466030194963013,0
9.510537099999997,10.114059332608491,0
9.520586400000003,9.994158168480158,1.900000000887303e-06
9.534973599999997,10.062467506865458,0
9.549641599999998,10.131325511697408,0
9.550365000000003,9.693439487586987,2.199999997287705e-06
9.5637832,9.875923924978945,0.013345099999995114
9.570821300000002,10.288284968133446,0
9.587022399999999,10.14862625769989,0
9.5906074,10.011184305278535,0
9.600482600000003,9.89271335666411,2.900000005467973e-06
9.613710600000001,10.341235771500035,0
9.6289141,9.977166049925785,2.1000000032245225e-06
9.643101599999998,9.994158168480158,0.014157600000004322
9.643749099999997,9.960207881646939,0.014893200000003048
9.650790500000003,9.960207881646939,0.021858500000000447
9.660462200000001,9.809100981740718,0.03158880000000153
9.670907699999997,10.23565091837597,0
9.6856434,10.323550191432286,0
9.690892700000003,10.14862625769989,0
9.700681300000003,10.131325511697408,0
9.7106259,10.23565091837597,0
9.720626800000002,10.045338906161959,0
9.730744499999997,10.18333172739613,0
9.740723,10.114059332608491,0
9.750647500000003,10.341235771500035,0
9.7606797,10.218176296985487,0
9.770639999999997,10.0282445284255,0
9.780756899999997,10.011184305278535,0
9.790741700000002,10.305899947177094,0
9.800552300000003,9.909536400813906,1.9999999949504854e-06
9.813347199999999,10.0282445284255,0
9.827737000000003,9.960207881646939,1.7999999997186933e-06
9.841846299999997,10.25316052398179,0
9.842493200000003,10.23565091837597,0
9.857218900000003,10.305899947177094,0
9.8604916,10.011184305278535,0
9.870606499999997,10.0282445284255,0
9.880687599999998,10.09682765136841,0
9.8908928,10.14862625769989,0
9.900671499999998,10.09682765136841,0
9.910650200000003,10.18333172739613,0
9.9204373,9.94328359581091,1.900000000887303e-06
9.933539800000002,10.305899947177094,0
9.947438100000003,9.977166049925785,1.900000000887303e-06
9.961021800000001,9.94328359581091,0.013593299999996589
9.9617987,10.0282445284255,0
9.976916200000002,10.25316052398179,0
9.980743,10.18333172739613,0
9.990649200000004,10.131325511697408,0
10.000639600000003,10.011184305278535,0
10.010570300000001,10.062467506865458,0
10.020464700000002,9.75933342781462,1.6999999985500835e-06
10.034113999999999,9.660689672932362,0.013597799999999438
10.041127499999998,10.165961639818944,0
10.056734899999999,10.062467506865458,0
10.060519000000003,10.011184305278535,0
10.070627400000003,10.23565091837597,0
10.0807873,9.74281048940505,1.6999999985500835e-06
10.09374,9.926393124720537,0.012922099999997272
10.1005626,9.977166049925785,0.01980159999999387
10.110467600000003,9.72632056384844,0.02968999999999511
10.120674300000001,10.23565091837597,0
10.1356414,10.218176296985487,0
10.140596499999997,10.011184305278535,0
10.150398999999997,9.926393124720537,1.7999999997186933e-06
10.1630559,9.977166049925785,0.012636600000000442
10.170469100000002,9.977166049925785,0.020079900000006035
10.1804169,9.960207881646939,0.030014200000003655
10.190560799999997,9.994158168480158,0.0401092000000034
10.2004774,9.94328359581091,0.05005900000000452
10.210489599999999,9.926393124720537,0.060108100000000775
10.220408199999998,9.926393124720537,0.07003330000000574
10.230490300000003,9.994158168480158,0.08003570000000337
10.2405182,9.960207881646939,0.09009260000000552
10.250992499999999,9.909536400813906,0.10052780000000183
10.260568699999997,10.011184305278535,0
10.2745438,9.960207881646939,2.500000000793534e-06
10.289598299999998,9.792478607692077,0.01511250000000075
10.2905075,9.977166049925785,0.016014200000000756
10.300456800000003,9.960207881646939,0.02597070000000201
10.310410000000001,9.994158168480158,0.03594220000000092
10.320433699999999,9.994158168480158,0.045941700000000196
10.330495099999997,9.77588944516893,0.05598140000000029
10.340754399999998,10.011184305278535,0
10.354966999999998,9.77588944516893,2.099999996119095e-06
10.3690094,9.72632056384844,0.014052199999994741
10.3705265,9.693439487586987,0.015573499999995022
10.380892300000003,9.693439487586987,0.02590099999999751
10.390709500000003,9.498891256878826,0.03569379999999711
10.400740299999999,9.482888682273867,0.045716599999998664
10.410563999999997,9.530992581754338,0.05562119999999737
10.420725800000003,9.77588944516893,0.06570089999999595
10.4306406,9.482888682273867,0.0756118999999984
10.4404565,9.435072542049229,0.08552269999999851
10.4504683,9.403354130994348,0.09551989999999932
10.4604009,9.231152701241395,0.10550539999999842
10.470482,8.593204099345877,0.11556050000000084
10.484871100000003,9.27774164451191,0.12997049999999888
10.499129200000002,9.154122964824467,0.1441571999999951
10.5005561,9.138809237726493,0.14561129999999878
10.5104158,9.123526107475662,0.1554891999999981
10.5204566,9.077859687091145,0.16549719999999724
10.530489499999998,9.482888682273867,0.17557430000000096
10.540533300000003,9.371762340174383,0.18559699999999424
10.550456999999998,9.077859687091145,0.19553759999999443
10.560451699999998,9.26218092712718,0.2055330999999967
10.570679899999998,9.231152701241395,0.21563929999999942
10.580569700000002,8.853592720743801,0.22559559999999834
10.596298899999997,9.200248340363991,0.24132929999999675
10.6117716,9.30895659937976,0.25671729999999826
10.612484599999998,9.154122964824467,0.25758429999999777
10.620529700000002,9.215685068627405,0.26558419999999927
10.630484900000003,9.002355241650097,0.27557629999999733
10.640528300000003,8.987344746665283,0.2855188999999996
10.6545479,8.883107682196407,0.29956909999999937
10.660449000000003,9.123526107475662,0.3054699999999997
10.674388400000002,9.09305139310744,0.3193509999999975
10.680519399999998,9.032466444874892,0.32553889999999797
10.690584300000001,9.077859687091145,0.3355294999999998
10.700454400000002,8.897909494439109,0.3455066000000002
10.713776,9.002355241650097,0.3587954999999994
10.7271574,8.853592720743801,0.37224949999999524
10.741651200000003,8.987344746665283,0.38672929999999894
10.742210699999998,8.927602077993871,0.3873389999999972
10.750485100000002,9.123526107475662,0.3955309999999983
10.763541800000002,8.987344746665283,0.40854639999999875
10.777379300000003,9.200248340363991,0.4224452999999997
10.7916281,9.09305139310744,0.4367203999999987
10.792223500000002,9.215685068627405,0.4373639999999952
10.800424799999998,8.927602077993871,0.44548919999999725
10.813752699999998,8.765752901088112,0.4587675999999945
10.820479199999998,8.987344746665283,0.4655321999999984
10.830463599999998,8.751215137895052,0.47555559999999986
10.8406032,8.355741302653907,0.48561849999999396
10.850419300000002,8.192915634959567,0.495492899999995
10.860397299999999,8.579011088888649,0.5054727999999997
10.870889100000003,8.179522401387631,0.5158950999999945
10.880483899999998,8.328331593408056,0.5255287999999965
10.890893199999997,9.498891256878826,0.5358274999999963
10.907299400000003,9.371762340174383,0.5522695999999954
10.9105734,9.595581734544421,0.5556042999999988
10.9206227,9.825756633804376,0.5656393000000008
10.931089099999998,10.045338906161959,0
10.9507327,10.045338906161959,0
10.951723699999999,10.341235771500035,0
10.960832999999997,10.011184305278535,0
10.9707835,10.011184305278535,0
10.980693300000002,9.89271335666411,2.5999999948567165e-06
10.995514500000002,10.23565091837597,0
11.011988400000003,10.165961639818944,0
11.012715500000002,10.079630399050409,0
11.0206829,10.23565091837597,0
11.030601899999997,10.14862625769989,0
11.040626,10.376713222184142,0
11.050685300000001,10.2707051838414,0
11.060520499999999,10.218176296985487,0
11.071132199999997,10.556244818241767,0
11.0810159,10.57439625326279,0
11.090734000000001,10.23565091837597,0
11.100618399999998,10.165961639818944,0
11.1105245,10.556244818241767,0
11.120714000000003,10.288284968133446,0
11.130584199999998,10.23565091837597,0
11.1407493,10.218176296985487,0
11.150662899999997,10.739403193116889,0
11.160575400000003,10.851069489218567,0
11.170534200000002,10.520050675513097,0
11.1806807,11.04018371752037,0
11.1938237,10.520050675513097,0
11.208213400000002,10.629068884658762,0
11.210450400000003,10.739403193116889,0
11.220533,10.376713222184142,0
11.2306134,10.592584027480942,0
11.240744099999997,10.218176296985487,0
11.250612,10.394505234710364,0
11.260533599999999,10.92626161260162,0
11.270617499999997,10.665699973533705,0
11.280626600000002,11.097659474669772,0
11.294671500000003,10.358956758122659,0
11.3092127,10.466030194963013,0
11.3105224,10.376713222184142,0
11.320728599999999,10.610808213647339,0
11.3306382,10.323550191432286,0
11.340727400000002,10.556244818241767,0
11.350718699999998,10.776476503078216,0
11.360664099999997,10.412332866869404,0
11.370575900000002,10.610808213647339,0
11.380576299999998,10.484001020187893,0
11.390797600000003,10.665699973533705,0
11.4010748,10.556244818241767,0
11.410557,10.629068884658762,0
11.420553100000003,10.556244818241767,0
11.4306321,10.776476503078216,0
11.4408761,10.538129649812095,0
11.450675899999997,10.739403193116889,0
11.460845699999997,10.665699973533705,0
11.470685,10.57439625326279,0
11.480589300000002,10.629068884658762,0
11.490675399999997,10.57439625326279,0
11.500634299999998,10.520050675513097,0
11.5106869,10.556244818241767,0
11.5205765,10.538129649812095,0
11.530571300000002,10.57439625326279,0
11.5407853,10.665699973533705,0
11.550597800000002,10.57439625326279,0
11.560853400000003,10.57439625326279,0
11.570603799999997,10.57439625326279,0
11.580532299999998,10.684070537921636,0
11.5911619,10.684070537921636,0
11.600639300000001,10.684070537921636,0
11.6105816,10.776476503078216,0
11.620665800000001,10.684070537921636,0
11.6307577,10.538129649812095,0
11.640723699999999,10.57439625326279,0
11.650605600000002,10.466030194963013,0
11.660604799999998,10.412332866869404,0
11.6708465,10.412332866869404,0
11.680673000000002,10.323550191432286,0
11.6906061,10.25316052398179,0
11.700678700000001,10.430196189971806,0
11.710707199999998,10.218176296985487,0
11.720623,10.131325511697408,0
11.730695999999998,10.165961639818944,0
11.740528399999999,10.011184305278535,0
11.750387,9.977166049925785,1.7999999997186933e-06
11.763164200000002,9.977166049925785,0.012764599999997017
11.7705686,9.792478607692077,0.020127000000002226
11.780555199999998,9.72632056384844,0.030169499999999516
11.790567200000002,9.70986358518506,0.040107399999996574
11.8005302,9.693439487586987,0.05009679999999861
11.810440500000002,9.482888682273867,0.06002110000000016
11.820575299999998,9.482888682273867,0.07006280000000231
11.830953500000003,9.231152701241395,0.0805138999999997
11.840591399999997,9.231152701241395,0.09016160000000184
11.850589600000003,9.387542439694219,0.10017919999999947
11.860430099999999,9.002355241650097,0.11004450000000077
11.870540299999998,9.002355241650097,0.12005330000000214
11.880842599999998,8.957413669740566,0.1303721999999965
11.894498199999997,8.957413669740566,0.14408209999999855
11.900499800000002,8.593204099345877,0.1501195000000024
11.910468499999997,8.522522057577296,0.160035299999997
11.920759800000003,8.522522057577296,0.17036699999999882
11.930421999999997,8.424747169969082,0.1800360000000012
11.940491900000001,8.273839997665297,0.19002969999999664
11.950550400000001,8.166155927514222,0.2000756999999993
11.960382499999998,7.904364425065508,0.21000250000000165
11.973134300000002,8.047053062365295,0.22272099999999995
11.987612600000002,8.007826142431599,0.23718000000000217
11.990449199999997,8.273839997665297,0.24006370000000032
12.000462500000001,8.126216529959919,0.2500257000000019
12.010418400000002,8.21978259559808,0.26001409999999936
12.020444800000003,8.233256430132531,0.27001980000000003
12.030538000000004,8.02087563986406,0.28009440000000296
12.040558800000003,8.02087563986406,0.2901296000000002
12.050467600000001,7.94296870865388,0.3000526000000008
12.062754299999998,7.677540237620285,0.31233220000000017
12.0705378,7.94296870865388,0.32006859999999904
12.080548400000001,7.677540237620285,0.33012310000000156
12.090392699999999,7.567153771952609,0.33999769999999785
12.100451799999998,7.591512672362713,0.35006339999999625
12.1107501,7.518727305915347,0.36034810000000306
12.120520000000003,7.293918879685199,0.3701170000000005
12.130453,6.2228036367552635,0.38006099999999776
12.1434022,7.24766957253901,0.3930042
12.1573897,7.213224593376143,0.4069497999999996
12.1604968,7.328849479972434,0.41010849999999976
12.170499199999998,7.190375823008391,0.42011070000000217
12.180527299999998,7.1336521558107355,0.4300787000000028
12.1905769,6.934080128015318,0.4401326999999995
12.204178799999998,6.535632418935098,0.4537630999999962
12.210539200000003,6.49542520288607,0.46008090000000124
12.220482899999997,6.386499623096539,0.47010350000000045
12.230694600000003,6.465480176582687,0.4801763999999977
12.240639900000001,6.435714282503059,0.4901839999999993
12.250627300000001,6.535632418935098,0.5001458999999997
12.2606413,6.415969341581473,0.5101832000000002
12.2706117,6.435714282503059,0.5201408000000001
12.280751400000003,6.752079349304772,0.5302513999999974
12.290653899999999,6.836956223185779,0.5401860999999997
12.3004383,6.752079349304772,0.550040199999998
12.310483199999997,6.5154886037481425,0.5600353000000027
12.320459099999997,6.586345887857524,0.5700445000000016
12.330484000000002,6.49542520288607,0.5800917999999982
12.340469199999998,6.637569035616036,0.5900541999999973
12.350551499999998,6.6893069845681055,0.6001148000000001
12.360462100000003,7.01083890754158,0.6100566000000001
12.372959400000003,6.901511052181899,0.6225707999999983
12.386193899999999,6.86913680573084,0.635771499999997
12.390523599999998,6.966845205721355,0.6401120999999961
12.400503599999997,6.74156490855173,0.6500743
12.410431800000001,6.7205990086718055,0.6600476999999998
12.420454500000002,6.934080128015318,0.6700719999999976
12.430374599999997,6.647875276492737,0.6799770000000009
12.440521800000003,6.934080128015318,0.6900930999999986
12.450466799999997,6.6272833866223495,0.7000452999999993
12.4604647,6.485423557459608,0.7100348000000025
12.470690399999999,6.27994423832014,0.7201829999999987
12.480992500000003,5.97398909207301,0
12.4941857,6.425831939575096,8.000000022434506e-07
12.507457200000001,6.203908637400279,0.013193499999999858
12.510359599999997,6.270373124148044,0.016195200000005627
12.520527099999999,6.251288226892488,0.026284200000006308
12.530559,5.78954518471769,0
12.5451771,5.902809819266964,0
12.550527200000001,6.15700048270041,7.000000010748408e-07
12.563794599999998,6.270373124148044,0.01309750000000065
12.570540900000001,6.175707473670507,0.0200354000000047
12.580673999999998,6.185089067084062,0.03017330000000129
12.590634400000003,6.138368170237612,0.040110099999999704
12.600683300000004,6.028125932580405,0.0500702000000004
12.610493899999998,6.073738876518667,0.05997860000000088
12.6205313,6.110559071938329,0.07006259999999997
12.6304999,6.110559071938329,0.07996760000000336
12.640569000000003,5.982966845017518,0
12.6539562,5.947163315328091,0
12.660396799999997,6.028125932580405,5.999999999062311e-07
12.673416399999997,5.991962571435397,0
12.695398999999998,6.678917963083457,9.000000034120603e-07
12.702760999999999,7.530797626824645,0.0072803999999990765
12.707651700000003,6.270373124148044,0.012303500000001577
12.725464900000002,6.435714282503059,0.030072300000000496
12.726201300000003,6.203908637400279,0.030921400000003985
12.737764799999997,6.5965495799240745,0.042267100000003666
12.741094899999997,6.308772702657734,0.04573210000000216
12.750429800000003,6.376715611123658,0.055129900000004284
12.7606261,6.175707473670507,0.06524540000000201
12.770545199999997,6.328087998305943,0.07519410000000448
12.780570800000003,6.396303222674444,0.08519040000000189
12.7904473,6.299143989175471,0.0951244000000031
12.8004736,6.485423557459608,0.10518350000000254
12.810393600000001,6.535632418935098,0.11510390000000115
12.820525700000001,6.299143989175471,0.1251722000000015
12.830557299999999,6.465480176582687,0.1351986000000025
12.840619499999999,6.773171422726079,0.14530280000000317
12.8504531,6.308772702657734,0.15513100000000435
12.860375399999999,6.328087998305943,0.1651032999999984
12.870558399999997,6.475441895334031,0.17525499999999994
12.880477299999999,5.938257097883617,0
12.8936126,6.166344624693092,8.000000022434506e-07
12.906623399999997,5.965029276690851,0
12.921396099999999,5.982966845017518,0
12.921936300000002,5.982966845017518,0
12.9304849,5.982966845017518,0
12.940507399999998,6.396303222674444,8.99999996306633e-07
12.954793800000001,6.804968146042268,0.014364000000000487
12.960426899999998,7.111121039461668,0.020016099999999426
12.975426000000002,7.35225325423583,0.03495729999999497
12.980436299999997,7.82784727308025,0.03997400000000084
12.990520200000002,7.542892112532513,0.050043999999999755
13.0007543,7.9818053142127345,0.060291599999999335
13.010432300000002,8.02087563986406,0.06997859999999889
13.023822800000001,8.08651605131745,0.08322659999999615
13.0305352,7.9818053142127345,0.0900654000000003
13.043519999999997,7.802544922425701,0.10308440000000019
13.050489600000002,7.878756617124858,0.11003249999999554
13.0604203,7.840536452576179,0.11996779999999774
13.070473199999999,7.94296870865388,0.1300279999999958
13.080465100000001,8.03395126240779,0.13995759999999535
13.094058800000003,8.246757239301694,0.15363269999999574
13.100478599999999,8.301031304013586,0.1599977999999993
13.110503900000001,8.314667798570671,0.17003799999999814
13.1204729,8.355741302653907,0.1800337999999968
13.130428599999998,8.707775895113674,0.18998750000000086
13.140444599999999,8.480450865022997,0.19995989999999608
13.150407900000001,8.593204099345877,0.20996179999999498
13.160475600000002,8.536601976918485,0.22005310000000122
13.170427200000002,8.809541051581752,0.22997829999999908
13.1804472,8.508470269933717,0.23998279999999994
13.190515700000002,8.522522057577296,0.24999559999999832
13.2005376,8.838879453474007,0.25997979999999643
13.210711999999997,8.957413669740566,0.2702776
13.220488399999997,9.154122964824467,0.28003530000000154
13.233293900000003,8.94249296807631,0.2928174999999982
13.246801199999997,9.16946735002452,0.3063570999999996
13.260332199999997,9.403354130994348,0.31987000000000165
13.2610603,8.736706421172222,0.3205943999999974
13.275740099999997,9.419197477321548,0.33529180000000025
13.2903749,9.466918080834294,0.34990510000000086
13.291053799999997,9.530992581754338,0.3506440999999967
13.3004426,9.909536400813906,0.3599975999999998
13.3106975,10.0282445284255,0
13.3251193,10.200736589911823,0
13.330516200000002,9.74281048940505,2.099999996119095e-06
13.345287099999997,9.62807059588681,0.014693799999996315
13.35079,10.011184305278535,0
13.3650464,10.23565091837597,0
13.3707071,10.218176296985487,0
13.380648599999997,10.288284968133446,0
13.390485299999998,9.74281048940505,2.1000000032245225e-06
13.403725599999998,10.57439625326279,0
13.4180788,10.720922074010135,0
13.420662799999999,10.50200782302884,0
13.4307816,10.466030194963013,0
13.440554100000004,10.757921311448747,0
13.450584199999998,10.50200782302884,0
13.460693000000003,10.869811163624185,0
13.470729600000002,10.851069489218567,0
13.480645399999997,10.57439625326279,0
13.4905984,10.945153821738554,0
13.5006023,10.629068884658762,0
13.510889299999999,10.757921311448747,0
13.520648900000001,10.888590358886962,0
13.530659699999998,10.757921311448747,0
13.540613699999998,10.57439625326279,0
13.5506086,10.869811163624185,0
13.560564699999997,10.629068884658762,0
13.570601,10.592584027480942,0
13.580625800000004,10.869811163624185,0
13.5906859,10.647366113557899,0
13.6008216,10.739403193116889,0
13.610600000000002,11.078462559035042,0
13.624464300000003,10.739403193116889,0
13.6399857,10.665699973533705,0
13.6406916,10.813698403261705,0
13.650676100000002,10.757921311448747,0
13.660587699999997,10.964083853103384,0
13.670557300000002,10.629068884658762,0
13.680567700000001,11.002057685548928,0
13.693608100000002,10.851069489218567,0
13.707967100000001,10.869811163624185,0
13.7104793,11.078462559035042,0
13.724038199999999,11.469791463693667,0
13.730722199999999,10.869811163624185,0
13.747112400000002,11.370486899414773,0
13.760541499999999,10.592584027480942,0
13.7613272,10.945153821738554,0
13.775975499999998,11.078462559035042,0
13.789966099999997,11.04018371752037,0
13.790811600000001,11.174832229900465,0
13.800712899999997,11.136168679632782,0
13.810516500000002,11.291755151114865,0
13.820688399999998,11.059303998863323,0
13.830662800000002,11.002057685548928,0
13.840658200000004,11.590275217982127,0
13.850594099999999,11.097659474669772,0
13.8606923,11.370486899414773,0
13.8706809,11.814952460536821,0
13.880748800000003,11.570094055435773,0
13.890606199999997,11.630758832104176,0
13.900682100000001,10.832365260703382,0
13.915741299999997,10.869811163624185,0
13.9208283,11.814952460536821,0
13.936617299999998,12.497379772711708,0
13.953685699999998,11.794322392560423,0
13.954555600000003,12.044627375250313,0
13.971234200000001,12.652572503841265,0
13.972140499999998,11.509792177642064,0
13.988176999999997,11.489771820317557,0
13.9909426,11.370486899414773,0
14.000565900000002,12.002491593493856,0
14.0145309,11.174832229900465,0
14.028717199999999,12.002491593493856,0
14.043629800000001,11.712213486956044,0
14.044601400000001,11.671404704983862,0
14.059794,11.44985102784893,0
14.0606555,11.814952460536821,0
14.070491899999997,11.814952460536821,0
14.080719300000002,11.549953214879066,0
14.090607000000002,11.549953214879066,0
14.1005894,11.671404704983862,0
14.110544100000002,11.44985102784893,0
14.120609300000002,11.429950433021594,0
14.1307315,11.509792177642064,0
14.140727799999997,11.712213486956044,0
14.1505872,12.150707163949544,0
14.164486399999998,11.509792177642064,0
14.177954099999997,11.610496783242837,0
14.180774199999998,11.671404704983862,0
14.190706100000003,11.712213486956044,0
14.200605499999998,11.69178869158578,0
14.210623600000002,11.469791463693667,0
14.220727999999998,11.390268448168516,0
14.2306263,11.794322392560423,0
14.240644200000002,11.41008959960924,0
14.250699999999998,11.814952460536821,0
14.260509799999998,11.610496783242837,0
14.270510900000001,11.44985102784893,0
14.280612799999997,11.469791463693667,0
14.290813199999999,11.194222077744826,0
14.300703100000003,11.272170432059934,0
14.3106008,11.44985102784893,0
14.320534499999997,11.04018371752037,0
14.330703600000003,11.509792177642064,0
14.340697000000002,11.291755151114865,0
14.350582,11.370486899414773,0
14.360530800000003,11.272170432059934,0
14.370995699999998,11.174832229900465,0
14.380607000000001,11.671404704983862,0
14.390657299999997,11.469791463693667,0
14.4006382,10.851069489218567,0
14.414671199999997,10.776476503078216,0
14.420646700000002,11.174832229900465,0
14.4341184,11.44985102784893,0
14.440658000000003,11.469791463693667,0
14.450671199999999,11.174832229900465,0
14.4606983,10.869811163624185,0
14.474803900000001,10.92626161260162,0
14.4805599,11.291755151114865,0
14.494176200000002,10.888590358886962,0
14.519189299999997,11.390268448168516,0
14.542753600000001,11.155481122997937,0
14.5548356,11.429950433021594,0
14.558507700000003,11.213650744090437,0
14.559625899999997,11.174832229900465,0
14.560413999999998,10.964083853103384,0
14.56155,11.002057685548928,0
14.576086999999998,10.888590358886962,0
14.596053299999998,10.851069489218567,0
14.599814400000003,10.869811163624185,0
14.6011293,10.70247788020399,0
14.6112,10.869811163624185,0
14.620737100000003,10.79506884222607,0
14.6310003,10.832365260703382,0
14.6406149,10.813698403261705,0
14.650667199999997,11.174832229900465,0
14.6653044,10.907407150123706,0
14.681650899999998,10.983051782416258,0
14.682532300000002,10.964083853103384,0
14.690686099999997,11.04018371752037,0
14.7043772,11.116894822555212,0
14.7106174,11.136168679632782,0
14.720546799999997,11.002057685548928,0
14.730622499999999,10.945153821738554,0
14.7450948,11.078462559035042,0
14.759165800000002,11.155481122997937,0
14.760459,10.983051782416258,0
14.775870399999999,11.174832229900465,0
14.7905135,11.155481122997937,0
14.791304299999997,11.174832229900465,0
14.800655799999998,11.213650744090437,0
14.810523100000001,11.174832229900465,0
14.820622500000002,11.233118306652,0
14.830674599999998,11.194222077744826,0
14.8406402,11.350744874221816,0
14.851142300000003,11.136168679632782,0
14.860491399999997,11.429950433021594,0
14.8706299,11.174832229900465,0
14.880569599999998,11.233118306652,0
14.890671899999997,11.429950433021594,0
14.900636100000003,11.390268448168516,0
14.9106275,11.174832229900465,0
14.920586500000002,11.25262484329977,0
14.930764900000003,11.272170432059934,0
14.940634900000003,11.41008959960924,0
14.950514600000002,11.3310422936215,0
14.9605754,11.529852615748647,0
14.970560899999999,11.350744874221816,0
14.980535499999998,11.370486899414773,0
14.990685600000003,11.233118306652,0
15.0007117,11.213650744090437,0
15.010512299999998,11.233118306652,0
15.020611800000001,11.291755151114865,0
15.030638300000003,11.44985102784893,0
15.040597199999997,11.429950433021594,0
15.050734199999997,11.291755151114865,0
15.060472200000003,11.469791463693667,0
15.0710601,11.44985102784893,0
15.0806699,11.350744874221816,0
15.090708199999998,11.469791463693667,0
15.100645400000001,11.489771820317557,0
15.110571500000002,11.429950433021594,0
15.1206334,11.350744874221816,0
15.130906499999998,11.489771820317557,0
15.140696899999998,11.489771820317557,0
15.150973599999997,11.630758832104176,0
15.160635699999997,11.469791463693667,0
15.170540300000003,11.44985102784893,0
15.180560600000003,11.174832229900465,0
15.190769499999998,11.429950433021594,0
15.2007735,11.174832229900465,0
15.2104903,11.174832229900465,0
15.220600200000003,10.92626161260162,0
15.234703900000003,10.813698403261705,0
15.24072,10.739403193116889,0
15.250643700000001,10.851069489218567,0
15.260608100000002,10.57439625326279,0
15.270640500000003,10.538129649812095,0
15.280777099999998,10.70247788020399,0
15.290610599999997,10.647366113557899,0
15.300642700000001,10.665699973533705,0
15.310576700000002,10.538129649812095,0
15.320626899999997,10.484001020187893,0
15.330608799999997,10.2707051838414,0
15.340616399999998,10.18333172739613,0
15.350535599999997,10.09682765136841,0
15.360705800000002,10.09682765136841,0
15.371050899999997,10.062467506865458,0
15.380600500000003,10.045338906161959,0
15.3907032,10.466030194963013,0
15.400421099999999,9.926393124720537,1.7999999997186933e-06
15.413602000000001,9.74281048940505,0.013140799999995068
15.420537,9.94328359581091,0.020071799999996642
15.430491999999997,9.74281048940505,0.03002649999999818
15.440537099999997,9.435072542049229,0.04002919999999932
15.4505066,9.693439487586987,0.050033799999994244
15.460912400000002,9.62807059588681,0.06048409999999649
15.470426800000002,9.57938597223622,0.06999649999999491
15.480467999999998,9.530992581754338,0.08001909999999413
15.490665699999997,9.530992581754338,0.09008479999999963
15.500348599999999,9.16946735002452,0.09991079999999641
15.510444099999997,9.340296664120023,0.11003369999999535
15.520453499999999,9.231152701241395,0.12002409999999486
15.5305067,9.09305139310744,0.13000129999999643
15.540485100000001,9.09305139310744,0.14001950000000107
15.5504626,9.047567273559713,0.14999119999999522
15.5603868,9.077859687091145,0.15997039999999885
15.570484400000002,8.94249296807631,0.17004939999999635
15.583833799999997,8.972364242669451,0.18340140000000105
15.590587000000003,9.017395787665905,0.19009709999999558
15.604277800000002,8.987344746665283,0.20385859999999667
15.618056300000003,8.897909494439109,0.21757799999999605
15.620551199999998,8.972364242669451,0.22007499999999425
15.630647399999997,8.972364242669451,0.2300862999999964
15.640705200000003,7.904364425065508,0.240189799999996
15.6560351,9.340296664120023,0.25548690000000107
15.672022199999997,8.912740939929662,0.2715615999999983
15.672649000000003,8.987344746665283,0.2722562999999951
15.691440199999999,9.123526107475662,0.29094879999999534
15.692193,9.002355241650097,0.2917379000000011
15.708732899999998,9.154122964824467,0.3082031999999941
15.7103936,9.032466444874892,0.30998669999999606
15.720424599999998,9.002355241650097,0.3199639999999988
15.730436899999997,8.94249296807631,0.32999269999999825
15.745640499999997,8.987344746665283,0.3451425999999955
15.7503894,8.987344746665283,0.34994659999999556
15.7604596,8.824195583331818,0.3599861999999945
15.770407000000002,8.536601976918485,0.36998669999999834
15.780384899999998,8.397061988565584,0.37990649999999704
15.790482299999997,8.260285077108826,0.39000159999999795
15.8004535,8.073335404255426,0.39998519999999615
15.810448400000002,8.126216529959919,0.4100186000000008
15.820498599999997,8.355741302653907,0.42006649999999723
15.830406399999998,8.508470269933717,0.4299662999999967
15.840536799999999,8.508470269933717,0.4400055999999992
15.850422900000002,9.002355241650097,0.4500139999999959
15.863187700000001,9.138809237726493,0.4627446000000006
15.870535999999998,9.403354130994348,0.47005799999999454
15.8808927,9.482888682273867,0.4803651000000002
15.890594099999998,9.644363824876494,0.4900699999999958
15.900381499999998,9.466918080834294,0.4999218999999968
15.910380399999998,9.77588944516893,0.5099738999999985
15.920456599999998,9.57938597223622,0.5200139999999962
15.930366799999998,9.693439487586987,0.5299335999999997
15.940461299999999,9.482888682273867,0.5399661000000009
15.950454699999998,9.77588944516893,0.5500179999999943
15.960405400000003,9.909536400813906,0.5599524999999943
15.9704808,9.859168038600663,0.5700470999999965
15.9803946,9.842445630505686,0.5799463999999972
15.990628099999999,10.011184305278535,0
16.0047386,10.011184305278535,0
16.0106522,10.0282445284255,0
16.0206063,10.011184305278535,0
16.030503999999997,10.376713222184142,0
16.0406401,10.09682765136841,0
16.050582100000003,10.09682765136841,0
16.060681499999998,10.011184305278535,0
16.0706155,10.045338906161959,0
16.080606399999997,10.045338906161959,0
16.090407799999998,9.994158168480158,1.900000000887303e-06
16.104692000000004,10.18333172739613,0
16.1200504,10.200736589911823,0
16.120839200000002,10.341235771500035,0
16.130577300000002,10.14862625769989,0
16.140603600000002,10.011184305278535,0
16.150673700000002,10.305899947177094,0
16.160944599999997,10.2707051838414,0
16.170610200000002,10.376713222184142,0
16.1806345,10.341235771500035,0
16.1912385,10.288284968133446,0
16.200568200000003,10.484001020187893,0
16.21068,10.556244818241767,0
16.220623999999997,10.665699973533705,0
16.2306434,10.813698403261705,0
16.240633499999998,10.888590358886962,0
16.2506042,11.002057685548928,0
16.2634881,11.002057685548928,0
16.2706324,10.983051782416258,0
16.285568199999997,10.92626161260162,0
16.2907939,11.059303998863323,0
16.321192,11.04018371752037,0
16.323387899999997,10.888590358886962,0
16.324688300000002,10.869811163624185,0
16.346897700000003,10.851069489218567,0
16.3492626,10.851069489218567,0
16.3506855,11.213650744090437,0
16.366843,10.907407150123706,0
16.386745100000002,10.888590358886962,0
16.3877499,11.078462559035042,0
16.403164200000003,11.078462559035042,0
16.404011800000003,10.665699973533705,0
16.4189969,10.851069489218567,0
16.4205115,10.907407150123706,0
16.430591099999997,10.869811163624185,0
16.4406668,10.851069489218567,0
16.4506062,10.907407150123706,0
16.460435399999998,10.869811163624185,0
16.4705982,11.078462559035042,0
16.483506700000003,10.776476503078216,0
16.497609999999998,10.92626161260162,0
16.500584300000003,10.869811163624185,0
16.510463599999998,10.79506884222607,0
16.520534799999997,10.813698403261705,0
16.530594400000002,10.888590358886962,0
16.540685,10.813698403261705,0
16.5504943,10.869811163624185,0
16.560518599999998,10.684070537921636,0
16.5705841,10.79506884222607,0
16.5804924,10.684070537921636,0
16.590595500000003,10.776476503078216,0
16.600550899999998,10.610808213647339,0
16.610630699999998,10.79506884222607,0
16.6206457,10.851069489218567,0
16.6305192,10.757921311448747,0
16.6407517,10.813698403261705,0
16.6506437,10.57439625326279,0
16.660566499999998,10.647366113557899,0
16.670544000000003,10.79506884222607,0
16.680527299999998,10.684070537921636,0
16.690648300000003,10.776476503078216,0
16.700576700000003,10.869811163624185,0
16.710515400000002,10.79506884222607,0
16.7205671,10.629068884658762,0
16.7304846,10.520050675513097,0
16.740802400000003,10.448095275470884,0
16.750689500000004,10.484001020187893,0
16.7607142,10.23565091837597,0
16.770591999999997,10.165961639818944,0
16.7805359,10.394505234710364,0
16.790510700000002,9.977166049925785,1.900000000887303e-06
16.8042738,9.994158168480158,0.013826500000000408
16.8105103,9.994158168480158,0.01997280000000501
16.8205316,9.825756633804376,0.030084500000000958
16.830363700000003,9.994158168480158,0.0399128000000033
16.840409500000003,9.809100981740718,0.0499305000000021
16.8504641,9.74281048940505,0.059996800000000405
16.8603913,9.74281048940505,0.06992600000000238
16.8704268,9.72632056384844,0.07994779999999935
16.880613999999998,9.54709146043023,0.09011550000000312
16.8903967,9.563222569082706,0.09993710000000533
16.900499999999997,9.530992581754338,0.11005670000000123
16.910444100000003,9.530992581754338,0.1199958000000052
16.920542200000003,9.450979388677672,0.12998540000000247
16.9302946,9.498891256878826,0.1398559000000006
16.940493999999997,9.482888682273867,0.1500042999999991
16.950441100000003,9.30895659937976,0.15991380000000532
16.9604604,9.450979388677672,0.1699656000000047
16.9705324,9.403354130994348,0.17997050000000314
16.980328699999998,9.435072542049229,0.18988350000000054
16.9903942,9.595581734544421,0.19992789999999871
17.0003979,9.644363824876494,0.2099119000000016
17.0103963,9.72632056384844,0.21990180000000237
17.020466700000004,9.75933342781462,0.23002260000000518
17.0305469,9.825756633804376,0.239979500000004
17.0404138,9.825756633804376,0.24992149999999924
17.050605299999997,10.011184305278535,0
17.0644631,9.994158168480158,2.5999999948567165e-06
17.079784800000002,9.792478607692077,0.015356300000000545
17.080590500000003,10.045338906161959,0
17.0952964,9.960207881646939,1.6999999985500835e-06
17.109885600000002,9.842445630505686,0.014550800000002084
17.110595,10.062467506865458,0
17.1253589,10.079630399050409,0
17.130321300000002,9.994158168480158,1.6999999985500835e-06
17.144551600000003,10.045338906161959,0
17.1604227,10.062467506865458,0
17.1612368,9.926393124720537,2.7000000031307536e-06
17.1755333,10.131325511697408,0
17.1910517,10.114059332608491,0
17.1917364,10.114059332608491,0
17.200555499999997,10.200736589911823,0
17.2106204,10.0282445284255,0
17.220728599999997,10.114059332608491,0
17.2308232,10.0282445284255,0
17.240858300000003,10.18333172739613,0
17.250621400000004,10.09682765136841,0
17.260541399999997,10.23565091837597,0
17.2705995,10.23565091837597,0
17.2805749,10.200736589911823,0
17.2907192,10.57439625326279,0
17.300462200000002,10.813698403261705,0
17.3104593,10.776476503078216,0
17.3205549,10.739403193116889,0
17.3304649,10.983051782416258,0
17.3406027,10.92626161260162,0
17.350672999999997,10.964083853103384,0
17.360583799999997,11.116894822555212,0
17.3741569,11.059303998863323,0
17.380615000000002,11.059303998863323,0
17.3906508,10.869811163624185,0
17.406491399999997,11.194222077744826,0
17.419917700000003,11.350744874221816,0
17.420586500000002,11.291755151114865,0
17.430432,11.213650744090437,0
17.440532800000003,11.25262484329977,0
17.4505259,10.907407150123706,0
17.4652693,11.31137907880348,0
17.4791292,11.350744874221816,0
17.480539099999998,11.390268448168516,0
17.490556,11.174832229900465,0
17.5004892,11.350744874221816,0
17.510890999999997,11.44985102784893,0
17.5205795,11.350744874221816,0
17.5304205,11.44985102784893,0
17.5407198,11.390268448168516,0
17.550698999999998,11.529852615748647,0
17.5604713,11.350744874221816,0
17.570654,11.41008959960924,0
17.5804503,11.31137907880348,0
17.5908556,11.291755151114865,0
17.60093,11.590275217982127,0
17.610580100000004,11.174832229900465,0
17.6206541,11.570094055435773,0
17.6305388,11.233118306652,0
17.640568400000003,11.469791463693667,0
17.650548699999998,11.3310422936215,0
17.660593000000002,11.194222077744826,0
17.670717900000003,11.272170432059934,0
17.6806236,11.174832229900465,0
17.690922500000003,11.370486899414773,0
17.700666000000002,11.25262484329977,0
17.710595199999997,11.291755151114865,0
17.720589399999998,11.272170432059934,0
17.7304986,11.078462559035042,0
17.740586500000003,11.469791463693667,0
17.750566600000003,11.370486899414773,0
17.760490700000002,11.44985102784893,0
17.770591200000002,11.350744874221816,0
17.7805607,11.272170432059934,0
17.7906971,11.370486899414773,0
17.8005714,10.983051782416258,0
17.816443099999997,11.174832229900465,0
17.8332631,11.059303998863323,0
17.8340962,10.907407150123706,0
17.8516619,10.813698403261705,0
17.852667899999997,10.869811163624185,0
17.860808700000003,10.610808213647339,0
17.8711217,10.647366113557899,0
17.880896699999997,10.647366113557899,0
17.890784900000003,10.538129649812095,0
17.9006023,10.394505234710364,0
17.9105558,10.50200782302884,0
17.9206654,10.394505234710364,0
17.9304929,10.25316052398179,0
17.940437300000003,9.72632056384844,1.6999999985500835e-06
17.9540259,10.011184305278535,0
17.968578500000003,9.94328359581091,1.6999999985500835e-06
17.9823085,9.842445630505686,0.013667200000000435
17.98304,9.72632056384844,0.014440999999997928
17.990455100000002,9.74281048940505,0.021835599999995736
18.0003658,9.77588944516893,0.03178479999999695
18.0103781,9.660689672932362,0.04177529999999763
18.0204354,9.909536400813906,0.05185579999999845
18.030353199999997,9.70986358518506,0.0617826000000008
18.040350800000002,9.74281048940505,0.07175790000000148
18.0503807,9.595581734544421,0.08177870000000098
18.060477199999998,9.74281048940505,0.09185839999999956
18.070553800000003,9.693439487586987,0.10190889999999797
18.080537500000002,9.644363824876494,0.11192100000000238
18.0905059,10.165961639818944,0
18.104927200000002,9.184842454704212,2.1000000032245225e-06
18.118385900000003,9.530992581754338,0.013477800000003981
18.120505599999998,9.660689672932362,0.015611700000000894
18.1303879,9.70986358518506,0.02548680000000303
18.140483300000003,9.72632056384844,0.03551050000000089
18.1504547,9.482888682273867,0.045507700000001705
18.1606687,9.530992581754338,0.05577010000000371
18.170733100000003,9.74281048940505,0.06581700000000268
18.1808298,9.530992581754338,0.07563190000000475
18.190685300000002,9.74281048940505,0.08566310000000499
18.200899699999997,9.74281048940505,0.09592059999999947
18.210560500000003,9.61180992079036,0.10557810000000245
18.220653799999997,9.62807059588681,0.11565269999999828
18.2305339,9.825756633804376,0.12555960000000255
18.2406769,9.660689672932362,0.13564850000000206
18.2505025,9.660689672932362,0.14550919999999934
18.260576699999998,9.74281048940505,0.15558880000000386
18.270402200000003,9.693439487586987,0.16546519999999987
18.280527199999998,9.644363824876494,0.17558560000000512
18.2904442,9.74281048940505,0.18546119999999888
18.300372300000003,9.644363824876494,0.19544830000000246
18.3104153,9.72632056384844,0.20552510000000268
18.320409,9.530992581754338,0.21550510000000145
18.330383899999998,9.595581734544421,0.22545360000000159
18.3406268,9.693439487586987,0.2356353999999996
18.350460100000003,9.644363824876494,0.24543450000000178
18.360315000000003,9.498891256878826,0.2554032000000035
18.370469000000003,9.62807059588681,0.26554589999999934
18.380362100000003,9.74281048940505,0.2754255999999984
18.390651899999998,9.530992581754338,0.2856304000000023
18.400606399999997,9.644363824876494,0.295661299999999
18.410374800000003,9.498891256878826,0.3054625000000044
18.4203954,9.498891256878826,0.31549860000000507
18.430376,9.57938597223622,0.325458900000001
18.440482999999997,9.660689672932362,0.33550610000000347
18.4504507,9.482888682273867,0.345489900000004
18.460380699999998,9.482888682273867,0.35547370000000456
18.4704595,9.419197477321548,0.3655254000000028
18.480407600000003,9.530992581754338,0.3754710999999986
18.4904818,9.27774164451191,0.38548409999999933
18.500462100000004,9.466918080834294,0.3954953000000003
18.5103776,9.435072542049229,0.40546489999999835
18.520455799999997,9.231152701241395,0.4155137999999994
18.530392000000003,9.32461096172274,0.42543930000000074
18.540481000000003,9.047567273559713,0.4355361000000002
18.550481100000002,9.032466444874892,0.44553290000000345
18.560391499999998,8.794915799605649,0.4554462999999984
18.574189399999998,8.751215137895052,0.46923269999999917
18.580370900000002,8.736706421172222,0.475468400000004
18.590464,8.722226692884746,0.4855069000000043
18.6004038,8.722226692884746,0.4954682000000048
18.610349099999997,8.621675420423669,0.5054252000000048
18.620440900000002,8.693353970055812,0.5155195000000035
18.6308344,8.522522057577296,0.5258304000000038
18.640515599999997,8.480450865022997,0.5355155000000025
18.6504886,8.369487326701252,0.5455101000000013
18.660363299999997,8.233256430132531,0.5554139000000049
18.670422900000002,8.301031304013586,0.5654760000000039
18.6804848,8.301031304013586,0.5755516999999983
18.690457400000003,8.301031304013586,0.5855291000000022
18.7004373,8.152816159873417,0.5955184000000031
18.7104198,8.328331593408056,0.6055102999999988
18.7204735,8.139503045106144,0.6155222000000009
18.730355499999998,8.179522401387631,0.6254540999999989
18.740486800000003,8.02087563986406,0.6355295000000041
18.7504601,7.94296870865388,0.6454949000000028
18.762895699999998,7.878756617124858,0.657948900000001
18.7707826,7.739730070915215,0.6658304999999984
18.7804052,7.7023415681634235,0.6754676999999987
18.790529600000003,7.7023415681634235,0.6855203000000003
18.800453,7.591512672362713,0.6954510999999997
18.810365100000002,7.665176724779058,0.7054661000000024
18.820507600000003,7.328849479972434,0.7155586000000014
18.8303271,7.45873648687406,0.7254179000000036
18.840920899999997,7.45873648687406,0.7359324000000029
18.8504235,7.270747976866626,0.745482200000005
18.860339800000002,7.317182651729675,0.7554416000000046
18.870572499999998,7.387534912892297,0.7655372000000042
18.8803776,7.282321842828364,0.7754463999999999
18.8904406,7.317182651729675,0.7854500000000044
18.9005068,7.293918879685199,0.7955512999999996
18.910417300000002,7.567153771952609,0.8055166999999983
18.9204154,7.293918879685199,0.8154948000000033
18.930781900000003,7.293918879685199,0.8257419999999982
18.940425899999997,7.224683297447398,0.8354709999999983
18.950473400000003,7.282321842828364,0.845452200000004
18.960352599999997,7.3055391338252935,0.8554381000000006
18.970744,7.144951555755833,0.8658253000000045
18.9804291,7.01083890754158,0.8754451000000003
18.990551300000003,7.111121039461668,0.8855930000000001
19.0004102,7.09988923293321,0.8954756000000046
19.010346199999997,7.259197235504502,0.9054471000000035
19.020517299999998,7.24766957253901,0.9155557999999999
19.030382900000003,7.328849479972434,0.9254729000000026
19.0404551,7.399342586455758,0.935457900000003
19.050449599999997,7.640523756686739,0.9454872000000023
19.060333600000003,7.689928502230714,0.9554362000000012
19.070468299999998,7.840536452576179,0.9655145000000047
19.080382599999997,8.03395126240779,0.9754822000000019
19.0942178,8.099723086052473,0.9893094000000033
19.1005717,8.139503045106144,0.9955365
19.110747200000002,8.536601976918485,1.0058338000000049
19.120568100000003,8.536601976918485,1.0058338000000049
19.1320806,8.494446557780574,1.0058338000000049
19.147440399999997,8.707775895113674,1.0058338000000049
19.1505981,8.536601976918485,1.0058338000000049
19.160448499999998,8.579011088888649,1.0058338000000049
19.1705376,8.912740939929662,1.0058338000000049
19.180543600000004,8.912740939929662,1.0058338000000049
19.190561900000002,8.987344746665283,1.0058338000000049
19.2005156,9.047567273559713,1.0058338000000049
19.210480999999998,8.94249296807631,1.0058338000000049
19.2206104,9.215685068627405,1.0058338000000049
19.2306809,9.047567273559713,1.0058338000000049
19.2407309,9.32461096172274,1.0058338000000049
19.2506167,9.215685068627405,1.0058338000000049
19.2605302,8.838879453474007,1.0058338000000049
19.2705547,9.077859687091145,1.0058338000000049
19.280537,9.403354130994348,1.0058338000000049
19.290484000000003,9.26218092712718,1.0058338000000049
19.3005642,9.482888682273867,1.0058338000000049
19.3107261,9.435072542049229,1.0058338000000049
19.3207894,9.482888682273867,1.0058338000000049
19.3307075,9.215685068627405,1.0058338000000049
19.3406774,9.563222569082706,1.0058338000000049
19.3505285,9.54709146043023,1.0058338000000049
19.3604849,9.57938597223622,1.0058338000000049
19.370597800000002,9.482888682273867,1.0058338000000049
19.380668000000004,9.51492586865949,1.0058338000000049
19.390550200000003,9.693439487586987,1.0058338000000049
19.400605700000003,9.54709146043023,1.0058338000000049
19.410569,9.693439487586987,1.0058338000000049
19.420688799999997,9.70986358518506,1.0058338000000049
19.430507100000003,9.77588944516893,1.0058338000000049
19.440541900000003,9.72632056384844,1.0058338000000049
19.450616999999998,9.57938597223622,1.0058338000000049
19.4605888,9.74281048940505,1.0058338000000049
19.470568699999998,9.595581734544421,1.0058338000000049
19.480577399999998,9.909536400813906,1.0058338000000049
19.4906464,9.77588944516893,1.0058338000000049
19.500445699999997,9.77588944516893,1.0058338000000049
19.5105737,9.792478607692077,1.0058338000000049
19.520559700000003,9.74281048940505,1.0058338000000049
19.5304798,9.74281048940505,1.0058338000000049
19.540643900000003,10.079630399050409,1.0058338000000049
19.5506086,9.994158168480158,1.0058338000000049
19.560429799999998,9.859168038600663,1.0058338000000049
19.5705317,9.926393124720537,1.0058338000000049
19.5805226,10.045338906161959,1.0058338000000049
19.590493300000002,9.94328359581091,1.0058338000000049
19.600515599999998,10.011184305278535,1.0058338000000049
19.610499200000003,9.94328359581091,1.0058338000000049
19.620663099999998,9.909536400813906,1.0058338000000049
19.6304743,9.909536400813906,1.0058338000000049
19.6407486,9.977166049925785,1.0058338000000049
19.6505311,10.045338906161959,1.0058338000000049
19.660422,9.909536400813906,1.0058338000000049
19.670835200000003,9.977166049925785,1.0058338000000049
19.6807768,9.94328359581091,1.0058338000000049
19.690710900000003,9.909536400813906,1.0058338000000049
19.700773899999998,9.994158168480158,1.0058338000000049
19.710698400000002,9.74281048940505,1.0058338000000049
19.7206133,9.909536400813906,1.0058338000000049
19.7307855,9.94328359581091,1.0058338000000049
19.741150899999997,10.394505234710364,1.0058338000000049
19.750527899999998,9.977166049925785,1.0058338000000049
19.7605166,9.89271335666411,1.0058338000000049
19.7705935,9.792478607692077,1.0058338000000049
19.7805147,9.792478607692077,1.0058338000000049
19.790462100000003,9.482888682273867,1.0058338000000049
19.800568700000003,9.246651300076511,1.0058338000000049
19.810564099999997,8.780319768902485,1.0058338000000049
19.8207817,7.994802717912391,1.0058338000000049
19.830578,7.446810144218417,1.0058338000000049
19.8408232,6.710147465681302,1.0058338000000049
19.850643299999998,5.885192238641251,1.0058338000000049
19.860525399999997,4.765531561429901,1.0058338000000049
19.870976700000003,3.6377398355528943,1.0058338000000049
19.880494100000003,3.1066480163688723,1.0058338000000049
19.8905006,2.5649027769269614,1.0058338000000049
19.900596599999997,1.9096431961059859,1.0058338000000049
19.9103677,1.4929614,1.0058338000000049
19.920307400000002,1.4929614,1.0058338000000049
19.9302416,1.4929614,1.0058338000000049
19.940304100000002,1.4929614,1.0058338000000049
19.950205,1.4929614,1.0058338000000049
19.9603243,1.4929614,1.0058338000000049
19.970472599999997,1.4929614,1.0058338000000049
19.9802244,1.4929614,1.0058338000000049
19.9902335,1.4929614,1.0058338000000049
20.0002635,1.4929614,1.0058338000000049
20.0104317,1.4929614,1.0058338000000049
20.020471500000003,1.4929614,1.0058338000000049
20.0304489,1.4929614,1.0058338000000049
20.0404526,1.4929614,1.0058338000000049
20.0504305,1.4929614,1.0058338000000049
20.060369599999998,1.4929614,1.0058338000000049
20.0704301,1.4929614,1.0058338000000049
20.080296899999997,1.4929614,1.0058338000000049
20.090540999999998,1.4929614,1.0058338000000049
20.100358699999997,1.4929614,1.0058338000000049
20.110426899999997,1.4929614,1.0058338000000049
20.120223900000003,1.4929614,1.0058338000000049
