0.0005647000000017499,1.4929614,0
0.009975400000001855,1.4929614,0
0.025440500000001975,1.4929614,0
0.030511199999999405,1.4929614,0
0.039899900000001765,1.4929614,0
0.04997380000000007,1.4929614,0
0.05990000000000251,1.4929614,0
0.07003270000000228,1.4929614,0
0.07990600000000114,1.4929614,0
0.09029579999999982,1.4929614,0
0.09992869999999954,1.4929614,0
0.11002090000000209,1.4929614,0
0.12008670000000166,1.4929614,0
0.13023940000000067,1.4929614,0
0.13993149999999943,1.4929614,0
0.14999189999999984,1.4929614,0
0.1599219000000005,1.4929614,0
0.17004870000000238,1.4929614,0
0.1799215000000025,1.4929614,0
0.19001150000000067,1.4929614,0
0.20014650000000245,1.4929614,0
0.20995360000000218,1.4929614,0
0.2200374000000025,1.4929614,0
0.22995320000000063,1.4929614,0
0.23998339999999985,1.4929614,0
0.24989910000000037,1.4929614,0
0.2599896000000008,1.4929614,0
0.26999939999999967,1.4929614,0
0.27988120000000194,1.4929614,0
0.2901102000000009,1.4929614,0
0.2999740000000024,1.4929614,0
0.3098825000000005,1.4929614,0
0.3204197999999998,1.4929614,0
0.3299832000000009,1.4929614,0
0.33995180000000147,1.4929614,0
0.35003810000000257,1.4929614,0
0.3599008999999995,1.4929614,0
0.36999640000000156,1.4929614,0
0.38001790000000213,1.4929614,0
0.38997439999999983,1.4929614,0
0.40012379999999936,1.4929614,0
0.4099710999999999,1.4929614,0
0.4201139000000005,1.4929614,0
0.4299445000000013,1.4929614,0
0.4401218,1.4929614,0
0.4500231000000028,1.4929614,0
0.46011430000000075,1.4929614,0
0.47007560000000126,1.4929614,0
0.4800481000000012,1.4929614,0
0.4902072000000004,1.4929614,0
0.49993880000000246,1.4929614,0
0.5102372000000024,1.4929614,0
0.5202331000000022,1.4929614,0
0.5300296000000024,1.4929614,0
0.539897100000001,1.4929614,0
0.5499254000000029,1.4929614,0
0.5599432000000029,1.4929614,0
0.5699897000000007,1.4929614,0
0.5798815000000026,1.4929614,0
0.5899071000000013,1.4929614,0
0.5999593999999995,1.4929614,0
0.6099549999999994,1.4929614,0
0.6201552000000028,1.4929614,0
0.6299348000000009,1.4929614,0
0.6398596000000012,1.4929614,0
0.6499793000000018,1.4929614,0
0.6600073000000002,1.4929614,0
0.6700826000000006,1.4929614,0
0.6800665000000023,1.4929614,0
0.6901302999999999,1.4929614,0
0.7000214000000007,1.4929614,0
0.7101903000000007,1.4929614,0
0.7202529999999996,1.4929614,0
0.7299351000000023,1.4929614,0
0.7403179000000009,1.4929614,0
0.749910100000001,1.4929614,0
0.7598908000000009,1.4929614,0
0.7701616000000016,1.4929614,0
0.7800708000000007,1.4929614,0
0.7899294000000019,1.4929614,0
0.7999317999999995,1.4929614,0
0.810312200000002,1.4929614,0
0.8200529000000003,1.4929614,0
0.8299432000000024,1.4929614,0
0.8399129000000016,1.4929614,0
0.8498812999999998,1.4929614,0
0.8599090000000018,1.4929614,0
0.8702173000000002,1.4929614,0
0.8799501999999997,1.4929614,0
0.8899010999999994,1.4929614,0
0.8999017000000009,1.4929614,0
0.9099704000000024,1.4929614,0
0.9200993000000004,1.4929614,0
0.9298935000000021,1.4929614,0
0.9399581000000019,1.4929614,0
0.9499114000000013,1.4929614,0
0.9602494999999998,1.4929614,0
0.9700674000000014,1.4929614,0
0.9799044000000023,1.4929614,0
0.9899281000000002,1.4929614,0
1.0001142000000023,1.4929614,0
1.0100223000000028,1.4929614,0
1.0243886000000018,1.4929614,0
1.029978100000001,1.4929614,0
1.0399854000000026,1.4929614,0
1.0499928999999995,1.4929614,0
1.0600403000000007,1.4929614,0
1.0700265000000009,1.4929614,0
1.0798769000000021,1.4929614,0
1.0900200000000027,1.4929614,0
1.0999475000000025,1.4929614,0
1.1098729000000027,1.4929614,0
1.1200345000000027,1.4929614,0
1.1299164000000026,1.4929614,0
1.1399421000000025,1.4929614,0
1.1499667000000002,1.4929614,0
1.1598860000000002,1.4929614,0
1.170133100000001,1.4929614,0
1.1799642000000006,1.4929614,0
1.1899890000000006,1.4929614,0
1.1999797,1.4929614,0
1.209992500000002,1.4929614,0
1.2202281,1.4929614,0
1.230126600000002,1.4929614,0
1.240120600000001,1.4929614,0
1.250086200000002,1.4929614,0
1.2600887000000007,1.4929614,0
1.2701717000000023,1.4929614,0
1.279934400000002,1.4929614,0
1.2901611000000024,1.4929614,0
1.2999899,1.4929614,0
1.309932700000001,1.4929614,0
1.3200965000000018,1.4929614,0
1.3299546000000007,1.4929614,0
1.3399421000000018,1.4929614,0
1.3499210999999995,1.4929614,0
1.3599075999999997,1.4929614,0
1.3707011000000016,1.4929614,0
1.3799225000000028,1.4929614,0
1.3899985000000008,1.4929614,0
1.4000610000000009,1.4929614,0
1.4099481000000011,1.4929614,0
1.420110900000001,1.4929614,0
1.4300176000000029,1.4929614,0
1.4398836000000017,1.4929614,0
1.4499872000000025,1.4929614,0
1.4599539000000021,1.4929614,0
1.4701552000000007,1.4929614,0
1.4799482000000026,1.4929614,0
1.4899516000000013,1.4929614,0
1.4999169000000023,1.4929614,0
1.5098634000000004,1.4929614,0
1.5201248000000014,1.4929614,0
1.5299578999999994,1.4929614,0
1.5399030000000025,1.4929614,0
1.5499533999999997,1.4929614,0
1.5600504000000015,1.4929614,0
1.570195400000003,1.4929614,0
1.5799814000000012,1.4929614,0
1.5899842,1.4929614,0
1.599957700000001,1.4929614,0
1.6099739,1.4929614,0
1.6200940000000017,1.4929614,0
1.6300097000000022,1.4929614,0
1.6400520000000007,1.4929614,0
1.6499184000000007,1.4929614,0
1.6599984000000028,1.4929614,0
1.6701715999999998,1.4929614,0
1.6799740000000014,1.4929614,0
1.6899252000000011,1.4929614,0
1.6999777000000016,1.4929614,0
1.709930400000001,1.4929614,0
1.7200820000000014,1.4929614,0
1.729996700000001,1.4929614,0
1.739894200000002,1.4929614,0
1.749942100000002,1.4929614,0
1.7599906999999995,1.4929614,0
1.7702169000000012,1.4929614,0
1.7799855999999998,1.4929614,0
1.789996900000002,1.4929614,0
1.799930400000001,1.4929614,0
1.810062900000002,1.4929614,0
1.8200239000000025,1.4929614,0
1.8300350000000023,1.4929614,0
1.8400265000000005,1.4929614,0
1.8499249000000013,1.4929614,0
1.8603067000000024,1.4929614,0
1.8701091000000005,1.4929614,0
1.8799005000000015,1.4929614,0
1.8900368000000007,1.4929614,0
1.9001146999999996,1.4929614,0
1.9100538,1.4929614,0
1.920142300000002,1.4929614,0
1.929896300000003,1.4929614,0
1.9399220000000028,1.4929614,0
1.9500081000000016,1.4929614,0
1.9599329999999995,1.4929614,0
1.9700322000000021,1.4929614,0
1.9799272000000023,1.4929614,0
1.9901055999999997,1.4929614,0
2.0001020999999994,1.4929614,0
2.009968100000002,1.4929614,0
2.0200619000000017,1.4929614,0
2.029971800000002,1.4929614,0
2.039951200000001,1.4929614,0
2.0499888000000013,1.4929614,0
2.0599197999999994,1.4929614,0
2.070049700000002,1.4929614,0
2.0799400000000006,1.4929614,0
2.0900051000000026,1.4929614,0
2.099988800000002,1.4929614,0
2.1099128,1.4929614,0
2.1200496000000015,1.4929614,0
2.129920900000002,1.4929614,0
2.1399785000000016,1.4929614,0
2.1499501000000016,1.4929614,0
2.1601260999999994,1.4929614,0
2.1703889000000025,1.4929614,0
2.1804892000000002,1.4929614,0
2.1901106000000006,1.4929614,0
2.200058500000001,1.4929614,0
2.2101939,1.4929614,0
2.2200155000000024,1.4929614,0
2.2301891000000005,1.4929614,0
2.239974700000001,1.4929614,0
2.250046700000002,1.4929614,0
2.260080000000002,1.4929614,0
2.270104,1.4929614,0
2.279848000000001,1.4929614,0
2.2899119,1.4929614,0
2.2999788000000017,1.4929614,0
2.3098954999999997,1.4929614,0
2.3200638,1.4929614,0
2.3299330000000005,1.4929614,0
2.3399657000000005,1.4929614,0
2.349972600000001,1.4929614,0
2.3599095000000005,1.4929614,0
2.3700265000000016,1.4929614,0
2.3799405,1.4929614,0
2.3899764999999995,1.4929614,0
2.3998527000000003,1.4929614,0
2.4099188,1.4929614,0
2.4202218,1.4929614,0
2.430008100000002,1.4929614,0
2.439995800000002,1.4929614,0
2.4499417,1.4929614,0
2.459924600000001,1.4929614,0
2.470049500000002,1.4929614,0
2.479928100000002,1.4929614,0
2.4899345000000004,1.4929614,0
2.5000050000000016,1.4929614,0
2.5101642999999996,1.4929614,0
2.5200315000000018,1.4929614,0
2.529910600000001,1.4929614,0
2.540010900000002,1.4929614,0
2.5499433000000025,1.4929614,0
2.5598854000000024,1.4929614,0
2.5700956999999995,1.4929614,0
2.5803531,1.4929614,0
2.5899440000000027,1.4929614,0
2.5998991999999994,1.4929614,0
2.6099911999999996,1.4929614,0
2.6203596000000005,1.4929614,0
2.629904400000001,1.4929614,0
2.639923500000002,1.4929614,0
2.6499257000000007,1.4929614,0
2.6599512999999995,1.4929614,0
2.6701243000000012,1.4929614,0
2.6800038000000015,1.4929614,0
2.6903098000000014,1.4929614,0
2.7000595999999994,1.4929614,0
2.7098666000000016,1.4929614,0
2.720148000000002,1.4929614,0
2.7299044000000023,1.4929614,0
2.7401196,1.4929614,0
2.7499819000000016,1.4929614,0
2.759868100000002,1.4929614,0
2.7700846000000006,1.4929614,0
2.7799742000000016,1.4929614,0
2.789958300000002,1.4929614,0
2.7998884000000004,1.4929614,0
2.8099132000000004,1.4929614,0
2.8201657000000004,1.4929614,0
2.829946200000002,1.4929614,0
2.8398882000000008,1.4929614,0
2.849918200000001,1.4929614,0
2.8599922000000007,1.4929614,0
2.8701144999999997,1.4929614,0
2.879919100000002,1.4929614,0
2.8899036000000002,1.4929614,0
2.899957800000003,1.4929614,0
2.9100077000000013,1.4929614,0
2.9202113999999995,1.4929614,0
2.929885800000001,1.4929614,0
2.9399137000000017,1.4929614,0
2.949944600000002,1.4929614,0
2.959940800000002,1.4929614,0
2.970040600000001,1.4929614,0
2.9799206,1.4929614,0
2.9899139000000012,1.4929614,0
2.999971600000002,1.4929614,0
3.010004900000002,1.4929614,0
3.0199802000000027,1.4929614,0
3.029873600000002,1.4929614,0
3.0400414,1.4929614,0
3.0500563000000014,1.4929614,0
3.0600272000000004,1.4929614,0
3.070081300000002,1.4929614,0
3.0800857000000015,1.4929614,0
3.0902260000000012,1.4929614,0
3.1000759,1.4929614,0
3.110180800000002,1.4929614,0
3.1201045,1.4929614,0
3.1300936999999998,1.4929614,0
3.1399035000000026,1.4929614,0
3.1499939999999995,1.4929614,0
3.159952200000003,1.4929614,0
3.1699759000000007,1.4929614,0
3.1802711000000023,1.4929614,0
3.1899779000000024,1.4929614,0
3.1999934000000003,1.4929614,0
3.210017800000003,1.4929614,0
3.220130300000001,1.4929614,0
3.229951800000002,1.4929614,0
3.2400264000000014,1.4929614,0
3.2499473000000023,1.4929614,0
3.2601805000000006,1.4929614,0
3.2700441,1.4929614,0
3.2799253999999998,1.4929614,0
3.290110300000002,1.4929614,0
3.3000000000000007,1.4929614,0
3.3099045999999994,1.4929614,0
3.3200208000000018,1.4929614,0
3.3298976000000025,1.4929614,0
3.3403841000000014,1.4929614,0
3.3499390000000027,1.4929614,0
3.3599058,1.4929614,0
3.3700855999999995,1.4929614,0
3.380002300000001,1.4929614,0
3.389980900000001,1.4929614,0
3.4000644000000015,1.4929614,0
3.410058300000003,1.4929614,0
3.4200230000000005,1.4929614,0
3.4299113000000006,1.4929614,0
3.4399625,1.4929614,0
3.450156500000002,1.4929614,0
3.4599673000000024,1.4929614,0
3.4701516000000012,1.4929614,0
3.4800083000000015,1.4929614,0
3.4900395000000017,1.4929614,0
3.499909200000001,1.4929614,0
3.5100593999999994,1.4929614,0
3.5200659000000023,1.4929614,0
3.5299597000000027,1.4929614,0
3.5399549000000015,1.4929614,0
3.549932300000002,1.4929614,0
3.5599602000000026,1.4929614,0
3.5699993000000028,1.4929614,0
3.579968300000001,1.4929614,0
3.5900352000000026,1.4929614,0
3.5999899000000006,1.4929614,0
3.610126000000001,1.4929614,0
3.6200673000000023,1.4929614,0
3.6299262,1.4929614,0
3.6400624000000015,1.4929614,0
3.6499416999999994,1.4929614,0
3.6599743999999994,1.4929614,0
3.6700953,1.4929614,0
3.6799622999999997,1.4929614,0
3.6906642000000005,1.4929614,0
3.7002202000000004,1.4929614,0
3.7099252000000007,1.4929614,0
3.7201640000000005,1.4929614,0
3.730028400000002,1.4929614,0
3.7398994000000023,1.4929614,0
3.749927500000002,1.4929614,0
3.7602659000000003,1.4929614,0
3.7700197000000024,1.4929614,0
3.7798917000000003,1.4929614,0
3.7899097000000026,1.4929614,0
3.8004633000000005,1.4929614,0
3.809978100000002,1.4929614,0
3.8200950999999996,1.4929614,0
3.8298880000000004,1.4929614,0
3.8399702,1.4929614,0
3.8499404000000013,1.4929614,0
3.859930600000002,1.4929614,0
3.8700816000000025,1.4929614,0
3.8799118999999997,1.4929614,0
3.8899434,1.4929614,0
3.8999191999999994,1.4929614,0
3.909995000000002,1.4929614,0
3.9201923,1.4929614,0
3.9299342000000017,1.4929614,0
3.9399980000000028,1.4929614,0
3.9499473000000016,1.4929614,0
3.960113800000002,1.4929614,0
3.9701652000000003,1.4929614,0
3.9801692000000024,1.4929614,0
3.9900160000000007,1.4929614,0
4.000122700000002,1.4929614,0
4.010165400000002,1.4929614,0
4.019977300000001,1.4929614,0
4.0299306,1.4929614,0
4.0404689000000005,1.4929614,0
4.05002,1.4929614,0
4.060026100000002,1.4929614,0
4.069989400000001,1.4929614,0
4.079929100000001,1.4929614,0
4.089928200000003,1.4929614,0
4.100307300000001,1.4929614,0
4.109963100000002,1.4929614,0
4.120146500000001,1.4929614,0
4.129872900000002,1.4929614,0
4.139874800000001,1.4929614,0
4.149930100000002,1.4929614,0
4.159934400000001,1.4929614,0
4.170025800000001,1.4929614,0
4.179926300000002,1.4929614,0
4.1899555,1.4929614,0
4.199912300000001,1.4929614,0
4.2099282,1.4929614,0
4.220069600000002,1.4929614,0
4.229951,1.4929614,0
4.239913000000001,1.4929614,0
4.2499298,1.4929614,0
4.259919100000001,1.4929614,0
4.2701362,1.4929614,0
4.279915000000003,1.4929614,0
4.290012900000001,1.4929614,0
4.300265200000002,1.4929614,0
4.309866400000001,1.4929614,0
4.320126000000002,1.4929614,0
4.3302952999999995,1.4929614,0
4.339987700000002,1.4929614,0
4.349969700000003,1.4929614,0
4.359909099999999,1.4929614,0
4.3701069,1.4929614,0
4.3799461000000015,1.4929614,0
4.389896100000001,1.4929614,0
4.3999387,1.4929614,0
4.410062100000001,1.4929614,0
4.420074500000002,1.4929614,0
4.429902300000002,1.4929614,0
4.439998900000003,1.4929614,0
4.449960100000002,1.4929614,0
4.459908300000002,1.4929614,0
4.4702354,1.4929614,0
4.479912800000001,1.4929614,0
4.490055100000003,1.4929614,0
4.499998400000003,1.4929614,0
4.509913900000001,1.4929614,0
4.520164600000001,1.4929614,0
4.5298713,1.4929614,0
4.5400873,1.4929614,0
4.549943500000001,1.4929614,0
4.559895700000002,1.4929614,0
4.5700255,1.4929614,0
4.5798992,1.4929614,0
4.5898824000000005,1.4929614,0
4.5999604000000005,1.4929614,0
4.609925200000003,1.4929614,0
4.619961500000002,1.4929614,0
4.630031300000002,1.4929614,0
4.6403440000000025,1.4929614,0
4.649925,1.4929614,0
4.659931100000001,1.4929614,0
4.670171400000001,1.4929614,0
4.6799052,1.4929614,0
4.690156700000003,1.4929614,0
4.6999642,1.4929614,0
4.709936000000003,1.4929614,0
4.7201351,1.4929614,0
4.7299501,1.4929614,0
4.7399436,1.4929614,0
4.7500015,1.4929614,0
4.759874800000002,1.4929614,0
4.770128800000002,1.4929614,0
4.779905100000001,1.4929614,0
4.7900313000000025,1.4929614,0
4.8000039,1.4929614,0
4.8099684000000025,1.4929614,0
4.8200503999999995,1.4929614,0
4.829909100000002,1.4929614,0
4.840043000000001,1.4929614,0
4.849906600000001,1.4929614,0
4.8602639,1.4929614,0
4.870136500000001,1.4929614,0
4.879921500000002,1.4929614,0
4.890153900000001,1.4929614,0
4.8999586000000015,1.4929614,0
4.909906200000002,1.4929614,0
4.9200184,1.4929614,0
4.9299024,1.4929614,0
4.9399767000000026,1.4929614,0
4.950101100000001,1.4929614,0
4.9600434,1.4929614,0
4.9701059,1.4929614,0
4.9800918,1.4929614,0
4.990276300000001,1.4929614,0
4.9999907000000015,1.4929614,0
5.010032200000001,1.4929614,0
5.0200414,1.4929614,0
5.0299523000000015,1.4929614,0
5.0399080000000005,1.4929614,0
5.049914900000001,1.4929614,0
5.0598487,1.4929614,0
5.0700146,1.4929614,0
5.079925300000003,1.4929614,0
5.089983,1.4929614,0
5.099961,1.4929614,0
5.109858300000003,1.4929614,0
5.1200343,1.4929614,0
5.129882500000001,1.4929614,0
5.139972100000001,1.4929614,0
5.149945200000001,1.4929614,0
5.159885900000003,1.4929614,0
5.1700929,1.4929614,0
5.179928,1.4929614,0
5.1899469000000025,1.4929614,0
5.199907100000001,1.4929614,0
5.209964300000003,1.4929614,0
5.22007,1.4929614,0
5.229855100000002,1.4929614,0
5.2399004,1.4929614,0
5.249934,1.4929614,0
5.259945600000002,1.4929614,0
5.270007800000002,1.4929614,0
5.279902500000002,1.4929614,0
5.289924000000003,1.4929614,0
5.299953600000002,1.4929614,0
5.309955300000002,1.4929614,0
5.320134200000002,1.4929614,0
5.3299009999999996,1.4929614,0
5.340002800000001,1.4929614,0
5.349990900000002,1.4929614,0
5.359937500000001,1.4929614,0
5.3700139,1.4929614,0
5.379927300000002,1.4929614,0
5.390171900000002,1.4929614,0
5.399941900000002,1.4929614,0
5.409893200000003,1.4929614,0
5.420043700000001,1.4929614,0
5.4298793,1.4929614,0
5.4399545000000025,1.4929614,0
5.449939800000003,1.4929614,0
5.459925999999999,1.4929614,0
5.470218600000003,1.4929614,0
5.479878500000002,1.4929614,0
5.4899223,1.4929614,0
5.499941700000001,1.4929614,0
5.509911300000002,1.4929614,0
5.5200906,1.4929614,0
5.529905500000002,1.4929614,0
5.540467700000001,1.4929614,0
5.549961400000001,1.4929614,0
5.5598764,1.4929614,0
5.5701069000000025,1.4929614,0
5.579884400000001,1.4929614,0
5.5898737999999994,1.4929614,0
5.5999257,1.4929614,0
5.6099502,1.4929614,0
5.6200158999999985,1.4929614,0
5.6299173000000025,1.4929614,0
5.6399191,1.4929614,0
5.649925600000003,1.4929614,0
5.6599389,1.4929614,0
5.670100699999999,1.4929614,0
5.679915100000002,1.4929614,0
5.6898437999999985,1.4929614,0
5.7003074,1.4929614,0
5.709917400000002,1.4929614,0
5.720117200000004,1.4929614,0
5.729884300000002,1.4929614,0
5.7400512000000035,1.4929614,0
5.7500474,1.4929614,0
5.759922600000003,1.4929614,0
5.770001900000004,1.4929614,0
5.779898000000003,1.4929614,0
5.790080600000003,1.4929614,0
5.799866600000001,1.4929614,0
5.810558200000003,1.4929614,0
5.820104999999998,1.4929614,0
5.830248300000001,1.4929614,0
5.840189000000002,1.4929614,0
5.850122499999998,1.4929614,0
5.8600674999999995,1.4929614,0
5.870118900000001,1.4929614,0
5.880009399999999,1.4929614,0
5.889997000000001,1.4929614,0
5.900184600000003,1.4929614,0
5.910000600000004,1.4929614,0
5.920273800000004,1.4929614,0
5.929998099999999,1.4929614,0
5.940105799999998,1.4929614,0
5.949901400000002,1.4929614,0
5.959963600000002,1.4929614,0
5.9700929000000045,1.4929614,0
5.980381600000001,1.4929614,0
5.989885100000002,1.4929614,0
5.999895299999999,1.4929614,0
6.010306,1.4929614,0
6.019972000000003,1.4929614,0
6.030069000000005,1.4929614,0
6.039899599999998,1.4929614,0
6.049942700000003,1.4929614,0
6.059986000000002,1.4929614,0
6.070129299999998,1.4929614,0
6.0798664,1.4929614,0
6.090019699999999,1.4929614,0
6.100112899999999,1.4929614,0
6.109911699999998,1.4929614,0
6.120044100000001,1.4929614,0
6.129907600000003,1.4929614,0
6.140423800000001,1.4929614,0
6.149864300000004,1.4929614,0
6.160393300000003,1.4929614,0
6.170155399999999,1.4929614,0
6.179966200000003,1.4929614,0
6.1900943999999996,1.4929614,0
6.199942700000001,1.4929614,0
6.209909400000001,1.4929614,0
6.219972300000002,1.4929614,0
6.2299454999999995,1.4929614,0
6.239964399999998,1.4929614,0
6.250306200000004,1.4929614,0
6.2600622,1.4929614,0
6.270117800000001,1.4929614,0
6.279903600000004,1.4929614,0
6.289892399999999,1.4929614,0
6.299906200000002,1.4929614,0
6.309881400000002,1.4929614,0
6.320111099999998,1.4929614,0
6.3299426000000025,1.4929614,0
6.339858300000003,1.4929614,0
6.349975800000003,1.4929614,0
6.359891900000001,1.4929614,0
6.370070699999999,1.4929614,0
6.379923900000001,1.4929614,0
6.389905500000005,1.4929614,0
6.399928799999998,1.4929614,0
6.409933800000005,1.4929614,0
6.420048700000002,1.4929614,0
6.429944900000002,1.4929614,0
6.439991499999998,1.4929614,0
6.449895300000001,1.4929614,0
6.459897500000004,1.4929614,0
6.470114600000002,1.4929614,0
6.479858100000001,1.4929614,0
6.489856100000004,1.4929614,0
6.499950599999998,1.4929614,0
6.5099573000000035,1.4929614,0
6.519998000000001,1.4929614,0
6.529902200000002,1.4929614,0
6.5399433999999985,1.4929614,0
6.549973800000004,1.4929614,0
6.5598648,1.4929614,0
6.570538800000001,1.4929614,0
6.579892800000003,1.4929614,0
6.5901084999999995,1.4929614,0
6.5999690000000015,1.4929614,0
6.6099630000000005,1.4929614,0
6.620176399999998,1.4929614,0
6.629912500000003,1.4929614,0
6.640096900000003,1.4929614,0
6.6499618,1.4929614,0
6.659906400000004,1.4929614,0
6.6700680000000006,1.4929614,0
6.680306100000003,1.4978182521600425,0
6.6902887000000035,1.5078900565428461,0
6.700190900000003,1.5275533416453233,0
6.710191100000003,1.5757730560395182,0
6.7205583,1.6226011206146516,0
6.730301400000002,1.6848649889689973,0
6.740310200000003,1.72619683012921,0
6.750403800000001,1.8115375407362115,0
6.760172500000003,1.836264534809469,0
6.7703751000000025,1.8651372073806531,0
6.780183600000001,1.938301364444209,0
6.790316699999998,1.9825252569165193,0
6.800474399999999,2.03655008931395,0
6.814423300000001,2.134024424870939,0
6.8204192000000035,2.254968604600834,0
6.830169699999999,2.3735120386173914,0
6.840240999999999,2.5542033355265574,0
6.850246900000002,2.6661686457102816,0
6.8601758,2.8786252954565414,0
6.870348900000003,3.0714614316217785,0
6.883348599999998,3.287469359960403,0
6.8902339999999995,3.4607207209575397,0
6.9002140999999995,3.537064656632578,0
6.910414199999998,3.6463496029502154,0
6.9205714,3.6636728001724186,0
6.930545700000003,3.743365278995631,0
6.9404082,3.784300364546165,0
6.9502588,3.835343184879366,0
6.960400900000003,3.854184394711384,0
6.9704093,4.020569105069346,0
6.9846164,3.9067817003495064,0
6.998243000000002,3.965495812250389,0
7.0001356,4.1450185145715945,0
7.0144658000000035,4.25892130761927,0
7.020592800000003,4.389285476925941,0
7.030211700000002,4.459719758943291,0
7.040171300000004,4.537955530473567,0
7.0501628000000025,4.687845169568926,0
7.060247199999999,4.71998806789923,0
7.0704232000000005,4.649695582848366,0
7.0802599000000015,4.662361279685841,0
7.090184900000004,4.713533748234534,0
7.100247799999998,4.707092324309132,0
7.110263000000003,4.726455309120502,0
7.120474299999998,4.838400677022255,0
7.130295699999998,4.668713152000239,0
7.140217300000003,4.668713152000239,0
7.150285400000001,4.630791777478766,0
7.160181399999999,4.732935497767326,0
7.170455000000004,4.811717148034032,0
7.180299900000001,4.681455071457933,0
7.190139800000004,4.758986245804439,0
7.2002596000000025,4.758986245804439,0
7.210296499999998,4.758986245804439,0
7.220364700000005,4.656022098420796,0
7.230141600000003,4.75245400772832,0
7.240271700000001,4.550173371988041,0
7.250176600000003,4.593322740001258,0
7.260383500000003,4.550173371988041,0
7.270412399999998,4.366180536100056,0
7.280189800000002,4.550173371988041,0
7.290177100000001,4.556300643961566,0
7.300265400000001,4.544058342312084,0
7.3102348000000035,4.587121497830505,0
7.320290200000002,4.618252106430505,0
7.330226799999998,4.537955530473567,0
7.340206899999998,4.556300643961566,0
7.350290700000002,4.605762493882691,0
7.360219999999998,4.4955759026401,0
7.370302500000001,4.4537854557067424,0
7.380187300000003,4.389285476925941,0
7.390198599999998,4.29796447036223,0
7.400291600000003,4.2533881999560625,0
7.4102986999999985,4.015512225424479,0
7.420396199999999,4.281164733150875,0
7.430182700000003,3.990378978846497,0
7.443195600000003,4.087237231853853,0
7.4559719000000015,4.155661460330809,0
7.4602383,4.177075493939835,0
7.470609000000003,4.000402127695384,0
7.480224300000003,3.9457676635638124,0
7.495836400000002,3.8027315940808872,0
7.500338300000003,3.784300364546165,0
7.510215500000001,3.7569285197020266,0
7.520531400000003,3.784300364546165,0
7.530412800000001,3.734368223985737,0
7.540163400000004,3.504565905439734,0
7.550229200000004,3.508599869870389,0
7.560236600000003,3.464666907270373,0
7.5704615,3.248348145279033,0
7.580383600000005,3.360841800437161,0
7.590196300000002,3.3796480931864337,0
7.600217800000003,3.445014663186515,0
7.6102208000000005,3.5452709168378425,0
7.620383799999999,3.5952038168863396,0
7.630294400000004,3.603643099466671,0
7.640898400000005,3.685522595067296,0
7.6503416999999985,3.8589182958239516,0
7.660449700000001,3.9605489691179665,0
7.670453299999998,3.7934975481085673,0
7.680321200000002,4.010465449431882,0
7.695494700000005,4.113343920058039,0
7.700254000000001,4.015512225424479,0
7.7102999000000025,4.082047149202822,0
7.720557200000002,4.129133705565583,0
7.730366099999998,4.082047149202822,0
7.7402953,4.082047149202822,0
7.750176500000002,4.0924377050572724,0
7.760162100000002,4.182455823463794,0
7.7705263,4.113343920058039,0
7.780365600000003,4.231366100206485,0
7.790165600000002,4.3604331243554055,0
7.8002679000000015,4.447863009215968,0
7.810249499999998,4.845104980444953,0
7.820507900000003,4.47162403065012,0
7.830158699999998,4.811717148034032,0
7.840169000000003,4.885613605860449,0
7.8501653000000005,4.919744110019454,0
7.860222,4.94038684094419,0
7.870428000000004,4.968103855907675,0
7.8802683999999985,4.99604349630527,0
7.890244299999999,4.961153800567885,0
7.900232700000004,4.9750678252675264,0
7.9101526000000035,5.081216123496028,0
7.9232814000000005,5.117312465639354,0
7.9302914000000015,5.052597820351426,0
7.940352099999998,5.074040069694855,0
7.9502932999999985,5.095611359267912,0
7.960174000000002,5.212869852773224,0
7.970415100000004,5.146450562348289,0
7.980330600000002,5.190597118677034,0
7.990145200000001,5.205430754645505,0
8.000270900000004,5.161107258447625,0
8.010262699999998,5.242775474586181,0
8.020456799999998,5.198006519845759,0
8.030139500000004,5.220323843985317,0
8.040216999999998,5.364819377992077,0
8.050252999999998,5.235276624986227,0
8.0602132,4.954217631447924,0
8.073593100000004,5.153771582052348,0
8.086672499999999,5.50686882463041,0
8.090204400000005,5.539135871323494,0
8.100245100000002,5.704400565352053,0
8.1102494,5.850167785342203,0
8.1204642,5.850167785342203,0
8.1301882,5.956087363031768,0
8.140180999999998,5.991962571435397,0
8.150188200000002,6.037212067551826,8.99999996306633e-07
8.1644656,6.037212067551826,0.014217599999994945
8.170450299999999,6.15700048270041,0.020186899999998786
8.180310500000004,6.27994423832014,0.030079999999998108
8.1902865,6.299143989175471,0.04009209999999541
8.200187,6.465480176582687,0.04999469999999917
8.210164900000002,6.637569035616036,0.06000759999999872
8.220298900000003,6.699716804887621,0.07006319999999988
8.230261300000002,6.912345705327855,0.08005440000000164
8.240161399999998,7.055185970536476,0.09001649999999728
8.2525051,7.282321842828364,0.10228089999999668
8.260178100000005,7.363990293871589,0.10998239999999981
8.270317500000004,7.518727305915347,0.12008679999999572
8.280149000000002,7.518727305915347,0.12999449999999513
8.2902098,7.677540237620285,0.14000649999999837
8.300209199999998,7.665176724779058,0.15001149999999797
8.310287600000002,6.637569035616036,0.1600615999999988
8.325440700000001,7.789931650057636,0.17517809999999656
8.3381829,8.02087563986406,0.18792030000000182
8.351550000000003,7.7522428396548655,0.20134840000000054
8.3523456,7.7023415681634235,0.2021185999999986
8.3658814,7.7773435790245795,0.2156603999999973
8.3704581,7.802544922425701,0.22013940000000076
8.380188500000003,7.802544922425701,0.23002259999999808
8.3901629,8.03395126240779,0.24000919999999581
8.405425900000004,7.293918879685199,0.25518119999999556
8.417871500000004,8.02087563986406,0.26771039999999857
8.4319944,8.08651605131745,0.28175470000000047
8.4327902,8.126216529959919,0.2825324000000009
8.440389500000002,8.536601976918485,0.2901505999999969
8.450171600000004,8.342022743180927,0.3000094000000004
8.4601397,8.494446557780574,0.3099769999999964
8.470414900000002,8.328331593408056,0.3201570000000018
8.480148400000004,8.273839997665297,0.3299701999999982
8.490115600000003,8.369487326701252,0.3399513999999968
8.500187799999999,8.522522057577296,0.3500276999999983
8.510172500000003,8.369487326701252,0.35998689999999556
8.520349700000004,8.342022743180927,0.3701471999999981
8.5302297,8.126216529959919,0.3800607999999954
8.540306000000001,8.314667798570671,0.39007589999999936
8.550244800000002,8.593204099345877,0.40004030000000057
8.5602029,8.287422055190799,0.4100255999999973
8.5704305,8.494446557780574,0.4202052999999992
8.580174400000004,8.179522401387631,0.43000229999999817
8.590214100000004,8.369487326701252,0.4400428000000005
8.600290700000002,8.273839997665297,0.450080100000001
8.610465099999999,8.424747169969082,0.46015399999999573
8.620448799999998,8.383260870307085,0.47015309999999744
8.630372299999998,8.607425524228983,0.4800904000000017
8.640438500000002,8.328331593408056,0.4901569999999964
8.6502014,7.727242302704185,0.5000104000000007
8.664968299999998,8.11295656128866,0.5146997999999954
8.679575700000001,8.494446557780574,0.529364699999995
8.680193700000004,8.369487326701252,0.5300117999999969
8.690189199999999,8.522522057577296,0.5400259999999975
8.700195300000004,8.650260854860331,0.5500159999999994
8.7101465,8.342022743180927,0.5599508999999969
8.720529400000004,8.314667798570671,0.5701223999999954
8.730185200000001,8.233256430132531,0.5800106999999954
8.740240400000005,8.287422055190799,0.5900365999999977
8.750193799999998,8.452543313875262,0.6000197999999983
8.760175600000004,8.508470269933717,0.610024199999998
8.770427900000001,8.383260870307085,0.6200934000000018
8.780174899999999,8.494446557780574,0.6300041999999948
8.790361099999998,8.424747169969082,0.6401431999999971
8.800234700000004,8.233256430132531,0.6500125999999966
8.810245600000002,8.233256430132531,0.6600529999999978
8.820379700000004,8.20633568180298,0.6701862999999975
8.830391400000003,8.08651605131745,0.6801086999999981
8.840343600000004,8.060181092143798,0.6901416999999981
8.8501683,7.853251035826392,0.7000025999999977
8.863195500000003,7.904364425065508,0.7130134999999953
8.870557900000001,7.815183446581865,0.7202464000000006
8.880096299999998,7.542892112532513,0.7299203999999975
8.890098800000004,7.7023415681634235,0.739933299999997
8.900222400000004,7.567153771952609,0.7500323999999949
8.910234899999999,7.7773435790245795,0.7600223999999969
8.9204656,7.677540237620285,0.7701429999999974
8.9302092,7.640523756686739,0.780046200000001
8.9402756,7.789931650057636,0.7900847999999954
8.950238900000002,7.652837914252965,0.8000267999999977
8.960330300000003,7.94296870865388,0.810126799999999
8.9705291,7.955888361417405,0.8201942999999972
8.980169000000004,7.955888361417405,0.8300109999999989
8.990202400000001,8.060181092143798,0.8400223999999952
9.0040714,8.11295656128866,0.8538400999999993
9.0103856,8.246757239301694,0.8600908999999959
9.0204606,8.260285077108826,0.8701482999999968
9.0301696,8.314667798570671,0.8799938000000012
9.0403424,8.260285077108826,0.8901649999999961
9.0502064,8.383260870307085,0.9000112999999956
9.060277800000001,8.287422055190799,0.9100419999999971
9.070347900000002,8.369487326701252,0.9201070000000016
9.080145700000003,8.466483135678205,0.9299821999999978
9.090279500000001,8.397061988565584,0.9400600999999966
9.100230799999999,8.424747169969082,0.9500293999999982
9.110303600000002,8.438631343854855,0.9601200999999975
9.120590100000001,8.314667798570671,0.9703037999999964
9.1302132,8.369487326701252,0.9800229000000016
9.1402754,8.342022743180927,0.9900578999999965
9.1503644,8.287422055190799,1.0001742999999976
9.160337900000002,8.355741302653907,1.0001742999999976
9.172049999999999,8.314667798570671,1.0001742999999976
9.187356900000005,8.20633568180298,1.0001742999999976
9.190264300000003,8.233256430132531,1.0001742999999976
9.200253099999998,8.233256430132531,1.0001742999999976
9.210354800000005,8.179522401387631,1.0001742999999976
9.220545999999999,8.08651605131745,1.0001742999999976
9.230358100000004,8.03395126240779,1.0001742999999976
9.240421500000004,7.994802717912391,1.0001742999999976
9.250292899999998,7.917206792001785,1.0001742999999976
9.260325000000002,7.878756617124858,1.0001742999999976
9.270608799999998,7.677540237620285,1.0001742999999976
9.280394100000002,7.689928502230714,1.0001742999999976
9.290265400000003,8.246757239301694,1.0001742999999976
9.300309400000003,7.677540237620285,1.0001742999999976
9.3103294,7.677540237620285,1.0001742999999976
9.320543200000003,7.865991073689227,1.0001742999999976
9.3303024,7.652837914252965,1.0001742999999976
9.340406600000001,7.579321042711515,1.0001742999999976
9.350311599999998,7.764780658974222,1.0001742999999976
9.360489399999999,7.555010811416895,1.0001742999999976
9.370536700000002,7.555010811416895,1.0001742999999976
9.3803579,7.446810144218417,1.0001742999999976
9.390382700000004,6.923202049463866,1.0001742999999976
9.400410800000003,7.41117389899744,1.0001742999999976
9.410434299999999,7.3405396652208985,1.0001742999999976
9.420493399999998,7.293918879685199,1.0001742999999976
9.430468099999999,7.363990293871589,1.0001742999999976
9.440292,7.423028897842612,1.0001742999999976
9.4503464,7.293918879685199,1.0001742999999976
9.460397,7.482660849647961,1.0001742999999976
9.470511899999998,7.45873648687406,1.0001742999999976
9.480562300000003,7.47068670608361,1.0001742999999976
9.490689199999998,7.518727305915347,1.0001742999999976
9.500602700000002,7.506681101523312,1.0001742999999976
9.510474000000002,7.399342586455758,1.0001742999999976
9.520636100000004,7.482660849647961,1.0001742999999976
9.530578300000002,7.482660849647961,1.0001742999999976
9.540408300000003,7.375750831076357,1.0001742999999976
9.5506617,7.3405396652208985,1.0001742999999976
9.560436199999998,7.3055391338252935,1.0001742999999976
9.570584099999998,7.399342586455758,1.0001742999999976
9.580277500000001,7.35225325423583,1.0001742999999976
9.590298600000004,7.494658965463705,1.0001742999999976
9.6003604,7.375750831076357,1.0001742999999976
9.610519000000004,7.293918879685199,1.0001742999999976
9.620624200000002,7.259197235504502,1.0001742999999976
9.630232,7.236164941859489,1.0001742999999976
9.6402912,7.293918879685199,1.0001742999999976
9.650281900000003,7.088679867569163,1.0001742999999976
9.660360699999998,7.1336521558107355,1.0001742999999976
9.670579500000002,7.122375332081784,1.0001742999999976
9.680363200000002,7.044065922350272,1.0001742999999976
9.690302199999998,7.1789856653167865,1.0001742999999976
9.700422500000002,7.1789856653167865,1.0001742999999976
9.7103927,7.167618265175428,1.0001742999999976
9.720720900000003,7.213224593376143,1.0001742999999976
9.730363400000002,7.35225325423583,1.0001742999999976
9.740275099999998,7.293918879685199,1.0001742999999976
9.7504116,7.317182651729675,1.0001742999999976
9.760331999999998,7.282321842828364,1.0001742999999976
9.7705864,7.259197235504502,1.0001742999999976
9.780268200000002,7.09988923293321,1.0001742999999976
9.7904141,6.79434803340286,1.0001742999999976
9.8004325,6.251288226892488,1.0001742999999976
9.810343600000003,5.687575036582215,1.0001742999999976
9.8205223,5.2729213009106,1.0001742999999976
9.830347100000004,4.687845169568926,1.0001742999999976
9.8403931,4.0054287569044424,1.0001742999999976
9.850319499999998,2.829509768664681,1.0001742999999976
9.860297600000003,2.4095851732313394,1.0001742999999976
9.870598800000003,1.9356172167530554,1.0001742999999976
9.880260900000003,1.7964495474043236,1.0001742999999976
9.890313300000003,1.689208421298246,1.0001742999999976
9.900369599999998,1.652699028617354,1.0001742999999976
9.910379499999998,1.5840771072529265,1.0001742999999976
9.920496300000003,1.5344066942669823,1.0001742999999976
9.930044100000003,1.4929614,1.0001742999999976
9.939927600000004,1.4929614,1.0001742999999976
9.950193599999999,1.4929614,1.0001742999999976
9.960576500000002,1.4929614,1.0001742999999976
9.970360800000002,1.4929614,1.0001742999999976
9.979992700000004,1.4929614,1.0001742999999976
9.9899828,1.4929614,1.0001742999999976
10.000444800000004,1.4929614,1.0001742999999976
10.010086300000005,1.4929614,1.0001742999999976
10.0205506,1.4929614,1.0001742999999976
10.030000800000003,1.4929614,1.0001742999999976
10.040303299999998,1.4929614,1.0001742999999976
10.0501163,1.4929614,1.0001742999999976
10.060016099999999,1.4929614,1.0001742999999976
10.070260300000001,1.4929614,1.0001742999999976
10.079931000000002,1.4929614,1.0001742999999976
10.090089300000002,1.4929614,1.0001742999999976
10.1001574,1.4929614,1.0001742999999976
10.1100317,1.4929614,1.0001742999999976
10.1202082,1.4929614,1.0001742999999976
10.130048800000004,1.4929614,1.0001742999999976
10.140055000000004,1.4929614,1.0001742999999976
10.150103899999998,1.4929614,1.0001742999999976
10.160200600000003,1.4929614,1.0001742999999976
