0.000761999999998153,1.4929614,0
0.010100999999998805,1.4929614,0
0.02464119999999781,1.4929614,0
0.03022460000000038,1.4929614,0
0.04009659999999826,1.4929614,0
0.05030039999999758,1.4929614,0
0.060245599999998234,1.4929614,0
0.07015069999999923,1.4929614,0
0.08021949999999833,1.4929614,0
0.09017199999999903,1.4929614,0
0.10022269999999978,1.4929614,0
0.11009519999999995,1.4929614,0
0.12020670000000067,1.4929614,0
0.13024219999999787,1.4929614,0
0.1401514999999982,1.4929614,0
0.15023769999999814,1.4929614,0
0.160143699999999,1.4929614,0
0.17008069999999975,1.4929614,0
0.18034390000000045,1.4929614,0
0.19017029999999835,1.4929614,0
0.20019669999999934,1.4929614,0
0.21009869999999964,1.4929614,0
0.22020029999999835,1.4929614,0
0.23025129999999905,1.4929614,0
0.24007379999999756,1.4929614,0
0.2501779000000006,1.4929614,0
0.26020759999999754,1.4929614,0
0.2701931000000002,1.4929614,0
0.28031000000000006,1.4929614,0
0.2901428999999993,1.4929614,0
0.30024350000000055,1.4929614,0
0.3101030999999992,1.4929614,0
0.3201192000000006,1.4929614,0
0.3302727999999995,1.4929614,0
0.3400767000000009,1.4929614,0
0.35015160000000023,1.4929614,0
0.3601850999999989,1.4929614,0
0.3701678000000008,1.4929614,0
0.38023210000000063,1.4929614,0
0.39012269999999916,1.4929614,0
0.4003659000000006,1.4929614,0
0.41012950000000004,1.4929614,0
0.42014269999999954,1.4929614,0
0.43028269999999935,1.4929614,0
0.44017080000000064,1.4929614,0
0.4502498999999993,1.4929614,0
0.46024539999999803,1.4929614,0
0.47014859999999814,1.4929614,0
0.4802578000000004,1.4929614,0
0.4901859000000002,1.4929614,0
0.500197,1.4929614,0
0.5101036999999984,1.4929614,0
0.5201062999999984,1.4929614,0
0.5301684999999985,1.4929614,0
0.5400850999999989,1.4929614,0
0.550374999999999,1.4929614,0
0.5600975999999989,1.4929614,0
0.5700933999999975,1.4929614,0
0.5803011999999974,1.4929614,0
0.5901154999999996,1.4929614,0
0.6003611999999983,1.4929614,0
0.6101500000000009,1.4929614,0
0.6202039999999975,1.4929614,0
0.6302230000000009,1.4929614,0
0.6401359999999983,1.4929614,0
0.6502458000000004,1.4929614,0
0.6602731999999989,1.4929614,0
0.6701012999999989,1.4929614,0
0.6802582999999984,1.4929614,0
0.6901015999999984,1.4929614,0
0.7002251000000008,1.4929614,0
0.7101077999999994,1.4929614,0
0.7202950000000001,1.4929614,0
0.7302689999999998,1.4929614,0
0.7400842999999995,1.4929614,0
0.7503457000000004,1.4929614,0
0.7601741000000004,1.4929614,0
0.7700932999999992,1.4929614,0
0.7802343,1.4929614,0
0.7901546999999987,1.4929614,0
0.8005066999999997,1.4929614,0
0.8101540999999983,1.4929614,0
0.8200891999999982,1.4929614,0
0.8302663999999993,1.4929614,0
0.8402111999999988,1.4929614,0
0.8502504000000002,1.4929614,0
0.860145499999998,1.4929614,0
0.8701152000000008,1.4929614,0
0.8802057999999988,1.4929614,0
0.8901050999999995,1.4929614,0
0.9002941999999976,1.4929614,0
0.9102224999999997,1.4929614,0
0.9201911000000003,1.4929614,0
0.930177999999998,1.4929614,0
0.9400691999999999,1.4929614,0
0.9502403999999984,1.4929614,0
0.9601562000000001,1.4929614,0
0.9703336,1.4929614,0
0.9805087999999991,1.4929614,0
0.9903905999999978,1.4929614,0
1.0005966999999991,1.4929614,0
1.0162191000000007,1.4929614,0
1.0203764,1.4929614,0
1.0303946999999987,1.4929614,0
1.0404020000000003,1.4929614,0
1.0503944999999995,1.4929614,0
1.0603032999999975,1.4929614,0
1.0700983999999991,1.4929614,0
1.0802106999999985,1.4929614,0
1.090141899999999,1.4929614,0
1.1002933000000006,1.4929614,0
1.1101415999999986,1.4929614,0
1.1201481999999992,1.4929614,0
1.1302488000000004,1.4929614,0
1.1401092999999989,1.4929614,0
1.1502452999999981,1.4929614,0
1.1601634999999995,1.4929614,0
1.170058000000001,1.4929614,0
1.1803220000000003,1.4929614,0
1.1902325000000005,1.4929614,0
1.2004564000000002,1.4929614,0
1.2102918000000003,1.4929614,0
1.2201667,1.4929614,0
1.2302330999999995,1.4929614,0
1.2400987000000008,1.4929614,0
1.2502472000000004,1.4929614,0
1.2601131999999993,1.4929614,0
1.2701281000000009,1.4929614,0
1.2803329999999988,1.4929614,0
1.2902172000000007,1.4929614,0
1.3002192000000008,1.4929614,0
1.3102753999999983,1.4929614,0
1.3202321999999995,1.4929614,0
1.3302686999999978,1.4929614,0
1.3402238000000004,1.4929614,0
1.3502817999999976,1.4929614,0
1.360206599999998,1.4929614,0
1.370165,1.4929614,0
1.380225799999998,1.4929614,0
1.390134100000001,1.4929614,0
1.4003318999999976,1.4929614,0
1.4101535999999975,1.4929614,0
1.4201571999999985,1.4929614,0
1.4302731000000009,1.4929614,0
1.440089799999999,1.4929614,0
1.4502544999999998,1.4929614,0
1.4601606999999994,1.4929614,0
1.4701363,1.4929614,0
1.4802126999999992,1.4929614,0
1.4900892999999975,1.4929614,0
1.5002886999999987,1.4929614,0
1.5101185000000008,1.4929614,0
1.5202168999999977,1.4929614,0
1.5302641000000001,1.4929614,0
1.540106399999999,1.4929614,0
1.5501728999999997,1.4929614,0
1.560180599999999,1.4929614,0
1.5700763999999978,1.4929614,0
1.5803048000000004,1.4929614,0
1.5901366999999986,1.4929614,0
1.6004052999999985,1.4929614,0
1.6102855999999974,1.4929614,0
1.620225099999999,1.4929614,0
1.6303649,1.4929614,0
1.6401755999999992,1.4929614,0
1.6504320999999997,1.4929614,0
1.6602663999999976,1.4929614,0
1.6701200000000007,1.4929614,0
1.6801788000000002,1.4929614,0
1.690195499999998,1.4929614,0
1.7002643000000006,1.4929614,0
1.7101158000000005,1.4929614,0
1.7202823999999985,1.4929614,0
1.7301643999999996,1.4929614,0
1.7400957999999989,1.4929614,0
1.7503071999999982,1.4929614,0
1.7601376000000002,1.4929614,0
1.7700877999999989,1.4929614,0
1.780279199999999,1.4929614,0
1.7901625999999986,1.4929614,0
1.8001812000000008,1.4929614,0
1.8101272000000002,1.4929614,0
1.8201508000000004,1.4929614,0
1.8302358999999981,1.4929614,0
1.8401625999999993,1.4929614,0
1.8501772999999986,1.4929614,0
1.8601247999999977,1.4929614,0
1.8701471000000005,1.4929614,0
1.880385399999998,1.4929614,0
1.8901359999999983,1.4929614,0
1.9002133999999984,1.4929614,0
1.9100734999999993,1.4929614,0
1.920190299999998,1.4929614,0
1.9302326,1.4929614,0
1.9401015999999984,1.4929614,0
1.9502667000000002,1.4929614,0
1.9601447999999984,1.4929614,0
1.9701950000000004,1.4929614,0
1.9802526,1.4929614,0
1.9901188999999988,1.4929614,0
2.000264699999999,1.4929614,0
2.0102160999999974,1.4929614,0
2.020120200000001,1.4929614,0
2.0303448999999993,1.4929614,0
2.040223900000001,1.4929614,0
2.0502635999999974,1.4929614,0
2.060177799999998,1.4929614,0
2.0701599,1.4929614,0
2.0802242,1.4929614,0
2.0902113,1.4929614,0
2.100220499999999,1.4929614,0
2.1101037999999974,1.4929614,0
2.1201656,1.4929614,0
2.130139400000001,1.4929614,0
2.1401411999999986,1.4929614,0
2.1502233000000004,1.4929614,0
2.160208000000001,1.4929614,0
2.1701385,1.4929614,0
2.1802214000000006,1.4929614,0
2.1900782999999997,1.4929614,0
2.2002471999999997,1.4929614,0
2.2101593999999984,1.4929614,0
2.220174799999999,1.4929614,0
2.2304201999999975,1.4929614,0
2.240096099999999,1.4929614,0
2.250246999999998,1.4929614,0
2.260183999999999,1.4929614,0
2.270162499999998,1.4929614,0
2.2802654999999987,1.4929614,0
2.290121599999999,1.4929614,0
2.3002281999999994,1.4929614,0
2.310312100000001,1.4929614,0
2.3202920999999996,1.4929614,0
2.3302397,1.4929614,0
2.3401758999999984,1.4929614,0
2.3501940999999995,1.4929614,0
2.3602115999999995,1.4929614,0
2.3701182000000003,1.4929614,0
2.3802047,1.4929614,0
2.390055199999999,1.4929614,0
2.4002786,1.4929614,0
2.4101172999999996,1.4929614,0
2.4201036999999985,1.4929614,0
2.4303627999999975,1.4929614,0
2.440157499999998,1.4929614,0
2.4502166999999986,1.4929614,0
2.4601866999999977,1.4929614,0
2.4701822,1.4929614,0
2.4801611999999977,1.4929614,0
2.4901279999999986,1.4929614,0
2.5002060999999998,1.4929614,0
2.510246800000001,1.4929614,0
2.5201296999999983,1.4929614,0
2.530186099999998,1.4929614,0
2.5401317,1.4929614,0
2.5502009,1.4929614,0
2.560141099999999,1.4929614,0
2.570137899999999,1.4929614,0
2.5803119999999993,1.4929614,0
2.5900684999999974,1.4929614,0
2.6002963999999977,1.4929614,0
2.610214799999998,1.4929614,0
2.6203009,1.4929614,0
2.630157699999998,1.4929614,0
2.6401483,1.4929614,0
2.650247799999999,1.4929614,0
2.6602463999999983,1.4929614,0
2.6702373,1.4929614,0
2.6802873999999974,1.4929614,0
2.6901079999999986,1.4929614,0
2.7002296,1.4929614,0
2.7101863999999978,1.4929614,0
2.720165299999998,1.4929614,0
2.7302292999999977,1.4929614,0
2.7402027999999987,1.4929614,0
2.7502382999999995,1.4929614,0
2.7601987999999977,1.4929614,0
2.7701645999999975,1.4929614,0
2.780278299999999,1.4929614,0
2.7903035000000003,1.4929614,0
2.8003523999999977,1.4929614,0
2.8103520999999994,1.4929614,0
2.8203984999999996,1.4929614,0
2.830447799999998,1.4929614,0
2.8404184999999984,1.4929614,0
2.8502182000000005,1.4929614,0
2.860382999999999,1.4929614,0
2.870344199999998,1.4929614,0
2.8802775999999994,1.4929614,0
2.890161799999998,1.4929614,0
2.9002601000000006,1.4929614,0
2.910060999999999,1.4929614,0
2.9201604000000003,1.4929614,0
2.9301755999999983,1.4929614,0
2.9400581999999993,1.4929614,0
2.9503199,1.4929614,0
2.960140199999998,1.4929614,0
2.9701142999999988,1.4929614,0
2.9802536999999987,1.4929614,0
2.9901054999999985,1.4929614,0
3.0001764999999985,1.4929614,0
3.0102236999999974,1.4929614,0
3.0200549999999993,1.4929614,0
3.030299799999998,1.4929614,0
3.0401846,1.4929614,0
3.050236999999999,1.4929614,0
3.0602184999999977,1.4929614,0
3.070049600000001,1.4929614,0
3.080250799999998,1.4929614,0
3.090308099999998,1.4929614,0
3.1002632000000006,1.4929614,0
3.110251699999999,1.4929614,0
3.1203064000000005,1.4929614,0
3.1302716000000004,1.4929614,0
3.1402809000000005,1.4929614,0
3.1501509,1.4929614,0
3.160096499999998,1.4929614,0
3.1702148,1.4929614,0
3.1801899999999996,1.4929614,0
3.190059899999998,1.4929614,0
3.2003088999999996,1.4929614,0
3.2101489999999977,1.4929614,0
3.220126099999998,1.4929614,0
3.2303467999999995,1.4929614,0
3.2400924999999994,1.4929614,0
3.250212099999999,1.4929614,0
3.2602136,1.4929614,0
3.2701050999999985,1.4929614,0
3.2801754999999986,1.4929614,0
3.2902245000000008,1.4929614,0
3.3003608,1.4929614,0
3.310268999999998,1.4929614,0
3.3201426000000005,1.4929614,0
3.3302498000000007,1.4929614,0
3.340179499999998,1.4929614,0
3.3502528999999974,1.4929614,0
3.3601434999999995,1.4929614,0
3.3701352999999976,1.4929614,0
3.3803418999999977,1.4929614,0
3.3900813999999997,1.4929614,0
3.4001123,1.4929614,0
3.4101034000000006,1.4929614,0
3.420101299999999,1.4929614,0
3.4302706,1.4929614,0
3.440171199999998,1.4929614,0
3.450190499999998,1.4929614,0
3.460176399999998,1.4929614,0
3.4701831999999975,1.4929614,0
3.4803695999999995,1.4929614,0
3.4902452000000004,1.4929614,0
3.5002636000000003,1.4929614,0
3.5102027000000007,1.4929614,0
3.5201122,1.4929614,0
3.5302161000000005,1.4929614,0
3.5401451,1.4929614,0
3.5501797999999987,1.4929614,0
3.5600710000000007,1.4929614,0
3.570117400000001,1.4929614,0
3.5802794999999996,1.4929614,0
3.5900590999999977,1.4929614,0
3.6001095999999997,1.4929614,0
3.6101135999999983,1.4929614,0
3.6201112,1.4929614,0
3.630186899999998,1.4929614,0
3.6400965999999997,1.4929614,0
3.6502160000000003,1.4929614,0
3.6602530999999985,1.4929614,0
3.6700951999999987,1.4929614,0
3.680146099999998,1.4929614,0
3.6901715999999993,1.4929614,0
3.7002849999999974,1.4929614,0
3.710094299999998,1.4929614,0
3.7202900999999997,1.4929614,0
3.730152399999998,1.4929614,0
3.7401273999999987,1.4929614,0
3.7502136999999998,1.4929614,0
3.7601647000000007,1.4929614,0
3.7700521999999985,1.4929614,0
3.780234199999999,1.4929614,0
3.7901036999999995,1.4929614,0
3.8002490999999985,1.4929614,0
3.810149199999998,1.4929614,0
3.8201292000000002,1.4929614,0
3.8301279999999984,1.4929614,0
3.8401701999999993,1.4929614,0
3.8502390999999996,1.4929614,0
3.860237999999999,1.4929614,0
3.8702219999999983,1.4929614,0
3.8801609,1.4929614,0
3.890106499999998,1.4929614,0
3.900169599999998,1.4929614,0
3.910139600000001,1.4929614,0
3.9201075000000003,1.4929614,0
3.9301582999999987,1.4929614,0
3.9401306,1.4929614,0
3.9502935999999984,1.4929614,0
3.960118099999999,1.4929614,0
3.9701836999999998,1.4929614,0
3.9801494999999996,1.4929614,0
3.9900728,1.4929614,0
4.0001745,1.4929614,0
4.010120399999998,1.4929614,0
4.020326999999998,1.4929614,0
4.030107900000001,1.4929614,0
4.040140600000001,1.4929614,0
4.0501814,1.4929614,0
4.060240699999998,1.4929614,0
4.0701696,1.4929614,0
4.0802774,1.4929614,0
4.090171299999998,1.4929614,0
4.1002469999999995,1.4929614,0
4.110098600000001,1.4929614,0
4.1201273,1.4929614,0
4.130240699999998,1.4929614,0
4.1401094,1.4929614,0
4.1501248,1.4929614,0
4.160074299999998,1.4929614,0
4.170136799999998,1.4929614,0
4.1802645,1.4929614,0
4.190102100000001,1.4929614,0
4.200195600000001,1.4929614,0
4.210118699999999,1.4929614,0
4.220153099999997,1.4929614,0
4.230250299999998,1.4929614,0
4.240190999999999,1.4929614,0
4.250165599999999,1.4929614,0
4.260084499999998,1.4929614,0
4.270166100000001,1.4929614,0
4.280173299999998,1.4929614,0
4.2900621,1.4929614,0
4.300114799999999,1.4929614,0
4.310103099999999,1.4929614,0
4.320264899999998,1.4929614,0
4.330320099999998,1.4929614,0
4.340359599999999,1.4929614,0
4.350197099999999,1.4929614,0
4.3600748,1.4929614,0
4.3701460999999995,1.4929614,0
4.380351299999997,1.4929614,0
4.390170099999999,1.4929614,0
4.4001962999999975,1.4929614,0
4.410085499999997,1.4929614,0
4.420122299999999,1.4929614,0
4.4302004,1.4929614,0
4.440106399999998,1.4929614,0
4.4500648,1.4929614,0
4.4601977999999995,1.4929614,0
4.470647700000001,1.4929614,0
4.4801669,1.4929614,0
4.490222599999999,1.4929614,0
4.500242199999999,1.4929614,0
4.510053299999999,1.4929614,0
4.520144800000001,1.4929614,0
4.530265199999999,1.4929614,0
4.5401159,1.4929614,0
4.550152300000001,1.4929614,0
4.560253899999999,1.4929614,0
4.570376799999998,1.4929614,0
4.5803993,1.4929614,0
4.590305300000001,1.4929614,0
4.600329899999998,1.4929614,0
4.6103749,1.4929614,0
4.620142399999999,1.4929614,0
4.6302138999999976,1.4929614,0
4.640335499999999,1.4929614,0
4.650372999999998,1.4929614,0
4.660182299999999,1.4929614,0
4.6701115999999985,1.4929614,0
4.680214599999999,1.4929614,0
4.690062099999999,1.4929614,0
4.700237599999998,1.4929614,0
4.710184299999998,1.4929614,0
4.720374199999998,1.4929614,0
4.7302766,1.4929614,0
4.740112799999999,1.4929614,0
4.7501739,1.4929614,0
4.760138399999999,1.4929614,0
4.7702811999999994,1.4929614,0
4.780412800000001,1.4929614,0
4.7902682,1.4929614,0
4.800269399999998,1.4929614,0
4.810190500000001,1.4929614,0
4.820254800000001,1.4929614,0
4.830240499999999,1.4929614,0
4.840109599999998,1.4929614,0
4.850242699999999,1.4929614,0
4.860291199999999,1.4929614,0
4.870096099999998,1.4929614,0
4.8802591,1.4929614,0
4.8902401,1.4929614,0
4.900274,1.4929614,0
4.910073999999998,1.4929614,0
4.920176299999998,1.4929614,0
4.9302049,1.4929614,0
4.940101200000001,1.4929614,0
4.950196099999999,1.4929614,0
4.9600686,1.4929614,0
4.970144999999999,1.4929614,0
4.980249499999999,1.4929614,0
4.990134699999999,1.4929614,0
5.000266199999999,1.4929614,0
5.0100956,1.4929614,0
5.020205999999998,1.4929614,0
5.030169000000001,1.4929614,0
5.040071699999999,1.4929614,0
5.050236699999999,1.4929614,0
5.060092000000001,1.4929614,0
5.0701009,1.4929614,0
5.080236499999998,1.4929614,0
5.0901841999999995,1.4929614,0
5.1001981,1.4929614,0
5.110079199999998,1.4929614,0
5.1201291,1.4929614,0
5.1302254000000005,1.4929614,0
5.140172700000001,1.4929614,0
5.150204499999997,1.4929614,0
5.160131700000001,1.4929614,0
5.1701416999999985,1.4929614,0
5.180252799999998,1.4929614,0
5.190151699999998,1.4929614,0
5.2001567999999985,1.4929614,0
5.210138000000001,1.4929614,0
5.220178099999998,1.4929614,0
5.230218099999998,1.4929614,0
5.240140499999999,1.4929614,0
5.250338599999999,1.4929614,0
5.260137799999999,1.4929614,0
5.270139,1.4929614,0
5.280201099999999,1.4929614,0
5.290209000000001,1.4929614,0
5.3001957,1.4929614,0
5.3101384,1.4929614,0
5.3201046000000005,1.4929614,0
5.330169399999999,1.4929614,0
5.340227299999999,1.4929614,0
5.350308299999998,1.4929614,0
5.360231299999999,1.4929614,0
5.370186499999999,1.4929614,0
5.380218499999998,1.4929614,0
5.390209299999999,1.4929614,0
5.400254199999999,1.4929614,0
5.410121,1.4929614,0
5.420187500000001,1.4929614,0
5.430227200000001,1.4929614,0
5.440128999999999,1.4929614,0
5.450226000000001,1.4929614,0
5.460055399999998,1.4929614,0
5.4701767,1.4929614,0
5.480204399999998,1.4929614,0
5.490206999999998,1.4929614,0
5.500181899999998,1.4929614,0
5.510063499999998,1.4929614,0
5.5201519999999995,1.4929614,0
5.5301881,1.4929614,0
5.540110599999998,1.4929614,0
5.550265899999999,1.4929614,0
5.5601083,1.4929614,0
5.5701313999999975,1.4929614,0
5.580151399999998,1.4929614,0
5.5901174000000005,1.4929614,0
5.600152099999999,1.4929614,0
5.610161999999999,1.4929614,0
5.620073699999999,1.4929614,0
5.630372899999998,1.4929614,0
5.640116799999998,1.4929614,0
5.6501920000000005,1.4929614,0
5.660220299999999,1.4929614,0
5.6700646,1.4929614,0
5.680229699999998,1.4929614,0
5.69022,1.4929614,0
5.7002673,1.4929614,0
5.710131799999999,1.4929614,0
5.7202099,1.4929614,0
5.7302176,1.4929614,0
5.740155299999998,1.4929614,0
5.750248199999998,1.4929614,0
5.760093599999998,1.4929614,0
5.7700700000000005,1.4929614,0
5.780274899999998,1.4929614,0
5.790195300000001,1.4929614,0
5.800167200000001,1.4929614,0
5.810112,1.4929614,0
5.820207699999997,1.4929614,0
5.8302038,1.4929614,0
5.840110599999999,1.4929614,0
5.850313199999999,1.4929614,0
5.8600674999999995,1.4929614,0
5.8701595,1.4929614,0
5.880213099999999,1.4929614,0
5.890228099999998,1.4929614,0
5.9003109999999985,1.4929614,0
5.910062499999999,1.4929614,0
5.9200990000000004,1.4929614,0
5.9301578999999975,1.4929614,0
5.940161,1.4929614,0
5.950272699999999,1.4929614,0
5.960086,1.4929614,0
5.9700539999999975,1.4929614,0
5.980125900000001,1.4929614,0
5.990064499999999,1.4929614,0
6.0002578,1.4929614,0
6.010115199999998,1.4929614,0
6.020125999999998,1.4929614,0
6.030247599999999,1.4929614,0
6.040065599999998,1.4929614,0
6.050227499999998,1.4929614,0
6.0602394,1.4929614,0
6.0701693,1.4929614,0
6.080182399999998,1.4929614,0
6.090117499999998,1.4929614,0
6.1001671,1.4929614,0
6.110146699999998,1.4929614,0
6.1201343,1.4929614,0
6.1301397999999985,1.4929614,0
6.1400739999999985,1.4929614,0
6.150208499999998,1.4929614,0
6.1601538,1.4929614,0
6.170074,1.4929614,0
6.180161699999999,1.4929614,0
6.1900753,1.4929614,0
6.200195699999998,1.4929614,0
6.210234099999997,1.4929614,0
6.220095699999998,1.4929614,0
6.230059399999998,1.4929614,0
6.240094799999998,1.4929614,0
6.250241599999999,1.4929614,0
6.260145999999999,1.4929614,0
6.270155899999999,1.4929614,0
6.280117399999998,1.4929614,0
6.2900551,1.4929614,0
6.300238,1.4929614,0
6.310102699999998,1.4929614,0
6.320338,1.4929614,0
6.330289799999999,1.4929614,0
6.340251200000001,1.4929614,0
6.3503308999999994,1.4929614,0
6.360321599999999,1.4929614,0
6.3701431,1.4929614,0
6.380226,1.4929614,0
6.390222099999999,1.4929614,0
6.400134899999998,1.4929614,0
6.4103295,1.4929614,0
6.420306,1.4929614,0
6.4303545,1.4929614,0
6.440296,1.4929614,0
6.450368900000001,1.4929614,0
6.460258400000001,1.4929614,0
6.470170400000001,1.4929614,0
6.480215399999999,1.4929614,0
6.490411999999999,1.4929614,0
6.5002955,1.4929614,0
6.510181599999999,1.4929614,0
6.520261599999998,1.4929614,0
6.530120499999999,1.4929614,0
6.5400877999999985,1.4929614,0
6.5501954,1.4929614,0
6.5601156,1.4929614,0
6.570106499999998,1.4929614,0
6.580162699999999,1.4929614,0
6.5900587,1.4929614,0
6.600225200000001,1.4929614,0
6.6101688,1.4929614,0
6.620138300000001,1.4929614,0
6.6301925,1.4929614,0
6.640173399999998,1.4929614,0
6.650244600000001,1.4929614,0
6.6601447,1.4929614,0
6.6701198999999995,1.4929614,0
6.6802183,1.4929614,0
6.690186799999999,1.4929614,0
6.700185999999999,1.4929614,0
6.7101904999999995,1.4929614,0
6.720494800000001,1.4929614,0
6.730143599999998,1.4929614,0
6.740161999999998,1.4929614,0
6.750284799999999,1.4929614,0
6.760070899999999,1.4929614,0
6.770238499999998,1.4929614,0
6.7803419,1.4929614,0
6.790109900000001,1.4929614,0
6.800169699999998,1.4929614,0
6.8101476000000005,1.4929614,0
6.820094299999997,1.4929614,0
6.830115499999998,1.4929614,0
6.8402674999999995,1.4929614,0
6.850263699999999,1.4929614,0
6.860164399999999,1.4929614,0
6.8701398000000005,1.4929614,0
6.880193200000001,1.4929614,0
6.8900696,1.4929614,0
6.9003227,1.4929614,0
6.9100663,1.4929614,0
6.920231099999999,1.4929614,0
6.9301052999999975,1.4929614,0
6.940142399999999,1.4929614,0
6.950193899999999,1.4929614,0
6.9601097,1.4929614,0
6.970114599999999,1.4929614,0
6.9802396999999985,1.4929614,0
6.990031800000001,1.4929614,0
7.000207199999998,1.4929614,0
7.0101111,1.4929614,0
7.0200812,1.4929614,0
7.0302276,1.4929614,0
7.040113299999998,1.4929614,0
7.050200799999999,1.4929614,0
7.060162299999998,1.4929614,0
7.070112699999999,1.4929614,0
7.080069899999998,1.4929614,0
7.090025799999999,1.4929614,0
7.100264499999998,1.4929614,0
7.1101642,1.4929614,0
7.120201099999999,1.4929614,0
7.130159799999998,1.4929614,0
7.1401234,1.4929614,0
7.1502549,1.4929614,0
7.1601818,1.4929614,0
7.1701023,1.4929614,0
7.180140899999998,1.4929614,0
7.1901382,1.4929614,0
7.200380499999998,1.4929614,0
7.210183300000001,1.4929614,0
7.220160199999999,1.4929614,0
7.230158299999996,1.4929614,0
7.240098899999996,1.4929614,0
7.2501798000000015,1.4929614,0
7.260126099999997,1.4929614,0
7.270082900000002,1.4929614,0
7.280316799999998,1.4929614,0
7.290080999999997,1.4929614,0
7.3002,1.4929614,0
7.3100676,1.4929614,0
7.320226799999997,1.4929614,0
7.330103699999999,1.4929614,0
7.340120299999999,1.4929614,0
7.350238899999997,1.4929614,0
7.360186199999998,1.4929614,0
7.370174099999996,1.4929614,0
7.380312800000002,1.4929614,0
7.3900928000000015,1.4929614,0
7.400205099999997,1.4929614,0
7.410180999999998,1.4929614,0
7.420190999999999,1.4929614,0
7.430079299999999,1.4929614,0
7.440200000000001,1.4929614,0
7.450147300000001,1.4929614,0
7.460116500000002,1.4929614,0
7.470178899999997,1.4929614,0
7.480231999999997,1.4929614,0
7.490210199999996,1.4929614,0
7.5003584,1.4929614,0
7.510233599999996,1.4929614,0
7.520076999999997,1.4929614,0
7.5301836999999985,1.4929614,0
7.540108499999999,1.4929614,0
7.550287999999998,1.4929614,0
7.560145799999997,1.4929614,0
7.570118300000001,1.4929614,0
7.580189299999997,1.4929614,0
7.590054499999997,1.4929614,0
7.6001854999999985,1.4929614,0
7.610110699999996,1.4929614,0
7.620172399999998,1.4929614,0
7.630128899999999,1.4929614,0
7.640061499999998,1.4929614,0
7.650389499999999,1.4929614,0
7.660062499999999,1.4929614,0
7.670257599999996,1.4929614,0
7.680163400000001,1.4929614,0
7.690127299999997,1.4929614,0
7.7001772999999964,1.4929614,0
7.710117299999997,1.4929614,0
7.720222599999996,1.4929614,0
7.7302085,1.4929614,0
7.740086199999997,1.4929614,0
7.750355299999999,1.4929614,0
7.760131400000002,1.4929614,0
7.770023200000001,1.4929614,0
7.7801832,1.4929614,0
7.790161000000001,1.4929614,0
7.8002061000000005,1.4929614,0
7.810199000000001,1.4929614,0
7.820070300000001,1.4929614,0
7.830235300000002,1.4929614,0
7.840073200000003,1.4929614,0
7.8503130999999975,1.4929614,0
7.860086499999998,1.4929614,0
7.870160899999998,1.4929614,0
7.880221099999996,1.4929614,0
7.890133500000001,1.4929614,0
7.900231899999998,1.4929614,0
7.910073499999999,1.4929614,0
7.920047,1.4929614,0
7.930322700000001,1.4929614,0
7.940264099999997,1.4929614,0
7.950441799999997,1.4929614,0
7.960192199999998,1.4929614,0
7.970068999999999,1.4929614,0
7.980228399999998,1.4929614,0
7.9900905999999985,1.4929614,0
8.000129400000002,1.4929614,0
8.010075699999998,1.4929614,0
8.020061600000002,1.4929614,0
8.030246799999997,1.4929614,0
8.040166799999998,1.4929614,0
8.050315999999999,1.4929614,0
8.060119199999999,1.4929614,0
8.0701736,1.4929614,0
8.080251100000002,1.4929614,0
8.090091699999999,1.4929614,0
8.100140499999998,1.4929614,0
8.110082699999996,1.4929614,0
8.120223200000002,1.4929614,0
8.1301977,1.4929614,0
8.140006099999997,1.4929614,0
8.1504638,1.4929614,0
8.160061899999999,1.4929614,0
8.1701302,1.4929614,0
8.180218499999999,1.4929614,0
8.190085299999996,1.4929614,0
8.2002925,1.4929614,0
8.210111000000001,1.4929614,0
8.2201543,1.4929614,0
8.2302182,1.4929614,0
8.240245499999997,1.4929614,0
8.250313699999996,1.4929614,0
8.260059099999996,1.4929614,0
8.2702646,1.4929614,0
8.280204999999999,1.4929614,0
8.290023999999999,1.4929614,0
8.300185699999997,1.4929614,0
8.310073999999997,1.4929614,0
8.320126900000002,1.4929614,0
8.3302588,1.4929614,0
8.3400796,1.4929614,0
8.350560499999997,1.4929614,0
8.360264400000002,1.4929614,0
8.370287899999997,1.4929614,0
8.380221199999998,1.4929614,0
8.390254099999996,1.4929614,0
8.400488299999996,1.4929614,0
8.410243400000002,1.4929614,0
8.420210700000002,1.4929614,0
8.430408099999998,1.4929614,0
8.440098299999999,1.4929614,0
8.4501052,1.4929614,0
8.460057899999999,1.4929614,0
8.470133999999998,1.4929614,0
8.480299999999996,1.4929614,0
8.49003,1.4929614,0
8.500194599999997,1.4929614,0
8.510087199999997,1.4929614,0
8.520138,1.4929614,0
8.530114000000001,1.4929614,0
8.540076099999997,1.4929614,0
8.550284299999998,1.4929614,0
8.560071699999998,1.4929614,0
8.570111199999996,1.4929614,0
8.5802224,1.4929614,0
8.590065300000003,1.4929614,0
8.600257299999999,1.4929614,0
8.610164100000002,1.4929614,0
8.620416099999996,1.4945350240876698,0
8.630451599999997,1.4961689733295858,0
8.640805099999998,1.5029879835396147,0
8.650594600000002,1.5216840028989709,0
8.660334600000002,1.5533110204978744,0
8.6704185,1.5984921076410494,0
8.680434799999997,1.672759535886232,0
8.6903215,1.7897725733781629,0
8.700472700000002,2.1536500703986463,0
8.714246900000003,1.938301364444209,0
8.729112599999997,1.9689147855281393,0
8.7304694,1.9894747434109024,0
8.7403631,1.9835120939384288,0
8.750563500000002,1.9708358843063438,0
8.760366100000002,1.967957113947887,0
8.770477099999997,1.9874792381085369,0
8.780672900000003,2.0109166099701845,0
8.793678799999999,2.0520811114443793,0
8.8004985,2.1418041026803367,0
8.8103436,2.3137541221473232,0
8.820311800000002,2.5542033355265574,0
8.8304869,2.6614717711390807,0
8.840416799999996,2.958629935126401,0
8.850444800000002,3.0841670778964776,0
8.864471999999996,3.234334290277288,0
8.870356099999999,3.387223426124615,0
8.880411399999996,3.5005400008753873,0
8.890335099999998,3.5742527088499334,0
8.900558299999997,3.0683008703733043,0
8.910463400000001,3.445014663186515,0
8.920331799999996,3.4062948586199986,0
8.9309398,3.4101320842838274,0
8.9404225,3.43720862701416,0
8.950851099999998,3.6078754165719364,0
8.9604161,3.7254070853153176,0
8.970395100000001,3.835343184879366,0
8.9806846,4.160998918930918,0
8.993323700000001,4.459719758943291,0
9.000542399999997,4.878828366150185,0
9.010476799999996,5.074040069694855,0
9.024508,5.212869852773224,0
9.030413800000002,5.44310400232517,0
9.040486599999998,5.579834383443626,0
9.050630799999997,5.5310448932559035,0
9.060334799999996,5.5880230381356535,0
9.070487699999997,5.498842316165114,0
9.080559099999999,5.571662089694587,0
9.090382099999996,5.704400565352053,0
9.100624299999996,5.876409839490586,0
9.110288799999996,5.956087363031768,0
9.120338499999999,5.876409839490586,0
9.130537100000002,6.251288226892488,1.6999999985500835e-06
9.1449337,6.435714282503059,0.014423900000004153
9.1505695,6.586345887857524,0.019923800000000824
9.160335700000001,6.699716804887621,0.029839800000004857
9.170348999999998,6.934080128015318,0.03981240000000241
9.180569199999997,6.858388484023861,0.049971400000003996
9.190386399999998,6.9998074648463415,0.059873199999998405
9.200401199999998,6.912345705327855,0.06989889999999832
9.210319199999997,6.836956223185779,0.07983260000000314
9.220382599999997,6.901511052181899,0.08986170000000016
9.230538,6.890698046687361,0.09998170000000073
9.2403801,6.934080128015318,0.1098037000000005
9.250955999999999,6.890698046687361,0.12038000000000437
9.260419699999996,6.815609520161351,0.1298967000000033
9.2703618,6.836956223185779,0.1398599000000047
9.280544299999999,6.879906645592216,0.14997089999999957
9.290289499999997,6.9998074648463415,0.15979589999999888
9.300433899999998,8.438631343854855,0.1699139000000045
9.314474899999997,7.213224593376143,0.1839201000000017
9.327890899999996,7.156273577114696,0.19740450000000465
9.330394600000002,7.044065922350272,0.19989019999999869
9.3403576,7.122375332081784,0.20986470000000423
9.350544699999997,7.144951555755833,0.21997640000000018
9.360431099999996,7.1336521558107355,0.22992400000000401
9.370633199999997,7.088679867569163,0.24003360000000384
9.3810149,7.09988923293321,0.25049080000000146
9.390395700000003,7.088679867569163,0.25988770000000017
9.4006838,7.122375332081784,0.2700251999999992
9.410471599999997,7.190375823008391,0.27991320000000286
9.420393,7.1336521558107355,0.28985500000000286
9.430556499999998,7.032968092035166,0.29999469999999917
9.440334599999996,7.111121039461668,0.30984860000000225
9.450798600000002,7.088679867569163,0.3200667999999993
9.460613300000002,7.066328281073982,0.33002520000000146
9.470593599999997,7.144951555755833,0.34006180000000086
9.480481799999996,7.044065922350272,0.3499425000000045
9.490911799999996,7.122375332081784,0.3603755000000035
9.501047500000002,7.144951555755833,0.3705116000000004
9.510504700000002,7.111121039461668,0.3799552000000048
9.520485499999996,7.167618265175428,0.3899530999999996
9.5304568,7.122375332081784,0.3999469000000033
9.540327700000002,7.259197235504502,0.40980970000000383
9.550594,7.375750831076357,0.41995810000000233
9.560427399999998,7.482660849647961,0.429875899999999
9.570302199999997,7.45873648687406,0.43981810000000365
9.580489400000001,7.652837914252965,0.44990119999999933
9.590886299999998,7.542892112532513,0.4603444000000039
9.600569500000002,7.665176724779058,0.46995360000000375
9.6103932,7.917206792001785,0.47984180000000265
9.6204219,7.789931650057636,0.4899235000000033
9.630449600000002,7.677540237620285,0.49993849999999895
9.6403548,7.689928502230714,0.509861100000002
9.650470600000002,8.02087563986406,0.5199331000000029
9.6647967,7.652837914252965,0.5342455000000044
9.677878699999997,7.506681101523312,0.5473675
9.680423299999998,7.530797626824645,0.5499081000000032
9.690379099999998,7.293918879685199,0.5598364000000018
9.700435099999996,7.293918879685199,0.5698934000000051
9.710338400000001,7.282321842828364,0.5798048000000051
9.720678199999998,7.111121039461668,0.5900323000000043
9.730436299999997,6.966845205721355,0.5999231000000051
9.743420099999998,6.934080128015318,0.6128910000000047
9.750471000000001,7.077492898532053,0.6199196000000029
9.763727899999996,6.836956223185779,0.6331817000000015
9.7775864,6.966845205721355,0.6470387000000031
9.780599800000001,6.966845205721355,0.6499858000000032
9.790369299999998,6.923202049463866,0.6598781000000002
9.800497199999999,6.912345705327855,0.6699126000000035
9.810960099999999,6.955901662500982,0.6803817000000052
9.820291299999997,6.8262721983256105,0.6898093000000003
9.8308937,6.988798062988308,0.700403300000005
9.840375300000002,6.752079349304772,0.709890300000005
9.850551499999998,6.668549698877585,0.719916099999999
9.860405199999999,6.445616409894751,0.7298955000000049
9.870402299999999,6.386499623096539,0.7399050000000003
9.880441700000002,6.386499623096539,0.7499392
9.890336000000001,6.337774657733094,0.7598237999999995
9.900520799999999,6.27994423832014,0.7699637999999993
9.910832799999998,6.213346689581242,0.7803237000000038
9.920334800000003,6.213346689581242,0.7898560000000003
9.9307999,6.27994423832014,0.8003223000000048
9.940385899999999,6.27994423832014,0.8098661000000007
9.950438099999996,5.885192238641251,0
9.963854700000002,6.251288226892488,9.999999974752427e-07
9.977187099999998,6.308772702657734,0.013326599999999189
9.9807953,6.27994423832014,0.01693379999999678
9.9904348,6.241774367469408,0.026552099999996415
10.000704500000001,5.7981536807136225,0
10.014656399999996,6.213346689581242,1.00000000458067e-06
10.028731400000002,6.147675010315886,0.014118199999998637
10.030292999999997,6.15700048270041,0.01566360000000344
10.040406799999996,6.270373124148044,0.025766900000000703
10.050496599999999,6.357206193526904,0.035809900000003836
10.0604039,6.194489442460147,0.045733699999999544
10.070864799999999,6.0645797609342535,0.05619769999999846
10.080369899999997,6.185089067084062,0.06573459999999898
10.0903648,6.1198102381647095,0.07573980000000091
10.1006478,6.1198102381647095,0.0859021999999996
10.1103628,6.0645797609342535,0.09574390000000221
10.120448999999997,6.092112154082174,0.10578750000000525
10.130378400000001,6.0009763073095606,0.11576769999999925
10.140378099999996,6.028125932580405,0.1257317000000029
10.150430799999999,6.0645797609342535,0.13575140000000374
10.160384699999998,6.0009763073095606,0.1457534000000038
10.170373700000003,5.982966845017518,0
10.185688600000002,6.019057951718768,1.1999999998124622e-06
10.1997326,5.885192238641251,0
10.200655000000001,6.073738876518667,1.5999999973814738e-06
10.214696200000002,5.7981536807136225,0
10.228484900000002,5.867644987585125,0
10.2304098,5.885192238641251,0
10.240443099999997,5.885192238641251,0
10.250445199999998,5.902809819266964,0
10.260845499999999,6.0009763073095606,1.6000000044869012e-06
10.276035799999999,5.704400565352053,0
10.296115799999999,5.982966845017518,0
10.310422599999999,5.982966845017518,0
10.3119215,5.982966845017518,0
10.313970299999998,6.0009763073095606,1.6999999985500835e-06
10.333796099999997,5.9293686750734675,0
10.334556500000001,6.1198102381647095,1.900000000887303e-06
10.348852400000002,5.982966845017518,0
10.366576599999998,6.203908637400279,9.999999974752427e-07
10.3676778,6.0009763073095606,0.0011353000000013935
10.382288499999998,5.965029276690851,0
10.383147300000001,6.0009763073095606,2.3999999996249244e-06
10.397072300000001,5.982966845017518,0
10.411328999999999,5.867644987585125,0
10.4120168,5.982966845017518,0
10.4204872,6.0829163286647,1.499999996212864e-06
10.434673499999999,5.982966845017518,0
10.447857899999999,6.019057951718768,1.300000000981072e-06
10.461514699999999,6.5965495799240745,0.01363979999999998
10.462146299999997,5.965029276690851,0
10.475577900000001,5.982966845017518,0
10.480492699999996,6.010008088694971,2.0000000020559128e-06
10.4945919,6.0829163286647,0.01416940000000011
10.500569299999999,6.0463163929775785,0.020082000000002154
10.510381499999998,6.15700048270041,0.02993510000000299
10.5204117,6.0463163929775785,0.03995930000000669
10.530490799999999,5.97398909207301,0
10.543592499999999,5.97398909207301,0
10.551069000000002,5.78954518471769,0
10.560373099999996,6.0009763073095606,1.00000000458067e-06
10.573308199999996,6.037212067551826,0.012909100000001672
10.580507899999997,6.110559071938329,0.020061400000003005
10.5903976,6.092112154082174,0.02999770000000268
10.6004726,5.326260300922612,0
10.614201300000001,6.175707473670507,8.000000022434506e-07
10.627954200000001,6.138368170237612,0.01374760000000208
10.630385800000003,6.138368170237612,0.016210600000000852
10.640422499999996,6.15700048270041,0.026217799999997737
10.6504959,6.1198102381647095,0.036252599999997415
10.660411999999997,6.1198102381647095,0.04616359999999986
10.670399999999997,5.9293686750734675,0
10.6832301,5.9293686750734675,0
10.6903137,5.763822758056602,0
10.700560399999997,5.89399222016673,0
10.710361799999998,5.982966845017518,0
10.720554199999999,5.876409839490586,0
10.7304541,5.695979388205552,0
10.7403795,5.670816675502524,0
10.750421899999996,5.721293531020849,0
10.760397299999998,5.620941922410643,0
10.770384799999999,5.687575036582215,0
10.780566599999997,5.695979388205552,0
10.7903415,5.5880230381356535,0
10.800476999999997,6.565999623962232,1.1000000057492798e-06
10.814303200000001,5.662462599012697,0
10.8280608,5.721293531020849,0
10.830507799999996,5.604449561432766,0
10.840365099999996,5.5310448932559035,0
10.8504306,5.5880230381356535,0
10.860401899999996,5.662462599012697,0
10.8703939,5.712838601706433,0
10.880425800000001,5.498842316165114,0
10.890331299999996,5.579834383443626,0
10.900551799999999,5.695979388205552,0
10.910518800000002,5.596228086525299,0
10.920484999999996,5.729765387115033,0
10.930560599999996,5.604449561432766,0
10.940380399999999,5.729765387115033,0
10.950629799999998,5.679187476864623,0
10.960359199999996,5.654125213978834,0
10.970426499999999,5.662462599012697,0
10.980478399999999,5.704400565352053,0
10.9903552,5.670816675502524,0
11.000980299999998,5.885192238641251,0
11.010403100000001,5.679187476864623,0
11.020390799999998,5.712838601706433,0
11.030547699999996,5.712838601706433,0
11.040442500000001,5.662462599012697,0
11.050541200000001,5.654125213978834,0
11.060341599999997,5.729765387115033,0
11.070336799999996,5.704400565352053,0
11.080430599999996,5.612687495743965,0
11.090377200000002,5.704400565352053,0
11.1004848,5.498842316165114,0
11.110274999999998,5.7467600152602865,0
11.120436399999999,5.9293686750734675,0
11.130541599999997,5.721293531020849,0
11.1404058,5.858897647865455,0
11.150551400000001,5.712838601706433,0
11.160363,5.982966845017518,0
11.170340999999997,5.97398909207301,0
11.180481400000001,5.947163315328091,0
11.1907302,5.956087363031768,0
11.200442999999996,5.850167785342203,0
11.210409600000002,5.982966845017518,0
11.220416099999998,6.010008088694971,8.000000022434506e-07
11.233880799999998,6.055438945274984,0.013445600000004276
11.2404318,5.9293686750734675,0
11.253582599999998,5.982966845017518,0
11.260380899999998,6.101326389554399,1.300000000981072e-06
11.275254499999999,5.97398909207301,0
11.2885387,5.876409839490586,0
11.2902892,5.982966845017518,0
11.300560299999997,4.865298530396866,0
11.3146873,6.0463163929775785,1.1999999998124622e-06
11.3282804,6.0829163286647,0.013635499999999467
11.330457999999997,6.166344624693092,0.015828199999994297
11.340353400000001,6.1198102381647095,0.025713499999994838
11.3505364,6.010008088694971,0.0358257999999978
11.360424399999996,6.0645797609342535,0.045741599999999494
11.370333900000002,6.241774367469408,0.05571359999999714
11.380506999999998,6.092112154082174,0.06583299999999781
11.3904599,6.147675010315886,0.07582859999999414
11.400559400000002,6.2228036367552635,0.08583639999999804
11.410501700000001,6.1198102381647095,0.09576519999999533
11.420419399999997,6.213346689581242,0.10573949999999854
11.430578799999996,6.0645797609342535,0.11584479999999786
11.440662399999997,6.1198102381647095,0.12588609999999534
11.450907499999996,6.092112154082174,0.13617469999999798
11.4604514,6.129079925238219,0.14572880000000055
11.470366600000002,6.251288226892488,0.15575199999999967
11.4804901,6.147675010315886,0.165753500000001
11.490321400000003,6.138368170237612,0.17569259999999787
11.5011671,6.010008088694971,0.18639549999999616
11.510382500000002,6.037212067551826,0.19571479999999752
11.520419100000002,6.0463163929775785,0.20574389999999454
11.530965300000002,6.396303222674444,0.21624759999999554
11.540558299999997,6.110559071938329,0.22582269999999482
11.550684100000002,6.213346689581242,0.23590730000000093
11.560423699999998,5.991962571435397,0
11.5767257,6.328087998305943,1.5000000033182914e-06
11.592324199999997,6.213346689581242,0.01554760000000499
11.5930286,6.396303222674444,0.016346699999999714
11.6005584,6.386499623096539,0.023809400000004644
11.610416599999997,6.576162582781321,0.033740600000001564
11.620361300000003,6.6893069845681055,0.043735800000000324
11.630925000000001,6.783749139762662,0.0542269000000033
11.640994799999998,6.934080128015318,0.06433880000000158
11.650542599999998,7.122375332081784,0.07382880000000114
11.663783499999997,7.055185970536476,0.0870823999999999
11.670826699999996,6.966845205721355,0.09418860000000251
11.683938000000001,7.066328281073982,0.1072423000000029
11.696704399999998,7.021892435199812,0.11994940000000298
11.7005734,7.077492898532053,0.12386190000000141
11.710846899999996,7.224683297447398,0.13419290000000217
11.720539800000001,7.293918879685199,0.14378870000000177
11.730906399999999,7.317182651729675,0.15416290000000288
11.740382200000003,7.328849479972434,0.1636917000000011
11.750539399999997,7.282321842828364,0.17383560000000386
11.7603489,7.423028897842612,0.183685600000004
11.770392300000001,7.789931650057636,0.19369240000000332
11.7803899,7.60372870967274,0.20370670000000501
11.790390999999996,7.677540237620285,0.213742400000001
11.800392399999996,7.111121039461668,0.22370580000000473
11.8104531,7.7023415681634235,0.23378980000000382
11.8204374,7.567153771952609,0.24373980000000017
11.830484199999997,7.652837914252965,0.25378950000000344
11.840552599999999,7.7023415681634235,0.2638296000000011
11.850469399999998,7.628234202823747,0.2737934000000024
11.860316799999996,7.739730070915215,0.2836726000000027
11.870436399999999,7.652837914252965,0.2937624999999997
11.880483000000002,7.677540237620285,0.3037750000000017
11.890274299999998,7.714779485070684,0.3136431000000002
11.900462600000001,7.677540237620285,0.3237949000000029
11.910355300000003,7.677540237620285,0.333715600000005
11.920843999999999,7.764780658974222,0.34416370000000285
11.9305281,7.714779485070684,0.3538621000000006
11.940382199999998,7.739730070915215,0.3637414000000021
11.950394,7.7023415681634235,0.37373759999999834
11.9604465,7.789931650057636,0.3837975
11.9705415,7.764780658974222,0.39380179999999854
11.980473299999996,7.7522428396548655,0.40380650000000173
11.9904026,7.714779485070684,0.41375940000000355
12.000487199999998,7.677540237620285,0.4237484000000009
12.0103391,7.727242302704185,0.4336681999999996
12.020436100000001,7.7522428396548655,0.4437764000000044
12.030418399999999,7.94296870865388,0.4537762000000001
12.040403399999999,7.865991073689227,0.46375739999999865
12.0504839,7.968833879342992,0.4737997000000007
12.060351899999997,7.789931650057636,0.48365189999999814
12.0703237,7.815183446581865,0.4936954
12.0803945,7.789931650057636,0.5036910000000034
12.090383999999997,7.853251035826392,0.5137173000000033
12.1005674,7.82784727308025,0.5237870999999998
12.110326099999998,7.917206792001785,0.5336678000000035
12.1203757,7.802544922425701,0.5437391000000034
12.130480699999996,7.878756617124858,0.5538291000000015
12.140772899999998,7.9300748693738,0.5641019000000043
12.150667299999999,8.073335404255426,0.5738562000000016
12.165769700000002,7.968833879342992,0.5888439000000005
12.181170300000002,7.815183446581865,0.6044095000000027
12.188236800000002,7.878756617124858,0.6113275000000016
12.195609700000002,8.073335404255426,0.6186126999999999
12.214200600000002,7.802544922425701,0.6374463000000006
12.215105400000002,7.904364425065508,0.638327100000005
12.236208399999999,8.060181092143798,0.6595167999999987
12.2369242,7.802544922425701,0.6602403999999993
12.252475399999998,7.853251035826392,0.6757430999999983
12.253257000000001,6.966845205721355,0.6765826000000033
12.268929099999998,8.03395126240779,0.6922289000000035
12.286843399999999,7.891547717195478,0.7101541999999981
12.2874753,8.11295656128866,0.7108479000000045
12.301058199999996,8.08651605131745,0.7243381999999983
12.301776200000003,8.02087563986406,0.7251359999999991
12.310356899999999,7.640523756686739,0.7337072000000049
12.324977899999997,8.273839997665297,0.7482424000000023
12.338952600000002,8.152816159873417,0.7623037000000039
12.340726299999996,8.301031304013586,0.7640792999999988
12.350548700000001,8.301031304013586,0.7738005000000001
12.360379499999997,8.328331593408056,0.783713800000001
12.3704285,8.342022743180927,0.7937270000000041
12.380327099999999,8.522522057577296,0.8036698000000015
12.390444499999997,8.410890736681248,0.8137292000000045
12.400481899999999,8.466483135678205,0.8237664000000038
12.410398400000002,8.328331593408056,0.8337626
12.420345000000001,8.342022743180927,0.8436945999999992
12.4304369,8.508470269933717,0.8537157000000022
12.4404772,8.522522057577296,0.8637610000000038
12.4504981,8.607425524228983,0.8737381000000042
12.460480299999997,8.522522057577296,0.8837491000000028
12.470465299999997,8.593204099345877,0.8936958000000033
12.480480199999999,8.722226692884746,0.9037085000000005
12.490539000000002,8.635953844929547,0.913872099999999
12.5007658,8.751215137895052,0.9239998999999983
12.510345699999998,8.751215137895052,0.9337005000000005
12.520366399999997,8.736706421172222,0.9437126000000049
12.530527599999996,8.824195583331818,0.9537863000000044
12.540448700000002,8.824195583331818,0.9637178999999989
12.5506919,8.736706421172222,0.9739167000000037
12.560413299999997,8.751215137895052,0.9837702000000021
12.570319399999999,8.883107682196407,0.9936599999999984
12.580425600000002,8.751215137895052,1.0037483999999992
12.590492399999999,8.824195583331818,1.0037483999999992
12.6019623,8.722226692884746,1.0037483999999992
12.6165919,8.751215137895052,1.0037483999999992
12.620509899999998,8.736706421172222,1.0037483999999992
12.630645499999996,8.824195583331818,1.0037483999999992
12.640604999999997,8.751215137895052,1.0037483999999992
12.650684600000002,8.751215137895052,1.0037483999999992
12.660560299999997,8.736706421172222,1.0037483999999992
12.670728899999997,8.751215137895052,1.0037483999999992
12.6806661,8.794915799605649,1.0037483999999992
12.690492299999999,8.751215137895052,1.0037483999999992
12.700771899999996,8.736706421172222,1.0037483999999992
12.710518599999997,8.838879453474007,1.0037483999999992
12.720638400000002,8.722226692884746,1.0037483999999992
12.73076,8.751215137895052,1.0037483999999992
12.7405133,8.736706421172222,1.0037483999999992
12.750530899999998,8.987344746665283,1.0037483999999992
12.760531099999998,8.635953844929547,1.0037483999999992
12.770542500000001,8.67896086002344,1.0037483999999992
12.780524400000001,8.722226692884746,1.0037483999999992
12.7904916,8.927602077993871,1.0037483999999992
12.800571700000003,8.780319768902485,1.0037483999999992
12.8104105,8.883107682196407,1.0037483999999992
12.820594099999997,8.751215137895052,1.0037483999999992
12.830592999999997,8.927602077993871,1.0037483999999992
12.8404992,8.824195583331818,1.0037483999999992
12.850621700000001,8.94249296807631,1.0037483999999992
12.860505,8.987344746665283,1.0037483999999992
12.870677099999998,8.957413669740566,1.0037483999999992
12.8806872,8.972364242669451,1.0037483999999992
12.8904684,9.06269833412371,1.0037483999999992
12.900641199999999,8.972364242669451,1.0037483999999992
12.910465499999997,9.002355241650097,1.0037483999999992
12.920640699999996,9.154122964824467,1.0037483999999992
12.930693199999997,9.231152701241395,1.0037483999999992
12.940495299999998,9.200248340363991,1.0037483999999992
12.950574,9.435072542049229,1.0037483999999992
12.960431599999996,9.27774164451191,1.0037483999999992
12.970586199999996,9.138809237726493,1.0037483999999992
12.9805368,8.987344746665283,1.0037483999999992
12.990490900000001,9.184842454704212,1.0037483999999992
13.000693199999997,9.047567273559713,1.0037483999999992
13.010463300000001,9.231152701241395,1.0037483999999992
13.020631499999997,9.32461096172274,1.0037483999999992
13.030694,9.387542439694219,1.0037483999999992
13.040592399999998,9.466918080834294,1.0037483999999992
13.050729299999997,9.419197477321548,1.0037483999999992
13.060478100000001,9.387542439694219,1.0037483999999992
13.070665799999997,9.32461096172274,1.0037483999999992
13.080996000000003,9.340296664120023,1.0037483999999992
13.0904821,9.293333514473604,1.0037483999999992
13.100617799999998,9.435072542049229,1.0037483999999992
13.110512199999999,9.482888682273867,1.0037483999999992
13.1205185,9.450979388677672,1.0037483999999992
13.130717,9.530992581754338,1.0037483999999992
13.140489800000001,9.403354130994348,1.0037483999999992
13.150636099999996,9.72632056384844,1.0037483999999992
13.160506000000002,9.371762340174383,1.0037483999999992
13.1704398,9.27774164451191,1.0037483999999992
13.180876299999998,9.002355241650097,1.0037483999999992
13.190608600000001,9.403354130994348,1.0037483999999992
13.201100499999999,9.482888682273867,1.0037483999999992
13.210487599999997,9.482888682273867,1.0037483999999992
13.220488499999998,9.340296664120023,1.0037483999999992
13.2304979,9.27774164451191,1.0037483999999992
13.240368899999996,9.371762340174383,1.0037483999999992
13.251188500000001,9.498891256878826,1.0037483999999992
13.260542099999999,9.482888682273867,1.0037483999999992
13.270543299999996,9.371762340174383,1.0037483999999992
13.280537300000002,9.371762340174383,1.0037483999999992
13.290448700000002,9.371762340174383,1.0037483999999992
13.300619399999999,9.89271335666411,1.0037483999999992
13.310491899999999,8.794915799605649,1.0037483999999992
13.320718599999996,8.66459650744409,1.0037483999999992
13.330712600000002,8.287422055190799,1.0037483999999992
13.3407254,7.815183446581865,1.0037483999999992
13.350827399999996,7.213224593376143,1.0037483999999992
13.360552600000002,5.956087363031768,1.0037483999999992
13.370619999999999,5.44310400232517,1.0037483999999992
13.380503100000002,4.4656659426628345,1.0037483999999992
13.3904235,3.4411077420835525,1.0037483999999992
13.400746299999998,2.6268377261935005,1.0037483999999992
13.410577299999996,2.21473478930731,1.0037483999999992
13.420637699999997,1.7689198536035367,1.0037483999999992
13.430632800000001,1.5773382152218003,1.0037483999999992
13.440140099999997,1.4929614,1.0037483999999992
13.4503886,1.4929614,1.0037483999999992
13.460352799999999,1.4929614,1.0037483999999992
13.470282100000002,1.4929614,1.0037483999999992
13.4802554,1.4929614,1.0037483999999992
13.490232500000001,1.4929614,1.0037483999999992
13.5002465,1.4929614,1.0037483999999992
13.510197000000002,1.4929614,1.0037483999999992
13.5202967,1.4929614,1.0037483999999992
13.530410299999996,1.4929614,1.0037483999999992
13.540243399999998,1.4929614,1.0037483999999992
13.550341299999996,1.4929614,1.0037483999999992
13.5601655,1.4929614,1.0037483999999992
13.570212999999999,1.4929614,1.0037483999999992
13.580194299999999,1.4929614,1.0037483999999992
13.590292199999997,1.4929614,1.0037483999999992
