0.0006449000000010585,1.4929614,0
0.0103445000000022,1.4929614,0
0.027287199999999956,1.4929614,0
0.030284400000002876,1.4929614,0
0.04034260000000245,1.4929614,0
0.050188700000003195,1.4929614,0
0.05999140000000125,1.4929614,0
0.07009290000000234,1.4929614,0
0.08005620000000135,1.4929614,0
0.09003470000000036,1.4929614,0
0.10010790000000114,1.4929614,0
0.11004360000000091,1.4929614,0
0.12002179999999996,1.4929614,0
0.13006969999999995,1.4929614,0
0.140065400000001,1.4929614,0
0.1500696000000019,1.4929614,0
0.1600570000000019,1.4929614,0
0.17004960000000224,1.4929614,0
0.18005580000000165,1.4929614,0
0.19002670000000066,1.4929614,0
0.200073500000002,1.4929614,0
0.20999930000000333,1.4929614,0
0.2200790000000019,1.4929614,0
0.23006110000000035,1.4929614,0
0.23997870000000177,1.4929614,0
0.25003500000000045,1.4929614,0
0.2599675000000019,1.4929614,0
0.2700887000000023,1.4929614,0
0.2800461000000034,1.4929614,0
0.2900925000000001,1.4929614,0
0.29996280000000297,1.4929614,0
0.31010610000000227,1.4929614,0
0.32009530000000197,1.4929614,0
0.3300036000000013,1.4929614,0
0.34002180000000237,1.4929614,0
0.3500296000000027,1.4929614,0
0.36010830000000027,1.4929614,0
0.3700831000000022,1.4929614,0
0.3800024000000022,1.4929614,0
0.389954300000003,1.4929614,0
0.4000251000000006,1.4929614,0
0.4100064000000003,1.4929614,0
0.420080200000001,1.4929614,0
0.4300797000000003,1.4929614,0
0.4400504000000005,1.4929614,0
0.4501780000000011,1.4929614,0
0.46001320000000234,1.4929614,0
0.4700405000000032,1.4929614,0
0.48003060000000275,1.4929614,0
0.48998330000000223,1.4929614,0
0.5000394000000021,1.4929614,0
0.5100573000000033,1.4929614,0
0.5200885,1.4929614,0
0.5300787000000007,1.4929614,0
0.5400239000000013,1.4929614,0
0.5500237000000006,1.4929614,0
0.5600500000000004,1.4929614,0
0.5701186000000007,1.4929614,0
0.5800828000000031,1.4929614,0
0.5899740000000016,1.4929614,0
0.6000940000000021,1.4929614,0
0.6099933000000028,1.4929614,0
0.6203235000000014,1.4929614,0
0.6300742000000028,1.4929614,0
0.6400342000000023,1.4929614,0
0.6501103000000015,1.4929614,0
0.659965500000002,1.4929614,0
0.6701532000000014,1.4929614,0
0.6800650000000026,1.4929614,0
0.6899411000000022,1.4929614,0
0.7000181000000012,1.4929614,0
0.7100021000000005,1.4929614,0
0.7200178000000008,1.4929614,0
0.7300013000000014,1.4929614,0
0.7400432000000023,1.4929614,0
0.7499964000000006,1.4929614,0
0.7599589000000009,1.4929614,0
0.7701119000000034,1.4929614,0
0.7800305000000023,1.4929614,0
0.7899761000000005,1.4929614,0
0.8002894000000005,1.4929614,0
0.8102128000000022,1.4929614,0
0.8202538000000033,1.4929614,0
0.8301223000000029,1.4929614,0
0.8401860000000028,1.4929614,0
0.8502357000000025,1.4929614,0
0.8600829000000019,1.4929614,0
0.870402900000002,1.4929614,0
0.8802434000000012,1.4929614,0
0.8899851000000005,1.4929614,0
0.9000881000000014,1.4929614,0
0.909956600000001,1.4929614,0
0.9203119000000015,1.4929614,0
0.9300964,1.4929614,0
0.9399970000000017,1.4929614,0
0.9501773,1.4929614,0
0.9600131000000012,1.4929614,0
0.9700317000000034,1.4929614,0
0.9800853000000025,1.4929614,0
0.9899935000000006,1.4929614,0
1.0000453,1.4929614,0
1.009964,1.4929614,0
1.0230556000000028,1.4929614,0
1.0301125000000013,1.4929614,0
1.0400864000000034,1.4929614,0
1.0501717000000035,1.4929614,0
1.060139300000003,1.4929614,0
1.0700654000000007,1.4929614,0
1.080036500000002,1.4929614,0
1.0900411000000005,1.4929614,0
1.1000193000000031,1.4929614,0
1.1100290000000008,1.4929614,0
1.1200135000000024,1.4929614,0
1.130032400000001,1.4929614,0
1.1400586000000033,1.4929614,0
1.1499994000000022,1.4929614,0
1.1599773000000013,1.4929614,0
1.170105600000003,1.4929614,0
1.180001800000003,1.4929614,0
1.1900779000000021,1.4929614,0
1.200216000000001,1.4929614,0
1.2100089000000018,1.4929614,0
1.2200466000000034,1.4929614,0
1.2301496000000007,1.4929614,0
1.2400157000000007,1.4929614,0
1.2501040000000003,1.4929614,0
1.2600682000000027,1.4929614,0
1.2700939000000027,1.4929614,0
1.280048200000003,1.4929614,0
1.2900075000000015,1.4929614,0
1.3001428000000033,1.4929614,0
1.3100428000000015,1.4929614,0
1.3201963000000028,1.4929614,0
1.3300546000000004,1.4929614,0
1.3400490000000005,1.4929614,0
1.3499785000000024,1.4929614,0
1.3599785000000004,1.4929614,0
1.3700893,1.4929614,0
1.3800900000000027,1.4929614,0
1.390060400000003,1.4929614,0
1.3999880000000005,1.4929614,0
1.4099561000000023,1.4929614,0
1.4200201000000021,1.4929614,0
1.430131000000003,1.4929614,0
1.4400040000000018,1.4929614,0
1.4500241000000003,1.4929614,0
1.4599810000000026,1.4929614,0
1.4700447000000025,1.4929614,0
1.4801544,1.4929614,0
1.4899922000000032,1.4929614,0
1.500016900000002,1.4929614,0
1.5100618000000026,1.4929614,0
1.5202084000000013,1.4929614,0
1.5300345000000029,1.4929614,0
1.5401218000000014,1.4929614,0
1.5499939000000005,1.4929614,0
1.5600120000000004,1.4929614,0
1.5702888000000002,1.4929614,0
1.5800359000000022,1.4929614,0
1.5899820000000027,1.4929614,0
1.5999684000000016,1.4929614,0
1.6099957000000025,1.4929614,0
1.620069100000002,1.4929614,0
1.6301025000000031,1.4929614,0
1.6400765000000028,1.4929614,0
1.650115600000003,1.4929614,0
1.6600436000000016,1.4929614,0
1.6701314000000025,1.4929614,0
1.680198500000003,1.4929614,0
1.6899650000000008,1.4929614,0
1.6999550000000028,1.4929614,0
1.710036500000001,1.4929614,0
1.7201497000000003,1.4929614,0
1.730035100000002,1.4929614,0
1.739983200000001,1.4929614,0
1.750282600000002,1.4929614,0
1.7601694000000023,1.4929614,0
1.770045600000003,1.4929614,0
1.7800900000000013,1.4929614,0
1.790399500000003,1.4929614,0
1.8002592000000028,1.4929614,0
1.8101949000000026,1.4929614,0
1.8202637000000017,1.4929614,0
1.8302157000000001,1.4929614,0
1.8402283000000033,1.4929614,0
1.850125700000003,1.4929614,0
1.8603850000000008,1.4929614,0
1.8701515000000022,1.4929614,0
1.8802274000000025,1.4929614,0
1.8899608000000008,1.4929614,0
1.8999683000000012,1.4929614,0
1.9099768000000026,1.4929614,0
1.9200731000000033,1.4929614,0
1.9300680000000021,1.4929614,0
1.9400422000000006,1.4929614,0
1.9500416000000023,1.4929614,0
1.9599870000000017,1.4929614,0
1.9700415000000007,1.4929614,0
1.9801033000000032,1.4929614,0
1.9899926000000008,1.4929614,0
2.0001137,1.4929614,0
2.0099880000000034,1.4929614,0
2.0199975000000023,1.4929614,0
2.030052600000001,1.4929614,0
2.0402149000000023,1.4929614,0
2.0499888000000013,1.4929614,0
2.060101000000003,1.4929614,0
2.070132300000001,1.4929614,0
2.0801247000000025,1.4929614,0
2.0899967000000004,1.4929614,0
2.1000832000000003,1.4929614,0
2.110075400000003,1.4929614,0
2.120098800000001,1.4929614,0
2.130134400000003,1.4929614,0
2.1401381000000015,1.4929614,0
2.1500336000000004,1.4929614,0
2.159997100000002,1.4929614,0
2.1699845000000018,1.4929614,0
2.1800130000000024,1.4929614,0
2.1900061000000015,1.4929614,0
2.2001990000000013,1.4929614,0
2.210047600000003,1.4929614,0
2.2200640000000007,1.4929614,0
2.2300144000000017,1.4929614,0
2.240006100000002,1.4929614,0
2.2500237000000034,1.4929614,0
2.259965900000001,1.4929614,0
2.270015500000003,1.4929614,0
2.280160500000001,1.4929614,0
2.2899505000000033,1.4929614,0
2.300043200000001,1.4929614,0
2.3099834,1.4929614,0
2.3201768000000023,1.4929614,0
2.330079900000001,1.4929614,0
2.3400573000000016,1.4929614,0
2.3500313000000013,1.4929614,0
2.3600181000000013,1.4929614,0
2.3700034000000016,1.4929614,0
2.380028600000003,1.4929614,0
2.390129100000003,1.4929614,0
2.4001874,1.4929614,0
2.4099531000000027,1.4929614,0
2.420033700000001,1.4929614,0
2.4300652000000014,1.4929614,0
2.4399468000000013,1.4929614,0
2.449997900000003,1.4929614,0
2.4599877000000028,1.4929614,0
2.4701723000000015,1.4929614,0
2.480052500000003,1.4929614,0
2.490025000000003,1.4929614,0
2.5000883000000016,1.4929614,0
2.5099648000000023,1.4929614,0
2.5200169000000017,1.4929614,0
2.5299820000000004,1.4929614,0
2.5399694000000004,1.4929614,0
2.5499578000000014,1.4929614,0
2.5599824000000027,1.4929614,0
2.570034400000001,1.4929614,0
2.580060900000003,1.4929614,0
2.5900270000000027,1.4929614,0
2.600123,1.4929614,0
2.610193800000001,1.4929614,0
2.6202623000000003,1.4929614,0
2.630116100000002,1.4929614,0
2.6401539000000014,1.4929614,0
2.6499520000000025,1.4929614,0
2.6601737000000014,1.4929614,0
2.670262000000001,1.4929614,0
2.6801262,1.4929614,0
2.6901121000000003,1.4929614,0
2.6999560000000002,1.4929614,0
2.7099910000000023,1.4929614,0
2.7200545000000034,1.4929614,0
2.7300246,1.4929614,0
2.7400023000000004,1.4929614,0
2.749965300000003,1.4929614,0
2.760037200000003,1.4929614,0
2.7700124000000024,1.4929614,0
2.7800726000000004,1.4929614,0
2.790006700000003,1.4929614,0
2.8000938000000026,1.4929614,0
2.8100065,1.4929614,0
2.820001600000001,1.4929614,0
2.8300009000000017,1.4929614,0
2.8400208000000013,1.4929614,0
2.8500067000000016,1.4929614,0
2.859944800000001,1.4929614,0
2.870097600000001,1.4929614,0
2.8800975000000015,1.4929614,0
2.8901094,1.4929614,0
2.8999982000000024,1.4929614,0
2.9100280000000005,1.4929614,0
2.920052700000003,1.4929614,0
2.930062300000003,1.4929614,0
2.940032600000002,1.4929614,0
2.9499289000000033,1.4929614,0
2.9600091000000006,1.4929614,0
2.970025100000001,1.4929614,0
2.9801454000000014,1.4929614,0
2.990089300000001,1.4929614,0
3.0000304,1.4929614,0
3.0099572000000023,1.4929614,0
3.0203985000000024,1.4929614,0
3.0301182000000004,1.4929614,0
3.039974500000003,1.4929614,0
3.050158600000003,1.4929614,0
3.0599825000000003,1.4929614,0
3.0700812000000006,1.4929614,0
3.080105800000002,1.4929614,0
3.089948800000002,1.4929614,0
3.099928200000001,1.4929614,0
3.1099511,1.4929614,0
3.1200495000000004,1.4929614,0
3.1302609000000032,1.4929614,0
3.1401062000000017,1.4929614,0
3.1499533,1.4929614,0
3.159949700000002,1.4929614,0
3.170080500000001,1.4929614,0
3.1800377000000033,1.4929614,0
3.190001500000001,1.4929614,0
3.2001525000000015,1.4929614,0
3.209982700000001,1.4929614,0
3.2201103000000018,1.4929614,0
3.2301163000000024,1.4929614,0
3.240107400000003,1.4929614,0
3.2500221000000025,1.4929614,0
3.2599991000000017,1.4929614,0
3.270005900000001,1.4929614,0
3.280083600000001,1.4929614,0
3.2900919,1.4929614,0
3.2999033000000004,1.4929614,0
3.3100519000000013,1.4929614,0
3.320104100000002,1.4929614,0
3.3299894000000023,1.4929614,0
3.3400125000000003,1.4929614,0
3.349955900000001,1.4929614,0
3.3599948000000026,1.4929614,0
3.370062700000002,1.4929614,0
3.3800386000000024,1.4929614,0
3.3898762000000033,1.4929614,0
3.399972100000003,1.4929614,0
3.4099511000000007,1.4929614,0
3.4201530000000027,1.4929614,0
3.4300795000000015,1.4929614,0
3.439987200000001,1.4929614,0
3.450036700000002,1.4929614,0
3.4600022000000017,1.4929614,0
3.4700295000000025,1.4929614,0
3.480154500000001,1.4929614,0
3.4900327000000004,1.4929614,0
3.500102700000003,1.4929614,0
3.5100779000000024,1.4929614,0
3.5199674000000023,1.4929614,0
3.530093800000003,1.4929614,0
3.5400443000000017,1.4929614,0
3.5502985000000002,1.4929614,0
3.5602684000000018,1.4929614,0
3.5702265000000004,1.4929614,0
3.580203100000002,1.4929614,0
3.590130900000002,1.4929614,0
3.600200400000002,1.4929614,0
3.6101781000000024,1.4929614,0
3.6200718000000016,1.4929614,0
3.6303473000000004,1.4929614,0
3.6400684000000005,1.4929614,0
3.6500518,1.4929614,0
3.6600532,1.4929614,0
3.670088800000002,1.4929614,0
3.680016900000002,1.4929614,0
3.6899706000000023,1.4929614,0
3.7000782,1.4929614,0
3.7100329000000016,1.4929614,0
3.720049900000003,1.4929614,0
3.7300064000000006,1.4929614,0
3.7399732000000014,1.4929614,0
3.7500147000000013,1.4929614,0
3.7600614000000014,1.4929614,0
3.769993900000003,1.4929614,0
3.7800827000000012,1.4929614,0
3.7899785,1.4929614,0
3.800046100000003,1.4929614,0
3.810110100000003,1.4929614,0
3.8199775000000002,1.4929614,0
3.830031100000003,1.4929614,0
3.8400300000000023,1.4929614,0
3.8501669000000014,1.4929614,0
3.860006300000002,1.4929614,0
3.8700864000000017,1.4929614,0
3.8800748000000027,1.4929614,0
3.8900355000000033,1.4929614,0
3.899956200000002,1.4929614,0
3.910081400000003,1.4929614,0
3.9201078000000003,1.4929614,0
3.9301125000000035,1.4929614,0
3.940099100000001,1.4929614,0
3.9499742000000033,1.4929614,0
3.9600106000000004,1.4929614,0
3.9700898000000002,1.4929614,0
3.980041800000002,1.4929614,0
3.989900900000002,1.4929614,0
3.999980200000003,1.4929614,0
4.0099712000000025,1.4929614,0
4.020023400000003,1.4929614,0
4.030028700000003,1.4929614,0
4.0400603,1.4929614,0
4.049982700000001,1.4929614,0
4.059927200000001,1.4929614,0
4.070185700000003,1.4929614,0
4.080070900000003,1.4929614,0
4.090000000000003,1.4929614,0
4.100052000000002,1.4929614,0
4.1101924000000025,1.4929614,0
4.119991600000002,1.4929614,0
4.130004700000001,1.4929614,0
4.139969500000003,1.4929614,0
4.1499956000000005,1.4929614,0
4.159958400000001,1.4929614,0
4.169981100000001,1.4929614,0
4.179998400000002,1.4929614,0
4.190039200000001,1.4929614,0
4.200046800000003,1.4929614,0
4.210002300000003,1.4929614,0
4.2199393,1.4929614,0
4.2299568,1.4929614,0
4.240069400000003,1.4929614,0
4.250132600000001,1.4929614,0
4.260030500000003,1.4929614,0
4.269990600000003,1.4929614,0
4.280032300000002,1.4929614,0
4.289965400000003,1.4929614,0
4.299984600000002,1.4929614,0
4.3101350000000025,1.4929614,0
4.320092500000001,1.4929614,0
4.330063300000003,1.4929614,0
4.340075700000003,1.4929614,0
4.349968800000003,1.4929614,0
4.360006500000001,1.4929614,0
4.370030900000003,1.4929614,0
4.380009400000002,1.4929614,0
4.389999700000001,1.4929614,0
4.400032000000003,1.4929614,0
4.410010100000001,1.4929614,0
4.4199199,1.4929614,0
4.430040300000002,1.4929614,0
4.439964900000003,1.4929614,0
4.4500536,1.4929614,0
4.4599966,1.4929614,0
4.470054300000001,1.4929614,0
4.480035200000003,1.4929614,0
4.489969900000002,1.4929614,0
4.499948600000003,1.4929614,0
4.510003400000002,1.4929614,0
4.520053900000001,1.4929614,0
4.530007900000001,1.4929614,0
4.540014800000002,1.4929614,0
4.550104200000003,1.4929614,0
4.560209100000002,1.4929614,0
4.570188600000002,1.4929614,0
4.580102,1.4929614,0
4.590115400000002,1.4929614,0
4.6000536000000025,1.4929614,0
4.6100031,1.4929614,0
4.620115200000001,1.4929614,0
4.630026500000003,1.4929614,0
4.6400009,1.4929614,0
4.650302100000001,1.4929614,0
4.659981200000001,1.4929614,0
4.670094500000001,1.4929614,0
4.680129600000001,1.4929614,0
4.690040900000003,1.4929614,0
4.7001363000000005,1.4929614,0
4.7099214000000025,1.4929614,0
4.719987800000002,1.4929614,0
4.729992600000003,1.4929614,0
4.740052900000002,1.4929614,0
4.750213300000002,1.4929614,0
4.759953900000003,1.4929614,0
4.770050700000002,1.4929614,0
4.780070700000003,1.4929614,0
4.789918700000001,1.4929614,0
4.7999568,1.4929614,0
4.809995100000002,1.4929614,0
4.819959000000001,1.4929614,0
4.8300655000000035,1.4929614,0
4.840069800000002,1.4929614,0
4.849957500000002,1.4929614,0
4.859990300000003,1.4929614,0
4.869984800000001,1.4929614,0
4.880092100000002,1.4929614,0
4.8901675000000004,1.4929614,0
4.900083600000002,1.4929614,0
4.909927800000002,1.4929614,0
4.919999000000001,1.4929614,0
4.930099200000001,1.4929614,0
4.9400302000000025,1.4929614,0
4.950027200000001,1.4929614,0
4.9600571,1.4929614,0
4.969959600000003,1.4929614,0
4.9800903000000005,1.4929614,0
4.990013600000001,1.4929614,0
5.000061500000001,1.4929614,0
5.009994600000002,1.4929614,0
5.020044100000003,1.4929614,0
5.030019200000002,1.4929614,0
5.040047600000001,1.4929614,0
5.050074500000001,1.4929614,0
5.060038000000002,1.4929614,0
5.069960700000003,1.4929614,0
5.080091200000002,1.4929614,0
5.090000000000003,1.4929614,0
5.100007400000003,1.4929614,0
5.109991000000001,1.4929614,0
5.1200197,1.4929614,0
5.1301117000000005,1.4929614,0
5.140073400000002,1.4929614,0
5.1500193,1.4929614,0
5.159971800000001,1.4929614,0
5.169957400000001,1.4929614,0
5.1799959000000015,1.4929614,0
5.190047900000003,1.4929614,0
5.2000481,1.4929614,0
5.210105900000002,1.4929614,0
5.219953700000001,1.4929614,0
5.230232700000002,1.4929614,0
5.240028000000002,1.4929614,0
5.250014400000001,1.4929614,0
5.259959100000003,1.4929614,0
5.269933700000003,1.4929614,0
5.279956500000001,1.4929614,0
5.2899843,1.4929614,0
5.300241800000002,1.4929614,0
5.309924300000002,1.4929614,0
5.319996700000001,1.4929614,0
5.329977400000001,1.4929614,0
5.340077300000001,1.4929614,0
5.3499845000000015,1.4929614,0
5.360116300000001,1.4929614,0
5.370029800000001,1.4929614,0
5.3801292000000025,1.4929614,0
5.390228400000002,1.4929614,0
5.400279700000002,1.4929614,0
5.410071800000001,1.4929614,0
5.420208500000001,1.4929614,0
5.430121500000002,1.4929614,0
5.440214400000002,1.4929614,0
5.450064400000002,1.4929614,0
5.460176100000002,1.4929614,0
5.470320600000001,1.4929614,0
5.480180900000001,1.4929614,0
5.490021400000003,1.4929614,0
5.500011700000002,1.4929614,0
5.5098800000000026,1.4929614,0
5.520122400000002,1.4929614,0
5.530247600000003,1.4929614,0
5.540127300000002,1.4929614,0
5.550021300000001,1.4929614,0
5.559952300000003,1.4929614,0
5.570125200000003,1.4929614,0
5.580028700000003,1.4929614,0
5.589939400000002,1.4929614,0
5.599961500000003,1.4929614,0
5.609968100000003,1.4929614,0
5.620009500000002,1.4929614,0
5.630078200000003,1.4929614,0
5.640026800000001,1.4929614,0
5.650021900000002,1.4929614,0
5.659972000000003,1.4929614,0
5.6700789,1.4929614,0
5.6800058,1.4929614,0
5.690007900000001,1.4929614,0
5.699942100000001,1.4929614,0
5.709881200000002,1.4929614,0
5.720067,1.4929614,0
5.730039600000001,1.4929614,0
5.739979000000002,1.4929614,0
5.750046000000001,1.4929614,0
5.760011000000002,1.4929614,0
5.769950300000001,1.4929614,0
5.780078600000003,1.4929614,0
5.789996600000002,1.4929614,0
5.800034800000002,1.4929614,0
5.809979300000002,1.4929614,0
5.819940200000001,1.4929614,0
5.8300113000000024,1.4929614,0
5.839989000000003,1.4929614,0
5.850025200000001,1.4929614,0
5.859970000000001,1.4929614,0
5.870162800000003,1.4929614,0
5.880073800000002,1.4929614,0
5.890000400000002,1.4929614,0
5.899908700000001,1.4929614,0
5.9100064,1.4929614,0
5.920110200000003,1.4929614,0
5.930016100000003,1.4929614,0
5.940059400000003,1.4929614,0
5.9499846000000005,1.4929614,0
5.9599898000000024,1.4929614,0
5.970175100000002,1.4929614,0
5.979945900000001,1.4929614,0
5.989977900000003,1.4929614,0
5.9999672,1.4929614,0
6.009965000000001,1.4929614,0
6.020022300000001,1.4929614,0
6.0301252000000005,1.4929614,0
6.039951100000003,1.4929614,0
6.049947700000001,1.4929614,0
6.059961600000001,1.4929614,0
6.070013600000003,1.4929614,0
6.080000600000002,1.4929614,0
6.090037200000001,1.4929614,0
6.100128700000003,1.4929614,0
6.109965600000002,1.4929614,0
6.120157600000002,1.4929614,0
6.1300304000000025,1.4929614,0
6.139981800000001,1.4929614,0
6.1500254000000005,1.4929614,0
6.160079200000002,1.4929614,0
6.170127000000001,1.4929614,0
6.180014700000001,1.4929614,0
6.190122900000002,1.4929614,0
6.2000705000000025,1.4929614,0
6.209999700000001,1.4929614,0
6.219925900000003,1.4929614,0
6.230022900000002,1.4929614,0
6.2400558,1.4929614,0
6.250009500000001,1.4929614,0
6.260035100000003,1.4929614,0
6.270035400000001,1.4929614,0
6.280134800000003,1.4929614,0
6.290331000000002,1.4929614,0
6.3001085,1.4929614,0
6.310107900000002,1.4929614,0
6.320220300000003,1.4929614,0
6.330091500000002,1.4929614,0
6.340195900000001,1.4929614,0
6.350044200000003,1.4929614,0
6.3599785,1.4929614,0
6.370021100000002,1.4929614,0
6.379968100000003,1.4929614,0
6.3900406000000025,1.4929614,0
6.400023800000003,1.4929614,0
6.409979600000003,1.4929614,0
6.420020600000001,1.4929614,0
6.430031200000002,1.4929614,0
6.4400221,1.4929614,0
6.450074600000001,1.4929614,0
6.4600495,1.4929614,0
6.469943300000001,1.4929614,0
6.480058000000003,1.4929614,0
6.490013100000002,1.4929614,0
6.5000374,1.4929614,0
6.510006800000003,1.4929614,0
6.520081500000003,1.4929614,0
6.5300887,1.4929614,0
6.539957400000002,1.4929614,0
6.550008400000003,1.4929614,0
6.559969600000002,1.4929614,0
6.570005600000002,1.4929614,0
6.580046000000003,1.4929614,0
6.590008100000002,1.4929614,0
6.599963500000001,1.4929614,0
6.609953100000002,1.4929614,0
6.619972200000003,1.4929614,0
6.630034400000003,1.4929614,0
6.640065900000003,1.4929614,0
6.650261800000003,1.4929614,0
6.659969100000001,1.4929614,0
6.670057600000003,1.4929614,0
6.680065000000003,1.4929614,0
6.689981400000001,1.4929614,0
6.700006700000003,1.4929614,0
6.7099717000000005,1.4929614,0
6.7201799000000015,1.4929614,0
6.730083800000003,1.4929614,0
6.739975600000001,1.4929614,0
6.7499751,1.4929614,0
6.7599777,1.4929614,0
6.7701484,1.4929614,0
6.7801189000000015,1.4929614,0
6.790109900000001,1.4929614,0
6.8000778,1.4929614,0
6.809989400000003,1.4929614,0
6.819935300000001,1.4929614,0
6.8300275000000035,1.4929614,0
6.839956000000001,1.4929614,0
6.8499858000000025,1.4929614,0
6.860000500000002,1.4929614,0
6.870039800000001,1.4929614,0
6.879948300000002,1.4929614,0
6.889988800000001,1.4929614,0
6.9001187,1.4929614,0
6.910257300000001,1.4929614,0
6.920102100000001,1.4929614,0
6.930095400000003,1.4929614,0
6.939946300000003,1.4929614,0
6.9499809000000035,1.4929614,0
6.959958200000003,1.4929614,0
6.970135300000003,1.4929614,0
6.979990400000002,1.4929614,0
6.989982400000002,1.4929614,0
7.000065000000003,1.4929614,0
7.009959500000001,1.4929614,0
7.020014100000001,1.4929614,0
7.030075200000002,1.4929614,0
7.0400078000000015,1.4929614,0
7.049921900000001,1.4929614,0
7.059965400000003,1.4929614,0
7.070029000000002,1.4929614,0
7.080033700000001,1.4929614,0
7.090022300000001,1.4929614,0
7.099991600000003,1.4929614,0
7.110116900000001,1.4929614,0
7.120136400000003,1.4929614,0
7.130071100000002,1.4929614,0
7.139983500000003,1.4929614,0
7.149971600000001,1.4929614,0
7.159966000000001,1.4929614,0
7.1699412,1.4929614,0
7.180022500000003,1.4929614,0
7.1899698,1.4929614,0
7.2000844000000015,1.4929614,0
7.209932700000003,1.4929614,0
7.220019100000002,1.4929614,0
7.230046700000003,1.4929614,0
7.239968200000003,1.4929614,0
7.2499699,1.4929614,0
7.260027000000001,1.4929614,0
7.270078100000003,1.4929614,0
7.279994500000001,1.4929614,0
7.2901588,1.4929614,0
7.300312600000002,1.4929614,0
7.310192200000003,1.4929614,0
7.320217300000003,1.4929614,0
7.3301531,1.4929614,0
7.340112900000001,1.4929614,0
7.350194800000001,1.4929614,0
7.360020400000003,1.4929614,0
7.370172,1.4929614,0
7.3800545,1.4929614,0
7.390103600000003,1.4929614,0
7.400073500000001,1.4929614,0
7.409932700000002,1.4929614,0
7.419965000000001,1.4929614,0
7.430052000000003,1.4929614,0
7.439982500000003,1.4929614,0
7.450116600000001,1.4929614,0
7.460035900000001,1.4929614,0
7.4698873000000034,1.4929614,0
7.480035900000001,1.4929614,0
7.489991600000003,1.4929614,0
7.5001195,1.4929614,0
7.5100163,1.4929614,0
7.519962300000003,1.4929614,0
7.529974000000003,1.4929614,0
7.539942300000003,1.4929614,0
7.5499744,1.4929614,0
7.560033500000003,1.4929614,0
7.5699251000000025,1.4929614,0
7.579970800000002,1.4929614,0
7.5899675,1.4929614,0
7.600253500000001,1.4929614,0
7.6099627000000005,1.4929614,0
7.619991900000002,1.4929614,0
7.629967400000002,1.4929614,0
7.640065500000002,1.4929614,0
7.650113000000001,1.4929614,0
7.6600243000000034,1.4929614,0
7.670371900000003,1.5071027419910827,0
7.680282100000003,1.559590362490269,0
7.690316200000002,1.6239378040992103,0
7.700353900000003,1.6478787238478114,0
7.710250600000002,1.698604870152905,0
7.720299800000003,1.7173748301392278,0
7.730262900000003,1.776277403474917,0
7.740271100000001,1.8518583219415055,0
7.750350200000003,2.182134152032804,0
7.764808200000001,2.7769711551500573,0
7.7705336,3.7254070853153176,0
7.7852788,4.483576014805055,0
7.7985035000000025,5.3185946485283795,0
7.812820600000002,5.729765387115033,0
7.813507600000001,6.435714282503059,1.1999999998124622e-06
7.827320200000003,6.836956223185779,0.013820599999998961
7.830307600000001,7.055185970536476,0.016750099999999435
7.843017500000002,7.1336521558107355,0.029486299999998522
7.8504340000000035,7.446810144218417,0.0368569999999977
7.860303300000002,7.293918879685199,0.04679029999999784
7.870286500000002,7.567153771952609,0.05672260000000051
7.880275500000003,7.530797626824645,0.06680409999999881
7.890281100000003,8.047053062365295,0.07673359999999718
7.903683700000002,8.328331593408056,0.09017569999999964
7.9102336000000015,8.536601976918485,0.09671170000000018
7.9207918000000035,8.987344746665283,0.10715579999999747
7.930372900000002,9.215685068627405,0.11682929999999914
7.947225500000002,9.340296664120023,0.13366159999999994
7.950416000000001,9.498891256878826,0.13687089999999813
7.9604596,9.563222569082706,0.14686829999999773
7.970307000000002,9.51492586865949,0.15677759999999807
7.980546,9.450979388677672,0.16694060000000022
7.990424100000002,9.563222569082706,0.17683620000000033
8.000430100000003,9.466918080834294,0.18686229999999782
8.0107435,9.75933342781462,0.19725309999999752
8.020331800000001,9.792478607692077,0.2067510999999982
8.030408000000001,9.909536400813906,0.21685249999999812
8.040497100000003,10.011184305278535,0
8.054761000000003,10.131325511697408,0
8.060522800000001,10.888590358886962,0
8.070540100000002,10.165961639818944,0
8.080389800000003,10.288284968133446,0
8.090457400000002,10.25316052398179,0
8.100387000000001,10.114059332608491,0
8.110362600000002,10.394505234710364,0
8.120548500000002,10.218176296985487,0
8.1304926,10.412332866869404,0
8.140364000000002,10.394505234710364,0
8.1505799,10.556244818241767,0
8.160372800000001,10.288284968133446,0
8.170408000000002,10.57439625326279,0
8.180486300000002,10.629068884658762,0
8.190848000000003,10.79506884222607,0
8.2004482,10.739403193116889,0
8.210367700000003,10.592584027480942,0
8.2204969,10.851069489218567,0
8.230570800000002,10.964083853103384,0
8.2403522,10.757921311448747,0
8.2505202,10.907407150123706,0
8.260374700000003,10.70247788020399,0
8.270454200000003,10.92626161260162,0
8.280711400000001,10.983051782416258,0
8.290420100000002,11.136168679632782,0
8.303712100000002,10.964083853103384,0
8.3184617,11.174832229900465,0
8.3327165,10.79506884222607,0
8.333488500000001,11.194222077744826,0
8.3482476,11.155481122997937,0
8.350457000000002,11.04018371752037,0
8.360486300000002,11.233118306652,0
8.3703736,11.155481122997937,0
8.380563900000002,11.174832229900465,0
8.390396000000003,11.174832229900465,0
8.400393500000003,10.869811163624185,0
8.415973900000001,11.272170432059934,0
8.4295465,11.174832229900465,0
8.430505800000002,11.233118306652,0
8.440433000000002,11.116894822555212,0
8.450517000000001,11.429950433021594,0
8.460491600000001,11.04018371752037,0
8.470385400000001,11.213650744090437,0
8.480393300000003,11.174832229900465,0
8.490506500000002,11.136168679632782,0
8.500571,11.213650744090437,0
8.510398100000003,11.213650744090437,0
8.520631900000001,11.174832229900465,0
8.530356700000002,11.213650744090437,0
8.540455300000001,11.350744874221816,0
8.550652900000003,11.291755151114865,0
8.560463900000002,11.429950433021594,0
8.570555200000001,11.272170432059934,0
8.5803744,11.91872397796814,0
8.590417400000003,11.291755151114865,0
8.600444000000003,11.213650744090437,0
8.610392800000003,11.272170432059934,0
8.620500200000002,11.174832229900465,0
8.630458700000002,11.469791463693667,0
8.640956000000003,11.429950433021594,0
8.650439500000001,11.233118306652,0
8.6609938,11.272170432059934,0
8.670323500000002,11.078462559035042,0
8.680396300000002,10.57439625326279,0
8.6944507,10.813698403261705,0
8.7005026,10.665699973533705,0
8.710419100000003,10.520050675513097,0
8.720395400000001,10.341235771500035,0
8.730393800000002,10.484001020187893,0
8.740312900000003,10.341235771500035,0
8.750531000000002,10.062467506865458,0
8.760443800000001,10.062467506865458,0
8.770485400000002,10.165961639818944,0
8.780773000000003,9.842445630505686,1.6000000009341875e-06
8.794276700000001,9.644363824876494,0.013463600000001463
8.800315600000001,9.842445630505686,0.01945620000000048
8.810866500000003,9.123526107475662,0.030038600000001026
8.8203481,9.032466444874892,0.039550699999999495
8.830399900000003,9.077859687091145,0.04960930000000019
8.8402597,9.002355241650097,0.059473400000001675
8.850406500000002,8.912740939929662,0.06953929999999886
8.8642693,9.077859687091145,0.08351479999999967
8.880220400000002,9.154122964824467,0.09943640000000187
8.8807355,8.751215137895052,0.1000216000000016
8.8965879,8.751215137895052,0.11580149999999989
8.900285500000003,8.579011088888649,0.11948630000000193
8.910378000000001,8.424747169969082,0.12956970000000112
8.920370600000002,8.328331593408056,0.1395452000000006
8.930363000000003,8.11295656128866,0.1495262000000004
8.940843800000003,8.08651605131745,0.15999370000000113
8.950448600000001,8.20633568180298,0.1695865000000012
8.960242500000003,7.968833879342992,0.17944600000000221
8.972858200000001,7.917206792001785,0.1920780999999998
8.980341600000003,7.955888361417405,0.19956379999999996
8.990300300000001,7.789931650057636,0.20946719999999885
9.000480500000002,7.891547717195478,0.21961570000000208
9.010291200000001,8.007826142431599,0.22946519999999992
9.025929300000001,8.073335404255426,0.24513140000000178
9.030755300000003,8.233256430132531,0.24995979999999918
9.040323100000002,8.02087563986406,0.2595497000000009
9.0503627,7.968833879342992,0.2694952000000015
9.063315500000002,7.917206792001785,0.28251450000000133
9.0701952,7.891547717195478,0.28942260000000175
9.080250800000002,8.047053062365295,0.29947690000000193
9.094039400000003,7.917206792001785,0.3131611999999997
9.128285000000002,7.815183446581865,0.3473910999999994
9.138762900000003,8.260285077108826,0.35771210000000053
9.146212000000002,7.94296870865388,0.36534890000000075
9.147747500000001,7.968833879342992,0.3669356999999991
9.1486978,7.878756617124858,0.3678746000000004
9.162442900000002,8.11295656128866,0.3816291000000014
9.163189200000001,7.917206792001785,0.3824097000000002
9.180947800000002,7.904364425065508,0.40013830000000183
9.1815897,8.02087563986406,0.4008383000000002
9.197387900000003,7.994802717912391,0.4165624000000001
9.210196900000003,8.073335404255426,0.429370500000001
9.2108889,8.073335404255426,0.4301597000000008
9.224204200000003,7.904364425065508,0.4433977999999996
9.2369029,8.11295656128866,0.45611510000000166
9.2509969,7.968833879342992,0.4701725000000003
9.251643700000002,7.994802717912391,0.4709038999999997
9.265067100000003,7.891547717195478,0.4843174999999995
9.270298200000003,8.11295656128866,0.4894496000000004
9.284284200000002,8.273839997665297,0.5035069000000014
9.290280200000002,7.840536452576179,0.5094922000000004
9.3023348,8.02087563986406,0.5215627000000005
9.316239600000003,8.073335404255426,0.5354717999999998
9.320223200000001,7.94296870865388,0.5394570000000023
9.333215000000003,7.968833879342992,0.5524118000000016
9.340309700000002,8.007826142431599,0.5595184000000017
9.353787500000003,8.099723086052473,0.5728961999999989
9.360269800000001,7.689928502230714,0.5794415000000015
9.372889800000003,8.007826142431599,0.5920939999999995
9.386474200000002,8.060181092143798,0.6057293000000001
9.390224700000001,8.166155927514222,0.6094326999999993
9.4003793,7.994802717912391,0.6194690000000023
9.412976100000002,8.007826142431599,0.6321750000000002
9.427377600000003,7.955888361417405,0.6465786999999992
9.441202800000003,8.007826142431599,0.6604483999999999
9.441924700000001,8.02087563986406,0.6611371999999989
9.455993300000003,7.840536452576179,0.675169799999999
9.468311000000003,8.260285077108826,0.6875451999999989
9.4825181,7.994802717912391,0.7017486999999996
9.483142700000002,7.904364425065508,0.7024171000000017
9.496720700000001,7.878756617124858,0.7158802000000009
9.500326700000002,7.789931650057636,0.7195369000000014
9.510351700000001,9.077859687091145,0.729588200000002
9.523573800000001,8.060181092143798,0.742765600000002
9.536930000000002,7.802544922425701,0.7561320000000009
9.550656400000001,7.891547717195478,0.7698682999999988
9.5512467,7.955888361417405,0.770519199999999
9.560200900000002,8.08651605131745,0.7794285999999992
9.574812000000001,7.955888361417405,0.7939934999999991
9.5907792,8.099723086052473,0.8099285000000016
9.591584300000001,8.047053062365295,0.8107465000000005
9.607866600000001,8.139503045106144,0.8270438999999996
9.6104002,8.073335404255426,0.8295838000000018
9.620498300000001,8.273839997665297,0.8396816000000022
9.630423100000002,8.314667798570671,0.8495747000000016
9.640769000000002,8.287422055190799,0.8599578000000001
9.6503191,8.355741302653907,0.8695079999999997
9.6603831,8.438631343854855,0.8795734999999993
9.670228700000003,8.424747169969082,0.8894352999999988
9.680325900000003,8.480450865022997,0.8994964000000003
9.6902775,8.522522057577296,0.9095236
9.700254300000001,8.480450865022997,0.919456799999999
9.710301600000001,8.508470269933717,0.9295307000000008
9.7203844,8.20633568180298,0.9395752000000002
9.730350100000003,7.840536452576179,0.9494873000000013
9.7442411,7.677540237620285,0.9634765999999999
9.750379000000002,7.530797626824645,0.9695801999999993
9.760347000000003,7.446810144218417,0.9795844000000002
9.770282900000002,7.41117389899744,0.9895084999999995
9.780292600000003,7.399342586455758,0.9995374000000012
9.790269600000002,7.518727305915347,1.009471099999999
9.800687000000003,7.60372870967274,1.009471099999999
9.812112600000003,8.607425524228983,1.009471099999999
9.827335700000003,7.802544922425701,1.009471099999999
9.8303258,7.7773435790245795,1.009471099999999
9.840447500000003,7.665176724779058,1.009471099999999
9.850456100000002,7.652837914252965,1.009471099999999
9.860512500000002,7.482660849647961,1.009471099999999
9.8704496,7.665176724779058,1.009471099999999
9.8803747,7.628234202823747,1.009471099999999
9.8906302,7.542892112532513,1.009471099999999
9.900692800000002,7.677540237620285,1.009471099999999
9.910587600000003,7.840536452576179,1.009471099999999
9.920560600000002,7.591512672362713,1.009471099999999
9.930378800000003,7.677540237620285,1.009471099999999
9.9404663,7.677540237620285,1.009471099999999
9.950574200000002,7.865991073689227,1.009471099999999
9.960393800000002,7.3055391338252935,1.009471099999999
9.9704832,7.518727305915347,1.009471099999999
9.980357600000001,7.363990293871589,1.009471099999999
9.9904282,7.317182651729675,1.009471099999999
10.0004597,7.482660849647961,1.009471099999999
10.010474100000003,7.482660849647961,1.009471099999999
10.0203828,7.3055391338252935,1.009471099999999
10.030388100000003,7.201788783810888,1.009471099999999
10.040420500000003,7.328849479972434,1.009471099999999
10.0509841,7.24766957253901,1.009471099999999
10.060449300000002,7.167618265175428,1.009471099999999
10.070327200000001,7.259197235504502,1.009471099999999
10.080396,7.270747976866626,1.009471099999999
10.090465400000003,7.35225325423583,1.009471099999999
10.100517,7.293918879685199,1.009471099999999
10.110355100000003,8.08651605131745,1.009471099999999
10.120414800000002,7.1789856653167865,1.009471099999999
10.130435000000002,7.032968092035166,1.009471099999999
10.1404265,6.9778106579298536,1.009471099999999
10.1505474,6.966845205721355,1.009471099999999
10.1604509,7.066328281073982,1.009471099999999
10.170329200000001,6.9998074648463415,1.009471099999999
10.180451000000001,6.731071475665324,1.009471099999999
10.190349500000004,6.606773699795757,1.009471099999999
10.2005133,6.465480176582687,1.009471099999999
10.210546500000003,6.27994423832014,1.009471099999999
10.2204662,6.0829163286647,1.009471099999999
10.230340900000002,6.101326389554399,1.009471099999999
10.240423500000002,6.073738876518667,1.009471099999999
10.250433700000002,6.037212067551826,1.009471099999999
10.260624500000002,5.89399222016673,1.009471099999999
10.2706057,5.982966845017518,1.009471099999999
10.280449,5.947163315328091,1.009471099999999
10.290544,5.97398909207301,1.009471099999999
10.300430400000003,5.763822758056602,1.009471099999999
10.3104057,5.885192238641251,1.009471099999999
10.320498500000003,5.612687495743965,1.009471099999999
10.330410700000002,5.571662089694587,1.009471099999999
10.340429100000001,5.403765980228704,1.009471099999999
10.350502700000003,5.372577572356361,1.009471099999999
10.360388200000003,5.704400565352053,1.009471099999999
10.3704754,5.220323843985317,1.009471099999999
10.3804829,5.198006519845759,1.009471099999999
10.390349500000003,4.989037617526732,1.009471099999999
10.400345400000003,4.785246235677236,1.009471099999999
10.4103715,4.643381707662481,1.009471099999999
10.420451100000001,4.612001055352405,1.009471099999999
10.430478,4.537955530473567,1.009471099999999
10.4405666,4.236855119596617,1.009471099999999
10.4504014,3.854184394711384,1.009471099999999
10.460354200000001,3.5742527088499334,1.009471099999999
10.470470800000001,2.829509768664681,1.009471099999999
10.480393000000003,2.8348801413241627,1.009471099999999
10.490408600000002,2.699578117674015,1.009471099999999
10.5003658,2.6132724280512196,1.009471099999999
10.5103285,2.597650621857195,1.009471099999999
10.520429,2.443308008515233,1.009471099999999
10.530422000000002,2.359481985729137,1.009471099999999
10.5403488,2.1779913878414665,1.009471099999999
10.550528600000003,1.9708358843063438,1.009471099999999
10.560320100000002,1.899682169839313,1.009471099999999
10.570397900000003,1.8096116987951396,1.009471099999999
10.5805009,1.6876179243981013,1.009471099999999
10.590363900000003,1.5702692574289243,1.009471099999999
10.600533900000002,1.504190309184717,1.009471099999999
10.610106400000003,1.4929614,1.009471099999999
10.620211800000003,1.4929614,1.009471099999999
10.630095500000003,1.4929614,1.009471099999999
10.640137600000003,1.4929614,1.009471099999999
10.650189700000002,1.4929614,1.009471099999999
10.660170400000002,1.4929614,1.009471099999999
10.670088800000002,1.4929614,1.009471099999999
10.680095400000003,1.4929614,1.009471099999999
10.690103500000003,1.4929614,1.009471099999999
10.7001868,1.4929614,1.009471099999999
10.7101754,1.4929614,1.009471099999999
10.720051900000001,1.4929614,1.009471099999999
10.7300991,1.4929614,1.009471099999999
10.7401324,1.4929614,1.009471099999999
10.7501821,1.4929614,1.009471099999999
10.760180600000002,1.4929614,1.009471099999999
10.770168100000003,1.4929614,1.009471099999999
10.7804034,1.4929614,1.009471099999999
10.790054900000001,1.4929614,1.009471099999999
10.800066300000001,1.4929614,1.009471099999999
