0.00042280000000261,1.4929614,0
0.010186499999999654,1.4929614,0
0.025947399999999732,1.4929614,0
0.030371200000001153,1.4929614,0
0.04022210000000115,1.4929614,0
0.050165299999999746,1.4929614,0
0.06022100000000208,1.4929614,0
0.07019670000000033,1.4929614,0
0.08031080000000301,1.4929614,0
0.09031700000000242,1.4929614,0
0.10017090000000195,1.4929614,0
0.11011979999999966,1.4929614,0
0.12025180000000191,1.4929614,0
0.13037630000000178,1.4929614,0
0.14015720000000087,1.4929614,0
0.15016900000000177,1.4929614,0
0.16022840000000116,1.4929614,0
0.17034630000000206,1.4929614,0
0.18015439999999927,1.4929614,0
0.1901428999999979,1.4929614,0
0.20023480000000404,1.4929614,0
0.21019450000000006,1.4929614,0
0.220145500000001,1.4929614,0
0.23022279999999995,1.4929614,0
0.24017940000000237,1.4929614,0
0.2502898999999985,1.4929614,0
0.2601963999999981,1.4929614,0
0.2701633000000001,1.4929614,0
0.28031220000000445,1.4929614,0
0.2901312000000047,1.4929614,0
0.3001991000000004,1.4929614,0
0.3102400000000003,1.4929614,0
0.3201627999999985,1.4929614,0
0.3302119000000019,1.4929614,0
0.34012750000000125,1.4929614,0
0.3502079000000009,1.4929614,0
0.36020249999999976,1.4929614,0
0.3702196999999998,1.4929614,0
0.3802895000000035,1.4929614,0
0.39019640000000066,1.4929614,0
0.4002351000000033,1.4929614,0
0.41019899999999865,1.4929614,0
0.4201697000000024,1.4929614,0
0.4302816000000007,1.4929614,0
0.4401525000000035,1.4929614,0
0.4502541000000022,1.4929614,0
0.46019490000000474,1.4929614,0
0.47016479999999916,1.4929614,0
0.4802870999999982,1.4929614,0
0.49020050000000026,1.4929614,0
0.5001415999999992,1.4929614,0
0.5101119999999995,1.4929614,0
0.5202091000000024,1.4929614,0
0.5302806000000047,1.4929614,0
0.5402945000000017,1.4929614,0
0.5502401000000035,1.4929614,0
0.5603108000000034,1.4929614,0
0.5703437000000022,1.4929614,0
0.5803204999999991,1.4929614,0
0.5903915000000026,1.4929614,0
0.6002027999999981,1.4929614,0
0.6102368000000027,1.4929614,0
0.6203034000000045,1.4929614,0
0.6302233000000044,1.4929614,0
0.6401263999999998,1.4929614,0
0.6502340000000046,1.4929614,0
0.6601277999999979,1.4929614,0
0.6702318000000034,1.4929614,0
0.6802928999999978,1.4929614,0
0.6901966000000002,1.4929614,0
0.7001901000000004,1.4929614,0
0.7102074000000016,1.4929614,0
0.7201750000000047,1.4929614,0
0.7302825000000013,1.4929614,0
0.7401672000000019,1.4929614,0
0.7501826000000023,1.4929614,0
0.7602212999999978,1.4929614,0
0.7702172000000047,1.4929614,0
0.780237900000003,1.4929614,0
0.790231900000002,1.4929614,0
0.8002393000000012,1.4929614,0
0.8101762000000008,1.4929614,0
0.8201650000000029,1.4929614,0
0.8303136000000038,1.4929614,0
0.8403052000000031,1.4929614,0
0.8502003999999985,1.4929614,0
0.8602406000000045,1.4929614,0
0.8701125000000047,1.4929614,0
0.8802646000000038,1.4929614,0
0.8902515999999991,1.4929614,0
0.9003015999999988,1.4929614,0
0.9102615999999983,1.4929614,0
0.9202095999999997,1.4929614,0
0.9301971000000009,1.4929614,0
0.9402547000000041,1.4929614,0
0.9503404000000018,1.4929614,0
0.9601378999999994,1.4929614,0
0.9701699000000019,1.4929614,0
0.9802657000000039,1.4929614,0
0.9902023,1.4929614,0
1.0003651000000033,1.4929614,0
1.014092699999999,1.4929614,0
1.0201994000000028,1.4929614,0
1.030290100000002,1.4929614,0
1.0401601000000014,1.4929614,0
1.0503348000000017,1.4929614,0
1.0602564,1.4929614,0
1.0702585000000013,1.4929614,0
1.0801794999999998,1.4929614,0
1.090141199999998,1.4929614,0
1.1001972000000038,1.4929614,0
1.1101866999999999,1.4929614,0
1.1201657000000012,1.4929614,0
1.1301735999999991,1.4929614,0
1.1402586000000028,1.4929614,0
1.150204500000001,1.4929614,0
1.1601867999999982,1.4929614,0
1.1702536000000023,1.4929614,0
1.1802554,1.4929614,0
1.1901675000000012,1.4929614,0
1.200316100000002,1.4929614,0
1.2101996000000028,1.4929614,0
1.2201894000000024,1.4929614,0
1.2302048000000028,1.4929614,0
1.2401285999999985,1.4929614,0
1.2502321999999992,1.4929614,0
1.2602146999999988,1.4929614,0
1.2702500999999984,1.4929614,0
1.2802545999999992,1.4929614,0
1.290185700000002,1.4929614,0
1.3002248000000023,1.4929614,0
1.3102559000000014,1.4929614,0
1.320261600000002,1.4929614,0
1.330346200000001,1.4929614,0
1.3401047000000048,1.4929614,0
1.3502483999999981,1.4929614,0
1.3602527999999978,1.4929614,0
1.3703484000000046,1.4929614,0
1.380464400000001,1.4929614,0
1.3903961000000038,1.4929614,0
1.4005709999999993,1.4929614,0
1.410491399999998,1.4929614,0
1.4202645000000018,1.4929614,0
1.4303457000000037,1.4929614,0
1.4403320999999991,1.4929614,0
1.4502634000000043,1.4929614,0
1.460213600000003,1.4929614,0
1.4701476999999983,1.4929614,0
1.480391400000002,1.4929614,0
1.4901251000000002,1.4929614,0
1.5002400999999992,1.4929614,0
1.5101727999999994,1.4929614,0
1.5201749000000007,1.4929614,0
1.530331099999998,1.4929614,0
1.5402069000000012,1.4929614,0
1.5502053000000018,1.4929614,0
1.5602029000000002,1.4929614,0
1.5701480000000032,1.4929614,0
1.5803240999999986,1.4929614,0
1.590278699999999,1.4929614,0
1.6003529999999984,1.4929614,0
1.6101506000000043,1.4929614,0
1.6201872000000037,1.4929614,0
1.6303714000000014,1.4929614,0
1.6402581999999981,1.4929614,0
1.650233,1.4929614,0
1.6601619999999997,1.4929614,0
1.6701468999999989,1.4929614,0
1.6802482000000012,1.4929614,0
1.690194500000004,1.4929614,0
1.7001612000000037,1.4929614,0
1.7102049000000008,1.4929614,0
1.7201835999999986,1.4929614,0
1.7303333999999992,1.4929614,0
1.7401225999999994,1.4929614,0
1.750203599999999,1.4929614,0
1.7601596000000015,1.4929614,0
1.7701457000000005,1.4929614,0
1.7802744000000033,1.4929614,0
1.7901681000000025,1.4929614,0
1.8003269000000017,1.4929614,0
1.8101282000000012,1.4929614,0
1.820263500000003,1.4929614,0
1.8302462000000048,1.4929614,0
1.8403034000000034,1.4929614,0
1.8503852999999992,1.4929614,0
1.8601895999999982,1.4929614,0
1.8701289000000045,1.4929614,0
1.8802275000000037,1.4929614,0
1.8901607000000027,1.4929614,0
1.9003997000000012,1.4929614,0
1.9101715000000041,1.4929614,0
1.9201662000000042,1.4929614,0
1.9302392000000026,1.4929614,0
1.9401691999999997,1.4929614,0
1.950183199999998,1.4929614,0
1.9601426999999987,1.4929614,0
1.970126999999998,1.4929614,0
1.9803654000000037,1.4929614,0
1.9901477000000014,1.4929614,0
2.0003448000000006,1.4929614,0
2.010202200000002,1.4929614,0
2.020138600000003,1.4929614,0
2.030231300000004,1.4929614,0
2.0402451,1.4929614,0
2.0501967000000008,1.4929614,0
2.0602446999999984,1.4929614,0
2.0701693000000034,1.4929614,0
2.0802770000000024,1.4929614,0
2.090244900000002,1.4929614,0
2.1002295000000046,1.4929614,0
2.110204799999998,1.4929614,0
2.1202089000000015,1.4929614,0
2.130303099999999,1.4929614,0
2.140157600000002,1.4929614,0
2.1502426999999997,1.4929614,0
2.160201700000002,1.4929614,0
2.1701405000000022,1.4929614,0
2.180306800000004,1.4929614,0
2.1901566000000017,1.4929614,0
2.200453000000003,1.4929614,0
2.2103210000000004,1.4929614,0
2.220305500000002,1.4929614,0
2.230384000000001,1.4929614,0
2.2403228000000013,1.4929614,0
2.2501968000000048,1.4929614,0
2.2603346,1.4929614,0
2.270182300000002,1.4929614,0
2.2803414000000046,1.4929614,0
2.2901342000000042,1.4929614,0
2.3002319,1.4929614,0
2.310170300000003,1.4929614,0
2.320132100000002,1.4929614,0
2.3303240999999986,1.4929614,0
2.340208099999998,1.4929614,0
2.3501304000000047,1.4929614,0
2.3601601000000016,1.4929614,0
2.370167600000002,1.4929614,0
2.3803106000000014,1.4929614,0
2.3901157000000026,1.4929614,0
2.4001813,1.4929614,0
2.4101877000000016,1.4929614,0
2.420150200000002,1.4929614,0
2.430282500000004,1.4929614,0
2.440136899999999,1.4929614,0
2.450265299999998,1.4929614,0
2.4602582999999996,1.4929614,0
2.4701509,1.4929614,0
2.4801180999999985,1.4929614,0
2.4901956,1.4929614,0
2.5002747999999997,1.4929614,0
2.5101538000000048,1.4929614,0
2.520152799999998,1.4929614,0
2.530194399999999,1.4929614,0
2.540152499999998,1.4929614,0
2.5502994,1.4929614,0
2.5602076999999994,1.4929614,0
2.5701079000000036,1.4929614,0
2.580278200000002,1.4929614,0
2.5901447000000033,1.4929614,0
2.600229800000001,1.4929614,0
2.610227000000002,1.4929614,0
2.620167700000003,1.4929614,0
2.630354000000004,1.4929614,0
2.6401607000000027,1.4929614,0
2.650199999999998,1.4929614,0
2.6601657000000003,1.4929614,0
2.670158300000004,1.4929614,0
2.680324200000001,1.4929614,0
2.6901639000000017,1.4929614,0
2.7003143000000023,1.4929614,0
2.710187300000001,1.4929614,0
2.7201688000000033,1.4929614,0
2.730203000000003,1.4929614,0
2.740164700000001,1.4929614,0
2.750274400000002,1.4929614,0
2.7601814000000005,1.4929614,0
2.770150700000002,1.4929614,0
2.780287300000005,1.4929614,0
2.7901957999999993,1.4929614,0
2.8002632000000034,1.4929614,0
2.8101546999999982,1.4929614,0
2.820158499999998,1.4929614,0
2.830219900000003,1.4929614,0
2.840125999999998,1.4929614,0
2.8502334000000005,1.4929614,0
2.860234900000002,1.4929614,0
2.870159700000002,1.4929614,0
2.8803300000000007,1.4929614,0
2.890150300000002,1.4929614,0
2.900210600000001,1.4929614,0
2.9101037000000005,1.4929614,0
2.9202595000000002,1.4929614,0
2.930252100000004,1.4929614,0
2.9403429000000045,1.4929614,0
2.9504856000000004,1.4929614,0
2.960397399999998,1.4929614,0
2.9703871000000035,1.4929614,0
2.980399900000002,1.4929614,0
2.9904141000000024,1.4929614,0
3.0002391000000017,1.4929614,0
3.0105180000000047,1.4929614,0
3.0204464000000044,1.4929614,0
3.0303605000000005,1.4929614,0
3.0401767000000035,1.4929614,0
3.0502036000000032,1.4929614,0
3.0606989999999996,1.4929614,0
3.0701786999999996,1.4929614,0
3.0801912000000016,1.4929614,0
3.0901368000000033,1.4929614,0
3.1002830000000046,1.4929614,0
3.1101152000000027,1.4929614,0
3.1201320999999993,1.4929614,0
3.1301811000000015,1.4929614,0
3.1402023999999997,1.4929614,0
3.150223000000004,1.4929614,0
3.1601956000000015,1.4929614,0
3.170186700000002,1.4929614,0
3.180237400000003,1.4929614,0
3.1902601000000033,1.4929614,0
3.200199900000001,1.4929614,0
3.210191700000003,1.4929614,0
3.2202456999999995,1.4929614,0
3.230238100000001,1.4929614,0
3.2401750000000007,1.4929614,0
3.250312600000001,1.4929614,0
3.2602072000000035,1.4929614,0
3.2702384000000038,1.4929614,0
3.280247700000004,1.4929614,0
3.2901819000000003,1.4929614,0
3.3002398,1.4929614,0
3.3102056000000033,1.4929614,0
3.3201976,1.4929614,0
3.330669999999998,1.4929614,0
3.340124199999998,1.4929614,0
3.3503703000000016,1.4929614,0
3.360316400000002,1.4929614,0
3.370173000000001,1.4929614,0
3.3802677000000045,1.4929614,0
3.3900910999999994,1.4929614,0
3.4001791000000026,1.4929614,0
3.410135699999998,1.4929614,0
3.4201201999999995,1.4929614,0
3.430210500000001,1.4929614,0
3.4401313999999985,1.4929614,0
3.450153399999998,1.4929614,0
3.460130200000002,1.4929614,0
3.4701803000000027,1.4929614,0
3.480243200000004,1.4929614,0
3.4901973999999996,1.4929614,0
3.500302600000005,1.4929614,0
3.5101510000000005,1.4929614,0
3.520170499999999,1.4929614,0
3.5302778000000004,1.4929614,0
3.540194800000002,1.4929614,0
3.5502117999999996,1.4929614,0
3.5602143999999996,1.4929614,0
3.5702938000000017,1.4929614,0
3.5802796000000043,1.4929614,0
3.5901599000000033,1.4929614,0
3.6001691000000022,1.4929614,0
3.6103075999999987,1.4929614,0
3.620133899999999,1.4929614,0
3.6302043000000026,1.4929614,0
3.640104800000003,1.4929614,0
3.6501942000000014,1.4929614,0
3.6602624000000006,1.4929614,0
3.6701116999999996,1.4929614,0
3.6802583999999996,1.4929614,0
3.690148900000004,1.4929614,0
3.7002415999999982,1.4929614,0
3.710200900000004,1.4929614,0
3.7202139000000045,1.4929614,0
3.730191099999999,1.4929614,0
3.7401494,1.4929614,0
3.7502390000000005,1.4929614,0
3.760191800000001,1.4929614,0
3.7701886999999985,1.4929614,0
3.7803745000000006,1.4929614,0
3.7903300000000044,1.4929614,0
3.8003148000000024,1.4929614,0
3.8103387000000026,1.4929614,0
3.820352700000001,1.4929614,0
3.8303063000000037,1.4929614,0
3.840301700000005,1.4929614,0
3.8503400000000028,1.4929614,0
3.860362700000003,1.4929614,0
3.8702255000000036,1.4929614,0
3.8803123,1.4929614,0
3.8901809999999983,1.4929614,0
3.900313600000004,1.4929614,0
3.9101010000000045,1.4929614,0
3.9201513000000006,1.4929614,0
3.9302945000000022,1.4929614,0
3.9401235999999997,1.4929614,0
3.9501473999999988,1.4929614,0
3.960153500000004,1.4929614,0
3.970179800000004,1.4929614,0
3.9802661000000015,1.4929614,0
3.9901398000000015,1.4929614,0
4.0001137,1.4929614,0
4.010135200000001,1.4929614,0
4.020136300000004,1.4929614,0
4.030246699999999,1.4929614,0
4.040152400000004,1.4929614,0
4.050134300000003,1.4929614,0
4.060240700000001,1.4929614,0
4.070151100000004,1.4929614,0
4.080242400000003,1.4929614,0
4.090177000000004,1.4929614,0
4.100185000000003,1.4929614,0
4.1101618,1.4929614,0
4.120294700000002,1.4929614,0
4.130287100000004,1.4929614,0
4.1401763,1.4929614,0
4.150379300000004,1.4929614,0
4.1601359,1.4929614,0
4.170190699999999,1.4929614,0
4.1803211000000005,1.4929614,0
4.190228300000001,1.4929614,0
4.200203800000004,1.4929614,0
4.2101793,1.4929614,0
4.220195799999999,1.4929614,0
4.230296799999998,1.4929614,0
4.240170599999999,1.4929614,0
4.2501903,1.4929614,0
4.2602614000000045,1.4929614,0
4.270146500000003,1.4929614,0
4.280257599999999,1.4929614,0
4.2902184000000005,1.4929614,0
4.300281500000004,1.4929614,0
4.310116600000001,1.4929614,0
4.320132600000001,1.4929614,0
4.330212799999998,1.4929614,0
4.3401566,1.4929614,0
4.350196799999999,1.4929614,0
4.360180100000001,1.4929614,0
4.370251400000001,1.4929614,0
4.380186200000004,1.4929614,0
4.390155499999999,1.4929614,0
4.400183900000002,1.4929614,0
4.410173499999999,1.4929614,0
4.420143299999999,1.4929614,0
4.430271300000001,1.4929614,0
4.4401194,1.4929614,0
4.450230600000005,1.4929614,0
4.460321200000003,1.4929614,0
4.470251500000003,1.4929614,0
4.4802885,1.4929614,0
4.490167,1.4929614,0
4.5001435,1.4929614,0
4.5101768000000035,1.4929614,0
4.520146699999998,1.4929614,0
4.530174000000002,1.4929614,0
4.5401701000000045,1.4929614,0
4.550204600000001,1.4929614,0
4.560144999999999,1.4929614,0
4.5702348000000015,1.4929614,0
4.580286000000001,1.4929614,0
4.590223399999999,1.4929614,0
4.600282700000001,1.4929614,0
4.610193299999999,1.4929614,0
4.620178600000003,1.4929614,0
4.630351300000001,1.4929614,0
4.640238400000001,1.4929614,0
4.650242300000002,1.4929614,0
4.660197799999999,1.4929614,0
4.670220999999998,1.4929614,0
4.6801677999999995,1.4929614,0
4.690156700000003,1.4929614,0
4.700142700000001,1.4929614,0
4.710189100000001,1.4929614,0
4.7202991999999995,1.4929614,0
4.730564100000002,1.4929614,0
4.740256500000001,1.4929614,0
4.7503771000000015,1.4929614,0
4.760310600000004,1.4929614,0
4.770355000000002,1.4929614,0
4.780203,1.4929614,0
4.790259900000002,1.4929614,0
4.800450099999999,1.4929614,0
4.810251800000003,1.4929614,0
4.820120700000004,1.4929614,0
4.830299500000002,1.4929614,0
4.840116800000004,1.4929614,0
4.850163600000002,1.4929614,0
4.860390200000005,1.4929614,0
4.870289200000002,1.4929614,0
4.880199900000001,1.4929614,0
4.890199799999998,1.4929614,0
4.900133600000004,1.4929614,0
4.9103171,1.4929614,0
4.920239700000003,1.4929614,0
4.930176600000003,1.4929614,0
4.940143200000001,1.4929614,0
4.950314300000002,1.4929614,0
4.960119900000002,1.4929614,0
4.970185900000004,1.4929614,0
4.980279400000001,1.4929614,0
4.990110399999999,1.4929614,0
5.000200200000002,1.4929614,0
5.010199499999999,1.4929614,0
5.020225100000005,1.4929614,0
5.030200300000004,1.4929614,0
5.0401934,1.4929614,0
5.050467600000005,1.4929614,0
5.060303900000001,1.4929614,0
5.070153099999999,1.4929614,0
5.080338099999999,1.4929614,0
5.090237200000004,1.4929614,0
5.100282900000003,1.4929614,0
5.110119099999999,1.4929614,0
5.120145900000004,1.4929614,0
5.130294900000003,1.4929614,0
5.1401805,1.4929614,0
5.1502506,1.4929614,0
5.160238200000002,1.4929614,0
5.170224099999999,1.4929614,0
5.1801644000000024,1.4929614,0
5.190123200000002,1.4929614,0
5.200271600000001,1.4929614,0
5.210144700000001,1.4929614,0
5.220202999999998,1.4929614,0
5.2302891,1.4929614,0
5.240264500000002,1.4929614,0
5.250235199999999,1.4929614,0
5.2601721999999995,1.4929614,0
5.270206999999999,1.4929614,0
5.280246699999999,1.4929614,0
5.290319199999999,1.4929614,0
5.30021,1.4929614,0
5.3101433,1.4929614,0
5.320154700000003,1.4929614,0
5.330226000000003,1.4929614,0
5.340087000000004,1.4929614,0
5.350216199999998,1.4929614,0
5.3601709,1.4929614,0
5.3701358,1.4929614,0
5.380437800000003,1.4929614,0
5.3902095000000045,1.4929614,0
5.400244600000001,1.4929614,0
5.410149600000004,1.4929614,0
5.420150400000004,1.4929614,0
5.430170600000004,1.4929614,0
5.440162399999998,1.4929614,0
5.450069599999999,1.4929614,0
5.460111900000001,1.4929614,0
5.470226099999998,1.4929614,0
5.480395299999998,1.4929614,0
5.490216000000004,1.4929614,0
5.5001028000000005,1.4929614,0
5.5101464000000036,1.4929614,0
5.520191400000002,1.4929614,0
5.530217999999998,1.4929614,0
5.540097299999999,1.4929614,0
5.550129200000001,1.4929614,0
5.560133900000004,1.4929614,0
5.570194700000002,1.4929614,0
5.580209500000002,1.4929614,0
5.590297200000002,1.4929614,0
5.600177000000002,1.4929614,0
5.610177700000001,1.4929614,0
5.620233599999999,1.4929614,0
5.630282399999999,1.4929614,0
5.640219100000003,1.4929614,0
5.6501149999999996,1.4929614,0
5.660151800000001,1.4929614,0
5.670165099999998,1.4929614,0
5.680182600000002,1.4929614,0
5.690518500000003,1.4929614,0
5.700426,1.4929614,0
5.710287800000003,1.4929614,0
5.720398299999999,1.4929614,0
5.7303031,1.4929614,0
5.740168600000004,1.4929614,0
5.750503100000003,1.4929614,0
5.760361199999998,1.4929614,0
5.770219900000001,1.4929614,0
5.780253399999999,1.4929614,0
5.790130300000001,1.4929614,0
5.800120200000002,1.4929614,0
5.810185400000002,1.4929614,0
5.820142000000004,1.4929614,0
5.830199800000003,1.4929614,0
5.840185099999999,1.4929614,0
5.850196699999998,1.4929614,0
5.860209699999999,1.4929614,0
5.870231500000003,1.4929614,0
5.880225500000002,1.4929614,0
5.8902643999999995,1.4929614,0
5.900172900000001,1.4929614,0
5.910183600000003,1.4929614,0
5.920123400000001,1.4929614,0
5.930233100000002,1.4929614,0
5.940124900000001,1.4929614,0
5.950355299999998,1.4929614,0
5.960159500000003,1.4929614,0
5.970127400000003,1.4929614,0
5.9802086000000045,1.4929614,0
5.990198900000003,1.4929614,0
6.000211800000002,1.4929614,0
6.010200400000002,1.4929614,0
6.020259600000003,1.4929614,0
6.030287300000005,1.4929614,0
6.040561000000004,1.4942198283644905,0
6.050628799999998,1.4950322724955314,0
6.060469099999999,1.4984317886026537,0
6.070470399999998,1.4998201121046613,0
6.0804993,1.514787744676428,0
6.090564900000004,1.505092523517729,0
6.100664299999998,1.509373794556828,0
6.110586099999999,1.5125279697986742,0
6.120496199999998,1.5236679668375945,0
6.1304558,1.5316289032348742,0
6.1404298,1.547479169549335,0
6.150590300000005,1.5913335920535476,0
6.1608959,1.673493641261721,0
6.170403499999999,1.7728578330902722,0
6.180520999999999,1.848971816781292,0
6.190407200000003,1.9584850084585672,0
6.200750400000004,2.0856696686013985,0
6.213944500000004,2.182134152032804,0
6.220574499999998,2.2893966867934625,0
6.2304651000000035,2.3187139113685125,0
6.2405497000000025,2.345674627379986,0
6.250525700000004,2.3967951200816673,0
6.260376600000001,2.3770547675060008,0
6.270555800000004,2.3949825430227554,0
6.2805522000000025,2.3877683778149117,0
6.290628699999999,2.364716966882037,0
6.300595999999999,2.3967951200816673,0
6.310457700000001,2.4548214470879213,0
6.320550900000001,2.520675337760939,0
6.330556800000004,2.5649027769269614,0
6.340474399999998,2.6661686457102816,0
6.350518700000002,2.746442061927534,0
6.360393200000004,2.8648042628401384,0
6.370450599999998,2.9615709350162103,0
6.3806017,3.1001927434562497,0
6.393980300000003,3.1327288751114355,0
6.4007581000000044,3.152565201535974,0
6.410453799999999,3.1492425948471263,0
6.420462000000001,3.1393145531871305,0
6.430855600000001,3.103417152277182,0
6.4405085,3.1066480163688723,0
6.450558200000003,3.1066480163688723,0
6.460467600000001,3.030863099727831,0
6.470959900000004,3.0714614316217785,0
6.4805741999999995,3.080981130749813,0
6.490552800000003,3.203210031729669,0
6.500423500000004,3.2695802609315208,0
6.510618200000003,3.5493863727556167,0
6.520940799999998,3.3274607785093675,0
6.530639200000003,3.4965221400737256,0
6.540688899999999,3.4845166596908506,0
6.550738100000004,3.5742527088499334,0
6.5606532999999985,3.6163654870591087,0
6.570473800000002,3.6636728001724186,0
6.580828199999999,3.6163654870591087,0
6.5905086,3.707591984051622,0
6.6005921,3.7614677144230857,0
6.610449500000001,3.812002650208061,0
6.620441300000003,3.892322032529845,0
6.630584800000001,4.0054287569044424,0
6.644426100000004,4.102869906370529,0
6.650587999999999,4.166347063130264,0
6.660361100000003,4.1878469244146395,0
6.670431900000004,4.3604331243554055,0
6.680552400000003,4.3261890025226135,0
6.690384600000002,4.41257599861211,0
6.700511500000005,4.41257599861211,0
6.7104687,4.418427800460581,0
6.720554900000003,4.507623886153713,0
6.7304929000000016,4.568592012886777,0
6.740414200000004,4.544058342312084,0
6.750473599999999,4.649695582848366,0
6.760408900000002,4.71998806789923,0
6.770489099999999,4.858553880234452,0
6.780488900000002,4.811717148034032,0
6.790409699999998,4.968103855907675,0
6.800547000000002,5.031283839314333,0
6.813926000000002,5.045478945958075,0
6.820423500000004,5.102830598819589,0
6.830440199999998,5.1100642912984755,0
6.840481199999999,5.038374295085245,0
6.850573500000003,5.0030634008624695,0
6.860471000000004,5.045478945958075,0
6.870434400000001,5.074040069694855,0
6.880522300000003,4.968103855907675,0
6.893241700000004,5.081216123496028,0
6.907738600000002,5.081216123496028,0
6.910351900000002,4.968103855907675,0
6.924274099999998,4.851822705892051,0
6.930556199999998,4.968103855907675,0
6.940388900000002,4.989037617526732,0
6.950543700000004,4.982045736503327,0
6.960582899999999,5.010097359277957,0
6.975039800000005,4.9750678252675264,0
6.989030100000001,4.968103855907675,0
6.9903458,5.052597820351426,0
7.0041135000000025,4.961153800567885,0
7.018406900000002,5.161107258447625,0
7.031832100000003,5.175822698741421,0
7.032355100000004,5.081216123496028,0
7.040464200000002,5.198006519845759,0
7.050479100000004,5.295689464903592,0
7.0604011,5.288084893080466,0
7.070431300000003,5.395945471383927,0
7.080507900000001,5.3185946485283795,0
7.090403299999998,5.395945471383927,0
7.100509000000002,5.395945471383927,0
7.110446199999998,5.498842316165114,0
7.120415200000004,5.5310448932559035,0
7.130526500000002,5.579834383443626,0
7.140447899999998,5.571662089694587,0
7.151031799999998,5.539135871323494,0
7.160538600000002,5.695979388205552,0
7.170507399999998,5.885192238641251,0
7.180536400000001,6.0645797609342535,6.999999939694135e-07
7.194882700000001,5.956087363031768,0
7.209828200000004,6.101326389554399,8.000000022434506e-07
7.2104029999999995,6.260821133074819,0.0006348000000002685
7.226680399999999,6.879906645592216,0.016864900000001626
7.230519800000003,6.455538361358687,0.02064030000000372
7.240811100000002,6.576162582781321,0.03095020000000659
7.250710500000004,6.545734582569215,0.04066450000000543
7.260641700000001,6.647875276492737,0.05074480000000392
7.270518899999999,6.710147465681302,0.0606910000000056
7.280619299999998,6.5965495799240745,0.07076190000000082
7.290445500000004,6.858388484023861,0.08061700000000371
7.3005363000000045,6.773171422726079,0.09064419999999984
7.310461000000004,6.8262721983256105,0.10060170000000568
7.320409500000004,6.934080128015318,0.11059400000000608
7.330583000000004,6.752079349304772,0.12070549999999969
7.3404351000000005,7.01083890754158,0.1305776000000023
7.3531324,7.09988923293321,0.14332060000000268
7.3604151999999985,7.044065922350272,0.1505687000000009
7.370531100000001,7.213224593376143,0.16065550000000428
7.3805334999999985,7.088679867569163,0.1707125000000005
7.3904019000000005,7.293918879685199,0.18057770000000062
7.4006861000000015,7.259197235504502,0.19073990000000407
7.4104217000000006,7.282321842828364,0.20060670000000158
7.420421400000002,7.47068670608361,0.21058430000000072
7.430445900000002,7.363990293871589,0.2206355000000002
7.4404422,7.375750831076357,0.23064250000000186
7.4504480000000015,7.446810144218417,0.24062059999999974
7.460434400000004,7.375750831076357,0.2506124000000014
7.470459400000003,7.542892112532513,0.26065100000000285
7.4806449000000015,7.591512672362713,0.2707556000000011
7.490428299999998,7.506681101523312,0.280596800000005
7.500474500000003,7.542892112532513,0.29065730000000656
7.510410399999998,7.567153771952609,0.30057840000000624
7.520461099999999,7.640523756686739,0.3106170000000006
7.530653999999998,7.652837914252965,0.3206960000000052
7.540584000000003,7.714779485070684,0.3307093000000023
7.5506176000000025,7.727242302704185,0.3407444000000055
7.560557799999998,7.677540237620285,0.3506818000000038
7.570717200000004,7.865991073689227,0.3607481000000021
7.580575500000002,7.7023415681634235,0.3707045000000022
7.5904430000000005,7.739730070915215,0.3805902000000003
7.600921300000003,7.840536452576179,0.39097240000000255
7.6103758,7.840536452576179,0.4005677000000034
7.620527199999998,7.840536452576179,0.4106207000000026
7.630556800000001,7.904364425065508,0.42071300000000633
7.640445100000001,7.802544922425701,0.43058230000000464
7.650455300000004,7.94296870865388,0.4406298000000035
7.660511499999998,7.878756617124858,0.4506457000000026
7.670434800000002,7.815183446581865,0.4605955000000037
7.680577400000004,7.878756617124858,0.47068030000000505
7.690414000000004,7.82784727308025,0.4805643000000046
7.700431899999998,8.047053062365295,0.4906167000000039
7.714957400000003,7.891547717195478,0.5051383000000058
7.728275700000005,7.9300748693738,0.5184567000000015
7.730425799999999,7.840536452576179,0.5206171000000026
7.740444100000005,8.02087563986406,0.5305810000000051
7.753904300000002,7.865991073689227,0.5440871999999999
7.7662975,7.853251035826392,0.5564675000000037
7.770432300000003,7.878756617124858,0.560569000000001
7.780645,10.218176296985487,0
7.794576499999998,7.955888361417405,1.5999999973814738e-06
7.809896800000004,7.968833879342992,0.015280900000000486
7.810518100000003,7.955888361417405,0.015935699999999997
7.8204104,8.007826142431599,0.0258207999999982
7.8334892000000025,7.94296870865388,0.03890909999999792
7.846937699999998,7.994802717912391,0.05228739999999732
7.850529999999999,8.060181092143798,0.05590600000000023
7.8652747000000005,7.878756617124858,0.07068409999999403
7.878795799999999,7.917206792001785,0.0842086999999978
7.8805744,8.751215137895052,0.08588239999999558
7.897071699999998,7.968833879342992,0.1024353999999974
7.910918899999999,7.994802717912391,0.1162259999999975
7.911541700000001,8.007826142431599,0.11699039999999883
7.927483500000001,8.11295656128866,0.13286999999999694
7.930531600000002,8.126216529959919,0.1359123000000011
7.940425000000005,8.08651605131745,0.14581799999999845
7.950625000000002,8.08651605131745,0.1558919000000003
7.960440200000001,8.08651605131745,0.16585579999999567
7.970458200000003,8.11295656128866,0.17583949999999504
7.980573700000001,8.047053062365295,0.18589959999999905
7.990510900000004,8.073335404255426,0.19580609999999865
8.000473300000003,7.994802717912391,0.2058985999999976
8.013158099999998,8.060181092143798,0.2184860999999998
8.027277699999999,8.08651605131745,0.2327022999999997
8.030416800000005,8.073335404255426,0.23584100000000063
8.040399200000003,8.08651605131745,0.2458278000000007
8.050626700000002,8.126216529959919,0.25600579999999695
8.0604187,8.007826142431599,0.26583919999999495
8.0705502,8.060181092143798,0.2758674999999968
8.0808259,8.08651605131745,0.28624169999999793
8.090430699999999,8.08651605131745,0.2958256000000006
8.100457800000001,8.08651605131745,0.3058258000000009
8.110397900000002,7.891547717195478,0.3157698999999994
8.1242017,8.02087563986406,0.3296160999999955
8.138339800000004,8.260285077108826,0.3437292999999997
8.140334799999998,8.179522401387631,0.34574500000000086
8.1506325,8.166155927514222,0.355958600000001
8.160411500000002,8.047053062365295,0.3658047999999994
8.170839399999998,8.301031304013586,0.37627080000000035
8.1804578,8.08651605131745,0.385882500000001
8.190337499999998,8.126216529959919,0.3957620999999989
8.200594800000005,8.126216529959919,0.4058550999999966
8.210532999999998,8.126216529959919,0.4158888999999988
8.220384500000002,8.02087563986406,0.42581719999999734
8.230576800000001,8.073335404255426,0.4358910999999992
8.240438000000005,8.152816159873417,0.4458678999999961
8.250509999999998,8.126216529959919,0.45583500000000043
8.260403400000001,7.994802717912391,0.46582939999999695
8.272662099999998,7.994802717912391,0.47807239999999496
8.280447800000005,8.08651605131745,0.4858530999999999
8.295698899999998,7.917206792001785,0.5010685999999964
8.309933100000002,7.878756617124858,0.5153217999999953
8.310717099999998,8.02087563986406,0.516100299999998
8.3265581,7.955888361417405,0.5319862999999998
8.340347300000005,8.03395126240779,0.5457357999999957
8.340953300000002,8.02087563986406,0.5464211999999975
8.354401199999998,8.08651605131745,0.5597719999999953
8.360417300000002,7.994802717912391,0.5658156000000005
8.373498900000001,8.047053062365295,0.5788887000000003
8.387883800000004,7.789931650057636,0.5932694999999981
8.401139100000002,8.007826142431599,0.6065272999999962
8.401999400000001,7.955888361417405,0.6073339999999945
8.415499000000004,8.060181092143798,0.6208247999999941
8.432179500000004,8.007826142431599,0.6374978999999996
8.4370191,8.424747169969082,0.6423562999999959
8.440530500000001,8.099723086052473,0.6459309999999974
8.450737700000005,8.08651605131745,0.6560287999999943
8.460617499999998,8.073335404255426,0.6659574999999975
8.470705299999999,8.166155927514222,0.6759482999999946
8.480632200000002,8.11295656128866,0.6859334999999973
8.490442800000004,8.099723086052473,0.6958264999999955
8.500421100000004,8.233256430132531,0.7058347999999981
8.510717800000002,8.342022743180927,0.7160133999999942
8.5204113,8.260285077108826,0.7257888999999977
8.530595900000002,8.466483135678205,0.7359249000000005
8.540402700000001,8.152816159873417,0.7457874999999987
8.5506022,8.21978259559808,0.7559995999999956
8.560443900000003,8.20633568180298,0.765846499999995
8.570438100000004,8.246757239301694,0.7758691999999954
8.580550200000005,8.166155927514222,0.7859436999999971
8.590347100000002,8.233256430132531,0.7957605999999942
8.6005277,8.20633568180298,0.8058517999999992
8.6104622,8.11295656128866,0.815855599999999
8.620431100000005,8.369487326701252,0.8258136999999977
8.6305239,8.287422055190799,0.8359096000000008
8.640413899999999,8.287422055190799,0.8458424999999963
8.650398799999998,8.287422055190799,0.855795999999998
8.6603967,8.342022743180927,0.8657737999999995
8.670459800000003,8.397061988565584,0.8758403999999942
8.680510900000002,8.314667798570671,0.8858889999999988
8.690445400000002,8.508470269933717,0.8958575999999994
8.700473200000005,8.424747169969082,0.905896999999996
8.7107515,8.369487326701252,0.9161660999999981
8.720421899999998,8.301031304013586,0.9258000999999965
8.730576300000003,8.424747169969082,0.9359157999999965
8.740452300000001,8.383260870307085,0.945832099999997
8.7504609,8.314667798570671,0.9558358999999967
8.760476099999998,8.480450865022997,0.9658848999999989
8.770420200000004,8.494446557780574,0.9758021999999968
8.780584900000001,8.233256430132531,0.9859135999999964
8.790484300000003,8.438631343854855,0.9958400999999952
8.8003717,8.424747169969082,1.005793599999997
8.8105488,8.369487326701252,1.005793599999997
8.822669900000001,8.536601976918485,1.005793599999997
8.838366900000004,8.494446557780574,1.005793599999997
8.840432900000003,8.494446557780574,1.005793599999997
8.850782899999999,8.522522057577296,1.005793599999997
8.860515499999998,8.564846436085226,1.005793599999997
8.870613300000002,8.66459650744409,1.005793599999997
8.880882100000001,8.522522057577296,1.005793599999997
8.8905472,8.564846436085226,1.005793599999997
8.900609700000004,8.650260854860331,1.005793599999997
8.910679700000003,8.67896086002344,1.005793599999997
8.920515800000004,8.722226692884746,1.005793599999997
8.9306342,7.60372870967274,1.005793599999997
8.940561600000002,8.66459650744409,1.005793599999997
8.950579099999999,8.794915799605649,1.005793599999997
8.960610199999998,8.621675420423669,1.005793599999997
8.970592000000003,8.707775895113674,1.005793599999997
8.980905200000002,8.853592720743801,1.005793599999997
8.9906152,8.824195583331818,1.005793599999997
9.0004949,8.883107682196407,1.005793599999997
9.010763500000003,8.853592720743801,1.005793599999997
9.020612100000001,8.987344746665283,1.005793599999997
9.0306043,8.736706421172222,1.005793599999997
9.0408379,8.972364242669451,1.005793599999997
9.050495599999998,8.824195583331818,1.005793599999997
9.060911400000002,8.897909494439109,1.005793599999997
9.070651599999998,8.912740939929662,1.005793599999997
9.0807893,8.751215137895052,1.005793599999997
9.090480200000002,8.987344746665283,1.005793599999997
9.1007118,8.94249296807631,1.005793599999997
9.1107747,8.972364242669451,1.005793599999997
9.120724600000003,9.16946735002452,1.005793599999997
9.130712700000004,9.032466444874892,1.005793599999997
9.140585399999999,8.987344746665283,1.005793599999997
9.1508879,8.972364242669451,1.005793599999997
9.160700500000004,9.09305139310744,1.005793599999997
9.170542000000005,9.032466444874892,1.005793599999997
9.18072,8.853592720743801,1.005793599999997
9.190559499999999,8.824195583331818,1.005793599999997
9.201278100000003,8.94249296807631,1.005793599999997
9.2105611,8.912740939929662,1.005793599999997
9.220563599999998,8.912740939929662,1.005793599999997
9.230538100000004,8.838879453474007,1.005793599999997
9.240589800000002,8.897909494439109,1.005793599999997
9.2506646,8.868335443994296,1.005793599999997
9.260499000000003,8.780319768902485,1.005793599999997
9.2705458,9.032466444874892,1.005793599999997
9.280656900000004,8.883107682196407,1.005793599999997
9.290838800000003,8.927602077993871,1.005793599999997
9.300852499999998,8.883107682196407,1.005793599999997
9.310773500000003,8.809541051581752,1.005793599999997
9.320686000000002,8.912740939929662,1.005793599999997
9.330828099999998,8.809541051581752,1.005793599999997
9.340651900000005,8.94249296807631,1.005793599999997
9.350807199999998,8.853592720743801,1.005793599999997
9.360700700000002,8.957413669740566,1.005793599999997
9.370936700000001,8.751215137895052,1.005793599999997
9.380597700000003,8.66459650744409,1.005793599999997
9.390513500000004,8.564846436085226,1.005793599999997
9.400612200000005,8.369487326701252,1.005793599999997
9.410671700000002,7.968833879342992,1.005793599999997
9.420574600000002,7.542892112532513,1.005793599999997
9.430658600000001,6.699716804887621,1.005793599999997
9.440516600000002,6.010008088694971,1.005793599999997
9.450608700000004,5.161107258447625,1.005793599999997
9.460502300000002,4.544058342312084,1.005793599999997
9.470581799999998,4.051123695216862,1.005793599999997
9.4806447,3.5994192385366217,1.005793599999997
9.4905209,2.9645178227917213,1.005793599999997
9.500565600000002,2.4169745728053975,1.005793599999997
9.510901400000002,1.8599163179773952,1.005793599999997
9.520436799999999,1.596549584856404,1.005793599999997
9.5307538,1.5121640414722777,1.005793599999997
9.5402317,1.4929614,1.005793599999997
9.550128999999998,1.4929614,1.005793599999997
9.5602984,1.4929614,1.005793599999997
9.570289000000002,1.4929614,1.005793599999997
9.580341400000002,1.4929614,1.005793599999997
9.590329000000004,1.4929614,1.005793599999997
9.600306400000001,1.4929614,1.005793599999997
9.6101885,1.4929614,1.005793599999997
9.620308999999999,1.4929614,1.005793599999997
9.630336,1.4929614,1.005793599999997
9.640401600000004,1.4929614,1.005793599999997
9.650341000000004,1.4929614,1.005793599999997
9.660211500000003,1.4929614,1.005793599999997
9.6702267,1.4929614,1.005793599999997
9.6803654,1.4929614,1.005793599999997
9.690298500000004,1.4929614,1.005793599999997
9.700326000000004,1.4929614,1.005793599999997
9.7103611,1.4929614,1.005793599999997
9.720358500000003,1.4929614,1.005793599999997
9.730372799999998,1.4929614,1.005793599999997
9.740238599999998,1.4929614,1.005793599999997
9.750264000000001,1.4929614,1.005793599999997
9.7603838,1.4929614,1.005793599999997
9.770269599999999,1.4929614,1.005793599999997
9.7803331,1.4929614,1.005793599999997
9.790195699999998,1.4929614,1.005793599999997
9.8003699,1.4929614,1.005793599999997
9.810367900000003,1.4929614,1.005793599999997
