0.0004391000000012468,1.4929614,0
0.01046970000000158,1.4929614,0
0.026331000000002547,1.4929614,0
0.030157300000002607,1.4929614,0
0.040160000000000196,1.4929614,0
0.050166300000000774,1.4929614,0
0.06025729999999996,1.4929614,0
0.07023180000000195,1.4929614,0
0.08023419999999959,1.4929614,0
0.0901732000000024,1.4929614,0
0.10019580000000161,1.4929614,0
0.11032710000000279,1.4929614,0
0.1202405000000013,1.4929614,0
0.13017960000000173,1.4929614,0
0.14023770000000013,1.4929614,0
0.15010270000000148,1.4929614,0
0.16061850000000177,1.4929614,0
0.1702450000000013,1.4929614,0
0.18011880000000247,1.4929614,0
0.19018510000000077,1.4929614,0
0.20016419999999968,1.4929614,0
0.2103476000000022,1.4929614,0
0.22023340000000147,1.4929614,0
0.23014990000000068,1.4929614,0
0.24015370000000047,1.4929614,0
0.25016040000000217,1.4929614,0
0.2602431000000003,1.4929614,0
0.2702443999999993,1.4929614,0
0.2800718999999994,1.4929614,0
0.2901693999999999,1.4929614,0
0.30019740000000183,1.4929614,0
0.3102759000000006,1.4929614,0
0.32016499999999937,1.4929614,0
0.3301240000000014,1.4929614,0
0.3401378000000008,1.4929614,0
0.3503329000000015,1.4929614,0
0.3603902000000012,1.4929614,0
0.37030900000000244,1.4929614,0
0.3803240999999993,1.4929614,0
0.390399900000002,1.4929614,0
0.400258400000002,1.4929614,0
0.4102860000000028,1.4929614,0
0.4202364000000003,1.4929614,0
0.43018,1.4929614,0
0.4403931000000014,1.4929614,0
0.45015280000000146,1.4929614,0
0.4602819000000018,1.4929614,0
0.4702868000000002,1.4929614,0
0.4801763000000001,1.4929614,0
0.4900870000000026,1.4929614,0
0.5001867000000004,1.4929614,0
0.5103019999999994,1.4929614,0
0.5201828000000006,1.4929614,0
0.5301843999999996,1.4929614,0
0.5401577999999994,1.4929614,0
0.550149600000001,1.4929614,0
0.5603081000000003,1.4929614,0
0.5702870000000004,1.4929614,0
0.5801054000000008,1.4929614,0
0.5901783000000016,1.4929614,0
0.6002657000000013,1.4929614,0
0.6106993000000003,1.4929614,0
0.6203098000000011,1.4929614,0
0.6303627000000027,1.4929614,0
0.6404843000000007,1.4929614,0
0.6503966000000005,1.4929614,0
0.6603379000000018,1.4929614,0
0.6703177000000018,1.4929614,0
0.6804416999999994,1.4929614,0
0.6902815000000011,1.4929614,0
0.7004155999999995,1.4929614,0
0.7103281999999993,1.4929614,0
0.7202991000000019,1.4929614,0
0.730299500000001,1.4929614,0
0.7403889000000028,1.4929614,0
0.7501475000000006,1.4929614,0
0.7603193000000026,1.4929614,0
0.7702804000000008,1.4929614,0
0.7801466999999995,1.4929614,0
0.7901726999999994,1.4929614,0
0.8001287999999995,1.4929614,0
0.8102604000000007,1.4929614,0
0.8202254000000018,1.4929614,0
0.8300987000000006,1.4929614,0
0.8401831000000008,1.4929614,0
0.8502165999999995,1.4929614,0
0.8603823000000013,1.4929614,0
0.8702312000000028,1.4929614,0
0.8802054000000012,1.4929614,0
0.8902061000000003,1.4929614,0
0.900204500000001,1.4929614,0
0.910214100000001,1.4929614,0
0.9202490000000019,1.4929614,0
0.9301327000000015,1.4929614,0
0.9401815000000013,1.4929614,0
0.9503006999999997,1.4929614,0
0.9602305000000015,1.4929614,0
0.9701510000000013,1.4929614,0
0.9801616000000024,1.4929614,0
0.9902045000000008,1.4929614,0
1.0002175000000015,1.4929614,0
1.0103420000000014,1.4929614,0
1.0238824000000015,1.4929614,0
1.0301582000000025,1.4929614,0
1.0402445,1.4929614,0
1.050142300000001,1.4929614,0
1.0602379000000006,1.4929614,0
1.070238800000002,1.4929614,0
1.0801097000000013,1.4929614,0
1.0901767000000007,1.4929614,0
1.1001253999999996,1.4929614,0
1.1103386000000022,1.4929614,0
1.120241,1.4929614,0
1.1302189000000027,1.4929614,0
1.1400711000000001,1.4929614,0
1.1502441999999995,1.4929614,0
1.1602768000000019,1.4929614,0
1.1702174999999997,1.4929614,0
1.1801182000000026,1.4929614,0
1.190124400000002,1.4929614,0
1.200156100000001,1.4929614,0
1.2103082,1.4929614,0
1.2202189000000025,1.4929614,0
1.2301645000000008,1.4929614,0
1.240311000000002,1.4929614,0
1.2501376000000022,1.4929614,0
1.260299100000001,1.4929614,0
1.270181400000002,1.4929614,0
1.2801316000000007,1.4929614,0
1.2902889000000002,1.4929614,0
1.300135700000002,1.4929614,0
1.3101532999999996,1.4929614,0
1.3202174000000007,1.4929614,0
1.3301620000000014,1.4929614,0
1.3402024000000026,1.4929614,0
1.3502408000000017,1.4929614,0
1.3601971000000006,1.4929614,0
1.3702016000000015,1.4929614,0
1.3801392999999997,1.4929614,0
1.3902031000000008,1.4929614,0
1.4001385000000006,1.4929614,0
1.4101020999999996,1.4929614,0
1.4202110000000019,1.4929614,0
1.4301183000000002,1.4929614,0
1.4403904999999995,1.4929614,0
1.4501909000000026,1.4929614,0
1.4601940000000013,1.4929614,0
1.4701786000000006,1.4929614,0
1.4802222,1.4929614,0
1.4902452000000004,1.4929614,0
1.5001227000000021,1.4929614,0
1.5102256999999994,1.4929614,0
1.5202840000000002,1.4929614,0
1.5302577,1.4929614,0
1.540307900000002,1.4929614,0
1.5502862999999998,1.4929614,0
1.5603061000000018,1.4929614,0
1.5702580000000026,1.4929614,0
1.5800773000000028,1.4929614,0
1.5902012000000028,1.4929614,0
1.6001273000000005,1.4929614,0
1.6101530000000004,1.4929614,0
1.6202690000000004,1.4929614,0
1.6301875000000017,1.4929614,0
1.6402827000000002,1.4929614,0
1.6501370000000009,1.4929614,0
1.6601905000000023,1.4929614,0
1.6701836000000014,1.4929614,0
1.6802445000000006,1.4929614,0
1.6902910999999996,1.4929614,0
1.7001796999999996,1.4929614,0
1.7101682000000018,1.4929614,0
1.7202277000000024,1.4929614,0
1.7301605000000002,1.4929614,0
1.7401754999999994,1.4929614,0
1.7501376000000022,1.4929614,0
1.7602794000000017,1.4929614,0
1.7702109999999998,1.4929614,0
1.780085500000002,1.4929614,0
1.7901115999999995,1.4929614,0
1.8001907000000017,1.4929614,0
1.8102459000000017,1.4929614,0
1.8202251000000018,1.4929614,0
1.8301322000000013,1.4929614,0
1.8403787999999999,1.4929614,0
1.8501954000000005,1.4929614,0
1.8601872000000022,1.4929614,0
1.870236000000002,1.4929614,0
1.8801568000000017,1.4929614,0
1.8902367000000027,1.4929614,0
1.9001265000000025,1.4929614,0
1.9101993999999998,1.4929614,0
1.9201914000000002,1.4929614,0
1.9302063000000018,1.4929614,0
1.9401261000000005,1.4929614,0
1.9501977000000004,1.4929614,0
1.9602789999999999,1.4929614,0
1.9701953000000003,1.4929614,0
1.9801016000000011,1.4929614,0
1.9901088000000016,1.4929614,0
2.000160600000001,1.4929614,0
2.010278500000002,1.4929614,0
2.0202012000000025,1.4929614,0
2.0301541000000007,1.4929614,0
2.0404494,1.4929614,0
2.0502369000000016,1.4929614,0
2.0602497,1.4929614,0
2.070147500000001,1.4929614,0
2.0801900999999994,1.4929614,0
2.0901536000000007,1.4929614,0
2.1003013999999993,1.4929614,0
2.1102083,1.4929614,0
2.1202866,1.4929614,0
2.1301647000000017,1.4929614,0
2.140188900000002,1.4929614,0
2.1502476,1.4929614,0
2.160283700000001,1.4929614,0
2.1702958000000017,1.4929614,0
2.1801291999999997,1.4929614,0
2.1903317000000015,1.4929614,0
2.200118500000002,1.4929614,0
2.210286,1.4929614,0
2.2202195000000025,1.4929614,0
2.2302333999999995,1.4929614,0
2.2405056000000023,1.4929614,0
2.2502011999999993,1.4929614,0
2.2601960000000005,1.4929614,0
2.2701791,1.4929614,0
2.2800952000000017,1.4929614,0
2.2901489999999995,1.4929614,0
2.3001694000000015,1.4929614,0
2.3104007000000024,1.4929614,0
2.320306200000001,1.4929614,0
2.3303426000000016,1.4929614,0
2.340408400000001,1.4929614,0
2.3502329000000017,1.4929614,0
2.3604891000000023,1.4929614,0
2.3704137000000003,1.4929614,0
2.380218300000003,1.4929614,0
2.3904963000000023,1.4929614,0
2.4003425000000007,1.4929614,0
2.410223600000002,1.4929614,0
2.420230700000001,1.4929614,0
2.4301188000000025,1.4929614,0
2.4402098000000016,1.4929614,0
2.450180800000002,1.4929614,0
2.4602927,1.4929614,0
2.470245200000001,1.4929614,0
2.4801482999999998,1.4929614,0
2.4900766999999995,1.4929614,0
2.500101000000001,1.4929614,0
2.510330500000002,1.4929614,0
2.5202366000000005,1.4929614,0
2.5302867000000013,1.4929614,0
2.5403523999999997,1.4929614,0
2.5503127000000028,1.4929614,0
2.560409100000001,1.4929614,0
2.5703595999999997,1.4929614,0
2.5803905,1.4929614,0
2.5904705999999997,1.4929614,0
2.6003647,1.4929614,0
2.6101093000000013,1.4929614,0
2.620182500000002,1.4929614,0
2.6301638999999994,1.4929614,0
2.6402151000000025,1.4929614,0
2.650165300000001,1.4929614,0
2.6602645000000003,1.4929614,0
2.6702083000000023,1.4929614,0
2.6801854000000027,1.4929614,0
2.690099700000001,1.4929614,0
2.7001540000000013,1.4929614,0
2.710265500000002,1.4929614,0
2.7201648000000027,1.4929614,0
2.7302610000000023,1.4929614,0
2.7401142000000007,1.4929614,0
2.7501112000000028,1.4929614,0
2.7602974000000025,1.4929614,0
2.7701744999999995,1.4929614,0
2.7801188000000003,1.4929614,0
2.790109000000001,1.4929614,0
2.8002059000000017,1.4929614,0
2.8101350000000025,1.4929614,0
2.8202297000000023,1.4929614,0
2.8301070000000017,1.4929614,0
2.8402473000000015,1.4929614,0
2.8502325000000006,1.4929614,0
2.860247300000001,1.4929614,0
2.8702536000000016,1.4929614,0
2.880221200000001,1.4929614,0
2.890270300000001,1.4929614,0
2.900143700000001,1.4929614,0
2.9102342000000014,1.4929614,0
2.920354800000002,1.4929614,0
2.930174700000002,1.4929614,0
2.9402211000000023,1.4929614,0
2.9501474000000023,1.4929614,0
2.9602368000000006,1.4929614,0
2.970237300000001,1.4929614,0
2.9801315000000024,1.4929614,0
2.990137400000002,1.4929614,0
3.0001809,1.4929614,0
3.0102694999999997,1.4929614,0
3.0202222000000027,1.4929614,0
3.0301297,1.4929614,0
3.0401416999999995,1.4929614,0
3.0501716000000023,1.4929614,0
3.0601651000000025,1.4929614,0
3.0703639000000003,1.4929614,0
3.0800923000000004,1.4929614,0
3.0903022,1.4929614,0
3.1002801000000026,1.4929614,0
3.1102924000000023,1.4929614,0
3.1201469000000017,1.4929614,0
3.130168000000001,1.4929614,0
3.140117400000001,1.4929614,0
3.1501824999999997,1.4929614,0
3.160190400000001,1.4929614,0
3.1701672000000016,1.4929614,0
3.1803669000000028,1.4929614,0
3.1901652000000027,1.4929614,0
3.2001011000000013,1.4929614,0
3.2101900000000008,1.4929614,0
3.2202351,1.4929614,0
3.2301315000000024,1.4929614,0
3.240164100000001,1.4929614,0
3.2502008999999994,1.4929614,0
3.260118500000001,1.4929614,0
3.2702774000000012,1.4929614,0
3.2801419000000003,1.4929614,0
3.290291800000002,1.4929614,0
3.3002195000000007,1.4929614,0
3.3101207000000024,1.4929614,0
3.3202734000000014,1.4929614,0
3.3301251,1.4929614,0
3.340129300000001,1.4929614,0
3.3502424000000026,1.4929614,0
3.3602086,1.4929614,0
3.3701947000000025,1.4929614,0
3.3801361000000014,1.4929614,0
3.390194000000001,1.4929614,0
3.4002928000000026,1.4929614,0
3.410312300000001,1.4929614,0
3.4202229000000024,1.4929614,0
3.430180700000001,1.4929614,0
3.4402193000000025,1.4929614,0
3.4501434000000017,1.4929614,0
3.4602061000000006,1.4929614,0
3.4703028000000025,1.4929614,0
3.4802441,1.4929614,0
3.4901762000000005,1.4929614,0
3.5001320000000007,1.4929614,0
3.5102147000000024,1.4929614,0
3.5201057999999996,1.4929614,0
3.530213400000001,1.4929614,0
3.5400702000000024,1.4929614,0
3.5500998000000017,1.4929614,0
3.5602902000000007,1.4929614,0
3.5702564000000017,1.4929614,0
3.5801671000000006,1.4929614,0
3.590175500000001,1.4929614,0
3.6002305999999997,1.4929614,0
3.6102869999999996,1.4929614,0
3.6204804999999993,1.4929614,0
3.6301135,1.4929614,0
3.6400658999999997,1.4929614,0
3.6501398000000016,1.4929614,0
3.6602117000000014,1.4929614,0
3.6702832,1.4929614,0
3.680107500000002,1.4929614,0
3.6902043000000013,1.4929614,0
3.700232100000001,1.4929614,0
3.7101684000000006,1.4929614,0
3.720205700000001,1.4929614,0
3.730125900000001,1.4929614,0
3.740165600000001,1.4929614,0
3.7501890000000024,1.4929614,0
3.760301000000002,1.4929614,0
3.7702823000000016,1.4929614,0
3.780100600000001,1.4929614,0
3.7901381,1.4929614,0
3.8002536000000013,1.4929614,0
3.8101667,1.4929614,0
3.820283800000002,1.4929614,0
3.8300614000000017,1.4929614,0
3.8401055,1.4929614,0
3.8501268999999994,1.4929614,0
3.8602781999999998,1.4929614,0
3.8704215000000026,1.4929614,0
3.880167,1.4929614,0
3.8904106000000027,1.4929614,0
3.9003909000000014,1.4929614,0
3.9103530000000006,1.4929614,0
3.9204103000000003,1.4929614,0
3.9304266000000005,1.4929614,0
3.9403989999999993,1.4929614,0
3.9503505000000025,1.4929614,0
3.9604639000000006,1.4929614,0
3.9703485,1.4929614,0
3.980247000000002,1.4929614,0
3.9902054000000007,1.4929614,0
4.000159500000002,1.4929614,0
4.010187999999999,1.4929614,0
4.020227200000001,1.4929614,0
4.030295800000001,1.4929614,0
4.040327900000001,1.4929614,0
4.0503648000000005,1.4929614,0
4.060255400000003,1.4929614,0
4.070248500000002,1.4929614,0
4.080318699999999,1.4929614,0
4.090207700000001,1.4929614,0
4.1001102,1.4929614,0
4.110207000000003,1.4929614,0
4.120225600000001,1.4929614,0
4.1301089,1.4929614,0
4.140137900000003,1.4929614,0
4.150233500000002,1.4929614,0
4.160292200000001,1.4929614,0
4.170143299999999,1.4929614,0
4.180341600000002,1.4929614,0
4.1901549,1.4929614,0
4.200099700000003,1.4929614,0
4.210355700000001,1.4929614,0
4.220207500000001,1.4929614,0
4.2301176,1.4929614,0
4.240071500000003,1.4929614,0
4.250108100000002,1.4929614,0
4.260224100000002,1.4929614,0
4.270349200000002,1.4929614,0
4.2801579000000025,1.4929614,0
4.290149899999999,1.4929614,0
4.300111300000001,1.4929614,0
4.310184700000001,1.4929614,0
4.320221100000001,1.4929614,0
4.3302285000000005,1.4929614,0
4.3400918,1.4929614,0
4.350108800000001,1.4929614,0
4.360293000000002,1.4929614,0
4.370287000000001,1.4929614,0
4.380111299999999,1.4929614,0
4.390211100000002,1.4929614,0
4.400190300000002,1.4929614,0
4.410097200000003,1.4929614,0
4.4201707,1.4929614,0
4.4301666,1.4929614,0
4.440196700000001,1.4929614,0
4.4501876,1.4929614,0
4.460195600000002,1.4929614,0
4.470243200000002,1.4929614,0
4.480156300000001,1.4929614,0
4.490214600000002,1.4929614,0
4.500299000000002,1.4929614,0
4.510191800000001,1.4929614,0
4.520345200000001,1.4929614,0
4.5300975,1.4929614,0
4.540195199999999,1.4929614,0
4.550121000000001,1.4929614,0
4.5602418,1.4929614,0
4.5701705,1.4929614,0
4.580091299999999,1.4929614,0
4.590115100000002,1.4929614,0
4.600147500000002,1.4929614,0
4.6102539,1.4929614,0
4.620294000000001,1.4929614,0
4.630133700000002,1.4929614,0
4.640056400000002,1.4929614,0
4.650115500000002,1.4929614,0
4.660231899999999,1.4929614,0
4.670376000000001,1.4929614,0
4.6801551,1.4929614,0
4.6901577,1.4929614,0
4.7001542,1.4929614,0
4.710250000000002,1.4929614,0
4.720220000000001,1.4929614,0
4.730151200000002,1.4929614,0
4.740168100000002,1.4929614,0
4.7500674000000025,1.4929614,0
4.760183300000001,1.4929614,0
4.7702606,1.4929614,0
4.780100700000002,1.4929614,0
4.790128300000003,1.4929614,0
4.8002821,1.4929614,0
4.810188800000002,1.4929614,0
4.820239000000001,1.4929614,0
4.8301389000000015,1.4929614,0
4.840202600000001,1.4929614,0
4.850150200000002,1.4929614,0
4.8601851000000025,1.4929614,0
4.870180700000002,1.4929614,0
4.880406600000001,1.4929614,0
4.8900848,1.4929614,0
4.9001403,1.4929614,0
4.910277499999999,1.4929614,0
4.920357600000003,1.4929614,0
4.9301429,1.4929614,0
4.940183000000001,1.4929614,0
4.9502159,1.4929614,0
4.960301100000002,1.4929614,0
4.970167400000001,1.4929614,0
4.980143000000002,1.4929614,0
4.990232800000001,1.4929614,0
5.000115100000002,1.4929614,0
5.0105766,1.4929614,0
5.0202098,1.4929614,0
5.030135000000001,1.4929614,0
5.0401059,1.4929614,0
5.050157000000002,1.4929614,0
5.0603663999999995,1.4929614,0
5.070226700000003,1.4929614,0
5.080225200000001,1.4929614,0
5.090139199999999,1.4929614,0
5.1003012000000005,1.4929614,0
5.1101837,1.4929614,0
5.120193100000002,1.4929614,0
5.130196600000001,1.4929614,0
5.140146100000003,1.4929614,0
5.150137300000001,1.4929614,0
5.160186400000001,1.4929614,0
5.170210900000001,1.4929614,0
5.1803341,1.4929614,0
5.190203800000003,1.4929614,0
5.2001141,1.4929614,0
5.210282800000002,1.4929614,0
5.220270300000003,1.4929614,0
5.230149000000001,1.4929614,0
5.240316100000001,1.4929614,0
5.250184900000001,1.4929614,0
5.2606018,1.4929614,0
5.2701992,1.4929614,0
5.280213100000001,1.4929614,0
5.290104500000002,1.4929614,0
5.300281900000002,1.4929614,0
5.310200300000002,1.4929614,0
5.320185000000002,1.4929614,0
5.3301348,1.4929614,0
5.340141600000003,1.4929614,0
5.3502632000000006,1.4929614,0
5.360151200000001,1.4929614,0
5.3701966,1.4929614,0
5.3801746,1.4929614,0
5.390186500000002,1.4929614,0
5.400112800000002,1.4929614,0
5.4104785,1.4929614,0
5.420216400000001,1.4929614,0
5.4300867,1.4929614,0
5.4404281999999995,1.4929614,0
5.4501221000000015,1.4929614,0
5.460160200000001,1.4929614,0
5.470186699999999,1.4929614,0
5.480119500000001,1.4929614,0
5.4900929000000005,1.4929614,0
5.500285100000003,1.4929614,0
5.510194900000002,1.4929614,0
5.520253200000003,1.4929614,0
5.5301899,1.4929614,0
5.540087100000001,1.4929614,0
5.550118600000001,1.4929614,0
5.560205200000002,1.4929614,0
5.570223000000002,1.4929614,0
5.5801394,1.4929614,0
5.590266100000001,1.4929614,0
5.600130800000002,1.4929614,0
5.610264600000001,1.4929614,0
5.6203153000000015,1.4929614,0
5.630106900000001,1.4929614,0
5.6402404,1.4929614,0
5.650294900000002,1.4929614,0
5.660243900000001,1.4929614,0
5.6701280999999994,1.4929614,0
5.680126700000002,1.4929614,0
5.690202200000002,1.4929614,0
5.700336500000002,1.4929614,0
5.710317700000001,1.4929614,0
5.720286100000003,1.4929614,0
5.730347699999999,1.4929614,0
5.740263200000001,1.4929614,0
5.750321200000002,1.4929614,0
5.760319200000001,1.4929614,0
5.781936099999999,1.4929614,0
5.799622200000002,1.4929614,0
5.803606600000002,1.4929614,0
5.804787900000001,1.4929614,0
5.810283699999999,1.4929614,0
5.820543799999999,1.4929614,0
5.8301742999999995,1.4929614,0
5.840374100000002,1.4929614,0
5.8502030000000005,1.4929614,0
5.8603286000000026,1.4929614,0
5.8702939,1.4929614,0
5.880138500000001,1.4929614,0
5.890159000000001,1.4929614,0
5.900122200000002,1.4929614,0
5.910179299999999,1.4929614,0
5.920216,1.4929614,0
5.930189800000001,1.4929614,0
5.9402154,1.4929614,0
5.950087700000001,1.4929614,0
5.960221100000002,1.4929614,0
5.970262600000002,1.4929614,0
5.980148800000002,1.4929614,0
5.9904914,1.4929614,0
6.0001418000000015,1.4929614,0
6.010360300000002,1.4929614,0
6.020236499999999,1.4929614,0
6.030182100000001,1.4929614,0
6.040135599999999,1.4929614,0
6.0500944000000025,1.4929614,0
6.060140199999999,1.4929614,0
6.0701441,1.4929614,0
6.080159000000002,1.4929614,0
6.090097200000002,1.4929614,0
6.100065700000002,1.4929614,0
6.110227399999999,1.4929614,0
6.120212300000002,1.4929614,0
6.130213300000001,1.4929614,0
6.140086100000001,1.4929614,0
6.150093000000002,1.4929614,0
6.160222900000001,1.4929614,0
6.170267500000001,1.4929614,0
6.180264300000001,1.4929614,0
6.190175400000001,1.4929614,0
6.200121200000002,1.4929614,0
6.210208600000001,1.4929614,0
6.220323400000002,1.4929614,0
6.230233900000002,1.4929614,0
6.2403444000000015,1.4929614,0
6.250192600000002,1.4929614,0
6.260331600000001,1.4929614,0
6.270212400000002,1.4929614,0
6.280105300000002,1.4929614,0
6.2900317,1.4929614,0
6.3002503999999995,1.4929614,0
6.3103333,1.4929614,0
6.320215100000002,1.4929614,0
6.3302175,1.4929614,0
6.3402463000000004,1.4929614,0
6.3501434,1.4929614,0
6.360120000000002,1.4929614,0
6.370197000000001,1.4929614,0
6.380396600000001,1.4929614,0
6.390219999999999,1.4929614,0
6.400516800000002,1.4929614,0
6.4103030000000025,1.4929614,0
6.420210300000001,1.4929614,0
6.4302086,1.4929614,0
6.440178400000001,1.4929614,0
6.450098800000003,1.4929614,0
6.4602103,1.4929614,0
6.4702923000000006,1.4929614,0
6.4802423000000005,1.4929614,0
6.4900462999999995,1.4929614,0
6.500085200000001,1.4929614,0
6.510233599999999,1.4929614,0
6.5202168,1.4929614,0
6.530211700000002,1.4929614,0
6.540035700000001,1.4929614,0
6.5500933,1.4929614,0
6.5602777,1.4929614,0
6.570166800000003,1.4929614,0
6.580156200000001,1.4929614,0
6.590158000000002,1.4929614,0
6.600104900000002,1.4929614,0
6.610318299999999,1.4929614,0
6.620266600000001,1.4929614,0
6.630113100000003,1.4929614,0
6.6404867,1.4929614,0
6.6501515,1.4929614,0
6.6601817000000025,1.4929614,0
6.6701993,1.4929614,0
6.680157100000002,1.4929614,0
6.690125500000001,1.4929614,0
6.7001539,1.4929614,0
6.7101711,1.4929614,0
6.720181800000002,1.4929614,0
6.7302748,1.4929614,0
6.740150200000002,1.4929614,0
6.7502177,1.4929614,0
6.760207000000001,1.4929614,0
6.770136900000001,1.4929614,0
6.7801136,1.4929614,0
6.7901506000000005,1.4929614,0
6.800139400000003,1.4929614,0
6.810379900000001,1.4929614,0
6.8202432,1.4929614,0
6.8301016000000025,1.4929614,0
6.8401608,1.4929614,0
6.8501501000000005,1.4929614,0
6.860343400000001,1.4929614,0
6.870188800000001,1.4929614,0
6.880141600000002,1.4929614,0
6.8901298,1.4929614,0
6.900132900000003,1.4929614,0
6.910307800000002,1.4929614,0
6.920210300000001,1.4929614,0
6.930264900000001,1.4929614,0
6.9401197,1.4929614,0
6.950134300000002,1.4929614,0
6.9602121,1.4929614,0
6.9701798,1.4929614,0
6.980178800000001,1.4929614,0
6.990098400000001,1.4929614,0
7.000200800000002,1.4929614,0
7.0101999,1.4929614,0
7.020189300000002,1.4929614,0
7.030121100000002,1.4929614,0
7.040088900000001,1.4929614,0
7.0501684000000004,1.4929614,0
7.060291899999999,1.4929614,0
7.070174100000003,1.4929614,0
7.080173300000002,1.4929614,0
7.0902753999999995,1.4929614,0
7.1000543,1.4929614,0
7.110480000000003,1.4929614,0
7.1203243,1.4929614,0
7.1301874000000005,1.4929614,0
7.140153900000001,1.4929614,0
7.150200400000003,1.4929614,0
7.1601423,1.4929614,0
7.1701421,1.4929614,0
7.180514300000002,1.4929614,0
7.190132600000002,1.4929614,0
7.200116000000001,1.4929614,0
7.210288300000002,1.4929614,0
7.220180900000003,1.4929614,0
7.230131500000002,1.4929614,0
7.240259600000002,1.4929614,0
7.2501563,1.4929614,0
7.2602391,1.4929614,0
7.270234600000002,1.4929614,0
7.280115000000002,1.4929614,0
7.2902263000000005,1.4929614,0
7.300141500000002,1.4929614,0
7.310190200000001,1.4929614,0
7.3202397999999995,1.4929614,0
7.330088,1.4929614,0
7.340129900000001,1.4929614,0
7.3501519,1.4929614,0
7.360113900000002,1.4929614,0
7.370111900000001,1.4929614,0
7.380116700000002,1.4929614,0
7.3900732,1.4929614,0
7.4001105,1.4929614,0
7.410182200000001,1.4929614,0
7.420158799999999,1.4929614,0
7.4302220000000005,1.4929614,0
7.440066100000003,1.4929614,0
7.4501211000000005,1.4929614,0
7.460192200000002,1.4929614,0
7.470144000000001,1.4929614,0
7.480087100000002,1.4929614,0
7.4901987000000005,1.4929614,0
7.5000596,1.4929614,0
7.510185200000002,1.4929614,0
7.520178000000001,1.4929614,0
7.530100700000002,1.4929614,0
7.540378800000003,1.4929614,0
7.5503053000000016,1.4929614,0
7.5603432999999995,1.4929614,0
7.570309700000003,1.4929614,0
7.5802368000000016,1.4929614,0
7.590477800000002,1.4929614,0
7.600144100000001,1.4929614,0
7.610112000000001,1.4929614,0
7.6202396000000014,1.4929614,0
7.630126000000001,1.4929614,0
7.640263900000001,1.4929614,0
7.6502478000000025,1.4929614,0
7.660126600000002,1.4929614,0
7.6701605000000015,1.4929614,0
7.680218200000002,1.4929614,0
7.690389200000002,1.4929614,0
7.700330400000002,1.4929614,0
7.710372500000002,1.4929614,0
7.7202873000000025,1.4929614,0
7.730301000000001,1.4929614,0
7.740452700000002,1.4929614,0
7.7502680999999995,1.4929614,0
7.760383400000002,1.4929614,0
7.770307500000001,1.4929614,0
7.780299500000002,1.4929614,0
7.790253100000001,1.4929614,0
7.800257600000002,1.4929614,0
7.810282100000002,1.4929614,0
7.8202161,1.4929614,0
7.8300673,1.4929614,0
7.840114700000001,1.4929614,0
7.850141400000002,1.4929614,0
7.860272200000001,1.4929614,0
7.8701522,1.4929614,0
7.8800831,1.4929614,0
7.890239400000002,1.4929614,0
7.900208300000003,1.4929614,0
7.910376200000002,1.4929614,0
7.920120600000001,1.4929614,0
7.9301019,1.4929614,0
7.940119300000003,1.4929614,0
7.9500702000000025,1.4929614,0
7.9604246,1.4929614,0
7.970174200000002,1.4929614,0
7.980102500000001,1.4929614,0
7.990207700000003,1.4929614,0
8.0001064,1.4929614,0
8.010209,1.4929614,0
8.0202414,1.4929614,0
8.0301254,1.4929614,0
8.0403272,1.4929614,0
8.0501699,1.4929614,0
8.060280000000002,1.4929614,0
8.0701207,1.4929614,0
8.080212,1.4929614,0
8.0901298,1.4929614,0
8.100199700000001,1.4929614,0
8.1102752,1.4929614,0
8.120272800000002,1.4929614,0
8.130155600000002,1.4929614,0
8.140086100000001,1.4929614,0
8.150163900000003,1.4929614,0
8.160374100000002,1.4929614,0
8.1704054,1.4929614,0
8.180080100000001,1.4929614,0
8.1901182,1.4929614,0
8.2000986,1.4929614,0
8.210291000000002,1.4929614,0
8.220210300000002,1.4929614,0
8.230164900000002,1.4929614,0
8.240080600000002,1.4929614,0
8.250154600000002,1.4929614,0
8.260307100000002,1.4929614,0
8.270169500000002,1.4929614,0
8.280153900000002,1.4929614,0
8.2902311,1.4929614,0
8.300086500000003,1.4929614,0
8.310288200000002,1.4929614,0
8.320291700000002,1.4929614,0
8.330462700000002,1.4929614,0
8.3401322,1.4929614,0
8.3500729,1.4929614,0
8.360428300000002,1.4929614,0
8.370211000000001,1.4929614,0
8.3800962,1.4929614,0
8.3900984,1.4929614,0
8.400233800000002,1.4929614,0
8.410216600000002,1.4929614,0
8.420186400000002,1.4929614,0
8.430098000000001,1.4929614,0
8.4401257,1.4929614,0
8.450132700000001,1.4929614,0
8.460300500000002,1.4929614,0
8.470173000000003,1.4929614,0
8.480135700000002,1.4929614,0
8.4901625,1.4929614,0
8.500218100000001,1.4929614,0
8.510280100000003,1.4929614,0
8.5202138,1.4929614,0
8.5300379,1.4929614,0
8.5400615,1.4929614,0
8.5501055,1.4929614,0
8.5602658,1.4929614,0
8.5702009,1.4929614,0
8.580176300000002,1.4929614,0
8.5900863,1.4929614,0
8.6001348,1.4929614,0
8.6102432,1.4929614,0
8.620248200000002,1.4929614,0
8.6301411,1.4929614,0
8.640089500000002,1.4929614,0
8.650148400000003,1.4929614,0
8.6603241,1.4929614,0
8.670250900000003,1.4929614,0
8.680143900000001,1.4929614,0
8.690183700000002,1.4929614,0
8.700120600000002,1.4929614,0
8.710169100000002,1.4929614,0
8.720175600000001,1.4929614,0
8.7301651,1.4929614,0
8.7401272,1.4929614,0
8.7500854,1.4929614,0
8.760238600000001,1.4929614,0
8.770157000000001,1.4929614,0
8.780209900000003,1.4929614,0
8.790326200000003,1.4929614,0
8.800123900000003,1.4929614,0
8.8101938,1.4929614,0
8.8202642,1.4929614,0
8.8301215,1.4929614,0
8.840065900000003,1.4929614,0
8.850138400000002,1.4929614,0
8.860278000000001,1.4929614,0
8.870142900000001,1.4929614,0
8.8802469,1.4929614,0
8.8900471,1.4929614,0
8.9001494,1.4929614,0
8.910260400000002,1.4929614,0
8.9201637,1.4929614,0
8.930207900000003,1.4929614,0
8.9401325,1.4929614,0
8.9500852,1.4929614,0
8.960282,1.4929614,0
8.9703646,1.4929614,0
8.980091900000001,1.4929614,0
8.990075700000002,1.4929614,0
9.000107400000001,1.4929614,0
9.010207100000002,1.4929614,0
9.020254700000002,1.4929614,0
9.0301376,1.4929614,0
9.040312700000001,1.4929614,0
9.050105300000002,1.4929614,0
9.060485700000001,1.4929614,0
9.0703131,1.4929614,0
9.0803094,1.4929614,0
9.090328,1.4929614,0
9.100123100000001,1.4929614,0
9.1104807,1.4929614,0
9.120246000000002,1.4929614,0
9.1301007,1.4929614,0
9.140134500000002,1.4929614,0
9.150176900000002,1.4929614,0
9.1602186,1.4929614,0
9.1701726,1.4929614,0
9.1801672,1.4929614,0
9.190145400000002,1.4929614,0
9.200108,1.4929614,0
9.210303800000002,1.4929614,0
9.2201588,1.4929614,0
9.230071300000002,1.4929614,0
9.240085100000002,1.4929614,0
9.250081900000001,1.4929614,0
9.2602589,1.4929614,0
9.270357100000002,1.4929614,0
9.280153000000002,1.4929614,0
9.290170700000001,1.4929614,0
9.300133800000001,1.4929614,0
9.3104914,1.4929614,0
9.320148500000002,1.4929614,0
9.3301953,1.4929614,0
9.340208800000003,1.4929614,0
9.350185500000002,1.4929614,0
9.360189900000002,1.4929614,0
9.3701966,1.4929614,0
9.380105,1.4929614,0
9.3905214,1.4929614,0
9.4001601,1.4929614,0
9.410198300000001,1.4929614,0
9.420169000000001,1.4929614,0
9.4300462,1.4929614,0
9.440080300000002,1.4929614,0
9.450101500000002,1.4929614,0
9.460263400000002,1.4929614,0
9.4701099,1.4929614,0
9.480098700000003,1.4929614,0
9.490225500000001,1.4929614,0
9.5000994,1.4929614,0
9.5103544,1.4929614,0
9.520268900000001,1.4929614,0
9.530309200000001,1.4929614,0
9.540416400000002,1.4929614,0
9.5502301,1.4929614,0
9.560415000000003,1.4929614,0
9.570220200000001,1.4929614,0
9.5802452,1.4929614,0
9.590330300000002,1.4929614,0
9.6003337,1.4929614,0
9.610293600000002,1.4929614,0
9.6201863,1.4929614,0
9.630143500000003,1.4929614,0
9.640168800000001,1.4929614,0
9.6502984,1.4929614,0
9.6601575,1.4929614,0
9.670175800000003,1.4929614,0
9.6801369,1.4929614,0
9.690186700000002,1.4929614,0
9.700146800000002,1.4929614,0
9.710475300000002,1.4929614,0
9.7201323,1.4929614,0
9.7300465,1.4929614,0
9.7401573,1.4929614,0
9.750215400000002,1.4929614,0
9.760118000000002,1.4929614,0
9.7701396,1.4929614,0
9.7801048,1.4929614,0
9.790328200000001,1.4929614,0
9.8001468,1.4929614,0
9.8101926,1.4929614,0
9.820187100000002,1.4929614,0
9.830063200000001,1.4929614,0
9.840178300000002,1.4929614,0
9.8501516,1.4929614,0
9.8604478,1.4929614,0
9.870140000000003,1.4929614,0
9.880081,1.4929614,0
9.890061800000002,1.4929614,0
9.900239500000001,1.4929614,0
9.9104123,1.4929614,0
9.920216400000001,1.4929614,0
9.930133900000001,1.4929614,0
9.9400942,1.4929614,0
9.9501061,1.4929614,0
9.960341500000002,1.4929614,0
9.970148600000002,1.4929614,0
9.980091400000003,1.4929614,0
9.990351400000002,1.4929614,0
10.000149200000003,1.4929614,0
10.0101883,1.4929614,0
10.020140000000001,1.4929614,0
10.030066400000003,1.4929614,0
10.0401156,1.4929614,0
10.0502091,1.4929614,0
10.0601974,1.4929614,0
10.070103,1.4929614,0
10.080168100000002,1.4929614,0
10.090181300000001,1.4929614,0
10.100089800000003,1.4929614,0
10.110386900000002,1.4929614,0
10.120173900000001,1.4929614,0
10.1300478,1.4929614,0
10.1402416,1.4929614,0
10.1500643,1.4929614,0
10.160274600000001,1.4929614,0
10.170177200000001,1.4929614,0
10.1801295,1.4929614,0
10.190220500000002,1.4929614,0
10.200143100000002,1.4929614,0
10.210311700000002,1.4929614,0
10.2202208,1.4929614,0
10.230077100000003,1.4929614,0
10.240187000000002,1.4929614,0
10.250167300000001,1.4929614,0
10.2603087,1.4929614,0
10.2702533,1.4929614,0
10.280167300000002,1.4929614,0
10.290053,1.4929614,0
10.3001216,1.4929614,0
10.310133100000002,1.4929614,0
10.3201577,1.4929614,0
10.330231100000002,1.4929614,0
10.340119000000001,1.4929614,0
10.3501701,1.4929614,0
10.360306400000002,1.4929614,0
10.370175200000002,1.4929614,0
10.380101800000002,1.4929614,0
10.390115300000001,1.4929614,0
10.400058600000001,1.4929614,0
10.410320000000002,1.4929614,0
10.4204343,1.4929614,0
10.4302256,1.4929614,0
10.440182100000001,1.4929614,0
10.450175700000003,1.4929614,0
10.4602136,1.4929614,0
10.4702384,1.4929614,0
10.480139100000002,1.4929614,0
10.490129500000002,1.4929614,0
10.500165500000001,1.4929614,0
10.510516300000003,1.4929614,0
10.520141900000002,1.4929614,0
10.530061,1.4929614,0
10.540163800000002,1.4929614,0
10.550202800000001,1.4929614,0
10.5601886,1.4929614,0
10.570140900000002,1.4929614,0
10.5801531,1.4929614,0
10.590117900000003,1.4929614,0
10.600123100000001,1.4929614,0
10.6104858,1.4929614,0
10.620492800000001,1.4929614,0
10.6301028,1.4929614,0
10.640153000000002,1.4929614,0
10.65013,1.4929614,0
10.660300500000002,1.4929614,0
10.6702719,1.4929614,0
10.680094200000003,1.4929614,0
10.6900835,1.4929614,0
10.700151300000002,1.4929614,0
10.710199900000003,1.4929614,0
10.720248300000002,1.4929614,0
10.730147300000002,1.4929614,0
10.740236500000002,1.4929614,0
10.7502547,1.4929614,0
10.760635,1.4929614,0
10.770323700000002,1.4929614,0
10.780302800000001,1.4929614,0
10.7903926,1.4929614,0
10.8002477,1.4929614,0
10.8103147,1.4929614,0
10.820213000000003,1.4929614,0
10.830079300000001,1.4929614,0
10.840050100000003,1.4929614,0
10.8501412,1.4929614,0
10.8602813,1.4929614,0
10.8701775,1.4929614,0
10.8800868,1.4929614,0
10.890141500000002,1.4929614,0
10.900048900000002,1.4929614,0
10.9102563,1.4929614,0
10.920190900000001,1.4929614,0
10.930066200000002,1.4929614,0
10.940098500000001,1.4929614,0
10.950146100000001,1.4929614,0
10.9603082,1.4929614,0
10.9701877,1.4929614,0
10.9800802,1.4929614,0
10.990002800000003,1.4929614,0
11.0001237,1.4929614,0
11.010229200000001,1.4929614,0
11.020213900000002,1.4929614,0
11.0300634,1.4929614,0
11.040651100000002,1.4929614,0
11.0501446,1.4929614,0
11.060177,1.4929614,0
11.0702019,1.4929614,0
11.0801187,1.4929614,0
11.0901249,1.4929614,0
11.1000756,1.4929614,0
11.1102035,1.4929614,0
11.1201781,1.4929614,0
11.130065900000002,1.4929614,0
11.140136900000002,1.4929614,0
11.150095400000001,1.4929614,0
11.160160100000002,1.4929614,0
11.1702273,1.4929614,0
11.1800964,1.4929614,0
11.1900747,1.4929614,0
11.200102300000001,1.4929614,0
11.2102349,1.4929614,0
11.2202333,1.4929614,0
11.230104100000002,1.4929614,0
11.240105200000002,1.4929614,0
11.2500921,1.4929614,0
11.260189400000002,1.4929614,0
11.2701496,1.4929614,0
11.280101300000002,1.4929614,0
11.290174700000001,1.4929614,0
11.300219000000002,1.4929614,0
11.310209400000002,1.4929614,0
11.320269500000002,1.4929614,0
11.3304224,1.4952426711066154,0
11.3405062,1.4966171528150143,0
11.3504432,1.4968019912757449,0
11.3607281,1.4982742386115526,0
11.370679800000001,1.5055643411012254,0
11.380560500000001,1.5016897447735287,0
11.3905822,1.507744319814678,0
11.400734100000001,1.5185149150550878,0
11.410770500000002,1.5338722271520582,0
11.4204781,1.5710799969446407,0
11.430627100000002,1.653680564451956,0
11.4406548,1.7329151590526688,0
11.4505108,1.7958364615996816,0
11.4605052,1.9113267337209237,0
11.470434000000001,1.9776205686609656,0
11.480488100000002,2.0989285138391334,0
11.494504500000001,2.217641137285366,0
11.5004597,2.292602280453833,0
11.5105894,2.3877683778149117,0
11.520493600000002,2.6065505791950154,0
11.530415300000001,2.5542033355265574,0
11.5404333,2.7289688707930124,0
11.550404800000003,2.8897820653972475,0
11.5607407,2.8675574236088672,0
11.570397400000001,3.2767144408227917,0
11.5836228,3.504565905439734,0
11.590459800000001,3.6206232744013063,0
11.600549,3.703160433111642,0
11.610504600000002,3.9067817003495064,0
11.620429100000003,4.102869906370529,0
11.633122400000001,4.231366100206485,0
11.640558200000001,4.4955759026401,0
11.650569100000002,4.630791777478766,0
11.6605369,4.75245400772832,0
11.6704367,5.031283839314333,0
11.6849257,5.131852375935964,0
11.6905118,5.388140587926246,0
11.700474100000001,5.5310448932559035,0
11.710608400000002,5.695979388205552,0
11.7205139,5.956087363031768,0
11.730293700000004,6.037212067551826,1.00000000458067e-06
11.7427305,6.073738876518667,0.012359299999999962
11.750449700000004,6.232279516750141,0.020088600000001122
11.760564899999999,6.396303222674444,0.03020010000000184
11.770551300000001,6.15700048270041,0.040192900000000975
11.7803683,6.5965495799240745,0.05005590000000382
11.790427100000002,6.74156490855173,0.060070200000005514
11.800529099999999,6.923202049463866,0.07019560000000524
11.8104917,7.032968092035166,0.08008130000000335
11.824050900000003,6.934080128015318,0.09369410000000045
11.837723000000004,7.35225325423583,0.10736460000000392
11.852018600000001,7.482660849647961,0.12169630000000353
11.852665899999998,7.506681101523312,0.12235050000000314
11.860625300000002,7.677540237620285,0.1301577999999992
11.870482700000004,7.665176724779058,0.14011930000000206
11.880639700000003,7.968833879342992,0.15027549999999934
11.8904012,7.917206792001785,0.16007050000000334
11.900534900000004,8.007826142431599,0.17019559999999956
11.916068700000004,8.314667798570671,0.18568100000000243
11.9204675,8.260285077108826,0.19014020000000187
11.930368100000003,8.508470269933717,0.20004050000000007
11.9404276,8.522522057577296,0.21005670000000265
11.950402400000002,8.751215137895052,0.22005910000000029
11.960556400000002,8.410890736681248,0.23022279999999995
11.970366300000002,8.751215137895052,0.24006179999999944
11.980374300000001,8.809541051581752,0.25005039999999923
11.9904997,8.883107682196407,0.2601206000000005
12.0005363,8.883107682196407,0.27016850000000403
12.0105534,9.047567273559713,0.2801581000000013
12.025326400000004,9.017395787665905,0.2949164000000053
12.030461100000004,8.927602077993871,0.30006910000000175
12.043753899999999,8.794915799605649,0.3134020000000035
12.050585500000004,8.987344746665283,0.32021600000000205
12.0606121,8.972364242669451,0.3302396999999999
12.070405999999998,8.987344746665283,0.34006120000000095
12.080609500000001,9.002355241650097,0.3502212
12.094501999999999,9.154122964824467,0.3641202000000021
12.100423300000003,8.927602077993871,0.3700724000000051
12.115085900000004,9.077859687091145,0.38474310000000145
12.131259900000003,9.450979388677672,0.40094210000000174
12.1320434,9.138809237726493,0.40169540000000126
12.140429300000001,9.26218092712718,0.41009370000000445
12.150440799999998,9.26218092712718,0.42010390000000086
12.160915799999998,10.57439625326279,0
12.175845799999998,9.27774164451191,1.7999999997186933e-06
12.1896043,9.387542439694219,0.013787600000000566
12.190413300000003,9.482888682273867,0.01459559999999982
12.2004995,9.450979388677672,0.02468780000000237
12.210501100000002,9.530992581754338,0.03458880000000164
12.220469600000001,9.498891256878826,0.04462930000000398
12.2304094,9.419197477321548,0.05457189999999912
12.240490100000002,9.482888682273867,0.0646423000000027
12.250558500000004,9.435072542049229,0.07465330000000137
12.2605297,9.563222569082706,0.08467380000000446
12.2704588,9.419197477321548,0.09462040000000371
12.280532800000003,9.482888682273867,0.10467620000000011
12.2905127,9.482888682273867,0.1145984999999996
12.300361500000001,9.403354130994348,0.12454809999999839
12.310434999999998,9.403354130994348,0.1345957999999996
12.320478600000001,9.482888682273867,0.14466140000000394
12.3304561,9.482888682273867,0.1545946000000029
12.340476899999999,9.32461096172274,0.1645639999999986
12.350401300000001,9.450979388677672,0.17454340000000457
12.360595000000004,9.371762340174383,0.18473149999999805
12.3704094,9.200248340363991,0.19459160000000253
12.380411199999998,9.138809237726493,0.20454150000000482
12.390444100000003,9.246651300076511,0.21457029999999833
12.400560200000001,9.293333514473604,0.22475210000000345
12.41048,9.27774164451191,0.23464030000000236
12.420644500000002,8.987344746665283,0.24479060000000175
12.435879800000002,9.138809237726493,0.2600289000000018
12.4527675,9.002355241650097,0.2768895000000029
12.453494,9.123526107475662,0.27763990000000405
12.460493300000003,9.184842454704212,0.2846225999999987
12.470421800000004,9.06269833412371,0.29456210000000027
12.480518000000004,8.987344746665283,0.3046727000000047
12.495166099999999,8.883107682196407,0.3193169999999981
12.500624700000003,8.897909494439109,0.32467720000000355
12.510863399999998,8.897909494439109,0.3348840000000024
12.520642500000001,8.94249296807631,0.34475750000000005
12.530582700000004,8.824195583331818,0.35470640000000486
12.540630999999998,8.736706421172222,0.36477930000000214
12.5503736,9.51492586865949,0.3745568000000006
12.565845199999998,8.751215137895052,0.38993220000000406
12.580705600000002,8.693353970055812,0.4048940999999999
12.581267099999998,8.452543313875262,0.4054904999999991
12.590408400000001,8.621675420423669,0.41454590000000024
12.600529700000003,8.522522057577296,0.4247112000000044
12.610471699999998,9.482888682273867,0.43458190000000485
12.6234441,8.369487326701252,0.4476261000000008
12.6380263,8.11295656128866,0.46216120000000416
12.640473499999999,8.21978259559808,0.46462259999999844
12.650389600000004,7.878756617124858,0.47454240000000425
12.6634211,7.739730070915215,0.48755270000000195
12.670405100000004,7.714779485070684,0.4945617999999996
12.6806227,7.518727305915347,0.5047624999999982
12.690384800000004,7.434907630411287,0.5145482000000001
12.700411799999998,7.446810144218417,0.5245922000000007
12.710481999999999,7.190375823008391,0.5345938000000032
12.720457100000004,7.144951555755833,0.5446461000000014
12.730440200000004,7.044065922350272,0.5545996000000031
12.740395,7.032968092035166,0.5645646999999983
12.750385600000001,6.966845205721355,0.5745383000000004
12.7631893,6.934080128015318,0.5873524000000003
12.770458599999998,6.966845205721355,0.594604799999999
12.780418600000004,6.934080128015318,0.6046054000000041
12.790437600000004,6.890698046687361,0.6146092999999979
12.8004775,7.01083890754158,0.6246657000000013
12.813082200000004,6.110559071938329,0.6372579000000016
12.8260881,6.485423557459608,0.6502145999999982
12.830457600000003,6.203908637400279,0.6546419000000014
12.840709600000004,5.956087363031768,0
12.854996100000001,5.815422409869826,0
12.8606616,5.612687495743965,0
12.870461900000002,5.596228086525299,0
12.880647000000003,5.44310400232517,0
12.8905052,5.451018922611801,0
12.9003746,5.547243047539965,0
12.910564300000004,6.9998074648463415,8.000000022434506e-07
12.924339600000003,5.458949688579403,0
12.937854999999999,5.571662089694587,0
12.940429299999998,5.547243047539965,0
12.950513300000004,5.763822758056602,0
12.960566399999998,5.411602145742623,0
12.9704288,5.3185946485283795,0
12.9806332,5.205430754645505,0
12.990687899999998,5.088406543766483,0
13.000760800000002,4.968103855907675,0
13.015089000000003,4.878828366150185,0
13.020375200000004,4.858553880234452,0
13.0304127,4.899224864653134,0
13.0405194,4.858553880234452,0
13.050430400000003,4.899224864653134,0
13.060777200000004,4.989037617526732,0
13.070436300000004,4.758986245804439,0
13.0806434,4.865298530396866,0
13.090401,4.71998806789923,0
13.100393799999999,4.580932645749876,0
13.110460400000001,4.47162403065012,0
13.1205067,4.371939454170687,0
13.130378399999998,4.231366100206485,0
13.140399899999998,4.29796447036223,0
13.1503527,4.1450185145715945,0
13.160704799999998,4.1878469244146395,0
13.170459300000005,4.182455823463794,0
13.180610899999998,4.182455823463794,0
13.190653500000003,4.214964756839351,0
13.200655300000001,4.236855119596617,0
13.2106304,4.3604331243554055,0
13.220592600000003,4.275587183093811,0
13.2304313,4.383491901478728,0
13.240737000000003,4.424291317624163,0
13.250669299999998,4.605762493882691,0
13.260633599999998,4.3604331243554055,0
13.270554000000004,4.418427800460581,0
13.280568199999998,4.242355128010889,0
13.2903996,4.242355128010889,0
13.300413400000004,4.087237231853853,0
13.310521800000004,4.102869906370529,0
13.3204627,4.051123695216862,0
13.330800699999998,4.166347063130264,0
13.340560400000001,4.097648589614982,0
13.350460400000003,4.015512225424479,0
13.360583400000003,4.242355128010889,0
13.3704477,4.544058342312084,0
13.380388000000004,4.513665973999837,0
13.390480099999998,4.47162403065012,0
13.400595500000001,4.436053591759902,0
13.410459100000004,4.544058342312084,0
13.420408899999998,4.377709901602981,0
13.430369499999998,4.343259697410357,0
13.440538099999998,4.303586819778257,0
13.450470500000002,4.123859913704242,0
13.460498999999999,4.097648589614982,0
13.470360800000002,4.076867436343846,0
13.480673600000003,4.193248818356781,0
13.490433700000004,4.348972727931358,0
13.500420900000002,4.430166573556925,0
13.510599900000003,4.537955530473567,0
13.520533399999998,4.624515672121202,0
13.5304273,4.745934821072582,0
13.540431300000002,4.758986245804439,0
13.550421300000004,4.851822705892051,0
13.5607598,4.798455220978574,0
13.570440599999998,4.707092324309132,0
13.580481200000001,4.785246235677236,0
13.590548900000002,4.94729532080311,0
13.600497000000004,4.968103855907675,0
13.6107309,5.010097359277957,0
13.624811900000005,5.117312465639354,0
13.630455099999999,5.341637676374042,0
13.6405107,5.451018922611801,0
13.650401500000001,5.539135871323494,0
13.660619699999998,5.679187476864623,0
13.6704747,5.780953888508232,0
13.680508700000004,5.850167785342203,0
13.690353600000002,6.0009763073095606,7.999999951380232e-07
13.7036302,5.956087363031768,0
13.719230000000003,5.965029276690851,0
13.720433800000002,5.89399222016673,0
13.730416599999998,5.920498011343938,0
13.7404875,6.455538361358687,1.300000000981072e-06
13.753452000000003,5.965029276690851,0
13.7688031,5.97398909207301,0
13.770403200000004,5.885192238641251,0
13.780366399999998,5.956087363031768,0
13.790413800000003,6.337774657733094,8.99999996306633e-07
13.804780300000004,6.110559071938329,0.014427200000000084
13.8106394,6.213346689581242,0.020205900000000554
13.820379600000003,6.289534513875581,0.03007350000000031
13.8304647,6.308772702657734,0.040127399999995816
13.8404375,6.4061264490717855,0.050097399999998515
13.8503173,6.289534513875581,0.059996900000001574
13.860512700000001,6.289534513875581,0.07012650000000065
13.8704818,6.376715611123658,0.0801018999999954
13.880584800000001,6.27994423832014,0.09020869999999803
13.890486799999998,6.270373124148044,0.1001285999999979
13.900413900000004,6.129079925238219,0.11007180000000005
13.9105767,6.241774367469408,0.12010599999999982
13.920524499999999,6.194489442460147,0.13018369999999635
13.930341500000004,6.0463163929775785,0.14002759999999626
13.9404361,5.991962571435397,0
13.954412099999999,5.938257097883617,0
13.96067,5.938257097883617,0
13.970557499999998,5.982966845017518,0
13.980471000000001,5.738254203876421,0
13.990532000000002,5.712838601706433,0
14.000450700000002,5.44310400232517,0
14.010511100000002,5.704400565352053,0
14.020445899999999,5.7981536807136225,0
14.0303799,5.7467600152602865,0
14.040645099999999,5.982966845017518,0
14.0503365,6.0645797609342535,1.0999999986438525e-06
14.063985199999998,6.138368170237612,0.013617100000004712
14.070403200000001,6.27994423832014,0.020044300000002124
14.080474299999999,6.241774367469408,0.030098700000003475
14.0904886,6.347480709865341,0.04007220000000444
14.100408000000002,6.27994423832014,0.050026899999998875
14.110700100000003,6.445616409894751,0.06030710000000283
14.120569799999998,6.555856970748401,0.07021870000000519
14.130567400000004,6.465480176582687,0.08013470000000211
14.140726399999998,6.5965495799240745,0.09028490000000033
14.1506076,6.576162582781321,0.1001528000000036
14.1606958,6.5965495799240745,0.11026820000000015
14.170555399999998,6.7205990086718055,0.12018410000000301
14.180545100000003,6.731071475665324,0.13014590000000226
14.1903486,6.752079349304772,0.14000370000000117
14.2004753,6.5965495799240745,0.15013950000000165
14.2105563,6.86913680573084,0.16020200000000528
14.220375500000003,7.032968092035166,0.17002680000000225
14.2331906,7.044065922350272,0.18281500000000506
14.2406267,7.259197235504502,0.19016870000000097
14.250380300000003,7.213224593376143,0.2000460000000004
14.260494999999999,7.167618265175428,0.21015090000000214
14.270431200000004,7.24766957253901,0.2200885000000028
14.280560700000002,7.293918879685199,0.23022089999999906
14.290446500000002,7.293918879685199,0.24006510000000247
14.300440700000003,7.47068670608361,0.2500873000000041
14.310573400000003,7.542892112532513,0.260124900000001
14.320534800000004,7.530797626824645,0.27018300000000295
14.330414600000005,7.567153771952609,0.28003130000000453
14.340484000000004,7.60372870967274,0.2900611000000026
14.350570599999998,7.665176724779058,0.30013980000000373
14.360780599999998,7.714779485070684,0.3103763000000015
14.370398999999999,7.677540237620285,0.32004970000000554
14.3803822,7.7023415681634235,0.33000979999999913
14.390493900000003,7.878756617124858,0.3400669000000036
14.400437000000004,7.815183446581865,0.35008910000000526
14.4106436,8.060181092143798,0.36023810000000367
14.424632199999998,8.08651605131745,0.3742984000000007
14.430418000000003,8.21978259559808,0.3800977000000003
14.440606899999999,8.383260870307085,0.3901922000000013
14.450549199999998,8.073335404255426,0.40010630000000447
14.460670499999999,8.21978259559808,0.41021510000000205
14.470420400000002,8.287422055190799,0.42007890000000003
14.480442500000002,8.301031304013586,0.4300964000000036
14.490423499999999,8.424747169969082,0.44007240000000536
14.500396800000004,8.301031304013586,0.4500299000000041
14.510671700000003,8.246757239301694,0.4602302999999992
14.520497800000001,8.301031304013586,0.4701088999999996
14.530505599999998,8.233256430132531,0.48010630000000276
14.540424000000002,8.424747169969082,0.49006119999999953
14.550372700000004,8.494446557780574,0.5000216000000037
14.5607216,8.480450865022997,0.5102925999999997
14.570476800000002,8.522522057577296,0.5201074000000006
14.580777099999999,8.536601976918485,0.5304033000000032
14.5903979,8.494446557780574,0.5400259000000034
14.6004687,8.67896086002344,0.5501310000000004
14.6105114,8.707775895113674,0.5601310999999995
14.620453099999999,8.635953844929547,0.5700836000000038
14.630439100000004,8.853592720743801,0.5801116000000022
14.6405983,8.452543313875262,0.5902338
14.6504166,8.707775895113674,0.6000800000000055
14.660557400000002,8.564846436085226,0.6101168000000001
14.670434499999999,8.650260854860331,0.6200240000000008
14.680443600000004,8.650260854860331,0.6301271000000028
14.690453400000003,8.536601976918485,0.6400784000000002
14.7003871,8.66459650744409,0.6500437999999988
14.710530400000003,8.751215137895052,0.6601495000000028
14.720537999999998,8.355741302653907,0.6701574000000008
14.730380799999999,8.522522057577296,0.6800315999999995
14.740383100000003,8.522522057577296,0.6900201000000052
14.750390000000003,8.67896086002344,0.7000632000000024
14.760640299999999,8.707775895113674,0.7102027000000035
14.7704163,8.369487326701252,0.7200751000000025
14.780397300000004,8.522522057577296,0.7300368000000006
14.790434099999999,8.67896086002344,0.7400773000000029
14.800475400000003,8.635953844929547,0.7501318999999995
14.810558300000004,8.508470269933717,0.760145399999999
14.820506299999998,8.593204099345877,0.7701485999999989
14.830418600000002,8.751215137895052,0.7800736000000015
14.840455500000004,8.452543313875262,0.7901020000000045
14.850400800000003,8.522522057577296,0.8000702000000004
14.860449700000004,8.579011088888649,0.8100913000000034
14.870499199999998,8.522522057577296,0.8200866000000033
14.880513200000003,8.438631343854855,0.8301429000000056
14.890362799999998,8.424747169969082,0.8400232000000045
14.9003935,8.369487326701252,0.8500547000000012
14.9106144,8.383260870307085,0.860213200000004
14.920573300000001,8.179522401387631,0.870194000000005
14.930612400000001,8.099723086052473,0.8801626000000056
14.940571599999998,8.073335404255426,0.8901692000000025
14.950578999999998,7.739730070915215,0.9001355000000046
14.965882,7.840536452576179,0.9154423000000023
14.9706488,7.789931650057636,0.9201955999999996
14.980572100000003,7.7023415681634235,0.9301662000000022
14.9903853,7.542892112532513,0.940029899999999
15.000589599999998,7.714779485070684,0.9502268000000029
15.0106191,7.6159692035057525,0.9601201999999986
15.020464600000004,7.677540237620285,0.9700834
15.0304498,7.677540237620285,0.9800900000000041
15.040510300000001,7.764780658974222,0.9901181000000037
15.050336700000003,7.7023415681634235,1.0000089000000045
15.060790500000003,7.727242302704185,1.0000089000000045
15.072292600000004,7.955888361417405,1.0000089000000045
15.086903200000002,7.994802717912391,1.0000089000000045
15.090493500000001,8.480450865022997,1.0000089000000045
15.100615099999999,8.287422055190799,1.0000089000000045
15.1106403,8.480450865022997,1.0000089000000045
15.120727000000002,8.494446557780574,1.0000089000000045
15.130630000000004,8.522522057577296,1.0000089000000045
15.140610100000004,8.522522057577296,1.0000089000000045
15.1506811,8.66459650744409,1.0000089000000045
15.160713299999998,8.751215137895052,1.0000089000000045
15.170567599999998,8.780319768902485,1.0000089000000045
15.180566800000001,8.722226692884746,1.0000089000000045
15.190696899999999,8.550710084276984,1.0000089000000045
15.200615400000004,8.957413669740566,1.0000089000000045
15.210598000000005,8.897909494439109,1.0000089000000045
15.220568300000004,8.722226692884746,1.0000089000000045
15.230514,8.809541051581752,1.0000089000000045
15.2406911,8.897909494439109,1.0000089000000045
15.2505575,8.927602077993871,1.0000089000000045
15.260666900000004,8.94249296807631,1.0000089000000045
15.270523000000004,9.002355241650097,1.0000089000000045
15.280501999999998,8.897909494439109,1.0000089000000045
15.290655800000003,9.002355241650097,1.0000089000000045
15.300631799999998,8.94249296807631,1.0000089000000045
15.310789200000002,8.736706421172222,1.0000089000000045
15.320684100000001,8.987344746665283,1.0000089000000045
15.330451000000004,8.780319768902485,1.0000089000000045
15.340654700000002,8.912740939929662,1.0000089000000045
15.350602000000002,8.751215137895052,1.0000089000000045
15.360855399999998,8.927602077993871,1.0000089000000045
15.370635999999998,8.957413669740566,1.0000089000000045
15.3805871,8.883107682196407,1.0000089000000045
15.390461800000004,9.002355241650097,1.0000089000000045
15.400637100000004,8.693353970055812,1.0000089000000045
15.410642000000003,9.002355241650097,1.0000089000000045
15.420535999999998,8.809541051581752,1.0000089000000045
15.430514199999998,8.707775895113674,1.0000089000000045
15.440715000000004,8.927602077993871,1.0000089000000045
15.4506042,8.853592720743801,1.0000089000000045
15.4605879,9.017395787665905,1.0000089000000045
15.4705364,8.987344746665283,1.0000089000000045
15.4806047,8.972364242669451,1.0000089000000045
15.4906486,8.987344746665283,1.0000089000000045
15.5005192,9.032466444874892,1.0000089000000045
15.5106258,8.987344746665283,1.0000089000000045
15.5207403,9.077859687091145,1.0000089000000045
15.530481800000004,8.94249296807631,1.0000089000000045
15.540616700000001,8.522522057577296,1.0000089000000045
15.550574500000003,8.972364242669451,1.0000089000000045
15.5608359,8.987344746665283,1.0000089000000045
15.570565800000004,9.231152701241395,1.0000089000000045
15.580512200000001,8.987344746665283,1.0000089000000045
15.590776500000004,8.972364242669451,1.0000089000000045
15.600722600000005,9.017395787665905,1.0000089000000045
15.610677899999999,9.032466444874892,1.0000089000000045
15.620514200000002,8.912740939929662,1.0000089000000045
15.6304601,8.987344746665283,1.0000089000000045
15.640700000000002,9.123526107475662,1.0000089000000045
15.650582100000001,8.780319768902485,1.0000089000000045
15.660684500000002,8.972364242669451,1.0000089000000045
15.670578400000004,8.868335443994296,1.0000089000000045
15.680592400000002,9.06269833412371,1.0000089000000045
15.690621100000001,8.987344746665283,1.0000089000000045
15.700558200000003,9.002355241650097,1.0000089000000045
15.710648900000002,9.06269833412371,1.0000089000000045
15.720826600000002,9.017395787665905,1.0000089000000045
15.730642700000004,9.002355241650097,1.0000089000000045
15.7407064,9.16946735002452,1.0000089000000045
15.750532400000004,9.032466444874892,1.0000089000000045
15.760876600000003,8.987344746665283,1.0000089000000045
15.7705087,9.215685068627405,1.0000089000000045
15.780470399999999,8.987344746665283,1.0000089000000045
15.790550000000003,8.987344746665283,1.0000089000000045
15.8007287,8.987344746665283,1.0000089000000045
15.8107252,9.017395787665905,1.0000089000000045
15.820464399999999,9.27774164451191,1.0000089000000045
15.830494899999998,9.154122964824467,1.0000089000000045
15.840658400000002,9.466918080834294,1.0000089000000045
15.850436200000004,9.123526107475662,1.0000089000000045
15.8607686,9.09305139310744,1.0000089000000045
15.870595899999998,9.27774164451191,1.0000089000000045
15.880545500000004,8.809541051581752,1.0000089000000045
15.890645400000004,9.077859687091145,1.0000089000000045
15.900535300000001,8.972364242669451,1.0000089000000045
15.9106564,9.138809237726493,1.0000089000000045
15.920721399999998,8.912740939929662,1.0000089000000045
15.9304736,9.06269833412371,1.0000089000000045
15.940660399999999,8.593204099345877,1.0000089000000045
15.950487700000004,8.912740939929662,1.0000089000000045
15.9607667,8.67896086002344,1.0000089000000045
15.970584199999998,8.480450865022997,1.0000089000000045
15.9807135,8.099723086052473,1.0000089000000045
15.9907221,7.555010811416895,1.0000089000000045
16.0007685,7.09988923293321,1.0000089000000045
16.0107693,6.270373124148044,1.0000089000000045
16.020591500000002,5.3185946485283795,1.0000089000000045
16.0306937,4.765531561429901,1.0000089000000045
16.040591499999998,4.1878469244146395,1.0000089000000045
16.050534900000002,3.452851986035198,1.0000089000000045
