0.0004935000000045875,1.4929614,0
0.010404599999986885,1.4929614,0
0.0324908999999991,1.4929614,0
0.03346030000000155,1.4929614,0
0.040394499999990785,1.4929614,0
0.050640100000009625,1.4929614,0
0.060487699999981714,1.4929614,0
0.07036469999999895,1.4929614,0
0.08045419999999126,1.4929614,0
0.09062040000000593,1.4929614,0
0.1002753999999868,1.4929614,0
0.1106424999999831,1.4929614,0
0.12029340000000843,1.4929614,0
0.13029699999998456,1.4929614,0
0.1403257999999994,1.4929614,0
0.15031869999998548,1.4929614,0
0.16041649999999663,1.4929614,0
0.17035849999999186,1.4929614,0
0.18029789999999934,1.4929614,0
0.19030290000000605,1.4929614,0
0.20026300000000674,1.4929614,0
0.21040059999998562,1.4929614,0
0.22031100000000947,1.4929614,0
0.23015069999999582,1.4929614,0
0.2402117999999973,1.4929614,0
0.25032819999998424,1.4929614,0
0.26048869999999624,1.4929614,0
0.27034620000000587,1.4929614,0
0.2802403999999967,1.4929614,0
0.2902091999999925,1.4929614,0
0.3003190000000018,1.4929614,0
0.31040089999999054,1.4929614,0
0.3202442999999846,1.4929614,0
0.3302084999999977,1.4929614,0
0.3402633000000037,1.4929614,0
0.35038190000000213,1.4929614,0
0.36035609999998996,1.4929614,0
0.3702261999999905,1.4929614,0
0.3803034999999966,1.4929614,0
0.39032649999998625,1.4929614,0
0.4002439999999865,1.4929614,0
0.4104485000000011,1.4929614,0
0.4202933999999914,1.4929614,0
0.4302160000000015,1.4929614,0
0.4403201000000081,1.4929614,0
0.4503415000000075,1.4929614,0
0.4604745000000037,1.4929614,0
0.4703027999999847,1.4929614,0
0.4802584999999908,1.4929614,0
0.4902984999999944,1.4929614,0
0.5003676999999982,1.4929614,0
0.510639900000001,1.4929614,0
0.5202009999999859,1.4929614,0
0.5302657999999951,1.4929614,0
0.5402929999999913,1.4929614,0
0.5503022999999985,1.4929614,0
0.5603432000000055,1.4929614,0
0.5702551999999912,1.4929614,0
0.5803060000000073,1.4929614,0
0.5901902999999891,1.4929614,0
0.600316499999991,1.4929614,0
0.610435300000006,1.4929614,0
0.6201879999999846,1.4929614,0
0.6301528999999846,1.4929614,0
0.6401911000000098,1.4929614,0
0.6504032999999936,1.4929614,0
0.6605356000000029,1.4929614,0
0.6702226999999823,1.4929614,0
0.6802577999999926,1.4929614,0
0.6902393999999958,1.4929614,0
0.7003272999999979,1.4929614,0
0.7103242000000023,1.4929614,0
0.7203863000000013,1.4929614,0
0.7301474999999868,1.4929614,0
0.7402471999999989,1.4929614,0
0.7502953000000048,1.4929614,0
0.7603361999999834,1.4929614,0
0.7701346000000058,1.4929614,0
0.7803111999999999,1.4929614,0
0.7901665999999921,1.4929614,0
0.8003910999999846,1.4929614,0
0.8104516999999873,1.4929614,0
0.8202497999999991,1.4929614,0
0.8303293999999823,1.4929614,0
0.8402225000000101,1.4929614,0
0.8502508999999918,1.4929614,0
0.8603405000000066,1.4929614,0
0.8702746999999817,1.4929614,0
0.8805859999999939,1.4929614,0
0.8905320000000074,1.4929614,0
0.9004924999999844,1.4929614,0
0.9103920000000016,1.4929614,0
0.9203334999999981,1.4929614,0
0.930477499999995,1.4929614,0
0.9403140999999948,1.4929614,0
0.9502631000000008,1.4929614,0
0.9602730999999949,1.4929614,0
0.9702461999999912,1.4929614,0
0.9803307999999902,1.4929614,0
0.9903849000000093,1.4929614,0
1.000314799999984,1.4929614,0
1.0145641999999953,1.4929614,0
1.0203385000000083,1.4929614,0
1.03032189999999,1.4929614,0
1.0402806999999825,1.4929614,0
1.0503890999999896,1.4929614,0
1.0604267999999877,1.4929614,0
1.0702514999999835,1.4929614,0
1.0804745000000082,1.4929614,0
1.0902336000000048,1.4929614,0
1.1002388999999937,1.4929614,0
1.1104422999999883,1.4929614,0
1.1203269000000091,1.4929614,0
1.1303713000000073,1.4929614,0
1.1405098999999836,1.4929614,0
1.150256899999988,1.4929614,0
1.1603417999999976,1.4929614,0
1.1704167999999981,1.4929614,0
1.1803620999999964,1.4929614,0
1.1903250999999955,1.4929614,0
1.2005213999999853,1.4929614,0
1.2103151000000025,1.4929614,0
1.2202139000000045,1.4929614,0
1.2302947999999958,1.4929614,0
1.2402524999999969,1.4929614,0
1.2503738999999996,1.4929614,0
1.2604952000000083,1.4929614,0
1.2703315999999916,1.4929614,0
1.2802276999999833,1.4929614,0
1.2903246999999851,1.4929614,0
1.3003372000000013,1.4929614,0
1.3103703999999823,1.4929614,0
1.3202910999999915,1.4929614,0
1.3301553000000013,1.4929614,0
1.3403165999999942,1.4929614,0
1.3503656999999976,1.4929614,0
1.3603928999999937,1.4929614,0
1.370381000000009,1.4929614,0
1.380330200000003,1.4929614,0
1.3903928999999948,1.4929614,0
1.4005958999999848,1.4929614,0
1.4104506999999842,1.4929614,0
1.4202900999999883,1.4929614,0
1.4303410999999926,1.4929614,0
1.440322899999984,1.4929614,0
1.4502982999999858,1.4929614,0
1.4604433000000085,1.4929614,0
1.4701799999999992,1.4929614,0
1.480231400000008,1.4929614,0
1.4902635999999916,1.4929614,0
1.500260400000002,1.4929614,0
1.5103220000000022,1.4929614,0
1.5202281999999911,1.4929614,0
1.530241899999993,1.4929614,0
1.540229299999993,1.4929614,0
1.5504893000000095,1.4929614,0
1.5603189999999927,1.4929614,0
1.5702594999999917,1.4929614,0
1.5802138999999897,1.4929614,0
1.5902308999999946,1.4929614,0
1.6004501999999832,1.4929614,0
1.610281499999985,1.4929614,0
1.6203270000000032,1.4929614,0
1.630311000000006,1.4929614,0
1.6402457000000084,1.4929614,0
1.650426799999991,1.4929614,0
1.660426699999988,1.4929614,0
1.6704074999999818,1.4929614,0
1.6805467000000078,1.4929614,0
1.690386899999993,1.4929614,0
1.7004997999999887,1.4929614,0
1.7104228000000035,1.4929614,0
1.720290900000009,1.4929614,0
1.7303511000000071,1.4929614,0
1.7403591000000063,1.4929614,0
1.7503428999999926,1.4929614,0
1.760350299999999,1.4929614,0
1.770283599999999,1.4929614,0
1.7802536000000089,1.4929614,0
1.7902507000000014,1.4929614,0
1.8003738999999825,1.4929614,0
1.8103954999999985,1.4929614,0
1.8202595999999858,1.4929614,0
1.8301606999999933,1.4929614,0
1.8402386999999862,1.4929614,0
1.8503992999999923,1.4929614,0
1.8604081999999948,1.4929614,0
1.8703486999999939,1.4929614,0
1.8801598999999953,1.4929614,0
1.8903178999999852,1.4929614,0
1.9003826999999944,1.4929614,0
1.910332899999986,1.4929614,0
1.9203398999999877,1.4929614,0
1.930400700000007,1.4929614,0
1.9404964999999947,1.4929614,0
1.9502991999999892,1.4929614,0
1.960382100000004,1.4929614,0
1.9702431999999988,1.4929614,0
1.9803057000000024,1.4929614,0
1.990208899999999,1.4929614,0
2.0003846999999837,1.4929614,0
2.010312599999992,1.4929614,0
2.0201787999999965,1.4929614,0
2.0302858000000015,1.4929614,0
2.0402368000000024,1.4929614,0
2.0503056000000015,1.4929614,0
2.0604100999999844,1.4929614,0
2.070233900000005,1.4929614,0
2.080211300000002,1.4929614,0
2.090348199999994,1.4929614,0
2.1003948000000037,1.4929614,0
2.1104358000000047,1.4929614,0
2.120325600000001,1.4929614,0
2.130245799999983,1.4929614,0
2.140188800000004,1.4929614,0
2.150379700000002,1.4929614,0
2.160294300000004,1.4929614,0
2.170226499999984,1.4929614,0
2.1802367999999888,1.4929614,0
2.190168299999982,1.4929614,0
2.2004274999999893,1.4929614,0
2.21044950000001,1.4929614,0
2.220199600000001,1.4929614,0
2.230242000000004,1.4929614,0
2.2401954999999987,1.4929614,0
2.2503621999999837,1.4929614,0
2.2603915999999913,1.4929614,0
2.2701834000000076,1.4929614,0
2.280290199999996,1.4929614,0
2.290314499999994,1.4929614,0
2.3003472000000045,1.4929614,0
2.310370799999987,1.4929614,0
2.3202093999999818,1.4929614,0
2.3301562999999987,1.4929614,0
2.3403252999999893,1.4929614,0
2.350458500000002,1.4929614,0
2.3603564999999946,1.4929614,0
2.3703708999999833,1.4929614,0
2.3803455999999983,1.4929614,0
2.390442699999994,1.4929614,0
2.4003265000000056,1.4929614,0
2.410291199999989,1.4929614,0
2.4203015999999877,1.4929614,0
2.430213600000002,1.4929614,0
2.440269199999989,1.4929614,0
2.4502376000000083,1.4929614,0
2.460366300000004,1.4929614,0
2.470326599999993,1.4929614,0
2.480216799999994,1.4929614,0
2.4904176000000007,1.4929614,0
2.500349699999987,1.4929614,0
2.5104340000000036,1.4929614,0
2.5202017999999953,1.4929614,0
2.530203,1.4929614,0
2.5402090000000044,1.4929614,0
2.5503616999999963,1.4929614,0
2.5603333999999904,1.4929614,0
2.570165000000003,1.4929614,0
2.5803292999999883,1.4929614,0
2.5903423999999973,1.4929614,0
2.6004165999999884,1.4929614,0
2.6103846999999973,1.4929614,0
2.620202500000005,1.4929614,0
2.63021599999999,1.4929614,0
2.6403205999999955,1.4929614,0
2.6503385999999978,1.4929614,0
2.6604276999999854,1.4929614,0
2.670201700000007,1.4929614,0
2.6802485000000047,1.4929614,0
2.6903504,1.4929614,0
2.7004719999999907,1.4929614,0
2.710510699999986,1.4929614,0
2.7204089999999894,1.4929614,0
2.730547400000006,1.4929614,0
2.7403611999999953,1.4929614,0
2.75027639999999,1.4929614,0
2.760366199999993,1.4929614,0
2.770271699999995,1.4929614,0
2.780211500000007,1.4929614,0
2.7903174999999862,1.4929614,0
2.8003630000000044,1.4929614,0
2.8102951999999846,1.4929614,0
2.8201865000000055,1.4929614,0
2.830294000000009,1.4929614,0
2.840393000000006,1.4929614,0
2.850337499999995,1.4929614,0
2.8603233000000046,1.4929614,0
2.8701916999999924,1.4929614,0
2.8801896999999883,1.4929614,0
2.890373100000005,1.4929614,0
2.900235600000002,1.4929614,0
2.9103489000000025,1.4929614,0
2.9201850000000036,1.4929614,0
2.9303755999999908,1.4929614,0
2.940275299999996,1.4929614,0
2.9502860000000055,1.4929614,0
2.9603342999999995,1.4929614,0
2.970255100000003,1.4929614,0
2.9802190999999993,1.4929614,0
2.990354300000007,1.4929614,0
3.000388999999984,1.4929614,0
3.0103269999999895,1.4929614,0
3.020232099999987,1.4929614,0
3.030290699999995,1.4929614,0
3.040236599999986,1.4929614,0
3.050320599999992,1.4929614,0
3.0605476000000067,1.4929614,0
3.0702303999999856,1.4929614,0
3.080334499999992,1.4929614,0
3.090318300000007,1.4929614,0
3.100510100000008,1.4929614,0
3.1104496000000097,1.4929614,0
3.1202386999999874,1.4929614,0
3.13027009999999,1.4929614,0
3.1402377,1.4929614,0
3.15034399999999,1.4929614,0
3.1602086000000043,1.4929614,0
3.170182899999986,1.4929614,0
3.180231099999986,1.4929614,0
3.190298200000001,1.4929614,0
3.2002762999999845,1.4929614,0
3.2102576999999997,1.4929614,0
3.220173999999986,1.4929614,0
3.2302937999999983,1.4929614,0
3.2403144999999824,1.4929614,0
3.2502977999999985,1.4929614,0
3.2603196000000025,1.4929614,0
3.270235100000008,1.4929614,0
3.280343700000003,1.4929614,0
3.2901584999999898,1.4929614,0
3.3003817999999967,1.4929614,0
3.310407099999992,1.4929614,0
3.3205077000000074,1.4929614,0
3.330274000000003,1.4929614,0
3.3403550999999823,1.4929614,0
3.3503273000000036,1.4929614,0
3.3603432999999825,1.4929614,0
3.370242499999989,1.4929614,0
3.3803253000000097,1.4929614,0
3.390454599999998,1.4929614,0
3.4003332000000057,1.4929614,0
3.410280599999993,1.4929614,0
3.4202128999999957,1.4929614,0
3.4305207999999823,1.4929614,0
3.4402867999999955,1.4929614,0
3.4503574999999955,1.4929614,0
3.460403499999984,1.4929614,0
3.4704235000000097,1.4929614,0
3.4801398999999833,1.4929614,0
3.490323999999987,1.4929614,0
3.5002878999999893,1.4929614,0
3.510393399999998,1.4929614,0
3.520487000000003,1.4929614,0
3.530368199999998,1.4929614,0
3.5406099999999867,1.4929614,0
3.55060850000001,1.4929614,0
3.5604842999999846,1.4929614,0
3.5703986999999984,1.4929614,0
3.5803894000000014,1.4929614,0
3.590252499999991,1.4929614,0
3.600366699999995,1.4929614,0
3.6104627999999934,1.4929614,0
3.620277200000004,1.4929614,0
3.630412399999983,1.4929614,0
3.640213899999992,1.4929614,0
3.6502797999999927,1.4929614,0
3.660353200000003,1.4929614,0
3.6703872999999874,1.4929614,0
3.6803089,1.4929614,0
3.6903250999999955,1.4929614,0
3.700420799999989,1.4929614,0
3.710277999999988,1.4929614,0
3.720324199999993,1.4929614,0
3.7303713000000016,1.4929614,0
3.740273699999989,1.4929614,0
3.7503639999999905,1.4929614,0
3.760384700000003,1.4929614,0
3.7702528000000086,1.4929614,0
3.780177699999996,1.4929614,0
3.7902766999999926,1.4929614,0
3.8003228000000036,1.4929614,0
3.810446600000006,1.4929614,0
3.8203083999999876,1.4929614,0
3.830151900000004,1.4929614,0
3.8401805999999965,1.4929614,0
3.8504020999999966,1.4929614,0
3.8603657999999825,1.4929614,0
3.8702117999999928,1.4929614,0
3.88032179999999,1.4929614,0
3.890334199999984,1.4929614,0
3.9002975999999876,1.4929614,0
3.9103819999999985,1.4929614,0
3.9203587000000084,1.4929614,0
3.9302782999999977,1.4929614,0
3.940294899999998,1.4929614,0
3.9502722999999946,1.4929614,0
3.960366300000004,1.4929614,0
3.9701770000000067,1.4929614,0
3.9801546999999857,1.4929614,0
3.990312099999983,1.4929614,0
4.000381500000003,1.4929614,0
4.010336300000006,1.4929614,0
4.02020619999999,1.4929614,0
4.030169099999995,1.4929614,0
4.040303899999998,1.4929614,0
4.0502544,1.4929614,0
4.060265999999984,1.4929614,0
4.070382300000006,1.4929614,0
4.080128099999996,1.4929614,0
4.090176499999984,1.4929614,0
4.100291300000009,1.4929614,0
4.110447899999997,1.4929614,0
4.120273900000001,1.4929614,0
4.1301804,1.4929614,0
4.1402085,1.4929614,0
4.1504435999999885,1.4929614,0
4.160528499999998,1.4929614,0
4.170215799999994,1.4929614,0
4.180198799999999,1.4929614,0
4.190196700000001,1.4929614,0
4.2003190000000075,1.4929614,0
4.21030429999999,1.4929614,0
4.220219399999991,1.4929614,0
4.230232099999995,1.4929614,0
4.240179299999994,1.4929614,0
4.250255100000004,1.4929614,0
4.260362299999997,1.4929614,0
4.270178200000004,1.4929614,0
4.280244899999985,1.4929614,0
4.290166999999997,1.4929614,0
4.30028200000001,1.4929614,0
4.310332399999993,1.4929614,0
4.320239600000008,1.4929614,0
4.330127099999999,1.4929614,0
4.340135400000008,1.4929614,0
4.350434399999983,1.4929614,0
4.360385399999984,1.4929614,0
4.370225500000004,1.4929614,0
4.3802187,1.4929614,0
4.390168200000005,1.4929614,0
4.4003370000000075,1.4929614,0
4.410309600000005,1.4929614,0
4.420131900000001,1.4929614,0
4.4301723000000095,1.4929614,0
4.4401822000000095,1.4929614,0
4.450298500000002,1.4929614,0
4.4603769,1.4929614,0
4.4702585,1.4929614,0
4.480247700000007,1.4929614,0
4.490182599999997,1.4929614,0
4.500324000000006,1.4929614,0
4.510342100000003,1.4929614,0
4.520249299999989,1.4929614,0
4.530258299999986,1.4929614,0
4.540189900000001,1.4929614,0
4.550416100000007,1.4929614,0
4.560290000000009,1.4929614,0
4.570282300000002,1.4929614,0
4.580338399999988,1.4929614,0
4.590167199999996,1.4929614,0
4.600471699999986,1.4929614,0
4.61040109999999,1.4929614,0
4.620506599999999,1.4929614,0
4.6305361000000005,1.4929614,0
4.640413199999983,1.4929614,0
4.650323899999989,1.4929614,0
4.660390699999994,1.4929614,0
4.67042459999999,1.4929614,0
4.680486699999989,1.4929614,0
4.69030699999999,1.4929614,0
4.700264900000008,1.4929614,0
4.710315399999985,1.4929614,0
4.720284200000009,1.4929614,0
4.730205600000005,1.4929614,0
4.740286400000002,1.4929614,0
4.750531199999983,1.4929614,0
4.760324199999985,1.4929614,0
4.770157399999988,1.4929614,0
4.780198999999982,1.4929614,0
4.790222499999999,1.4929614,0
4.800300800000002,1.4929614,0
4.810294699999986,1.4929614,0
4.820179199999984,1.4929614,0
4.830172599999997,1.4929614,0
4.840371900000008,1.4929614,0
4.850256299999984,1.4929614,0
4.860328399999986,1.4929614,0
4.870352699999984,1.4929614,0
4.8802914999999985,1.4929614,0
4.890281899999991,1.4929614,0
4.900346999999982,1.4929614,0
4.910239899999993,1.4929614,0
4.920265999999998,1.4929614,0
4.930316199999993,1.4929614,0
4.940174600000006,1.4929614,0
4.950325599999985,1.4929614,0
4.960373000000004,1.4929614,0
4.97026919999999,1.4929614,0
4.980256300000008,1.4929614,0
4.990283699999992,1.4929614,0
5.000349299999982,1.4929614,0
5.010364399999986,1.4929614,0
5.020201100000008,1.4929614,0
5.030169699999988,1.4929614,0
5.040237399999995,1.4929614,0
5.050439299999994,1.4929614,0
5.060379899999987,1.4929614,0
5.070273299999997,1.4929614,0
5.080129900000003,1.4929614,0
5.0902064,1.4929614,0
5.10024039999999,1.4929614,0
5.110317600000002,1.4929614,0
5.120197899999994,1.4929614,0
5.130179599999991,1.4929614,0
5.1402149999999835,1.4929614,0
5.1503840000000025,1.4929614,0
5.160314199999988,1.4929614,0
5.170137600000004,1.4929614,0
5.18020820000001,1.4929614,0
5.1901605999999845,1.4929614,0
5.200407899999988,1.4929614,0
5.210415699999999,1.4929614,0
5.22031659999999,1.4929614,0
5.230132699999984,1.4929614,0
5.240211600000009,1.4929614,0
5.250402600000001,1.4929614,0
5.260317799999996,1.4929614,0
5.270199899999994,1.4929614,0
5.280116599999985,1.4929614,0
5.290395700000005,1.4929614,0
5.300276099999991,1.4929614,0
5.310354099999984,1.4929614,0
5.3202268,1.4929614,0
5.33039500000001,1.4929614,0
5.3403471000000025,1.4929614,0
5.350524399999983,1.4929614,0
5.360422299999982,1.4929614,0
5.370397699999984,1.4929614,0
5.380637000000007,1.4929614,0
5.390331400000008,1.4929614,0
5.400199399999991,1.4929614,0
5.410396700000007,1.4929614,0
5.420352899999983,1.4929614,0
5.430209399999995,1.4929614,0
5.440367399999985,1.4929614,0
5.450222199999985,1.4929614,0
5.46038519999999,1.4929614,0
5.470232299999992,1.4929614,0
5.480135399999995,1.4929614,0
5.490326100000004,1.4929614,0
5.500354200000004,1.4929614,0
5.510303599999986,1.4929614,0
5.520126799999986,1.4929614,0
5.530129999999986,1.4929614,0
5.54032509999999,1.4929614,0
5.550337999999982,1.4929614,0
5.560329800000005,1.4929614,0
5.570180300000004,1.4929614,0
5.5801582,1.4929614,0
5.590165100000007,1.4929614,0
5.6002215000000035,1.4929614,0
5.6103240999999855,1.4929614,0
5.6201824999999985,1.4929614,0
5.630352799999997,1.4929614,0
5.6401605000000075,1.4929614,0
5.650364499999995,1.4929614,0
5.660293599999989,1.4929614,0
5.670296699999994,1.4929614,0
5.680280899999985,1.4929614,0
5.690190400000006,1.4929614,0
5.700333699999987,1.4929614,0
5.710396000000003,1.4929614,0
5.720156400000008,1.4929614,0
5.730247300000002,1.4929614,0
5.7402132999999935,1.4929614,0
5.750340800000004,1.4929614,0
5.760384999999985,1.4929614,0
5.770328699999993,1.4929614,0
5.780290199999996,1.4929614,0
5.790259099999986,1.4929614,0
5.800327299999992,1.4929614,0
5.810320499999989,1.4929614,0
5.820183899999989,1.4929614,0
5.830368700000008,1.4929614,0
5.840330599999987,1.4929614,0
5.850287299999991,1.4929614,0
5.860389099999992,1.4929614,0
5.870318900000001,1.4929614,0
5.880188099999998,1.4929614,0
5.890255300000007,1.4929614,0
5.900351099999995,1.4929614,0
5.910404900000003,1.4929614,0
5.920226999999983,1.4929614,0
5.930206099999992,1.4929614,0
5.940305199999983,1.4929614,0
5.950361200000003,1.4929614,0
5.960345200000006,1.4929614,0
5.970158800000007,1.4929614,0
5.980406700000003,1.4929614,0
5.990308099999993,1.4929614,0
6.000409300000001,1.4929614,0
6.0103546999999935,1.4929614,0
6.020229900000004,1.4929614,0
6.030236000000002,1.4929614,0
6.040178999999995,1.4929614,0
6.05031679999999,1.4929614,0
6.060276899999991,1.4929614,0
6.070348599999988,1.4929614,0
6.080153199999984,1.4929614,0
6.090171800000007,1.4929614,0
6.100303499999995,1.4929614,0
6.110265199999986,1.4929614,0
6.1201395999999875,1.4929614,0
6.1303135,1.4929614,0
6.140274500000004,1.4929614,0
6.150314399999985,1.4929614,0
6.16033920000001,1.4929614,0
6.170272899999986,1.4929614,0
6.180305500000003,1.4929614,0
6.190149300000002,1.4929614,0
6.200339499999984,1.4929614,0
6.210296099999994,1.4929614,0
6.220304199999987,1.4929614,0
6.230152500000003,1.4929614,0
6.240166399999993,1.4929614,0
6.250353099999984,1.4929614,0
6.260272700000002,1.4929614,0
6.270194199999992,1.4929614,0
6.280156599999998,1.4929614,0
6.29019790000001,1.4929614,0
6.300395299999991,1.4929614,0
6.310297899999995,1.4929614,0
6.320253600000001,1.4929614,0
6.330306500000006,1.4929614,0
6.340168900000009,1.4929614,0
6.350313699999987,1.4929614,0
6.36036390000001,1.4929614,0
6.370210499999985,1.4929614,0
6.380216300000001,1.4929614,0
6.390142300000008,1.4929614,0
6.400303399999984,1.4929614,0
6.4103946999999835,1.4929614,0
6.420204699999999,1.4929614,0
6.430279499999983,1.4929614,0
6.440238899999997,1.4929614,0
6.450375899999983,1.4929614,0
6.460399300000006,1.4929614,0
6.470212400000008,1.4929614,0
6.4801736000000005,1.4929614,0
6.490210200000007,1.4929614,0
6.5002297000000056,1.4929614,0
6.510334499999999,1.4929614,0
6.520386299999984,1.4929614,0
6.53020140000001,1.4929614,0
6.540148999999985,1.4929614,0
6.5502745999999945,1.4929614,0
6.560250300000007,1.4929614,0
6.570223800000008,1.4929614,0
6.580262299999987,1.4929614,0
6.590159800000009,1.4929614,0
6.600266299999987,1.4929614,0
6.610279599999984,1.4929614,0
6.620218099999988,1.4929614,0
6.630350899999996,1.4929614,0
6.6403826000000095,1.4929614,0
6.650317900000005,1.4929614,0
6.660434899999984,1.4929614,0
6.670309000000003,1.4929614,0
6.680288399999995,1.4929614,0
6.690365200000002,1.4929614,0
6.7004665000000045,1.4929614,0
6.710293000000007,1.4929614,0
6.720281400000005,1.4929614,0
6.730179499999991,1.4929614,0
6.740225399999986,1.4929614,0
6.750377100000009,1.4929614,0
6.760497999999984,1.4929614,0
6.770228500000002,1.4929614,0
6.780351199999984,1.4929614,0
6.790349099999986,1.4929614,0
6.800274999999999,1.4929614,0
6.810296999999991,1.4929614,0
6.820312900000005,1.4929614,0
6.830275099999994,1.4929614,0
6.840315299999986,1.4929614,0
6.850288399999982,1.4929614,0
6.860404700000004,1.4929614,0
6.870261699999986,1.4929614,0
6.880363899999992,1.4929614,0
6.8901136000000065,1.4929614,0
6.900405699999993,1.4929614,0
6.910240299999998,1.4929614,0
6.920254999999997,1.4929614,0
6.930281799999989,1.4929614,0
6.940293199999985,1.4929614,0
6.950357199999985,1.4929614,0
6.96028849999999,1.4929614,0
6.970213699999988,1.4929614,0
6.980265599999996,1.4929614,0
6.9901682999999935,1.4929614,0
7.000280500000002,1.4929614,0
7.010257699999983,1.4929614,0
7.020174499999996,1.4929614,0
7.030363700000009,1.4929614,0
7.0401826000000085,1.4929614,0
7.050324899999993,1.4929614,0
7.060309099999984,1.4929614,0
7.070221400000008,1.4929614,0
7.080218099999996,1.4929614,0
7.090142700000001,1.4929614,0
7.100221000000005,1.4929614,0
7.110270499999984,1.4929614,0
7.120255799999995,1.4929614,0
7.1301612999999975,1.4929614,0
7.140164099999993,1.4929614,0
7.150334499999985,1.4929614,0
7.1602187000000015,1.4929614,0
7.170278300000007,1.4929614,0
7.1805022000000065,1.4929614,0
7.190256500000004,1.4929614,0
7.2002688000000035,1.4929614,0
7.2102845,1.4929614,0
7.220155399999982,1.4929614,0
7.230423500000001,1.4929614,0
7.240474599999999,1.4929614,0
7.250587899999999,1.4929614,0
7.260288900000006,1.4929614,0
7.270405899999986,1.4929614,0
7.280346199999997,1.4929614,0
7.29030019999999,1.4929614,0
7.3005126999999845,1.4929614,0
7.310425000000009,1.4929614,0
7.320255500000002,1.4929614,0
7.330151299999983,1.4929614,0
7.340148699999986,1.4929614,0
7.350372899999996,1.4929614,0
7.3603966999999955,1.4929614,0
7.370331300000004,1.4929614,0
7.380068899999998,1.4929614,0
7.390151400000008,1.4929614,0
7.400291299999992,1.4929614,0
7.410490399999986,1.4929614,0
7.420182100000005,1.4929614,0
7.430276200000009,1.4929614,0
7.440212599999995,1.4929614,0
7.450316200000003,1.4929614,0
7.460278899999992,1.4929614,0
7.470314900000005,1.4929614,0
7.480141900000007,1.4929614,0
7.490465599999993,1.4929614,0
7.50035059999999,1.4929614,0
7.510319899999985,1.4929614,0
7.52030289999999,1.4929614,0
7.5303029000000095,1.4929614,0
7.540168199999982,1.4929614,0
7.5502386,1.4929614,0
7.560346399999986,1.4929614,0
7.570271300000002,1.4929614,0
7.580153800000005,1.4929614,0
7.5901944000000015,1.4929614,0
7.6002431,1.4929614,0
7.610392200000007,1.4929614,0
7.6201374999999985,1.4929614,0
7.630162899999988,1.4929614,0
7.640344199999987,1.4929614,0
7.650287700000007,1.4929614,0
7.660287299999993,1.4929614,0
7.670184199999994,1.4929614,0
7.6803164000000095,1.4929614,0
7.690178199999991,1.4929614,0
7.700328799999994,1.4929614,0
7.710346200000004,1.4929614,0
7.7202293,1.4929614,0
7.730155800000006,1.4929614,0
7.740349699999996,1.4929614,0
7.750376299999999,1.4929614,0
7.7602819999999895,1.4929614,0
7.770271799999989,1.4929614,0
7.780328800000007,1.4929614,0
7.79015849999999,1.4929614,0
7.800271000000009,1.4929614,0
7.810533200000009,1.4929614,0
7.820334699999989,1.4929614,0
7.830217500000003,1.4929614,0
7.84027789999999,1.4929614,0
7.850219100000004,1.4929614,0
7.860271499999982,1.4929614,0
7.870150099999989,1.4929614,0
7.880146499999995,1.4929614,0
7.890255800000006,1.4929614,0
7.90029770000001,1.4929614,0
7.9102366999999845,1.4929614,0
7.920330899999982,1.4929614,0
7.930183999999997,1.4929614,0
7.940140499999984,1.4929614,0
7.950328100000007,1.4929614,0
7.960427399999986,1.4929614,0
7.970244199999996,1.4929614,0
7.980200599999989,1.4929614,0
7.990122200000002,1.4929614,0
8.000213099999996,1.4929614,0
8.010296199999999,1.4929614,0
8.020198099999988,1.4929614,0
8.030120600000004,1.4929614,0
8.040306700000002,1.4929614,0
8.0502946,1.4929614,0
8.060507799999982,1.4929614,0
8.070239100000009,1.4929614,0
8.080253800000008,1.4929614,0
8.090150800000004,1.4929614,0
8.100254299999989,1.4929614,0
8.110338299999995,1.4929614,0
8.12021089999999,1.4929614,0
8.130144999999999,1.4929614,0
8.140155499999992,1.4929614,0
8.150331499999993,1.4929614,0
8.160271199999983,1.4929614,0
8.170144800000003,1.4929614,0
8.180156699999998,1.4929614,0
8.190189900000007,1.4929614,0
8.200238999999982,1.4929614,0
8.210287300000005,1.4929614,0
8.220202400000005,1.4929614,0
8.230194799999992,1.4929614,0
8.240207400000003,1.4929614,0
8.250264200000004,1.4929614,0
8.260344000000003,1.4929614,0
8.2701682,1.4929614,0
8.280159400000002,1.4929614,0
8.290165799999983,1.4929614,0
8.300302200000004,1.4929614,0
8.310256600000002,1.4929614,0
8.320189800000009,1.4929614,0
8.330230699999987,1.4929614,0
8.340187999999984,1.4929614,0
8.350282800000002,1.4929614,0
8.360214299999996,1.4929614,0
8.370149900000001,1.4929614,0
8.380162799999994,1.4929614,0
8.390187999999995,1.4929614,0
8.40038899999999,1.4929614,0
8.410186100000004,1.4929614,0
8.420528999999988,1.4929614,0
8.430593899999991,1.4929614,0
8.440187699999996,1.4929614,0
8.450407999999982,1.4929614,0
8.460311499999989,1.4929614,0
8.470255399999985,1.4929614,0
8.480235300000004,1.4929614,0
8.490188399999994,1.4929614,0
8.500292299999984,1.4929614,0
8.510338899999994,1.4929614,0
8.52010390000001,1.4929614,0
8.530147800000009,1.4929614,0
8.540148899999991,1.4929614,0
8.550374000000005,1.4929614,0
8.560333499999984,1.4929614,0
8.570251799999994,1.4929614,0
8.580239000000006,1.4929614,0
8.590315199999992,1.4929614,0
8.600214499999993,1.4929614,0
8.610287400000004,1.4929614,0
8.620348899999982,1.4929614,0
8.630248199999983,1.4929614,0
8.640207599999997,1.4929614,0
8.65023149999999,1.4929614,0
8.660590799999994,1.4957988113371776,0
8.670473200000004,1.513226230433393,0
8.680493499999983,1.524286742514914,0
8.690536100000003,1.5316289032348742,0
8.7004996,1.5573861267539344,0
8.710573600000004,1.573729523177549,0
8.720500299999998,1.6113972228192581,0
8.730523199999993,1.6178982400233017,0
8.740410400000002,1.6283061343566845,0
8.750770399999993,1.6848649889689973,0
8.760608099999985,1.713759433160966,0
8.770604899999995,1.7700393705591735,0
8.780549500000006,1.836958557670608,0
8.790477500000009,1.9428108881277675,0
8.800522400000006,2.0532071993798406,0
8.813632600000005,2.1509991754414917,0
8.820430899999991,2.2877986919473856,0
8.830514199999982,2.3405535581864845,0
8.840564599999993,2.500258678152588,0
8.850600100000008,2.5310378171818013,0
8.860524499999997,2.588821580137389,0
8.870539500000007,2.6591303697786306,0
8.880577399999993,2.724021297054081,0
8.890484299999997,2.8511207517960258,0
8.9005698,2.909522474752665,0
8.910490299999992,3.0905581197704244,0
8.924343300000004,3.1294459014292197,0
8.930678099999994,3.3758717745774436,0
8.940463599999987,3.5005400008753873,0
8.950565799999993,3.7614677144230857,0
8.960533499999997,3.854184394711384,0
8.970489200000003,3.7569285197020266,0
8.980485600000009,4.851822705892051,0
8.993343399999986,4.29796447036223,0
9.000511999999986,4.441952395781175,0
9.010481099999993,4.556300643961566,0
9.020477299999982,4.593322740001258,0
9.030416500000001,4.745934821072582,0
9.040679100000006,4.713533748234534,0
9.05054419999999,4.94038684094419,0
9.06063549999999,4.8924124296296645,0
9.070739299999985,5.031283839314333,0
9.095721199999986,4.961153800567885,0
9.097258799999992,5.235276624986227,0
9.114045900000008,5.242775474586181,0
9.114743900000008,5.3185946485283795,0
9.120640500000007,5.357076684510473,0
9.130532899999992,5.435204896059818,0
9.1408098,5.514911402176358,0
9.15088990000001,5.5310448932559035,0
9.16055990000001,5.5880230381356535,0
9.170457699999986,5.704400565352053,0
9.180671099999984,5.704400565352053,0
9.190468699999997,5.555366454334036,0
9.200469300000009,5.539135871323494,0
9.210496500000005,5.571662089694587,0
9.220449599999995,5.662462599012697,0
9.230445900000007,5.704400565352053,0
9.240550499999983,6.0009763073095606,7.999999809271685e-07
9.253514199999984,6.092112154082174,0.013007299999998168
9.260519099999982,6.101326389554399,0.019970999999998185
9.270494499999984,6.138368170237612,0.03000710000000595
9.28050619999999,6.037212067551826,0.03999310000000378
9.290435400000007,5.850167785342203,0
9.303571799999986,5.738254203876421,0
9.310615499999983,5.721293531020849,0
9.320387699999998,5.5310448932559035,0
9.330562399999991,5.357076684510473,0
9.340440299999983,5.3185946485283795,0
9.350538499999999,5.280495515201974,0
9.360561499999989,5.435204896059818,0
9.370418099999995,5.571662089694587,0
9.380501899999985,6.783749139762662,6.000000212225132e-07
9.393960399999997,5.629212874450519,0
9.408154199999984,5.571662089694587,0
9.410511999999983,5.654125213978834,0
9.420587299999994,5.5229700809732805,0
9.430600900000002,5.482837378116464,0
9.4405644,5.596228086525299,0
9.450664899999992,5.629212874450519,0
9.460605600000008,5.704400565352053,0
9.470472799999982,5.596228086525299,0
9.480509100000006,5.612687495743965,0
9.490470299999998,5.654125213978834,0
9.500582899999984,5.514911402176358,0
9.510528800000003,5.44310400232517,0
9.520593099999985,5.97398909207301,0
9.5305362,5.44310400232517,0
9.540435400000007,5.2729213009106,0
9.55046759999999,5.205430754645505,0
9.560538600000001,5.183202521501721,0
9.570446900000007,5.198006519845759,0
9.5804531,5.1100642912984755,0
9.590449199999995,5.066878353658739,0
9.600519200000008,5.052597820351426,0
9.610538200000008,4.968103855907675,0
9.6234259,4.513665973999837,0
9.63049190000001,5.198006519845759,0
9.6442658,5.059730946740808,0
9.650676500000003,4.9750678252675264,0
9.663585100000006,4.94729532080311,0
9.670778299999995,4.961153800567885,0
9.6804353,4.933492164237235,0
9.690511200000003,4.845104980444953,0
9.700623899999982,4.9750678252675264,0
9.71047680000001,4.99604349630527,0
9.720529599999992,5.066878353658739,0
9.734079500000007,4.885613605860449,0
9.747863800000005,4.906050938180612,0
9.750596000000002,5.010097359277957,0
9.763535200000007,4.845104980444953,0
9.77769889999999,4.878828366150185,0
9.780426699999992,4.8924124296296645,0
9.7905284,4.858553880234452,0
9.8005766,4.75245400772832,0
9.81049010000001,4.8250322290347345,0
9.820542499999988,4.845104980444953,0
9.830395100000004,4.858553880234452,0
9.840376599999985,4.618252106430505,0
9.85058699999999,4.624515672121202,0
9.860495799999995,4.593322740001258,0
9.870544599999988,4.580932645749876,0
9.8803968,4.624515672121202,0
9.890503999999993,4.649695582848366,0
9.90053660000001,4.675077740771481,0
9.910623499999986,4.612001055352405,0
9.92040399999999,5.153771582052348,0
9.934195099999982,4.556300643961566,0
9.947232799999995,4.662361279685841,0
9.950691000000006,4.587121497830505,0
9.960540600000002,4.75245400772832,0
9.970517799999982,4.550173371988041,0
9.980390199999988,4.675077740771481,0
9.990447599999982,4.745934821072582,0
10.000702200000006,4.675077740771481,0
10.010774999999995,4.612001055352405,0
10.020729999999986,4.858553880234452,0
10.030677499999996,4.758986245804439,0
10.040458699999988,4.933492164237235,0
10.050610699999993,5.0030634008624695,0
10.064300599999996,4.899224864653134,0
10.078398700000008,4.8924124296296645,0
10.080381099999983,4.8924124296296645,0
10.090411799999998,4.75245400772832,0
10.100550999999996,4.4955759026401,0
10.110492999999991,4.436053591759902,0
10.120447100000007,4.309220425145312,0
10.130473599999988,4.556300643961566,0
10.140493399999997,4.99604349630527,0
10.150574699999993,5.095611359267912,0
10.164650300000005,5.095611359267912,0
10.1705106,5.451018922611801,0
10.18042650000001,5.333941299963164,0
10.190551199999987,5.280495515201974,0
10.200554299999993,5.333941299963164,0
10.210525499999989,5.435204896059818,0
10.220476399999995,5.458949688579403,0
10.230502799999982,5.364819377992077,0
10.24054799999999,5.44310400232517,0
10.250506900000005,5.563506124199345,0
10.260575799999998,5.704400565352053,0
10.270548399999996,5.695979388205552,0
10.280418499999996,5.7981536807136225,0
10.290524900000008,5.867644987585125,0
10.30047479999999,5.938257097883617,0
10.310490999999985,6.0009763073095606,9.000000034120603e-07
10.32344839999999,6.147675010315886,0.012917399999992085
10.330535999999995,6.251288226892488,0.019977199999999584
10.340433599999983,6.110559071938329,0.029932699999989154
10.350550599999991,6.138368170237612,0.04006400000000099
10.36048550000001,6.15700048270041,0.04999430000000871
10.370403699999997,6.15700048270041,0.059908799999988105
10.380454700000001,6.328087998305943,0.06994040000000723
10.390465199999994,6.175707473670507,0.07993919999998411
10.400505699999997,6.289534513875581,0.09000919999999724
10.410516699999988,6.289534513875581,0.09998880000000554
10.4203871,6.27994423832014,0.10990250000000401
10.430466199999984,5.738254203876421,0
10.444934200000006,6.435714282503059,6.000000212225132e-07
10.458440499999995,6.475441895334031,0.013503400000018928
10.460487,6.617018288369059,0.01552270000001954
10.470740199999995,6.858388484023861,0.02578980000001252
10.480454399999985,6.9449799844945455,0.03548140000000899
10.490377899999999,7.066328281073982,0.04542960000000562
10.503342099999998,7.111121039461668,0.05838410000001204
10.510531799999995,7.236164941859489,0.06557270000001836
10.520514200000008,7.190375823008391,0.07551810000001069
10.530559799999992,7.282321842828364,0.08553230000001122
10.540464499999985,7.282321842828364,0.09549950000001672
10.55056590000001,7.24766957253901,0.10561750000002235
10.560492299999993,7.111121039461668,0.11556050000001505
10.57043379999999,7.224683297447398,0.1254724000000067
10.580515300000002,7.1336521558107355,0.13554510000000164
10.590529199999992,7.021892435199812,0.14550700000000916
10.600476999999984,6.752079349304772,0.1555311000000188
10.613471599999997,6.27994423832014,0.16850750000000403
10.62049189999999,6.270373124148044,0.17551830000002155
10.63048280000001,6.251288226892488,0.18547180000001617
10.640426200000007,6.485423557459608,0.19545120000000793
10.650524399999995,7.088679867569163,0.2055815000000223
10.663570300000003,7.09988923293321,0.21861700000002315
10.670618399999995,7.190375823008391,0.22561630000001287
10.6807661,7.055185970536476,0.23570180000001528
10.690551900000003,6.912345705327855,0.2455472000000043
10.704560299999997,6.923202049463866,0.25961140000001137
10.710593200000005,6.86913680573084,0.2655794000000071
10.720673500000004,6.86913680573084,0.27563570000000936
10.73051910000001,6.465480176582687,0.28551340000001346
10.740455400000002,6.890698046687361,0.29548460000000887
10.750672000000009,6.86913680573084,0.3056146000000126
10.7606112,7.201788783810888,0.31559470000001966
10.775139300000006,7.111121039461668,0.3301395999999954
10.780701499999992,7.144951555755833,0.3356779000000074
10.790657199999998,7.213224593376143,0.34562550000001124
10.800683499999991,7.270747976866626,0.3556257000000187
10.810717299999993,7.282321842828364,0.3656541000000004
10.82062160000001,7.293918879685199,0.3756127000000049
10.830508500000008,7.122375332081784,0.38551879999999983
10.840617000000009,7.144951555755833,0.39559870000002206
10.850622399999992,7.270747976866626,0.4055776000000151
10.860534699999988,7.293918879685199,0.4155408999999963
10.87058350000001,7.282321842828364,0.4255935000000193
10.880436099999997,7.282321842828364,0.43550129999999854
10.890445800000009,7.399342586455758,0.44551530000001094
10.900533300000006,7.317182651729675,0.4555392999999981
10.910528499999998,7.270747976866626,0.46555060000000026
10.920734199999998,7.224683297447398,0.47567370000001574
10.9307297,7.35225325423583,0.48569510000001515
10.940648899999985,7.494658965463705,0.49558950000002255
10.950991899999991,7.41117389899744,0.5059499000000187
10.960668400000003,7.45873648687406,0.5156281000000149
10.97074649999999,7.47068670608361,0.5256808999999976
10.980682599999994,7.482660849647961,0.5356240000000128
10.990464799999984,7.423028897842612,0.5455185000000142
11.000701499999991,7.41117389899744,0.5556387000000029
11.010733200000004,7.677540237620285,0.5656055000000038
11.020614999999992,7.282321842828364,0.575571100000019
11.030422499999986,7.293918879685199,0.5854807999999991
11.040384200000005,7.317182651729675,0.5954440000000147
11.050513899999999,7.363990293871589,0.6055511000000138
11.060556999999989,7.47068670608361,0.6155818000000011
11.07055489999999,7.144951555755833,0.6256111000000146
11.080433499999998,7.055185970536476,0.6354971000000091
11.090438000000006,7.077492898532053,0.6454650999999956
11.100583299999983,6.836956223185779,0.6555189000000041
11.11345829999999,7.111121039461668,0.6685247000000061
11.126532999999995,6.955901662500982,0.6815379000000235
11.141469400000005,6.923202049463866,0.6965125000000114
11.142127099999982,6.934080128015318,0.6971823000000086
11.150751100000008,7.088679867569163,0.7056818000000078
11.165171499999985,7.213224593376143,0.7200414000000137
11.170554899999985,7.156273577114696,0.7255606000000228
11.180559700000003,7.640523756686739,0.7355649000000142
11.190500499999985,7.375750831076357,0.7454998000000046
11.200612399999983,7.677540237620285,0.7556364000000144
11.210647099999989,7.3055391338252935,0.7656575999999973
11.220424100000002,7.375750831076357,0.7754643000000101
11.230439599999983,7.363990293871589,0.7854614000000026
11.240508799999986,7.399342586455758,0.7954772000000219
11.250511499999988,7.518727305915347,0.8055207000000166
11.260531200000003,7.591512672362713,0.8155679000000191
11.270391200000006,7.45873648687406,0.8254584999999963
11.280398300000002,7.542892112532513,0.8354638000000136
11.290495099999987,7.45873648687406,0.8454975000000218
11.30060850000001,7.293918879685199,0.855569800000012
11.310539599999998,7.399342586455758,0.865560400000021
11.320378900000009,7.35225325423583,0.8754456000000062
11.330429600000002,7.3405396652208985,0.8854948000000036
11.340401799999995,7.387534912892297,0.8954572000000098
11.350720499999994,7.363990293871589,0.905706600000002
11.360604699999982,7.3405396652208985,0.9156211000000098
11.370474400000006,7.1789856653167865,0.9254693000000032
11.380415699999986,6.934080128015318,0.9354591000000028
11.395371499999982,7.167618265175428,0.9504373999999984
11.4085738,7.032968092035166,0.9635699000000102
11.410562599999992,6.815609520161351,0.9655394000000115
11.425051800000006,6.955901662500982,0.980045500000017
11.430468999999988,6.586345887857524,0.985527100000013
11.44066860000001,6.5965495799240745,0.9956741000000022
11.4506059,6.79434803340286,1.0056198000000052
11.460764299999994,6.836956223185779,1.0056198000000052
11.47222020000001,6.6272833866223495,1.0056198000000052
11.488895899999989,7.032968092035166,1.0056198000000052
11.490551699999997,6.5965495799240745,1.0056198000000052
11.500793600000009,6.485423557459608,1.0056198000000052
11.510781899999984,6.912345705327855,1.0056198000000052
11.520533299999983,6.6893069845681055,1.0056198000000052
11.530553300000008,6.505446871620019,1.0056198000000052
11.540535399999982,6.27994423832014,1.0056198000000052
11.551056200000005,6.289534513875581,1.0056198000000052
11.5607751,6.194489442460147,1.0056198000000052
11.570664499999992,6.1198102381647095,1.0056198000000052
11.58055809999999,6.270373124148044,1.0056198000000052
11.590560799999992,6.347480709865341,1.0056198000000052
11.6006687,6.386499623096539,1.0056198000000052
11.610619799999995,6.270373124148044,1.0056198000000052
11.620612999999992,6.185089067084062,1.0056198000000052
11.630635299999994,6.260821133074819,1.0056198000000052
11.6405666,6.15700048270041,1.0056198000000052
11.650673600000005,6.2228036367552635,1.0056198000000052
11.660668600000008,5.991962571435397,1.0056198000000052
11.670626699999985,6.138368170237612,1.0056198000000052
11.68058210000001,6.019057951718768,1.0056198000000052
11.690650799999986,6.175707473670507,1.0056198000000052
11.700879100000009,6.251288226892488,1.0056198000000052
11.710698399999984,6.270373124148044,1.0056198000000052
11.720577099999986,6.545734582569215,1.0056198000000052
11.730591099999998,6.396303222674444,1.0056198000000052
11.740573699999999,6.270373124148044,1.0056198000000052
11.750613499999986,6.175707473670507,1.0056198000000052
11.760859899999986,6.260821133074819,1.0056198000000052
11.770683300000002,6.2228036367552635,1.0056198000000052
11.780582500000008,5.482837378116464,1.0056198000000052
11.790591599999999,6.0829163286647,1.0056198000000052
11.800657000000001,5.991962571435397,1.0056198000000052
11.810627299999993,5.982966845017518,1.0056198000000052
11.820689700000003,6.0463163929775785,1.0056198000000052
11.830545299999983,5.885192238641251,1.0056198000000052
11.840578099999988,5.89399222016673,1.0056198000000052
11.850679499999984,5.780953888508232,1.0056198000000052
11.8606403,5.867644987585125,1.0056198000000052
11.870524999999986,5.920498011343938,1.0056198000000052
11.880606599999993,5.7723797577200475,1.0056198000000052
11.890550099999984,5.938257097883617,1.0056198000000052
11.900692399999997,5.991962571435397,1.0056198000000052
11.910764699999987,5.850167785342203,1.0056198000000052
11.920671900000002,5.920498011343938,1.0056198000000052
11.930932799999994,5.956087363031768,1.0056198000000052
11.94057749999999,5.97398909207301,1.0056198000000052
11.95067019999999,5.938257097883617,1.0056198000000052
11.96077840000001,5.982966845017518,1.0056198000000052
11.970668700000004,6.028125932580405,1.0056198000000052
11.980476199999998,6.101326389554399,1.0056198000000052
11.990570200000008,5.991962571435397,1.0056198000000052
12.000690300000002,6.15700048270041,1.0056198000000052
12.010756999999984,6.028125932580405,1.0056198000000052
12.020629600000007,6.010008088694971,1.0056198000000052
12.030697000000004,5.938257097883617,1.0056198000000052
12.040578399999987,6.037212067551826,1.0056198000000052
12.050894800000009,6.0645797609342535,1.0056198000000052
12.0606085,5.982966845017518,1.0056198000000052
12.070481099999995,6.010008088694971,1.0056198000000052
12.080796300000003,5.938257097883617,1.0056198000000052
12.090627499999982,5.97398909207301,1.0056198000000052
12.100860600000004,5.902809819266964,1.0056198000000052
12.110698100000008,6.138368170237612,1.0056198000000052
12.12052030000001,6.0009763073095606,1.0056198000000052
12.130571199999991,5.956087363031768,1.0056198000000052
12.140517799999998,5.876409839490586,1.0056198000000052
12.15065899999999,5.885192238641251,1.0056198000000052
12.1607683,5.885192238641251,1.0056198000000052
12.170547099999993,5.938257097883617,1.0056198000000052
12.180585899999983,5.885192238641251,1.0056198000000052
12.190648399999986,5.738254203876421,1.0056198000000052
12.200644699999998,5.97398909207301,1.0056198000000052
12.210578800000008,5.965029276690851,1.0056198000000052
12.22089489999999,5.991962571435397,1.0056198000000052
12.23086699999999,5.902809819266964,1.0056198000000052
12.240751700000004,5.9293686750734675,1.0056198000000052
12.250942399999985,5.982966845017518,1.0056198000000052
12.260802600000005,5.920498011343938,1.0056198000000052
12.270685700000001,5.44310400232517,1.0056198000000052
12.280768999999992,5.654125213978834,1.0056198000000052
12.2906026,5.704400565352053,1.0056198000000052
12.300622299999986,5.571662089694587,1.0056198000000052
12.310702700000007,5.620941922410643,1.0056198000000052
12.320607199999984,5.763822758056602,1.0056198000000052
12.3305948,5.629212874450519,1.0056198000000052
12.340560100000005,5.482837378116464,1.0056198000000052
12.350663800000007,5.563506124199345,1.0056198000000052
12.360729800000001,5.326260300922612,1.0056198000000052
12.370672299999995,5.295689464903592,1.0056198000000052
12.380598899999995,5.220323843985317,1.0056198000000052
12.390552899999989,5.095611359267912,1.0056198000000052
12.400647099999986,5.0030634008624695,1.0056198000000052
12.41063890000001,4.968103855907675,1.0056198000000052
12.420576299999993,4.758986245804439,1.0056198000000052
12.430503700000003,4.8317097688067285,1.0056198000000052
12.440695299999987,4.798455220978574,1.0056198000000052
12.450724600000001,4.858553880234452,1.0056198000000052
12.460677500000003,4.838400677022255,1.0056198000000052
