0.0004309000000013441,1.4929614,0
0.01016580000000289,1.4929614,0
0.02566370000000262,1.4929614,0
0.03022200000000197,1.4929614,0
0.04041160000000232,1.4929614,0
0.05035460000000214,1.4929614,0
0.06017280000000014,1.4929614,0
0.07027629999999974,1.4929614,0
0.08013300000000001,1.4929614,0
0.09031720000000121,1.4929614,0
0.10028989999999993,1.4929614,0
0.11027680000000117,1.4929614,0
0.12027360000000087,1.4929614,0
0.13014120000000062,1.4929614,0
0.1402124000000029,1.4929614,0
0.15031890000000203,1.4929614,0
0.1601914000000022,1.4929614,0
0.17019510000000082,1.4929614,0
0.1802000000000028,1.4929614,0
0.19020910000000057,1.4929614,0
0.20031320000000008,1.4929614,0
0.2100835000000032,1.4929614,0
0.22020010000000312,1.4929614,0
0.23020089999999982,1.4929614,0
0.2402481999999999,1.4929614,0
0.25030580000000313,1.4929614,0
0.2601431000000005,1.4929614,0
0.2702624,1.4929614,0
0.28012119999999996,1.4929614,0
0.29009459999999976,1.4929614,0
0.30027620000000255,1.4929614,0
0.31014730000000057,1.4929614,0
0.3202809000000002,1.4929614,0
0.330159400000003,1.4929614,0
0.34011170000000135,1.4929614,0
0.35027840000000054,1.4929614,0
0.36020050000000126,1.4929614,0
0.3702284999999996,1.4929614,0
0.38017269999999925,1.4929614,0
0.3901563999999986,1.4929614,0
0.400262399999999,1.4929614,0
0.41017650000000216,1.4929614,0
0.42017320000000424,1.4929614,0
0.4302554000000036,1.4929614,0
0.4401301000000011,1.4929614,0
0.4503063999999988,1.4929614,0
0.4601727999999987,1.4929614,0
0.47033690000000306,1.4929614,0
0.48012660000000196,1.4929614,0
0.49021680000000245,1.4929614,0
0.5003120000000045,1.4929614,0
0.510166200000004,1.4929614,0
0.5202479000000046,1.4929614,0
0.5301775000000042,1.4929614,0
0.5401968000000004,1.4929614,0
0.550389500000005,1.4929614,0
0.5602521000000031,1.4929614,0
0.5703393999999982,1.4929614,0
0.5801954000000045,1.4929614,0
0.5903726999999996,1.4929614,0
0.6004033,1.4929614,0
0.6103406000000042,1.4929614,0
0.6204107999999984,1.4929614,0
0.6301683999999987,1.4929614,0
0.6404652000000048,1.4929614,0
0.6503449000000039,1.4929614,0
0.660119500000004,1.4929614,0
0.6702654000000017,1.4929614,0
0.6801020000000015,1.4929614,0
0.6901098999999995,1.4929614,0
0.700486999999999,1.4929614,0
0.7103683000000025,1.4929614,0
0.7202181000000003,1.4929614,0
0.7301777000000023,1.4929614,0
0.7401862000000001,1.4929614,0
0.7503477000000025,1.4929614,0
0.7602305000000023,1.4929614,0
0.770129800000003,1.4929614,0
0.7800673000000025,1.4929614,0
0.7902178000000042,1.4929614,0
0.8003184999999995,1.4929614,0
0.8101455000000009,1.4929614,0
0.8202335000000041,1.4929614,0
0.8301231999999992,1.4929614,0
0.8401886000000012,1.4929614,0
0.8504163000000027,1.4929614,0
0.8601491000000046,1.4929614,0
0.8702492,1.4929614,0
0.8802231999999997,1.4929614,0
0.8901889000000018,1.4929614,0
0.9002214000000031,1.4929614,0
0.910146000000001,1.4929614,0
0.9201829000000039,1.4929614,0
0.9302105999999988,1.4929614,0
0.9401811000000002,1.4929614,0
0.9502392000000022,1.4929614,0
0.9601568000000036,1.4929614,0
0.9703070000000018,1.4929614,0
0.980256200000003,1.4929614,0
0.9902841000000002,1.4929614,0
1.0002901999999985,1.4929614,0
1.0130860000000048,1.4929614,0
1.0202963000000018,1.4929614,0
1.0302505999999987,1.4929614,0
1.040544999999998,1.4929614,0
1.0503984000000024,1.4929614,0
1.0603046999999997,1.4929614,0
1.0703235000000042,1.4929614,0
1.0801674999999982,1.4929614,0
1.0902941000000048,1.4929614,0
1.1003627000000016,1.4929614,0
1.110142100000001,1.4929614,0
1.120197600000001,1.4929614,0
1.130170500000002,1.4929614,0
1.1401281000000019,1.4929614,0
1.1502389000000015,1.4929614,0
1.1601882000000039,1.4929614,0
1.1703657000000014,1.4929614,0
1.1801248999999991,1.4929614,0
1.1902869000000003,1.4929614,0
1.2003683999999986,1.4929614,0
1.2101237000000005,1.4929614,0
1.220290000000002,1.4929614,0
1.2301426999999983,1.4929614,0
1.240366500000004,1.4929614,0
1.2503104,1.4929614,0
1.260168100000005,1.4929614,0
1.2702652000000008,1.4929614,0
1.2801307999999985,1.4929614,0
1.290200500000001,1.4929614,0
1.3003749000000049,1.4929614,0
1.3101520999999998,1.4929614,0
1.320278400000003,1.4929614,0
1.3302139000000004,1.4929614,0
1.3401960000000024,1.4929614,0
1.3504273000000033,1.4929614,0
1.3601303999999992,1.4929614,0
1.3703842000000002,1.4929614,0
1.3802416000000015,1.4929614,0
1.3902078000000024,1.4929614,0
1.4002157000000004,1.4929614,0
1.4102017999999994,1.4929614,0
1.4202991000000047,1.4929614,0
1.4301391000000017,1.4929614,0
1.4401334999999982,1.4929614,0
1.4502704000000044,1.4929614,0
1.4602729000000032,1.4929614,0
1.470465100000002,1.4929614,0
1.4802399999999984,1.4929614,0
1.4903124999999982,1.4929614,0
1.500342700000001,1.4929614,0
1.510437300000003,1.4929614,0
1.5204282000000013,1.4929614,0
1.530347200000005,1.4929614,0
1.5403686000000043,1.4929614,0
1.5503779000000044,1.4929614,0
1.5603954000000009,1.4929614,0
1.5703865000000015,1.4929614,0
1.5801557000000024,1.4929614,0
1.5904227000000013,1.4929614,0
1.6004581000000009,1.4929614,0
1.6102084000000012,1.4929614,0
1.6203472000000012,1.4929614,0
1.6301507999999991,1.4929614,0
1.6401708000000035,1.4929614,0
1.6504049000000016,1.4929614,0
1.6601210000000002,1.4929614,0
1.6702559999999984,1.4929614,0
1.6801375999999983,1.4929614,0
1.690234400000005,1.4929614,0
1.7003530000000033,1.4929614,0
1.7101599999999983,1.4929614,0
1.7203209000000008,1.4929614,0
1.7301673000000015,1.4929614,0
1.7401714999999989,1.4929614,0
1.7503503000000045,1.4929614,0
1.7603228000000009,1.4929614,0
1.7702381000000038,1.4929614,0
1.7801910999999997,1.4929614,0
1.790174000000004,1.4929614,0
1.8003444000000037,1.4929614,0
1.8101993999999983,1.4929614,0
1.8201961000000004,1.4929614,0
1.830148900000001,1.4929614,0
1.8401423000000001,1.4929614,0
1.8503155999999983,1.4929614,0
1.8601470000000013,1.4929614,0
1.8702732000000033,1.4929614,0
1.880195699999998,1.4929614,0
1.8902695999999999,1.4929614,0
1.9003762000000002,1.4929614,0
1.9102049,1.4929614,0
1.9201163,1.4929614,0
1.930198200000003,1.4929614,0
1.9401662000000037,1.4929614,0
1.9503315000000008,1.4929614,0
1.9602048000000032,1.4929614,0
1.9701581000000026,1.4929614,0
1.9801447000000003,1.4929614,0
1.9902763000000014,1.4929614,0
2.0002591999999986,1.4929614,0
2.010113499999999,1.4929614,0
2.020231500000005,1.4929614,0
2.030182100000001,1.4929614,0
2.040082700000003,1.4929614,0
2.0502457000000014,1.4929614,0
2.0601777000000006,1.4929614,0
2.070441200000001,1.4929614,0
2.0802379000000037,1.4929614,0
2.090172599999999,1.4929614,0
2.100380000000005,1.4929614,0
2.1101491999999986,1.4929614,0
2.1204377,1.4929614,0
2.1301517000000025,1.4929614,0
2.1401144999999993,1.4929614,0
2.150353599999999,1.4929614,0
2.1602104000000004,1.4929614,0
2.170181700000004,1.4929614,0
2.1801714000000025,1.4929614,0
2.1901249999999983,1.4929614,0
2.200289999999999,1.4929614,0
2.2101356000000045,1.4929614,0
2.2201701000000007,1.4929614,0
2.230303000000003,1.4929614,0
2.2403568999999983,1.4929614,0
2.250391000000004,1.4929614,0
2.2602301999999987,1.4929614,0
2.2703352000000017,1.4929614,0
2.280285299999999,1.4929614,0
2.2902381,1.4929614,0
2.300318200000003,1.4929614,0
2.3101936000000016,1.4929614,0
2.3202425000000027,1.4929614,0
2.330184599999999,1.4929614,0
2.340100600000003,1.4929614,0
2.3503654000000047,1.4929614,0
2.360131500000005,1.4929614,0
2.3702755000000018,1.4929614,0
2.380175300000001,1.4929614,0
2.390129500000004,1.4929614,0
2.4003406000000034,1.4929614,0
2.4102387999999983,1.4929614,0
2.42023,1.4929614,0
2.430088300000005,1.4929614,0
2.4402257000000027,1.4929614,0
2.4502445,1.4929614,0
2.460153000000002,1.4929614,0
2.470323500000003,1.4929614,0
2.4802259999999983,1.4929614,0
2.490088400000001,1.4929614,0
2.500407400000004,1.4929614,0
2.5102301999999987,1.4929614,0
2.520155599999999,1.4929614,0
2.530148200000003,1.4929614,0
2.540248899999998,1.4929614,0
2.5503245999999997,1.4929614,0
2.560134200000004,1.4929614,0
2.5701320000000045,1.4929614,0
2.5801054999999984,1.4929614,0
2.5902861000000037,1.4929614,0
2.6004444999999983,1.4929614,0
2.6101245000000013,1.4929614,0
2.620343899999998,1.4929614,0
2.6301941000000006,1.4929614,0
2.640097800000003,1.4929614,0
2.6502497,1.4929614,0
2.6601496000000004,1.4929614,0
2.6702487999999995,1.4929614,0
2.680156499999999,1.4929614,0
2.6901197000000003,1.4929614,0
2.7004564000000038,1.4929614,0
2.710177500000004,1.4929614,0
2.7202547000000017,1.4929614,0
2.730211800000003,1.4929614,0
2.740227100000002,1.4929614,0
2.7504997000000024,1.4929614,0
2.7601718999999996,1.4929614,0
2.770223600000005,1.4929614,0
2.7803378000000016,1.4929614,0
2.7902603000000035,1.4929614,0
2.8002594999999992,1.4929614,0
2.810199800000003,1.4929614,0
2.8202054000000025,1.4929614,0
2.8301803999999997,1.4929614,0
2.840349700000001,1.4929614,0
2.8503514000000045,1.4929614,0
2.8601265000000033,1.4929614,0
2.8705141000000047,1.4929614,0
2.880154600000001,1.4929614,0
2.890247300000002,1.4929614,0
2.900324600000001,1.4929614,0
2.9100916000000048,1.4929614,0
2.920364899999999,1.4929614,0
2.9302171000000037,1.4929614,0
2.9401925999999996,1.4929614,0
2.9502936999999996,1.4929614,0
2.960092200000002,1.4929614,0
2.970240999999998,1.4929614,0
2.9801037000000044,1.4929614,0
2.9901621000000027,1.4929614,0
3.0002648,1.4929614,0
3.010128699999999,1.4929614,0
3.0202028000000034,1.4929614,0
3.0301955000000014,1.4929614,0
3.0401777000000045,1.4929614,0
3.050266500000003,1.4929614,0
3.060151600000001,1.4929614,0
3.0702029000000017,1.4929614,0
3.0801206999999984,1.4929614,0
3.0901419000000026,1.4929614,0
3.1003514999999986,1.4929614,0
3.1100930000000027,1.4929614,0
3.1202198999999986,1.4929614,0
3.1302421000000002,1.4929614,0
3.140172600000003,1.4929614,0
3.1502877000000034,1.4929614,0
3.1601824,1.4929614,0
3.1702203000000004,1.4929614,0
3.1801120999999988,1.4929614,0
3.190233799999998,1.4929614,0
3.2002091999999998,1.4929614,0
3.2102995000000014,1.4929614,0
3.2203952000000022,1.4929614,0
3.2302871000000017,1.4929614,0
3.2403629999999986,1.4929614,0
3.250419500000003,1.4929614,0
3.2604295000000043,1.4929614,0
3.270365200000004,1.4929614,0
3.280387100000002,1.4929614,0
3.2902140000000024,1.4929614,0
3.300290300000004,1.4929614,0
3.3104029000000033,1.4929614,0
3.320223700000003,1.4929614,0
3.330173200000001,1.4929614,0
3.3400970000000036,1.4929614,0
3.3502669000000047,1.4929614,0
3.3601716999999987,1.4929614,0
3.3701637000000026,1.4929614,0
3.3801391000000045,1.4929614,0
3.390148800000002,1.4929614,0
3.4002793999999987,1.4929614,0
3.4101925999999985,1.4929614,0
3.4201245000000036,1.4929614,0
3.4300993999999996,1.4929614,0
3.4401779999999995,1.4929614,0
3.4503258999999993,1.4929614,0
3.4602021,1.4929614,0
3.470125499999998,1.4929614,0
3.4801255000000033,1.4929614,0
3.4902200999999984,1.4929614,0
3.500451100000003,1.4929614,0
3.510210400000002,1.4929614,0
3.5202694,1.4929614,0
3.5301306000000032,1.4929614,0
3.540137699999999,1.4929614,0
3.5503418000000018,1.4929614,0
3.5602847000000004,1.4929614,0
3.570172000000003,1.4929614,0
3.580269900000001,1.4929614,0
3.5902195,1.4929614,0
3.6003137999999986,1.4929614,0
3.610153900000004,1.4929614,0
3.6202786000000025,1.4929614,0
3.630149499999998,1.4929614,0
3.640159999999998,1.4929614,0
3.6502403000000037,1.4929614,0
3.6602513000000023,1.4929614,0
3.6700628,1.4929614,0
3.6802896999999994,1.4929614,0
3.690155800000003,1.4929614,0
3.7003543999999984,1.4929614,0
3.710300499999999,1.4929614,0
3.7201635000000017,1.4929614,0
3.7301143000000003,1.4929614,0
3.740178700000005,1.4929614,0
3.750389100000003,1.4929614,0
3.760181300000003,1.4929614,0
3.7701997000000027,1.4929614,0
3.7801392000000043,1.4929614,0
3.7903087000000006,1.4929614,0
3.8004257000000017,1.4929614,0
3.810154200000003,1.4929614,0
3.8202370000000023,1.4929614,0
3.8300753000000007,1.4929614,0
3.8402019000000003,1.4929614,0
3.850271600000003,1.4929614,0
3.860121000000003,1.4929614,0
3.870538200000002,1.4929614,0
3.8801521,1.4929614,0
3.8901305000000015,1.4929614,0
3.9002653999999986,1.4929614,0
3.910157800000004,1.4929614,0
3.920421700000002,1.4929614,0
3.9302038999999986,1.4929614,0
3.940141999999998,1.4929614,0
3.9502495000000017,1.4929614,0
3.9604026999999995,1.4929614,0
3.9702862000000003,1.4929614,0
3.980416700000003,1.4929614,0
3.990445900000001,1.4929614,0
4.000283200000002,1.4929614,0
4.010154700000005,1.4929614,0
4.0202019,1.4929614,0
4.0301486,1.4929614,0
4.0401175999999985,1.4929614,0
4.0503204,1.4929614,0
4.060086700000003,1.4929614,0
4.070150100000003,1.4929614,0
4.080177899999999,1.4929614,0
4.090119500000004,1.4929614,0
4.100326800000001,1.4929614,0
4.110166500000002,1.4929614,0
4.1201878,1.4929614,0
4.130187299999999,1.4929614,0
4.140200799999999,1.4929614,0
4.1502462000000016,1.4929614,0
4.160118700000002,1.4929614,0
4.170278,1.4929614,0
4.180141299999999,1.4929614,0
4.190141200000003,1.4929614,0
4.200233000000001,1.4929614,0
4.2102460000000015,1.4929614,0
4.220344999999998,1.4929614,0
4.230162700000005,1.4929614,0
4.240145500000001,1.4929614,0
4.250237800000004,1.4929614,0
4.260106500000003,1.4929614,0
4.270220400000003,1.4929614,0
4.2801354000000025,1.4929614,0
4.290266599999999,1.4929614,0
4.300618400000001,1.4929614,0
4.3101533,1.4929614,0
4.3203482000000015,1.4929614,0
4.330273700000003,1.4929614,0
4.340091099999999,1.4929614,0
4.350249999999999,1.4929614,0
4.360161100000003,1.4929614,0
4.370267200000004,1.4929614,0
4.380125199999998,1.4929614,0
4.390187100000002,1.4929614,0
4.400245700000003,1.4929614,0
4.410162000000003,1.4929614,0
4.420254400000001,1.4929614,0
4.4303598000000015,1.4929614,0
4.440215200000001,1.4929614,0
4.450319000000004,1.4929614,0
4.460103400000005,1.4929614,0
4.470376699999999,1.4929614,0
4.480116500000005,1.4929614,0
4.490123499999999,1.4929614,0
4.500237100000003,1.4929614,0
4.510138000000001,1.4929614,0
4.520189800000001,1.4929614,0
4.530301699999999,1.4929614,0
4.540257200000003,1.4929614,0
4.550298999999999,1.4929614,0
4.560154200000003,1.4929614,0
4.570325399999998,1.4929614,0
4.580129000000003,1.4929614,0
4.5902926000000015,1.4929614,0
4.600252300000005,1.4929614,0
4.610191699999998,1.4929614,0
4.6202793000000035,1.4929614,0
4.630187500000002,1.4929614,0
4.6402098999999986,1.4929614,0
4.6502637,1.4929614,0
4.660141599999999,1.4929614,0
4.670239900000002,1.4929614,0
4.680221100000001,1.4929614,0
4.690087000000002,1.4929614,0
4.700360700000001,1.4929614,0
4.7101109,1.4929614,0
4.720467700000004,1.4929614,0
4.730292100000003,1.4929614,0
4.740182900000004,1.4929614,0
4.7503107000000035,1.4929614,0
4.760150300000003,1.4929614,0
4.770237300000002,1.4929614,0
4.780484900000001,1.4929614,0
4.790257,1.4929614,0
4.800279900000003,1.4929614,0
4.810334800000003,1.4929614,0
4.820224700000001,1.4929614,0
4.830144000000001,1.4929614,0
4.8402773,1.4929614,0
4.850299700000004,1.4929614,0
4.860089400000003,1.4929614,0
4.870173600000005,1.4929614,0
4.880146499999999,1.4929614,0
4.890144299999999,1.4929614,0
4.900164100000001,1.4929614,0
4.910101999999998,1.4929614,0
4.920176600000001,1.4929614,0
4.9301511,1.4929614,0
4.940152300000005,1.4929614,0
4.9502790999999995,1.4929614,0
4.9601799000000035,1.4929614,0
4.970251200000003,1.4929614,0
4.9801143,1.4929614,0
4.990096900000001,1.4929614,0
5.0002287000000045,1.4929614,0
5.010151799999999,1.4929614,0
5.020237400000003,1.4929614,0
5.030187100000003,1.4929614,0
5.040094499999999,1.4929614,0
5.050248700000001,1.4929614,0
5.060178400000002,1.4929614,0
5.070462199999998,1.4929614,0
5.080186399999999,1.4929614,0
5.0900736,1.4929614,0
5.100182499999999,1.4929614,0
5.110372000000002,1.4929614,0
5.1204091,1.4929614,0
5.130376399999999,1.4929614,0
5.1404508,1.4929614,0
5.150320400000002,1.4929614,0
5.160417500000005,1.4929614,0
5.1702726000000006,1.4929614,0
5.1801493,1.4929614,0
5.190359699999998,1.4929614,0
5.200372599999998,1.4929614,0
5.2101656,1.4929614,0
5.220180299999999,1.4929614,0
5.230153900000001,1.4929614,0
5.2401242,1.4929614,0
5.250272800000001,1.4929614,0
5.2602151,1.4929614,0
5.270218100000005,1.4929614,0
5.280227800000002,1.4929614,0
5.290106699999999,1.4929614,0
5.300237800000001,1.4929614,0
5.310165700000002,1.4929614,0
5.320255700000001,1.4929614,0
5.3302423999999995,1.4929614,0
5.340092600000002,1.4929614,0
5.3502452,1.4929614,0
5.3601874000000045,1.4929614,0
5.370282800000002,1.4929614,0
5.380112800000003,1.4929614,0
5.390145200000003,1.4929614,0
5.400373500000004,1.4929614,0
5.410169200000002,1.4929614,0
5.420239599999999,1.4929614,0
5.430118400000001,1.4929614,0
5.440248499999999,1.4929614,0
5.450233600000001,1.4929614,0
5.460335699999998,1.4929614,0
5.4705037999999995,1.4929614,0
5.4803134000000036,1.4929614,0
5.490296699999998,1.4929614,0
5.5005092,1.4929614,0
5.5101598,1.4929614,0
5.520261300000005,1.4929614,0
5.530237500000002,1.4929614,0
5.5401031,1.4929614,0
5.550236399999999,1.4929614,0
5.560209799999999,1.4929614,0
5.570262700000004,1.4929614,0
5.580146199999998,1.4929614,0
5.5901286000000034,1.4929614,0
5.600246000000002,1.4929614,0
5.6100423,1.4929614,0
5.620222299999998,1.4929614,0
5.630069000000002,1.4929614,0
5.640236099999999,1.4929614,0
5.650345099999999,1.4929614,0
5.660172800000002,1.4929614,0
5.670211900000002,1.4929614,0
5.6801773,1.4929614,0
5.690168100000005,1.4929614,0
5.700379899999998,1.4929614,0
5.710130899999999,1.4929614,0
5.7201844999999985,1.4929614,0
5.730142400000002,1.4929614,0
5.740133199999999,1.4929614,0
5.750273500000002,1.4929614,0
5.760194600000002,1.4929614,0
5.770172500000005,1.4929614,0
5.780186000000004,1.4929614,0
5.790155000000002,1.4929614,0
5.800232000000005,1.4929614,0
5.810068500000003,1.4929614,0
5.820157699999999,1.4929614,0
5.830177700000004,1.4929614,0
5.840187799999999,1.4929614,0
5.850230900000003,1.4929614,0
5.860149600000003,1.4929614,0
5.870277699999999,1.4929614,0
5.880107599999999,1.4929614,0
5.890189500000002,1.4929614,0
5.900198,1.4929614,0
5.910099800000001,1.4929614,0
5.920313600000004,1.4929614,0
5.930155800000005,1.4929614,0
5.940234,1.4929614,0
5.9501928,1.4929614,0
5.9602228,1.4929614,0
5.9701435000000025,1.4929614,0
5.980067299999998,1.4929614,0
5.990248300000001,1.4929614,0
6.000284199999999,1.4929614,0
6.010076900000005,1.4929614,0
6.020233000000001,1.4929614,0
6.030101400000003,1.4929614,0
6.040105900000004,1.4929614,0
6.050253399999999,1.4929614,0
6.060129,1.4929614,0
6.070279100000004,1.4929614,0
6.080167499999998,1.4929614,0
6.090065400000004,1.4929614,0
6.100232899999998,1.4929614,0
6.1101402,1.4929614,0
6.120217200000003,1.4929614,0
6.130140600000001,1.4929614,0
6.140128700000002,1.4929614,0
6.150237700000002,1.4929614,0
6.160207500000002,1.4929614,0
6.170225900000002,1.4929614,0
6.1801815,1.4929614,0
6.190120000000004,1.4929614,0
6.200267300000004,1.4929614,0
6.210197699999998,1.4929614,0
6.220249900000002,1.4929614,0
6.230190500000003,1.4929614,0
6.240096099999999,1.4929614,0
6.250211799999999,1.4929614,0
6.260160899999999,1.4929614,0
6.2702147,1.4929614,0
6.280158799999999,1.4929614,0
6.290155700000003,1.4929614,0
6.300252600000004,1.4929614,0
6.3101558,1.4929614,0
6.320431299999999,1.4929614,0
6.330116499999999,1.4929614,0
6.340156099999998,1.4929614,0
6.3503322,1.4929614,0
6.360305499999999,1.4929614,0
6.370205500000001,1.4929614,0
6.3801922,1.4929614,0
6.3903073,1.4929614,0
6.4001518,1.4929614,0
6.410131400000001,1.4929614,0
6.420190800000004,1.4929614,0
6.430110100000004,1.4929614,0
6.440260800000001,1.4929614,0
6.450240600000004,1.4929614,0
6.460097300000005,1.4929614,0
6.470327600000001,1.4929614,0
6.480182700000004,1.4929614,0
6.490120000000001,1.4929614,0
6.500288000000001,1.4929614,0
6.510097699999999,1.4929614,0
6.520197900000003,1.4929614,0
6.530121300000001,1.4929614,0
6.540109300000001,1.4929614,0
6.550228000000001,1.4929614,0
6.5600923999999985,1.4929614,0
6.570346600000004,1.4929614,0
6.5801926,1.4929614,0
6.590115999999998,1.4929614,0
6.600216200000002,1.4929614,0
6.610143600000004,1.4929614,0
6.620152800000003,1.4929614,0
6.6301583000000015,1.4929614,0
6.640106100000001,1.4929614,0
6.650208299999999,1.4929614,0
6.660159700000005,1.4929614,0
6.670226100000004,1.4929614,0
6.680092699999999,1.4929614,0
6.690091300000002,1.4929614,0
6.700226799999999,1.4929614,0
6.710096100000005,1.4929614,0
6.7203075000000005,1.4929614,0
6.730067899999998,1.4929614,0
6.740218000000002,1.4929614,0
6.7502277,1.4929614,0
6.760177000000002,1.4929614,0
6.770261100000003,1.4929614,0
6.780387700000002,1.4929614,0
6.790294200000002,1.4929614,0
6.800222299999998,1.4929614,0
6.810121800000001,1.4929614,0
6.820379300000003,1.4929614,0
6.830159699999999,1.4929614,0
6.840227200000005,1.4929614,0
6.850472700000001,1.4929614,0
6.860345300000002,1.4929614,0
6.870376199999999,1.4929614,0
6.880120399999999,1.4929614,0
6.890059300000001,1.4929614,0
6.900225100000004,1.4929614,0
6.910176199999999,1.4929614,0
6.920188,1.4929614,0
6.930337099999999,1.4929614,0
6.9402830999999985,1.4929614,0
6.950306100000002,1.4929614,0
6.960276099999998,1.4929614,0
6.9704011,1.4929614,0
6.981530299999999,1.4929614,0
6.990250100000001,1.4929614,0
7.000364999999999,1.4929614,0
7.010270200000004,1.4929614,0
7.0203178999999984,1.4929614,0
7.030128600000001,1.4929614,0
7.040194400000001,1.4929614,0
7.050219800000004,1.4929614,0
7.060129300000003,1.4929614,0
7.070163400000002,1.4929614,0
7.0801178,1.4929614,0
7.090084700000002,1.4929614,0
7.100179499999999,1.4929614,0
7.110094400000005,1.4929614,0
7.120180000000001,1.4929614,0
7.130158099999999,1.4929614,0
7.140140300000002,1.4929614,0
7.150493300000004,1.4929614,0
7.160350400000002,1.4929614,0
7.170393300000004,1.4929614,0
7.180327899999998,1.4929614,0
7.190433000000002,1.4929614,0
7.200318900000003,1.4929614,0
7.210157200000001,1.4929614,0
7.2202436,1.4929614,0
7.230154100000004,1.4929614,0
7.2402023000000035,1.4929614,0
7.250267600000004,1.4929614,0
7.260118000000002,1.4929614,0
7.270148800000005,1.4929614,0
7.280173200000004,1.4929614,0
7.290034500000001,1.4929614,0
7.300486500000002,1.4929614,0
7.3101296,1.4929614,0
7.3201784,1.4929614,0
7.3302067000000015,1.4929614,0
7.340146999999998,1.4929614,0
7.350257800000005,1.4929614,0
7.3600473000000015,1.4929614,0
7.370336900000002,1.4929614,0
7.380089800000004,1.4929614,0
7.390183500000003,1.4929614,0
7.400218500000005,1.4929614,0
7.410125400000002,1.4929614,0
7.420360800000001,1.4929614,0
7.430165599999999,1.4929614,0
7.440178700000001,1.4929614,0
7.450247900000004,1.4929614,0
7.4600823,1.4929614,0
7.470224900000002,1.4929614,0
7.480276700000001,1.4929614,0
7.4901811999999985,1.4929614,0
7.500314499999998,1.4929614,0
7.510299300000003,1.4929614,0
7.5203515,1.4929614,0
7.530195100000004,1.4929614,0
7.540236400000001,1.4929614,0
7.550298700000003,1.4929614,0
7.560191200000002,1.4929614,0
7.570282899999999,1.4929614,0
7.580132600000002,1.4929614,0
7.5901514,1.4929614,0
7.6003316000000005,1.4929614,0
7.610113299999998,1.4929614,0
7.6201933,1.4929614,0
7.630119000000004,1.4929614,0
7.640069100000002,1.4929614,0
7.6502832000000005,1.4929614,0
7.660122099999999,1.4929614,0
7.6702014,1.4929614,0
7.680186700000004,1.4929614,0
7.690116900000003,1.4929614,0
7.700153799999999,1.4929614,0
7.710209899999999,1.4929614,0
7.720213699999999,1.4929614,0
7.730099599999999,1.4929614,0
7.740143100000001,1.4929614,0
7.7504095,1.4929614,0
7.760087600000002,1.4929614,0
7.770153199999999,1.4929614,0
7.780200400000002,1.4929614,0
7.790166100000004,1.4929614,0
7.8003629,1.4929614,0
7.810108600000003,1.4929614,0
7.820322000000001,1.4929614,0
7.830157700000004,1.4929614,0
7.840064000000002,1.4929614,0
7.850179100000002,1.4929614,0
7.860175299999998,1.4929614,0
7.8702133,1.4929614,0
7.880199200000003,1.4929614,0
7.8900980999999994,1.4929614,0
7.9003261999999985,1.4929614,0
7.910196199999998,1.4929614,0
7.9202243000000045,1.4929614,0
7.930053600000004,1.4929614,0
7.940145699999999,1.4929614,0
7.950280799999998,1.4929614,0
7.960214099999998,1.4929614,0
7.970157600000004,1.4929614,0
7.980083799999999,1.4929614,0
7.990092300000004,1.4929614,0
8.0002794,1.4929614,0
8.010079399999999,1.4929614,0
8.020255899999999,1.4929614,0
8.0300908,1.4929614,0
8.0401688,1.4929614,0
8.0502085,1.4929614,0
8.060143499999999,1.4929614,0
8.070209200000004,1.4929614,0
8.0801756,1.4929614,0
8.090115100000002,1.4929614,0
8.1004392,1.4929614,0
8.1101129,1.4929614,0
8.120184300000002,1.4929614,0
8.130100800000005,1.4929614,0
8.140104600000004,1.4929614,0
8.150278799999999,1.4929614,0
8.1601472,1.4929614,0
8.1702488,1.4929614,0
8.180124799999998,1.4929614,0
8.1901726,1.4929614,0
8.200273,1.4929614,0
8.2101984,1.4929614,0
8.220382699999998,1.4929614,0
8.230168899999999,1.4929614,0
8.240353600000002,1.4929614,0
8.250272800000001,1.4929614,0
8.260207600000005,1.4929614,0
8.270292000000001,1.4929614,0
8.280173700000002,1.4929614,0
8.290141700000003,1.4929614,0
8.300442100000001,1.4929614,0
8.310109999999998,1.4929614,0
8.320103900000003,1.4929614,0
8.330308900000002,1.4929614,0
8.340124499999998,1.4929614,0
8.350333199999998,1.4929614,0
8.360149100000005,1.4929614,0
8.370203900000003,1.4929614,0
8.380098,1.4929614,0
8.390102899999999,1.4929614,0
8.4003975,1.4929614,0
8.410137700000003,1.4929614,0
8.4203029,1.4929614,0
8.430268800000004,1.4929614,0
8.440090300000005,1.4929614,0
8.450269500000001,1.4929614,0
8.460102100000004,1.4929614,0
8.470155800000004,1.4929614,0
8.480125699999999,1.4929614,0
8.4901017,1.4929614,0
8.500360699999998,1.4929614,0
8.510117099999999,1.4929614,0
8.520180200000002,1.4929614,0
8.530083700000002,1.4929614,0
8.540165400000003,1.4929614,0
8.550491099999999,1.4929614,0
8.5600414,1.4929614,0
8.570123300000002,1.4929614,0
8.580178499999999,1.4929614,0
8.590142400000001,1.4929614,0
8.600350899999999,1.4929614,0
8.610202400000002,1.4929614,0
8.620309800000005,1.4929614,0
8.6300688,1.4929614,0
8.6400842,1.4929614,0
8.650223300000004,1.4929614,0
8.6601697,1.4929614,0
8.6702896,1.4929614,0
8.680360700000005,1.4929614,0
8.690295100000004,1.4929614,0
8.700428500000005,1.4929614,0
8.710327700000004,1.4929614,0
8.720449200000001,1.4929614,0
8.730366900000003,1.4929614,0
8.740141900000001,1.4929614,0
8.750357000000005,1.4929614,0
8.760361900000003,1.4929614,0
8.770288600000004,1.4929614,0
8.780154200000002,1.4929614,0
8.790172100000003,1.4929614,0
8.800400100000001,1.4929614,0
8.810137200000003,1.4929614,0
8.820200199999999,1.4929614,0
8.830189800000003,1.4929614,0
8.840112300000005,1.4929614,0
8.850297200000004,1.4929614,0
8.8600879,1.4929614,0
8.870326600000002,1.4929614,0
8.880294199999998,1.4929614,0
8.890245500000002,1.4929614,0
8.900334400000002,1.4929614,0
8.910337299999998,1.4929614,0
8.9203504,1.4929614,0
8.930166700000004,1.4929614,0
8.940275600000003,1.4929614,0
8.950435200000005,1.4929614,0
8.960054500000002,1.4929614,0
8.970189399999999,1.4929614,0
8.980145799999999,1.4929614,0
8.990058800000003,1.4929614,0
9.000372899999999,1.4929614,0
9.010169100000002,1.4929614,0
9.0202493,1.4929614,0
9.030127199999999,1.4929614,0
9.040124200000005,1.4929614,0
9.050362400000001,1.4929614,0
9.060077799999998,1.4929614,0
9.070213200000001,1.4929614,0
9.080134099999999,1.4929614,0
9.090120899999999,1.4929614,0
9.100343500000005,1.4929614,0
9.110107199999998,1.4929614,0
9.1202078,1.4929614,0
9.130139400000001,1.4929614,0
9.140111700000002,1.4929614,0
9.150322400000004,1.4929614,0
9.160227500000001,1.4929614,0
9.170250900000003,1.4929614,0
9.180149199999999,1.4929614,0
9.190147300000003,1.4929614,0
9.200283299999999,1.4929614,0
9.210103400000005,1.4929614,0
9.220229800000002,1.4929614,0
9.230093,1.4929614,0
9.240100200000004,1.4929614,0
9.250349199999999,1.4929614,0
9.260101200000005,1.4929614,0
9.270203500000004,1.4929614,0
9.2801583,1.4929614,0
9.2901061,1.4929614,0
9.3003161,1.4929614,0
9.310137000000001,1.4929614,0
9.320227200000001,1.4929614,0
9.330211000000002,1.4929614,0
9.340098200000003,1.4929614,0
9.350229600000002,1.4929614,0
9.360067699999998,1.4929614,0
9.370216199999998,1.4929614,0
9.3800773,1.4929614,0
9.390425699999998,1.4929614,0
9.400261600000004,1.4929614,0
9.4100887,1.4929614,0
9.420240700000004,1.4929614,0
9.4301274,1.4929614,0
9.440135600000001,1.4929614,0
9.4505904,1.4929614,0
9.460139200000004,1.4929614,0
9.470533499999998,1.4929614,0
9.480130300000003,1.4929614,0
9.490117399999999,1.4929614,0
9.5003523,1.4929614,0
9.5102029,1.4929614,0
9.520135499999999,1.4929614,0
9.530245500000003,1.4929614,0
9.540177500000002,1.4929614,0
9.550429300000001,1.4929614,0
9.560168200000003,1.4929614,0
9.570224900000003,1.4929614,0
9.580106600000004,1.4929614,0
9.590129000000001,1.4929614,0
9.6003109,1.4929614,0
9.610057800000003,1.4929614,0
9.6201811,1.4929614,0
9.630095999999998,1.4929614,0
9.640118000000005,1.4929614,0
9.650540199999998,1.4929614,0
9.660145600000003,1.4929614,0
9.670169699999999,1.4929614,0
9.680119399999999,1.4929614,0
9.690374200000004,1.4929614,0
9.700345200000005,1.4929614,0
9.710129500000004,1.4929614,0
9.7201342,1.4929614,0
9.7303246,1.4929614,0
9.740182800000003,1.4929614,0
9.7502678,1.4929614,0
9.7600837,1.4929614,0
9.770181500000003,1.4929614,0
9.780190700000002,1.4929614,0
9.7901968,1.4929614,0
9.8003952,1.4929614,0
9.810126300000004,1.4929614,0
9.820319900000005,1.4929614,0
9.830158300000004,1.4929614,0
9.840236200000003,1.4929614,0
9.850247200000002,1.4929614,0
9.860139499999999,1.4929614,0
9.870224099999998,1.4929614,0
9.880137900000005,1.4929614,0
9.890134,1.4929614,0
9.900220100000002,1.4929614,0
9.9100595,1.4929614,0
9.920170700000003,1.4929614,0
9.930167800000003,1.4929614,0
9.9402097,1.4929614,0
9.9502798,1.4929614,0
9.960111399999999,1.4929614,0
9.970223399999998,1.4929614,0
9.9801429,1.4929614,0
9.9901472,1.4929614,0
10.000405500000003,1.4929614,0
10.010156400000003,1.4929614,0
10.020170799999999,1.4929614,0
10.0301158,1.4929614,0
10.040138500000001,1.4929614,0
10.050463099999998,1.4929614,0
10.060108000000003,1.4929614,0
10.0700721,1.4929614,0
10.080155900000005,1.4929614,0
10.090125099999998,1.4929614,0
10.1002738,1.4929614,0
10.1101658,1.4929614,0
10.120173400000002,1.4929614,0
10.1300822,1.4929614,0
10.1400841,1.4929614,0
10.1503732,1.4929614,0
10.16011,1.4929614,0
10.1702185,1.4929614,0
10.180158299999999,1.4929614,0
10.1900595,1.4929614,0
10.200343900000004,1.4929614,0
10.210069700000002,1.4929614,0
10.2201524,1.4929614,0
10.230211900000004,1.4929614,0
10.240173899999998,1.4929614,0
10.250324000000003,1.4929614,0
10.260151400000002,1.4929614,0
10.270255600000002,1.4929614,0
10.280100000000001,1.4929614,0
10.2901889,1.4929614,0
10.300238600000004,1.4929614,0
10.3100883,1.4929614,0
10.320156300000004,1.4929614,0
10.3300522,1.4929614,0
10.340175300000002,1.4929614,0
10.350307699999998,1.4929614,0
10.3601347,1.4929614,0
10.370173099999999,1.4929614,0
10.380238100000003,1.4929614,0
10.390113199999998,1.4929614,0
10.400259000000002,1.4929614,0
10.410113599999999,1.4929614,0
10.420249200000004,1.4929614,0
10.430144000000002,1.4929614,0
10.440113800000002,1.4929614,0
10.450325700000004,1.4929614,0
10.460343900000002,1.4929614,0
10.470375800000003,1.4929614,0
10.480381600000005,1.4929614,0
10.490304900000002,1.4929614,0
10.500375200000004,1.4929614,0
10.510346899999998,1.4929614,0
10.520319099999998,1.4929614,0
10.5304361,1.4929614,0
10.540346700000004,1.4929614,0
10.550267999999999,1.4929614,0
10.560226400000001,1.4929614,0
10.570209800000004,1.4929614,0
10.580267700000004,1.4929614,0
10.590210200000005,1.4929614,0
10.600226100000004,1.4929614,0
10.610101100000005,1.4929614,0
10.620234300000003,1.4929614,0
10.630219100000001,1.4929614,0
10.640052900000004,1.4929614,0
10.650288300000003,1.4929614,0
10.660109600000002,1.4929614,0
10.670299000000004,1.4929614,0
10.680144100000003,1.4929614,0
10.690140799999998,1.4929614,0
10.7003369,1.4929614,0
10.7101656,1.4929614,0
10.720258400000002,1.4929614,0
10.730095000000002,1.4929614,0
10.740186500000004,1.4929614,0
10.750264600000005,1.4929614,0
10.760180000000002,1.4929614,0
10.7702426,1.4929614,0
10.780142900000005,1.4929614,0
10.790127600000002,1.4929614,0
10.800244199999998,1.4929614,0
10.8100846,1.4929614,0
10.820156200000003,1.4929614,0
10.830090000000002,1.4929614,0
10.840046400000002,1.4929614,0
10.850302700000004,1.4929614,0
10.8600982,1.4929614,0
10.870232699999999,1.4929614,0
10.8802762,1.4929614,0
10.890169799999999,1.4929614,0
10.900642700000002,1.4929614,0
10.910231200000002,1.4929614,0
10.920202200000002,1.4929614,0
10.930127200000005,1.4929614,0
10.9401094,1.4929614,0
10.950192699999999,1.4929614,0
10.9601364,1.4929614,0
10.970297400000003,1.4929614,0
10.9801319,1.4929614,0
10.990192699999998,1.4929614,0
11.000251299999999,1.4929614,0
11.010093200000004,1.4929614,0
11.020217500000005,1.4929614,0
11.030180600000005,1.4929614,0
11.040160199999999,1.4929614,0
11.050273999999998,1.4929614,0
11.060087900000003,1.4929614,0
11.0702703,1.4929614,0
11.0801981,1.4929614,0
11.090128199999999,1.4929614,0
11.1002634,1.4929614,0
11.110168400000003,1.4929614,0
11.120209300000003,1.4929614,0
11.130139400000001,1.4929614,0
11.140101900000001,1.4929614,0
11.150242000000002,1.4929614,0
11.160012599999998,1.4929614,0
11.170192199999999,1.4929614,0
11.180137900000002,1.4929614,0
11.190090200000004,1.4929614,0
11.200515400000004,1.4929614,0
11.210172000000004,1.4929614,0
11.2201932,1.4929614,0
11.230199800000005,1.4929614,0
11.240118300000002,1.4929614,0
11.250235900000003,1.4929614,0
11.260159400000003,1.4929614,0
11.270182000000002,1.4929614,0
11.280288500000001,1.4929614,0
11.290139,1.4929614,0
11.300242800000003,1.4929614,0
11.310105500000002,1.4929614,0
11.3202502,1.4929614,0
11.330217300000005,1.4929614,0
11.3401618,1.4929614,0
11.3501905,1.4929614,0
11.360160000000004,1.4929614,0
11.370116200000002,1.4929614,0
11.380122100000005,1.4929614,0
11.390109599999999,1.4929614,0
11.400304700000003,1.4929614,0
11.410123000000002,1.4929614,0
11.420087400000003,1.4929614,0
11.4301158,1.4929614,0
11.440068499999999,1.4929614,0
11.450224299999999,1.4929614,0
11.460242600000004,1.4929614,0
11.470096800000004,1.4929614,0
11.480188700000003,1.4929614,0
11.490117800000004,1.4929614,0
11.5002217,1.4929614,0
11.510199400000001,1.4929614,0
11.5202062,1.4929614,0
11.5301175,1.4929614,0
11.540118600000003,1.4929614,0
11.550354100000003,1.4929614,0
11.560163200000002,1.4929614,0
11.570142999999998,1.4929614,0
11.5801184,1.4929614,0
11.5901556,1.4929614,0
11.600435399999999,1.4929614,0
11.6100922,1.4929614,0
11.620122400000003,1.4929614,0
11.630125799999998,1.4929614,0
11.640072800000002,1.4929614,0
11.650369800000004,1.4929614,0
11.6601095,1.4929614,0
11.670179399999999,1.4929614,0
11.680298500000003,1.4929614,0
11.690200300000004,1.4929614,0
11.700270499999998,1.4929614,0
11.710164700000004,1.4929614,0
11.720245100000003,1.4929614,0
11.7301489,1.4929614,0
11.740098800000002,1.4929614,0
11.750274999999998,1.4929614,0
11.760081199999998,1.4929614,0
11.770189900000002,1.4929614,0
11.780076699999999,1.4929614,0
11.789995999999999,1.4929614,0
11.800239200000004,1.4929614,0
11.810087400000004,1.4929614,0
11.820196499999998,1.4929614,0
11.830175,1.4929614,0
11.840067800000003,1.4929614,0
11.8501953,1.4929614,0
11.860105,1.4929614,0
11.870194600000001,1.4929614,0
11.880136799999999,1.4929614,0
11.8900605,1.4929614,0
11.9002169,1.4929614,0
11.910115600000001,1.4929614,0
11.920159200000004,1.4929614,0
11.9301754,1.4929614,0
11.9401452,1.4929614,0
11.950206099999999,1.4929614,0
11.960137200000002,1.4929614,0
11.970208100000004,1.4929614,0
11.980118100000002,1.4929614,0
11.990091000000003,1.4929614,0
12.0002454,1.4929614,0
12.010028200000004,1.4929614,0
12.020202600000001,1.4929614,0
12.030168,1.4929614,0
12.040094900000003,1.4929614,0
12.050393799999998,1.4929614,0
12.0600712,1.4929614,0
12.070150100000003,1.4929614,0
12.080141900000005,1.4929614,0
12.090090900000003,1.4929614,0
12.100493000000004,1.4929614,0
12.110139100000001,1.4929614,0
12.1203246,1.4929614,0
12.1300901,1.4929614,0
12.140077299999998,1.4929614,0
12.150301500000001,1.4929614,0
12.160222000000001,1.4929614,0
12.1701321,1.4929614,0
12.180112600000005,1.4929614,0
12.190058600000004,1.4929614,0
12.2003101,1.4929614,0
12.210086,1.4929614,0
12.220077700000001,1.4929614,0
12.2302438,1.4929614,0
12.2401826,1.4929614,0
12.2503742,1.4929614,0
12.260481899999998,1.4929614,0
12.270298300000004,1.4929614,0
12.280044200000003,1.4929614,0
12.290119999999998,1.4929614,0
12.300306200000005,1.4929614,0
12.310085000000004,1.4929614,0
12.320233900000002,1.4929614,0
12.330362699999998,1.4929614,0
12.340286899999999,1.4929614,0
12.3504307,1.4929614,0
12.360285399999999,1.4929614,0
12.3703136,1.4929614,0
12.380221500000001,1.4929614,0
12.390130100000004,1.4929614,0
12.400372999999998,1.4929614,0
12.410114100000005,1.4929614,0
12.4202483,1.4929614,0
12.430125400000005,1.4929614,0
12.440049400000003,1.4929614,0
12.450258600000002,1.4929614,0
12.460210900000003,1.4929614,0
12.470263499999998,1.4929614,0
12.480275800000005,1.4929614,0
12.490212799999998,1.4929614,0
12.5003384,1.4929614,0
12.510312100000004,1.4929614,0
12.520213899999998,1.4929614,0
12.530055100000002,1.4929614,0
12.540161200000004,1.4929614,0
12.550335,1.4929614,0
12.560073,1.4929614,0
12.5701553,1.4929614,0
12.5800351,1.4929614,0
12.590027500000001,1.4929614,0
12.600259900000001,1.4929614,0
12.610041599999999,1.4929614,0
12.620121399999999,1.4929614,0
12.630112,1.4929614,0
12.640142300000004,1.4929614,0
12.650267700000004,1.4929614,0
12.660161800000001,1.4929614,0
12.6700956,1.4929614,0
12.680096299999999,1.4929614,0
12.690231700000002,1.4929614,0
12.700267900000004,1.4929614,0
12.710282799999998,1.4929614,0
12.720238599999998,1.4929614,0
12.730068200000002,1.4929614,0
12.740161000000004,1.4929614,0
12.750257700000002,1.4929614,0
12.760062200000004,1.4929614,0
12.770092299999998,1.4929614,0
12.7800708,1.4929614,0
12.790077,1.4929614,0
12.800275899999999,1.4929614,0
12.8100712,1.4929614,0
12.820074100000003,1.4929614,0
12.830082999999998,1.4929614,0
12.840086700000004,1.4929614,0
12.850144000000004,1.4929614,0
12.8600964,1.4929614,0
12.870057400000004,1.4929614,0
12.880201700000004,1.4929614,0
12.890179200000002,1.4929614,0
12.900275000000004,1.4929614,0
12.910304900000003,1.4929614,0
12.9201667,1.4929614,0
12.9301602,1.4929614,0
12.940137000000004,1.4929614,0
12.9502348,1.4929614,0
12.960100999999998,1.4929614,0
12.970060100000001,1.4929614,0
12.980072199999999,1.4929614,0
12.990086999999999,1.4929614,0
13.0003383,1.4929614,0
13.010092799999999,1.4929614,0
13.020071600000005,1.4929614,0
13.030116700000004,1.4929614,0
13.040063,1.4929614,0
13.050207799999999,1.4929614,0
13.060152800000001,1.4929614,0
13.0700739,1.4929614,0
13.080115700000004,1.4929614,0
13.090277699999998,1.4929614,0
13.1002549,1.4929614,0
13.110057300000005,1.4929614,0
13.120549800000003,1.4929614,0
13.130081399999998,1.4929614,0
13.140359400000005,1.4929614,0
13.1502783,1.4929614,0
13.160071500000004,1.4929614,0
13.170050800000002,1.4929614,0
13.180139399999998,1.4929614,0
13.1901263,1.4929614,0
13.200266800000005,1.4929614,0
13.210100100000002,1.4929614,0
13.220031600000002,1.4929614,0
13.230094099999999,1.4929614,0
13.240058399999999,1.4929614,0
13.250319900000004,1.4929614,0
13.260078799999999,1.4929614,0
13.2701174,1.4929614,0
13.280073599999998,1.4929614,0
13.290176300000002,1.4929614,0
13.3001526,1.4929614,0
13.3101053,1.4929614,0
13.320192600000002,1.4929614,0
13.330079000000001,1.4929614,0
13.340110200000002,1.4929614,0
13.350188800000002,1.4929614,0
13.360193599999999,1.4929614,0
13.3701738,1.4929614,0
13.380041800000004,1.4929614,0
13.390040000000003,1.4929614,0
13.4001749,1.4929614,0
13.410077900000001,1.4929614,0
13.4201679,1.4929614,0
13.430170100000002,1.4929614,0
13.440087100000003,1.4929614,0
13.450224200000005,1.4929614,0
13.460080300000005,1.4929614,0
13.470173900000002,1.4929614,0
13.480054500000005,1.4929614,0
13.490115300000003,1.4929614,0
13.500165500000005,1.4929614,0
13.510012800000002,1.4929614,0
13.520203599999999,1.4929614,0
13.530116100000004,1.4929614,0
13.540136900000004,1.4929614,0
13.550199600000003,1.4929614,0
13.560224000000002,1.4929614,0
13.570227800000001,1.4929614,0
13.580199600000004,1.4929614,0
13.590092800000004,1.4929614,0
13.6002634,1.4929614,0
13.610175200000004,1.4929614,0
13.620374000000002,1.4929614,0
13.630134700000003,1.4929614,0
13.6401881,1.4929614,0
13.650307999999999,1.4929614,0
13.660128100000005,1.4929614,0
13.670224600000001,1.4929614,0
13.680175200000004,1.4929614,0
13.690131000000004,1.4929614,0
13.7002798,1.4929614,0
13.710144199999998,1.4929614,0
13.720130399999999,1.4929614,0
13.730030799999998,1.4929614,0
13.740157700000001,1.4929614,0
13.750243999999999,1.4929614,0
13.760064199999999,1.4929614,0
13.770278900000005,1.4929614,0
13.780111700000003,1.4929614,0
13.790099100000003,1.4929614,0
13.8002133,1.4929614,0
13.810074500000002,1.4929614,0
13.820053300000001,1.4929614,0
13.8300674,1.4929614,0
13.8401861,1.4929614,0
13.8503194,1.4929614,0
13.8603014,1.4929614,0
13.870244600000003,1.4929614,0
13.880320200000003,1.4929614,0
13.890223299999999,1.4929614,0
13.9003379,1.4929614,0
13.910079,1.4929614,0
13.920583600000004,1.53540336471709,0
13.9306631,1.6354177499392317,0
13.940581300000002,1.7989141892060228,0
13.950691200000005,1.9815403915962948,0
13.960610800000001,2.1523232974730324,0
13.976257399999998,2.2673129940441425,0
13.980372500000005,2.4262948422117008,0
13.9906854,2.588821580137389,0
14.0004666,2.6971605797824045,0
14.0104304,2.8375733939616974,0
14.0205455,3.0841670778964776,0
14.0337748,3.2624745607623966,0
14.040360700000004,3.766015996618033,0
14.050557900000005,4.292353354407833,0
14.0634501,4.732935497767326,0
14.070431600000003,5.088406543766483,0
14.084737100000002,5.419453999270351,0
14.0903849,5.563506124199345,0
14.100593900000003,5.729765387115033,0
14.110363799999998,5.885192238641251,0
14.1205782,5.704400565352053,0
14.130363300000003,5.780953888508232,0
14.140700200000001,5.876409839490586,0
14.150651700000001,5.755282855289889,0
14.160542199999998,6.0009763073095606,1.3999999950442543e-06
14.1773026,6.289534513875581,0.016456799999993166
14.180650799999999,6.185089067084062,0.020018099999994377
14.190831200000002,6.308772702657734,0.03007819999999839
14.200521500000004,6.6272833866223495,0.04000589999999704
14.210694700000001,6.858388484023861,0.05010069999999445
14.220660200000001,7.032968092035166,0.06002019999999675
14.2363405,7.224683297447398,0.07579519999999462
14.2404337,7.236164941859489,0.07994889999999799
14.250515000000004,7.3055391338252935,0.08994909999999834
14.2604024,7.363990293871589,0.09993659999999949
14.270479300000002,6.934080128015318,0.10993889999999595
14.283247800000002,7.375750831076357,0.12272349999999932
14.295840800000004,7.3405396652208985,0.13531959999999543
14.3005216,7.3405396652208985,0.14000379999999524
14.310392400000001,7.45873648687406,0.1498920999999953
14.320481699999998,7.714779485070684,0.15996519999999492
14.330392300000003,7.739730070915215,0.16990939999999455
14.3404713,8.11295656128866,0.17995009999999922
14.3539305,8.152816159873417,0.1934247999999954
14.360522499999998,8.179522401387631,0.19999589999999756
14.370491300000001,8.328331593408056,0.2099446999999941
14.380448500000004,8.452543313875262,0.21997039999999402
14.390429600000001,8.397061988565584,0.22992159999999728
14.4005313,8.522522057577296,0.24000819999999834
14.410378699999999,8.579011088888649,0.24989829999999813
14.420644800000002,8.508470269933717,0.26008439999999666
14.430390599999999,8.522522057577296,0.26989269999999976
14.440393400000001,8.369487326701252,0.2799022999999963
14.4505358,8.607425524228983,0.2900161999999966
14.460403500000002,8.650260854860331,0.2999208999999965
14.4703451,8.369487326701252,0.3098329999999976
14.480343700000002,8.67896086002344,0.319859699999995
14.490385800000002,8.424747169969082,0.32989639999999554
14.5005354,8.550710084276984,0.33994749999999385
14.510450000000002,8.824195583331818,0.34997879999999526
14.520537700000002,8.972364242669451,0.3599913999999984
14.530392000000003,8.765752901088112,0.36988849999999474
14.5404558,9.077859687091145,0.37991519999999923
14.5550381,9.032466444874892,0.39449989999999957
14.560328100000003,9.077859687091145,0.39981299999999464
14.570551500000004,8.94249296807631,0.40995429999999544
14.584185700000003,9.047567273559713,0.4236709999999988
14.597551,9.017395787665905,0.43707229999999697
14.600480399999999,8.94249296807631,0.43996249999999293
14.614761600000005,9.27774164451191,0.4542716999999996
14.628845899999998,9.108273512939446,0.46833569999999725
14.630297700000003,9.26218092712718,0.46983799999999576
14.640410300000003,9.215685068627405,0.4798902999999939
14.650479399999998,9.26218092712718,0.4899493999999933
14.660344900000002,9.340296664120023,0.4998732999999973
14.670403799999999,9.563222569082706,0.5098652999999942
14.680386899999998,9.215685068627405,0.5198988
14.690377700000003,9.231152701241395,0.5298897999999994
14.700598199999998,9.215685068627405,0.5399879999999939
14.710365900000003,9.246651300076511,0.5498473999999973
14.7205506,9.017395787665905,0.5600185999999994
14.730382299999999,9.184842454704212,0.5698789999999931
14.7403133,9.215685068627405,0.5798295999999965
14.750467500000003,9.215685068627405,0.5899820999999932
14.760322500000004,9.09305139310744,0.5998310999999958
14.7705546,9.246651300076511,0.6100172999999955
14.780375700000004,9.293333514473604,0.6198584999999994
14.7903907,9.246651300076511,0.6299003999999968
14.8004736,9.231152701241395,0.6399393999999958
14.8103145,9.340296664120023,0.6498226999999943
14.820443100000002,9.30895659937976,0.6598692999999969
14.830359099999999,9.231152701241395,0.6698433999999978
14.840293800000001,9.215685068627405,0.6798194999999936
14.850476000000004,9.644363824876494,0.6900114999999971
14.860358399999999,9.215685068627405,0.6998849999999948
14.870431,9.231152701241395,0.7098501999999982
14.880328899999999,8.94249296807631,0.719862599999999
14.893474900000005,9.27774164451191,0.7329308999999995
14.909397299999998,9.16946735002452,0.7488825999999946
14.910465500000004,9.231152701241395,0.7499660999999946
14.920497300000005,9.482888682273867,0.7599537999999981
14.9303068,9.246651300076511,0.7698296999999954
14.940519400000003,9.200248340363991,0.779929199999998
14.950460199999998,9.530992581754338,0.789955599999999
14.9603887,9.26218092712718,0.7998260999999971
14.970508200000001,9.077859687091145,0.8099548999999939
14.980292299999999,9.184842454704212,0.819814099999995
14.990390800000004,9.403354130994348,0.8299258999999992
15.0004278,9.231152701241395,0.8399457999999953
15.010321800000003,9.047567273559713,0.8498335999999966
15.020495,9.26218092712718,0.8599187999999955
15.030399499999998,9.231152701241395,0.8698658999999935
15.040292600000004,9.184842454704212,0.8798263999999989
15.050496800000001,9.466918080834294,0.8899459999999948
15.060384500000001,9.123526107475662,0.8999148999999989
15.070571400000002,9.30895659937976,0.9099293999999958
15.080324100000002,9.340296664120023,0.9198450999999963
15.090350000000004,9.977166049925785,0.9298863999999938
15.1004337,9.340296664120023,0.9399619999999942
15.110302800000003,9.184842454704212,0.9498312999999996
15.120663500000003,9.138809237726493,0.9601254999999966
15.130291600000003,9.06269833412371,0.9698269999999951
15.140304699999998,9.002355241650097,0.979818299999998
15.150467299999999,9.340296664120023,0.9899758999999975
15.160473900000003,9.09305139310744,0.9999077999999955
15.1704847,9.30895659937976,1.0099660999999998
15.1804654,9.231152701241395,1.0099660999999998
15.192193,9.231152701241395,1.0099660999999998
15.209611800000001,9.26218092712718,1.0099660999999998
15.2104161,9.340296664120023,1.0099660999999998
15.2206637,9.231152701241395,1.0099660999999998
15.230567699999998,9.293333514473604,1.0099660999999998
15.240469300000004,9.660689672932362,1.0099660999999998
15.250639199999998,9.246651300076511,1.0099660999999998
15.260436100000003,9.32461096172274,1.0099660999999998
15.270711000000002,9.371762340174383,1.0099660999999998
15.280470900000001,9.498891256878826,1.0099660999999998
15.290461000000004,9.595581734544421,1.0099660999999998
15.3006061,9.450979388677672,1.0099660999999998
15.310671700000004,9.51492586865949,1.0099660999999998
15.320606000000002,9.72632056384844,1.0099660999999998
15.33044,9.466918080834294,1.0099660999999998
15.3405169,9.51492586865949,1.0099660999999998
15.350614199999999,9.57938597223622,1.0099660999999998
15.3605148,9.74281048940505,1.0099660999999998
15.3708025,9.27774164451191,1.0099660999999998
15.380450900000003,9.62807059588681,1.0099660999999998
15.390623800000004,9.74281048940505,1.0099660999999998
15.4007447,9.644363824876494,1.0099660999999998
15.4105016,9.498891256878826,1.0099660999999998
15.420572400000001,9.62807059588681,1.0099660999999998
15.430470000000003,9.62807059588681,1.0099660999999998
15.440435500000003,9.660689672932362,1.0099660999999998
15.4506598,9.530992581754338,1.0099660999999998
15.4605493,9.387542439694219,1.0099660999999998
15.470610600000004,9.595581734544421,1.0099660999999998
15.480482400000003,9.435072542049229,1.0099660999999998
15.490550800000005,10.757921311448747,1.0099660999999998
15.500589299999998,9.595581734544421,1.0099660999999998
15.510448300000004,9.70986358518506,1.0099660999999998
15.5205971,9.57938597223622,1.0099660999999998
15.530455900000003,9.54709146043023,1.0099660999999998
15.5404424,9.595581734544421,1.0099660999999998
15.5509388,9.72632056384844,1.0099660999999998
15.560506499999999,9.74281048940505,1.0099660999999998
15.570623999999999,9.498891256878826,1.0099660999999998
15.5805665,9.563222569082706,1.0099660999999998
15.5905856,9.466918080834294,1.0099660999999998
15.600807800000002,9.660689672932362,1.0099660999999998
15.610724300000005,9.595581734544421,1.0099660999999998
15.620868400000003,9.403354130994348,1.0099660999999998
15.6308076,9.482888682273867,1.0099660999999998
15.640688399999998,8.522522057577296,1.0099660999999998
15.650809800000001,9.482888682273867,1.0099660999999998
15.660617300000002,9.498891256878826,1.0099660999999998
15.670682100000004,9.498891256878826,1.0099660999999998
15.680494499999998,9.563222569082706,1.0099660999999998
15.690548500000002,9.530992581754338,1.0099660999999998
15.700581700000004,9.482888682273867,1.0099660999999998
15.710521600000003,9.27774164451191,1.0099660999999998
15.720562500000003,9.30895659937976,1.0099660999999998
15.730436300000004,9.30895659937976,1.0099660999999998
15.740481599999999,9.419197477321548,1.0099660999999998
15.7507384,9.30895659937976,1.0099660999999998
15.760573600000004,9.403354130994348,1.0099660999999998
15.770713400000002,9.371762340174383,1.0099660999999998
15.7804544,9.450979388677672,1.0099660999999998
15.790429200000002,9.077859687091145,1.0099660999999998
15.800804100000004,9.530992581754338,1.0099660999999998
15.8105243,9.403354130994348,1.0099660999999998
15.820641500000004,9.482888682273867,1.0099660999999998
15.8304595,9.26218092712718,1.0099660999999998
15.840475000000001,9.387542439694219,1.0099660999999998
15.8506301,8.593204099345877,1.0099660999999998
15.860554600000004,9.356013769314421,1.0099660999999998
15.870604400000001,9.231152701241395,1.0099660999999998
15.880656300000002,9.246651300076511,1.0099660999999998
15.890542700000001,9.32461096172274,1.0099660999999998
15.900782700000004,9.215685068627405,1.0099660999999998
15.910738300000002,9.002355241650097,1.0099660999999998
15.920895500000004,9.32461096172274,1.0099660999999998
15.930733400000005,9.26218092712718,1.0099660999999998
15.941057099999998,9.231152701241395,1.0099660999999998
15.950755500000003,9.32461096172274,1.0099660999999998
15.960583000000003,9.231152701241395,1.0099660999999998
15.970667000000002,9.184842454704212,1.0099660999999998
15.980490800000002,9.154122964824467,1.0099660999999998
15.990677299999998,9.032466444874892,1.0099660999999998
16.0006015,9.371762340174383,1.0099660999999998
16.0105318,8.987344746665283,1.0099660999999998
16.0208116,8.987344746665283,1.0099660999999998
16.0305017,8.883107682196407,1.0099660999999998
16.0404437,8.765752901088112,1.0099660999999998
16.050595500000004,8.650260854860331,1.0099660999999998
16.060458399999998,8.508470269933717,1.0099660999999998
16.0706319,8.508470269933717,1.0099660999999998
16.0804285,8.522522057577296,1.0099660999999998
16.0905781,8.480450865022997,1.0099660999999998
16.100630900000002,8.438631343854855,1.0099660999999998
16.110489500000003,8.522522057577296,1.0099660999999998
16.1206755,8.301031304013586,1.0099660999999998
16.1305698,8.287422055190799,1.0099660999999998
16.1405159,8.342022743180927,1.0099660999999998
16.1507002,8.08651605131745,1.0099660999999998
16.160544400000003,8.099723086052473,1.0099660999999998
16.170616500000005,7.853251035826392,1.0099660999999998
