0.0004920999999988851,1.4929614,0
0.010174899999999099,1.4929614,0
0.02918419999999955,1.4929614,0
0.030224399999999818,1.4929614,0
0.04024590000000039,1.4929614,0
0.050399699999999825,1.4929614,0
0.06015309999999907,1.4929614,0
0.07020170000000014,1.4929614,0
0.08013590000000015,1.4929614,0
0.09032909999999994,1.4929614,0
0.10016519999999929,1.4929614,0
0.11010109999999962,1.4929614,0
0.12019319999999922,1.4929614,0
0.13049769999999938,1.4929614,0
0.14031579999999977,1.4929614,0
0.15025159999999893,1.4929614,0
0.16025130000000054,1.4929614,0
0.1703115000000004,1.4929614,0
0.18038259999999973,1.4929614,0
0.19034300000000037,1.4929614,0
0.2005289999999995,1.4929614,0
0.21017299999999928,1.4929614,0
0.2202017999999999,1.4929614,0
0.23026439999999937,1.4929614,0
0.24013560000000034,1.4929614,0
0.25020229999999977,1.4929614,0
0.2601742999999992,1.4929614,0
0.27019510000000047,1.4929614,0
0.2802246000000004,1.4929614,0
0.2900998999999995,1.4929614,0
0.30020459999999893,1.4929614,0
0.31039490000000036,1.4929614,0
0.3202097999999989,1.4929614,0
0.33019400000000054,1.4929614,0
0.3404337000000002,1.4929614,0
0.35014259999999986,1.4929614,0
0.36008260000000014,1.4929614,0
0.37035539999999934,1.4929614,0
0.3802454999999991,1.4929614,0
0.39004959999999933,1.4929614,0
0.4001153999999989,1.4929614,0
0.4100891999999998,1.4929614,0
0.4202937999999996,1.4929614,0
0.4302799999999998,1.4929614,0
0.4401289999999989,1.4929614,0
0.4502380000000006,1.4929614,0
0.46017870000000016,1.4929614,0
0.4702106999999991,1.4929614,0
0.48021639999999977,1.4929614,0
0.4901882999999998,1.4929614,0
0.5002797999999995,1.4929614,0
0.5101206000000005,1.4929614,0
0.5201832999999993,1.4929614,0
0.5303681000000005,1.4929614,0
0.5401995999999993,1.4929614,0
0.5501228000000005,1.4929614,0
0.5601775999999994,1.4929614,0
0.5702762000000003,1.4929614,0
0.5802505,1.4929614,0
0.5901396000000005,1.4929614,0
0.6002057000000001,1.4929614,0
0.6101106999999999,1.4929614,0
0.6203433,1.4929614,0
0.6302196999999996,1.4929614,0
0.6401769000000002,1.4929614,0
0.6501932999999998,1.4929614,0
0.6601389999999991,1.4929614,0
0.670169099999999,1.4929614,0
0.6802776999999995,1.4929614,0
0.6900688000000006,1.4929614,0
0.7002296999999995,1.4929614,0
0.7102878999999991,1.4929614,0
0.7201918000000003,1.4929614,0
0.7304747000000003,1.4929614,0
0.7401894000000002,1.4929614,0
0.7504682000000003,1.4929614,0
0.760211,1.4929614,0
0.7704699000000002,1.4929614,0
0.7803906999999999,1.4929614,0
0.7902670999999994,1.4929614,0
0.8003170999999991,1.4929614,0
0.8102160000000005,1.4929614,0
0.8204791,1.4929614,0
0.8303641000000006,1.4929614,0
0.8402622999999991,1.4929614,0
0.8502971000000006,1.4929614,0
0.860241799999999,1.4929614,0
0.8701872000000002,1.4929614,0
0.8801872999999993,1.4929614,0
0.8900743999999996,1.4929614,0
0.9002695000000003,1.4929614,0
0.9100164999999993,1.4929614,0
0.9201627000000006,1.4929614,0
0.9301928000000004,1.4929614,0
0.9401340999999999,1.4929614,0
0.9501252000000004,1.4929614,0
0.9601779999999991,1.4929614,0
0.9701865000000005,1.4929614,0
0.9801564999999997,1.4929614,0
0.9902678999999992,1.4929614,0
1.000245099999999,1.4929614,0
1.0100550999999989,1.4929614,0
1.024190299999999,1.4929614,0
1.0305762000000005,1.4929614,0
1.0401495999999995,1.4929614,0
1.0503430999999992,1.4929614,0
1.0601166000000006,1.4929614,0
1.0702330999999994,1.4929614,0
1.0802203000000006,1.4929614,0
1.0900505000000003,1.4929614,0
1.1001317999999998,1.4929614,0
1.1104345000000002,1.4929614,0
1.1202348999999998,1.4929614,0
1.1302000999999997,1.4929614,0
1.1401395999999995,1.4929614,0
1.150141099999999,1.4929614,0
1.1601739999999996,1.4929614,0
1.1702092000000004,1.4929614,0
1.1802837000000004,1.4929614,0
1.1902951999999996,1.4929614,0
1.2001285999999993,1.4929614,0
1.210165,1.4929614,0
1.220335799999999,1.4929614,0
1.2302058999999996,1.4929614,0
1.2400597999999992,1.4929614,0
1.2501295999999993,1.4929614,0
1.2600718999999998,1.4929614,0
1.2704322999999995,1.4929614,0
1.2802580999999993,1.4929614,0
1.2900840000000002,1.4929614,0
1.3002143999999998,1.4929614,0
1.3100477999999995,1.4929614,0
1.320202,1.4929614,0
1.330216,1.4929614,0
1.340121,1.4929614,0
1.3502025,1.4929614,0
1.3601518000000006,1.4929614,0
1.370222,1.4929614,0
1.380355699999999,1.4929614,0
1.3900702000000003,1.4929614,0
1.4001812999999999,1.4929614,0
1.4100719000000002,1.4929614,0
1.4203928999999995,1.4929614,0
1.4301823999999996,1.4929614,0
1.4400984000000001,1.4929614,0
1.4501525999999991,1.4929614,0
1.4600992999999995,1.4929614,0
1.4701793999999992,1.4929614,0
1.4802365999999996,1.4929614,0
1.4900506999999994,1.4929614,0
1.5001447999999993,1.4929614,0
1.5103916999999996,1.4929614,0
1.5203127999999992,1.4929614,0
1.5301627,1.4929614,0
1.5400793000000004,1.4929614,0
1.5501395000000002,1.4929614,0
1.5601710999999998,1.4929614,0
1.5702932,1.4929614,0
1.5802086000000006,1.4929614,0
1.590164399999999,1.4929614,0
1.6001101000000002,1.4929614,0
1.6100499999999993,1.4929614,0
1.6202664000000002,1.4929614,0
1.6302567000000003,1.4929614,0
1.6400898000000002,1.4929614,0
1.650174999999999,1.4929614,0
1.6601669999999995,1.4929614,0
1.6702449999999995,1.4929614,0
1.6802197000000003,1.4929614,0
1.6903320999999991,1.4929614,0
1.7001226000000003,1.4929614,0
1.7100855999999993,1.4929614,0
1.7202018999999993,1.4929614,0
1.7304367999999997,1.4929614,0
1.740378699999999,1.4929614,0
1.750241299999999,1.4929614,0
1.7602794999999993,1.4929614,0
1.7702972999999993,1.4929614,0
1.7804439999999992,1.4929614,0
1.7902822999999994,1.4929614,0
1.800188799999999,1.4929614,0
1.8100223,1.4929614,0
1.8201994,1.4929614,0
1.8303949999999993,1.4929614,0
1.8401060999999999,1.4929614,0
1.850322799999999,1.4929614,0
1.8602489999999996,1.4929614,0
1.8701918000000006,1.4929614,0
1.880185299999999,1.4929614,0
1.8903880999999991,1.4929614,0
1.9001573999999994,1.4929614,0
1.910091099999999,1.4929614,0
1.9201417000000003,1.4929614,0
1.9302749000000006,1.4929614,0
1.9401593999999989,1.4929614,0
1.9503921000000002,1.4929614,0
1.9601740999999997,1.4929614,0
1.9702383,1.4929614,0
1.9802318999999997,1.4929614,0
1.9900655,1.4929614,0
2.0001222999999992,1.4929614,0
2.0101107999999996,1.4929614,0
2.0201379,1.4929614,0
2.030290599999999,1.4929614,0
2.0401466999999993,1.4929614,0
2.0503078000000006,1.4929614,0
2.0601211,1.4929614,0
2.0701149,1.4929614,0
2.0802762,1.4929614,0
2.0900982999999993,1.4929614,0
2.100086899999999,1.4929614,0
2.110161999999999,1.4929614,0
2.1202278999999997,1.4929614,0
2.130175099999999,1.4929614,0
2.140065599999998,1.4929614,0
2.1500727999999985,1.4929614,0
2.1600886,1.4929614,0
2.1701444,1.4929614,0
2.180253500000001,1.4929614,0
2.1901910000000004,1.4929614,0
2.2003652999999996,1.4929614,0
2.2100351000000007,1.4929614,0
2.2201523000000005,1.4929614,0
2.2301881000000012,1.4929614,0
2.2400539000000013,1.4929614,0
2.250155399999999,1.4929614,0
2.2600688999999985,1.4929614,0
2.2701462999999986,1.4929614,0
2.2803319999999996,1.4929614,0
2.2901054,1.4929614,0
2.3001339000000005,1.4929614,0
2.3103289,1.4929614,0
2.320224999999999,1.4929614,0
2.330157299999998,1.4929614,0
2.3401727999999995,1.4929614,0
2.3501579999999986,1.4929614,0
2.360017300000001,1.4929614,0
2.3702127000000015,1.4929614,0
2.3803873000000006,1.4929614,0
2.3900941999999983,1.4929614,0
2.4001767999999988,1.4929614,0
2.410114899999998,1.4929614,0
2.4201306999999996,1.4929614,0
2.430235699999999,1.4929614,0
2.4401184999999987,1.4929614,0
2.4502299999999995,1.4929614,0
2.4600858,1.4929614,0
2.4701474,1.4929614,0
2.4801388999999983,1.4929614,0
2.490066399999998,1.4929614,0
2.500121899999998,1.4929614,0
2.510103299999999,1.4929614,0
2.5201165999999997,1.4929614,0
2.5302843,1.4929614,0
2.540065799999999,1.4929614,0
2.5501609,1.4929614,0
2.5601119999999984,1.4929614,0
2.5704933999999984,1.4929614,0
2.5802981999999997,1.4929614,0
2.5900616000000003,1.4929614,0
2.6000891,1.4929614,0
2.610327400000001,1.4929614,0
2.6201229,1.4929614,0
2.6301924000000003,1.4929614,0
2.6403139999999983,1.4929614,0
2.6502532,1.4929614,0
2.6602945999999985,1.4929614,0
2.6702603000000007,1.4929614,0
2.6802669000000012,1.4929614,0
2.6902987000000014,1.4929614,0
2.7002985000000006,1.4929614,0
2.7104532999999993,1.4929614,0
2.720390400000001,1.4929614,0
2.7304858999999997,1.4929614,0
2.7402235999999984,1.4929614,0
2.7502185999999984,1.4929614,0
2.7600923999999996,1.4929614,0
2.7702234999999984,1.4929614,0
2.780146199999999,1.4929614,0
2.7901514999999986,1.4929614,0
2.8001451,1.4929614,0
2.8100880999999998,1.4929614,0
2.8206191,1.4929614,0
2.830196599999999,1.4929614,0
2.840106399999998,1.4929614,0
2.8500940000000003,1.4929614,0
2.8600861999999996,1.4929614,0
2.8701801000000007,1.4929614,0
2.880293,1.4929614,0
2.890187299999999,1.4929614,0
2.9001584000000005,1.4929614,0
2.910217900000001,1.4929614,0
2.9201447,1.4929614,0
2.9302243999999984,1.4929614,0
2.9401121999999997,1.4929614,0
2.950098500000001,1.4929614,0
2.9600966999999994,1.4929614,0
2.9701562,1.4929614,0
2.980316199999999,1.4929614,0
2.990031499999999,1.4929614,0
3.0001336,1.4929614,0
3.0100505,1.4929614,0
3.0201486000000006,1.4929614,0
3.0301773,1.4929614,0
3.0401442999999997,1.4929614,0
3.0502154999999984,1.4929614,0
3.060121999999998,1.4929614,0
3.0702598000000005,1.4929614,0
3.0804914000000014,1.4929614,0
3.090076699999999,1.4929614,0
3.1001296000000007,1.4929614,0
3.110202599999999,1.4929614,0
3.120229,1.4929614,0
3.1303268999999982,1.4929614,0
3.1401769999999996,1.4929614,0
3.1500737999999995,1.4929614,0
3.1602152000000014,1.4929614,0
3.1701396000000006,1.4929614,0
3.1801189999999995,1.4929614,0
3.1903316999999998,1.4929614,0
3.2002226999999994,1.4929614,0
3.2102355000000014,1.4929614,0
3.2201185,1.4929614,0
3.2302263,1.4929614,0
3.240119599999998,1.4929614,0
3.250260299999999,1.4929614,0
3.2601634000000015,1.4929614,0
3.2704238000000014,1.4929614,0
3.2802935999999985,1.4929614,0
3.2901383999999982,1.4929614,0
3.300263799999998,1.4929614,0
3.3101250999999987,1.4929614,0
3.3201351,1.4929614,0
3.3302144999999985,1.4929614,0
3.3401373000000003,1.4929614,0
3.350343699999998,1.4929614,0
3.3601851999999983,1.4929614,0
3.3704105,1.4929614,0
3.3804734000000014,1.4929614,0
3.3900862000000007,1.4929614,0
3.4004524999999983,1.4929614,0
3.410130999999998,1.4929614,0
3.4204555999999986,1.4929614,0
3.4302228999999986,1.4929614,0
3.440053699999998,1.4929614,0
3.450155699999998,1.4929614,0
3.4601480999999996,1.4929614,0
3.4701466000000014,1.4929614,0
3.480345099999999,1.4929614,0
3.4902202000000013,1.4929614,0
3.5001464,1.4929614,0
3.5100953000000015,1.4929614,0
3.520111899999998,1.4929614,0
3.530246,1.4929614,0
3.5401282,1.4929614,0
3.5501582000000003,1.4929614,0
3.560110700000001,1.4929614,0
3.5702130000000007,1.4929614,0
3.5801016999999984,1.4929614,0
3.5901005,1.4929614,0
3.600225199999999,1.4929614,0
3.6101887,1.4929614,0
3.6202702999999996,1.4929614,0
3.6305442999999986,1.4929614,0
3.6400659000000015,1.4929614,0
3.650031799999999,1.4929614,0
3.6600816,1.4929614,0
3.670130500000001,1.4929614,0
3.680318999999999,1.4929614,0
3.6900986000000007,1.4929614,0
3.7001377999999985,1.4929614,0
3.710061399999999,1.4929614,0
3.7201752999999993,1.4929614,0
3.7301605999999996,1.4929614,0
3.7400447000000003,1.4929614,0
3.7500899999999984,1.4929614,0
3.7602728999999986,1.4929614,0
3.770158799999999,1.4929614,0
3.7801634999999987,1.4929614,0
3.7901828999999996,1.4929614,0
3.8001644999999993,1.4929614,0
3.8101167,1.4929614,0
3.8201680999999983,1.4929614,0
3.830195699999999,1.4929614,0
3.8400856,1.4929614,0
3.850191699999998,1.4929614,0
3.8600519,1.4929614,0
3.8701252999999998,1.4929614,0
3.8802430999999995,1.4929614,0
3.890069200000001,1.4929614,0
3.9001713999999996,1.4929614,0
3.910143400000001,1.4929614,0
3.920685399999998,1.4929614,0
3.930138600000001,1.4929614,0
3.9401098,1.4929614,0
3.950132599999998,1.4929614,0
3.960106099999999,1.4929614,0
3.9701582999999996,1.4929614,0
3.980208199999998,1.4929614,0
3.9900308000000013,1.4929614,0
4.0004051,1.4929614,0
4.0100137,1.4929614,0
4.020166600000001,1.4929614,0
4.0301874999999985,1.4929614,0
4.040097099999999,1.4929614,0
4.050066499999998,1.4929614,0
4.060072700000001,1.4929614,0
4.070076500000001,1.4929614,0
4.080105600000001,1.4929614,0
4.090121999999999,1.4929614,0
4.100150399999999,1.4929614,0
4.110010300000001,1.4929614,0
4.120085699999999,1.4929614,0
4.1301042,1.4929614,0
4.140069500000001,1.4929614,0
4.1501269999999995,1.4929614,0
4.160087299999999,1.4929614,0
4.170185599999998,1.4929614,0
4.180281200000001,1.4929614,0
4.1902187999999985,1.4929614,0
4.200246599999998,1.4929614,0
4.210158099999999,1.4929614,0
4.220244899999999,1.4929614,0
4.230314399999999,1.4929614,0
4.240253300000001,1.4929614,0
4.2502762,1.4929614,0
4.2600687,1.4929614,0
4.270171199999998,1.4929614,0
4.280120500000001,1.4929614,0
4.290027799999999,1.4929614,0
4.300078999999998,1.4929614,0
4.310240899999998,1.4929614,0
4.320106900000001,1.4929614,0
4.330218799999999,1.4929614,0
4.34013,1.4929614,0
4.350066,1.4929614,0
4.360010900000001,1.4929614,0
4.3701369,1.4929614,0
4.3802381000000015,1.4929614,0
4.3901157999999985,1.4929614,0
4.400131499999999,1.4929614,0
4.410116499999999,1.4929614,0
4.420083100000001,1.4929614,0
4.430124099999999,1.4929614,0
4.4400873,1.4929614,0
4.450181299999999,1.4929614,0
4.460085999999999,1.4929614,0
4.470175599999999,1.4929614,0
4.4801606,1.4929614,0
4.490074599999998,1.4929614,0
4.500096300000001,1.4929614,0
4.510107100000001,1.4929614,0
4.520060500000001,1.4929614,0
4.530196699999999,1.4929614,0
4.540024699999998,1.4929614,0
4.550076899999999,1.4929614,0
4.559989199999999,1.4929614,0
4.570118500000001,1.4929614,0
4.580137800000001,1.4929614,0
4.590083399999999,1.4929614,0
4.600088399999999,1.4929614,0
4.6100744,1.4929614,0
4.619983599999999,1.4929614,0
4.630138799999999,1.4929614,0
4.640046799999999,1.4929614,0
4.649993499999999,1.4929614,0
4.659993299999998,1.4929614,0
4.670490299999999,1.4929614,0
4.680269999999998,1.4929614,0
4.690248299999999,1.4929614,0
4.700124799999999,1.4929614,0
4.710183500000001,1.4929614,0
4.7200975,1.4929614,0
4.730137000000001,1.4929614,0
4.740178500000001,1.4929614,0
4.750082300000001,1.4929614,0
4.7600953000000015,1.4929614,0
4.770081199999998,1.4929614,0
4.780063700000001,1.4929614,0
4.790177699999999,1.4929614,0
4.8001464999999985,1.4929614,0
4.810113499999998,1.4929614,0
4.820190899999998,1.4929614,0
4.830117799999998,1.4929614,0
4.840214099999999,1.4929614,0
4.8501926000000015,1.4929614,0
4.860052900000001,1.4929614,0
4.8701737000000005,1.4929614,0
4.880127499999999,1.4929614,0
4.890209099999998,1.4929614,0
4.900140800000001,1.4929614,0
4.9101588,1.4929614,0
4.920111199999999,1.4929614,0
4.9301254,1.4929614,0
4.940108,1.4929614,0
4.950122899999998,1.4929614,0
4.9599809,1.4929614,0
4.970135000000001,1.4929614,0
4.9800758,1.4929614,0
4.990081599999998,1.4929614,0
5.000186300000001,1.4929614,0
5.0100991,1.4929614,0
5.0200157,1.4929614,0
5.0302305,1.4929614,0
5.0400106000000005,1.4929614,0
5.050156499999998,1.4929614,0
5.060078599999999,1.4929614,0
5.0701053,1.4929614,0
5.0802724,1.4929614,0
5.090094200000001,1.4929614,0
5.100099800000001,1.4929614,0
5.110215599999998,1.4929614,0
5.120082399999999,1.4929614,0
5.130493899999999,1.4929614,0
5.140371,1.4929614,0
5.1504639,1.4929614,0
5.160325899999998,1.4929614,0
5.170219699999999,1.4929614,0
5.1802142,1.4929614,0
5.190025499999999,1.4929614,0
5.2001711,1.4929614,0
5.2102241,1.4929614,0
5.2201769,1.4929614,0
5.2303032,1.4929614,0
5.240041400000001,1.4929614,0
5.2500953,1.4929614,0
5.260109899999998,1.4929614,0
5.270073099999999,1.4929614,0
5.280182899999998,1.4929614,0
5.2901910999999995,1.4929614,0
5.300050699999998,1.4929614,0
5.310098999999999,1.4929614,0
5.3200667,1.4929614,0
5.3303505,1.4929614,0
5.3400388,1.4929614,0
5.350056499999999,1.4929614,0
5.360133799999998,1.4929614,0
5.370075099999999,1.4929614,0
5.3802182,1.4929614,0
5.390078600000001,1.4929614,0
5.400124400000001,1.4929614,0
5.409996900000001,1.4929614,0
5.420116800000001,1.4929614,0
5.430159699999999,1.4929614,0
5.4400669,1.4929614,0
5.4501373,1.4929614,0
5.460091499999999,1.4929614,0
5.470042000000001,1.4929614,0
5.480218500000001,1.4929614,0
5.490149099999998,1.4929614,0
5.5002067000000014,1.4929614,0
5.510159400000001,1.4929614,0
5.520189400000001,1.4929614,0
5.530135100000001,1.4929614,0
5.540051,1.4929614,0
5.550057000000001,1.4929614,0
5.559997000000001,1.4929614,0
5.570133700000001,1.4929614,0
5.580136399999999,1.4929614,0
5.590097200000001,1.4929614,0
5.600054999999999,1.4929614,0
5.6100443,1.4929614,0
5.6201405,1.4929614,0
5.6301641,1.4929614,0
5.6399889000000005,1.4929614,0
5.6500688000000014,1.4929614,0
5.6600369,1.4929614,0
5.6701312999999995,1.4929614,0
5.680356699999999,1.4929614,0
5.690172200000001,1.4929614,0
5.700325300000001,1.4929614,0
5.710042799999998,1.4929614,0
5.7200468,1.4929614,0
5.7301512,1.4929614,0
5.7400596,1.4929614,0
5.7501126,1.4929614,0
5.760013500000001,1.4929614,0
5.770136500000001,1.4929614,0
5.780237099999999,1.4929614,0
5.790032500000001,1.4929614,0
5.8001278,1.4929614,0
5.8101821000000005,1.4929614,0
5.8201406,1.4929614,0
5.830162199999998,1.4929614,0
5.8400604000000005,1.4929614,0
5.850005300000001,1.4929614,0
5.8600411999999995,1.4929614,0
5.870148200000001,1.4929614,0
5.880178899999999,1.4929614,0
5.8900205,1.4929614,0
5.900092800000001,1.4929614,0
5.9099995,1.4929614,0
5.9200921,1.4929614,0
5.9301514000000015,1.4929614,0
5.940526400000001,1.4929614,0
5.9502735,1.4929614,0
5.9602138,1.4929614,0
5.970412099999999,1.4929614,0
5.9802245,1.4929614,0
5.990079400000001,1.4929614,0
6.000127999999998,1.4929614,0
6.010301199999999,1.4929614,0
6.0201373,1.4929614,0
6.030230699999999,1.4929614,0
6.0401635,1.4929614,0
6.050106699999999,1.4929614,0
6.0600872,1.4929614,0
6.0701354,1.4929614,0
6.080177999999998,1.4929614,0
6.090062000000001,1.4929614,0
6.1000336000000015,1.4929614,0
6.110008800000001,1.4929614,0
6.120093899999999,1.4929614,0
6.1300899,1.4929614,0
6.140104500000001,1.4929614,0
6.150106899999999,1.4929614,0
6.160018500000001,1.4929614,0
6.170057899999998,1.4929614,0
6.180132200000001,1.4929614,0
6.190355500000001,1.4929614,0
6.200134799999999,1.4929614,0
6.2100098,1.4929614,0
6.220098500000001,1.4929614,0
6.230236400000001,1.4929614,0
6.240126599999998,1.4929614,0
6.250127600000001,1.4929614,0
6.260103599999999,1.4929614,0
6.270188599999999,1.4929614,0
6.2802351000000005,1.4929614,0
6.2900641,1.4929614,0
6.300024800000001,1.4929614,0
6.310103,1.4929614,0
6.320187200000001,1.4929614,0
6.330106299999999,1.4929614,0
6.340170200000001,1.4929614,0
6.350050900000001,1.4929614,0
6.360018200000001,1.4929614,0
6.370143999999998,1.4929614,0
6.380163099999999,1.4929614,0
6.390107200000001,1.4929614,0
6.4001772,1.4929614,0
6.410064400000001,1.4929614,0
6.420074600000001,1.4929614,0
6.4301707,1.4929614,0
6.439989200000001,1.4929614,0
6.4500885000000014,1.4929614,0
6.460043799999999,1.4929614,0
6.470196700000001,1.4929614,0
6.480187299999999,1.4929614,0
6.490006599999999,1.4929614,0
6.5001044,1.4929614,0
6.510044800000001,1.4929614,0
6.520127799999999,1.4929614,0
6.530188399999998,1.4929614,0
6.5401726,1.4929614,0
6.550130900000001,1.4929614,0
6.560098299999998,1.4929614,0
6.570099399999998,1.4929614,0
6.5801341,1.4929614,0
6.590055600000001,1.4929614,0
6.600035799999999,1.4929614,0
6.609995,1.4929614,0
6.6202129,1.4929614,0
6.630104600000001,1.4929614,0
6.640057499999999,1.4929614,0
6.650128799999999,1.4929614,0
6.6601111,1.4929614,0
6.6701061,1.4929614,0
6.680144199999999,1.4929614,0
6.6901314,1.4929614,0
6.7001539999999995,1.4929614,0
6.7100491999999985,1.4929614,0
6.7201772,1.4929614,0
6.7301789,1.4929614,0
6.740308199999999,1.4929614,0
6.750117699999999,1.4929614,0
6.760101099999998,1.4929614,0
6.770196199999999,1.4929614,0
6.7801594000000005,1.4929614,0
6.7900811,1.4929614,0
6.800262299999998,1.4929614,0
6.810109500000001,1.4929614,0
6.820124699999999,1.4929614,0
6.830186199999998,1.4929614,0
6.840110900000001,1.4929614,0
6.8501145999999995,1.4929614,0
6.860083699999999,1.4929614,0
6.870208100000001,1.4929614,0
6.880392500000001,1.4929614,0
6.8900579,1.4929614,0
6.9000457000000015,1.4929614,0
6.910007899999998,1.4929614,0
6.920163699999998,1.4929614,0
6.930379799999999,1.4929614,0
6.940154600000001,1.4929614,0
6.950109599999999,1.4929614,0
6.9602697,1.4929614,0
6.970400799999998,1.4929614,0
6.980278400000001,1.4929614,0
6.990331299999999,1.4929614,0
7.0001999,1.4929614,0
7.0102721,1.4929614,0
7.0202556000000005,1.4929614,0
7.030294400000001,1.4929614,0
7.040135300000001,1.4929614,0
7.050061699999999,1.4929614,0
7.060008999999999,1.4929614,0
7.070189900000001,1.4929614,0
7.0801012,1.4929614,0
7.090052200000001,1.4929614,0
7.100077699999998,1.4929614,0
7.110052600000001,1.4929614,0
7.120192099999999,1.4929614,0
7.1301584999999985,1.4929614,0
7.140036199999999,1.4929614,0
7.150145,1.4929614,0
7.160012400000001,1.4929614,0
7.170209999999999,1.4929614,0
7.180108899999999,1.4929614,0
7.1900262,1.4929614,0
7.200409800000001,1.5005173968026309,0
7.210561,1.507926673260444,0
7.2204362,1.5156588529204305,0
7.2305078,1.5188055147826163,0
7.240454099999999,1.5277054590438783,0
7.250431999999998,1.54022054663534,0
7.2603609,1.5386263326047738,0
7.270549099999998,1.5478274884784622,0
7.2805170000000015,1.565875939962265,0
7.290351599999999,1.5863719862214865,0
7.300401899999999,1.6131143759639979,0
7.310567399999998,1.6794734037170267,0
7.3205458,1.749515753591554,0
7.3305609,1.8020228484890473,0
7.340438300000001,1.8972290435584942,0
7.350380899999999,1.9805574940382926,0
7.360520199999998,2.105052367212364,0
7.3737783,2.147042661799303,0
7.3805409000000015,2.2060851733266493,0
7.390356200000001,2.21473478930731,0
7.4004052,2.3170573406686654,0
7.410350199999998,2.375281631697842,0
7.420465399999999,2.4262948422117008,0
7.430352300000001,2.575709749501147,0
7.440341899999998,2.7847186011767127,0
7.450380600000001,2.9645178227917213,0
7.4602643,3.0937632400618837,0
7.473400100000001,3.162572986075473,0
7.480467899999999,3.266023857998057,0
7.490357000000001,3.3237887302246483,0
7.500348399999998,3.360841800437161,0
7.510274099999998,3.4062948586199986,0
7.5204267,3.4489294059507394,0
7.530404899999999,3.570087569959503,0
7.5402842,3.7120324069624946,0
7.5503594,3.8166521034118626,0
7.560261500000001,4.020569105069346,0
7.573088400000001,4.0408980653299365,0
7.5804229,4.097648589614982,0
7.590435699999999,4.214964756839351,0
7.600330699999999,4.231366100206485,0
7.610355499999999,4.331867857489674,0
7.620377700000001,4.354697195947081,0
7.630388299999998,4.198661526897799,0
7.6403428999999985,4.525786462712617,0
7.650578300000001,4.4537854557067424,0
7.6603639999999995,4.580932645749876,0
7.6704068,4.656022098420796,0
7.6803945,4.954217631447924,0
7.690338899999999,5.183202521501721,0
7.704276899999998,5.3185946485283795,0
7.710273800000001,5.498842316165114,0
7.720552100000001,5.5310448932559035,0
7.730395100000001,5.629212874450519,0
7.7402827,5.7723797577200475,0
7.750450299999999,5.965029276690851,0
7.7603381,5.982966845017518,0
7.770603499999998,6.028125932580405,9.999999974752427e-07
7.786604500000001,6.27994423832014,0.016000999999999266
7.7924086,6.366951147619736,0.02184429999999793
7.8004543,6.465480176582687,0.029914099999999166
7.8104265,6.647875276492737,0.0398941999999991
7.820640500000001,6.934080128015318,0.05003929999999812
7.830415199999999,6.783749139762662,0.059895099999998536
7.840488599999999,7.01083890754158,0.06995369999999923
7.856892199999999,7.144951555755833,0.0863744000000004
7.8604474,8.073335404255426,0.08993099999999998
7.8756319,7.423028897842612,0.10514849999999853
7.888871400000001,7.6159692035057525,0.11838449999999767
7.890275999999998,7.677540237620285,0.11979419999999763
7.9003174000000005,7.802544922425701,0.12981920000000002
7.910366399999999,7.955888361417405,0.13984650000000087
7.920504599999999,8.073335404255426,0.1499732999999992
7.934305700000001,8.166155927514222,0.16381399999999857
7.940308400000001,8.20633568180298,0.16979239999999862
7.950306899999999,8.522522057577296,0.1798070999999979
7.960275000000001,8.342022743180927,0.18978939999999866
7.970518100000001,8.369487326701252,0.1999701999999992
7.980439200000001,8.342022743180927,0.20983219999999747
7.990376599999999,8.328331593408056,0.21987790000000018
8.0004705,8.233256430132531,0.2298903999999986
8.010256799999999,8.328331593408056,0.23977999999999966
8.020396499999999,8.166155927514222,0.2498693000000003
8.030408499999998,8.301031304013586,0.25988669999999914
8.0403514,8.273839997665297,0.26985600000000076
8.050441999999999,8.20633568180298,0.2798513000000007
8.060343600000001,8.383260870307085,0.2898405000000004
8.070461,8.342022743180927,0.299889799999999
8.0804073,8.179522401387631,0.30988179999999943
8.090475199999998,8.260285077108826,0.3199097000000002
8.100387799999998,8.301031304013586,0.32984670000000094
8.110251,8.301031304013586,0.3397798999999999
8.120418599999999,8.342022743180927,0.3499075000000005
8.130449,8.152816159873417,0.3598935999999995
8.1402905,7.968833879342992,0.3697684999999993
8.154381299999999,7.865991073689227,0.3838185999999979
8.160413700000001,7.665176724779058,0.3898513000000001
8.1705566,7.363990293871589,0.3999699999999997
8.180373999999999,7.1789856653167865,0.409877299999998
8.1903007,6.901511052181899,0.41980590000000007
8.203452399999998,6.731071475665324,0.4328918999999978
8.2102689,6.386499623096539,0.4397896999999986
8.2205025,6.545734582569215,0.44994510000000076
8.230416700000001,6.505446871620019,0.4599063999999977
8.240364699999999,6.435714282503059,0.46985099999999846
8.250421999999999,6.545734582569215,0.4798605000000009
8.2603727,6.166344624693092,0.4898428999999993
8.270456399999999,6.455538361358687,0.4998933999999977
8.280541699999999,6.6272833866223495,0.5100133000000007
8.290339300000001,6.5965495799240745,0.5198327999999997
8.3002877,6.586345887857524,0.5297920000000005
8.3104399,6.5965495799240745,0.5398990999999995
8.320421999999999,6.7205990086718055,0.5498949999999994
8.3304274,6.5965495799240745,0.5599083
8.3403142,6.565999623962232,0.5697916999999997
8.350335199999998,6.485423557459608,0.579815
8.360448400000001,6.425831939575096,0.5899009999999976
8.370436799999998,6.455538361358687,0.5999005000000004
8.3805077,6.308772702657734,0.6100063999999996
8.3904561,6.415969341581473,0.6199033999999983
8.400368299999998,6.435714282503059,0.6298648
8.4103941,6.858388484023861,0.6398527999999999
8.4205479,6.7205990086718055,0.649929199999999
8.430439300000002,6.9998074648463415,0.6598824000000008
8.4402947,7.530797626824645,0.6698172000000007
8.452907600000001,7.764780658974222,0.6823948999999985
8.460291400000001,7.994802717912391,0.6898066000000007
8.470463999999998,8.328331593408056,0.6999126999999987
8.4839915,8.369487326701252,0.7135041999999991
8.4903575,8.650260854860331,0.7198092000000003
8.500359300000001,8.722226692884746,0.7298167000000007
8.510385000000001,8.564846436085226,0.7398783999999985
8.5205268,8.868335443994296,0.7499830999999979
8.5303849,8.987344746665283,0.7598455000000008
8.5406405,9.002355241650097,0.7699898999999988
8.554777,9.017395787665905,0.7842741999999987
8.560311,9.09305139310744,0.7898384000000007
8.570340199999999,9.154122964824467,0.7998033999999983
8.580481999999998,9.26218092712718,0.8099702999999998
8.590273299999998,9.403354130994348,0.8197901999999999
8.600358599999998,9.62807059588681,0.8298473999999985
8.610381299999998,9.72632056384844,0.8398819999999994
8.6203968,9.74281048940505,0.8498504999999987
8.6303617,9.693439487586987,0.8598411999999982
8.6404899,9.75933342781462,0.8699276000000005
8.6505265,10.011184305278535,0
8.6643278,9.530992581754338,1.7999999997186933e-06
8.6786634,10.09682765136841,0
8.6935993,9.859168038600663,1.7999999997186933e-06
8.694415099999999,10.011184305278535,0
8.7102093,10.011184305278535,0
8.710889400000001,10.114059332608491,0
8.720678399999999,10.0282445284255,0
8.730642399999999,10.2707051838414,0
8.740410200000001,10.394505234710364,0
8.750793400000001,10.341235771500035,0
8.7604795,10.466030194963013,0
8.770530299999999,10.376713222184142,0
8.7805153,10.2707051838414,0
8.7904493,10.466030194963013,0
8.800576399999999,10.079630399050409,0
8.810398900000001,10.448095275470884,0
8.8205537,10.165961639818944,0
8.8306788,10.57439625326279,0
8.8406213,10.520050675513097,0
8.850478999999998,10.538129649812095,0
8.8605405,10.114059332608491,0
8.870655699999999,10.57439625326279,0
8.8808485,10.610808213647339,0
8.8905945,10.79506884222607,0
8.900745800000001,10.757921311448747,0
8.910673399999999,10.684070537921636,0
8.920726700000001,10.57439625326279,0
8.930821499999999,11.136168679632782,0
8.9462864,10.739403193116889,0
8.961928200000001,10.739403193116889,0
8.962867399999999,10.79506884222607,0
8.9705448,10.629068884658762,0
8.9805525,10.341235771500035,0
8.9904533,10.57439625326279,0
9.0005447,10.592584027480942,0
9.0104025,10.776476503078216,0
9.0205778,11.002057685548928,0
9.0344684,10.57439625326279,0
9.049473099999998,10.665699973533705,0
9.0504208,10.739403193116889,0
9.060571600000001,10.832365260703382,0
9.070684299999998,11.174832229900465,0
9.0837481,10.869811163624185,0
9.0979504,10.757921311448747,0
9.1003669,10.776476503078216,0
9.1104443,10.720922074010135,0
9.1206075,10.832365260703382,0
9.130540599999998,10.832365260703382,0
9.140593999999998,10.832365260703382,0
9.1505308,10.57439625326279,0
9.1605334,10.739403193116889,0
9.170616699999998,10.757921311448747,0
9.1805413,10.776476503078216,0
9.1904387,10.851069489218567,0
9.200546099999999,10.757921311448747,0
9.210479900000001,10.869811163624185,0
9.220574999999998,10.92626161260162,0
9.230688800000001,10.907407150123706,0
9.240663799999998,11.002057685548928,0
9.25681,10.869811163624185,0
9.2722961,11.136168679632782,0
9.273056500000001,10.832365260703382,0
9.289937799999999,11.31137907880348,0
9.290788099999999,10.907407150123706,0
9.307294099999998,10.92626161260162,0
9.310436300000001,10.869811163624185,0
9.3206644,11.194222077744826,0
9.335668,10.869811163624185,0
9.3520709,10.92626161260162,0
9.3528407,10.869811163624185,0
9.3605578,10.776476503078216,0
9.3706063,10.945153821738554,0
9.380720899999998,10.323550191432286,0
9.390585799999998,10.869811163624185,0
9.400596299999998,10.57439625326279,0
9.410633299999999,10.813698403261705,0
9.420763200000001,10.907407150123706,0
9.430653999999999,10.776476503078216,0
9.440571499999999,10.888590358886962,0
9.450468899999999,10.610808213647339,0
9.4605014,10.592584027480942,0
9.470573100000001,10.57439625326279,0
9.480611999999999,10.466030194963013,0
9.490495600000001,10.288284968133446,0
9.5005015,10.288284968133446,0
9.510454000000001,10.394505234710364,0
9.520499,10.114059332608491,0
9.530718299999998,10.18333172739613,0
9.541340199999999,10.09682765136841,0
9.550692,10.062467506865458,0
9.560660099999998,10.0282445284255,0
9.5705243,9.62807059588681,2.3000000020090283e-06
9.585490299999998,9.792478607692077,0.015046500000000407
9.590515599999998,10.011184305278535,0
9.6085972,9.89271335666411,2.500000000793534e-06
9.6273185,9.859168038600663,0.018849199999998234
9.6279774,9.94328359581091,0.019535499999999928
9.6307228,10.011184305278535,0
9.6448749,9.89271335666411,1.6000000009341875e-06
9.6604786,10.011184305278535,0
9.6613947,10.341235771500035,0
9.677317099999998,9.859168038600663,1.4999999997655777e-06
9.693086500000001,9.644363824876494,0.01577079999999853
9.693663299999999,9.595581734544421,0.01640300000000039
9.700533899999998,9.693439487586987,0.023029899999997383
9.710250799999999,9.875923924978945,0.03295479999999884
9.720409899999998,9.530992581754338,0.04307489999999703
9.730391200000001,9.809100981740718,0.05303019999999847
9.740280400000001,9.644363824876494,0.062945899999999
9.750393699999998,9.660689672932362,0.07304989999999734
9.7602824,9.693439487586987,0.08298319999999748
9.770351199999999,9.72632056384844,0.09303319999999715
9.780420000000001,9.644363824876494,0.10311439999999905
9.790360300000001,9.595581734544421,0.11305039999999877
9.800358000000001,9.530992581754338,0.12305549999999954
9.810369799999998,9.466918080834294,0.13309119999999908
9.820390999999999,8.369487326701252,0.1430443999999973
9.833679899999998,9.482888682273867,0.15637070000000008
9.8472828,9.72632056384844,0.16986189999999723
9.8503074,9.530992581754338,0.17298059999999893
9.860285499999998,9.792478607692077,0.1830008999999997
9.8704019,9.563222569082706,0.19307069999999982
9.880641200000001,9.72632056384844,0.203219899999997
9.8904191,9.595581734544421,0.2131005999999971
9.900314700000001,9.62807059588681,0.2229814999999995
9.910299199999999,9.57938597223622,0.23301489999999703
9.9204159,9.563222569082706,0.24310459999999878
9.9303637,9.450979388677672,0.25302699999999945
9.940358299999998,9.660689672932362,0.26299320000000037
9.950346300000001,9.644363824876494,0.2730247999999982
9.960341999999999,9.51492586865949,0.2830079999999988
9.970510299999999,9.54709146043023,0.29308929999999833
9.980356299999999,9.693439487586987,0.30304980000000015
9.9902864,9.74281048940505,0.31297079999999866
10.0002574,9.498891256878826,0.32296429999999887
10.010518,10.011184305278535,0
10.024616,10.114059332608491,0
10.0306756,10.09682765136841,0
10.040536300000001,10.045338906161959,0
10.050505499999998,10.484001020187893,0
10.0604435,10.011184305278535,0
10.070477599999998,10.218176296985487,0
10.080446,9.994158168480158,1.999999998503199e-06
10.0942317,10.131325511697408,0
10.109333399999999,10.045338906161959,0
10.110439600000001,10.114059332608491,0
10.120646500000001,10.165961639818944,0
10.130632100000001,10.09682765136841,0
10.140435599999998,10.2707051838414,0
10.150541500000001,10.305899947177094,0
10.160510799999999,10.57439625326279,0
10.1705344,10.288284968133446,0
10.180542,10.412332866869404,0
10.190563299999999,10.358956758122659,0
10.2006378,10.448095275470884,0
10.210507999999999,10.448095275470884,0
10.2204712,10.341235771500035,0
10.2306315,10.412332866869404,0
10.2405493,10.131325511697408,0
10.250456999999999,10.50200782302884,0
10.2604409,10.448095275470884,0
10.270504399999998,10.466030194963013,0
10.2804177,10.323550191432286,0
10.2903969,10.592584027480942,0
10.3004285,10.629068884658762,0
10.310435199999999,10.832365260703382,0
10.3205339,11.136168679632782,0
10.333910099999999,10.684070537921636,0
10.3481236,10.57439625326279,0
10.350387499999998,10.665699973533705,0
10.360457899999998,10.665699973533705,0
10.370481700000001,11.002057685548928,0
10.385842599999998,10.629068884658762,0
10.401313400000001,10.57439625326279,0
10.4022247,10.757921311448747,0
10.4104996,10.592584027480942,0
10.420567199999999,10.720922074010135,0
10.430728400000001,10.70247788020399,0
10.440436499999999,10.57439625326279,0
10.450596200000001,10.57439625326279,0
10.4606142,10.610808213647339,0
10.4706687,10.57439625326279,0
10.4806529,10.376713222184142,0
10.490571000000001,10.520050675513097,0
10.500482199999999,10.448095275470884,0
10.510338299999999,10.538129649812095,0
10.520596499999998,10.305899947177094,0
10.5305913,10.394505234710364,0
10.540461500000001,10.341235771500035,0
10.550516700000001,10.323550191432286,0
10.560977199999998,10.131325511697408,0
10.5705009,10.045338906161959,0
10.580588399999998,10.200736589911823,0
10.590479700000001,10.18333172739613,0
10.600442499999998,10.131325511697408,0
10.610563,10.045338906161959,0
10.6206072,10.165961639818944,0
10.630638499999998,10.011184305278535,0
10.6404504,10.114059332608491,0
10.6505663,10.045338906161959,0
10.6604461,10.2707051838414,0
10.670636700000001,10.23565091837597,0
10.6806535,10.09682765136841,0
10.6904797,10.23565091837597,0
10.700318000000001,9.994158168480158,1.7000000021027972e-06
10.713051599999998,10.376713222184142,0
10.7274646,10.288284968133446,0
10.730680900000001,10.520050675513097,0
10.7405503,10.23565091837597,0
10.7505416,10.484001020187893,0
10.7605007,10.412332866869404,0
10.770563099999999,10.394505234710364,0
10.780581499999998,10.011184305278535,0
10.790389799999998,10.57439625326279,0
10.800452299999998,10.376713222184142,0
10.8105433,10.57439625326279,0
10.8205659,10.305899947177094,0
10.830551299999998,10.538129649812095,0
10.8404492,10.57439625326279,0
10.850470499999998,10.484001020187893,0
10.860496199999998,10.376713222184142,0
10.870558399999998,10.57439625326279,0
10.880620200000001,10.556244818241767,0
10.8905123,10.610808213647339,0
10.900445499999998,10.556244818241767,0
10.910412500000001,10.412332866869404,0
10.920569299999999,10.448095275470884,0
10.930533800000001,10.520050675513097,0
10.9404943,10.57439625326279,0
10.950505300000001,10.23565091837597,0
10.960481199999998,10.09682765136841,0
10.970686200000001,10.114059332608491,0
10.980876199999999,10.0282445284255,0
10.990588099999998,9.926393124720537,2.2000000008404186e-06
11.006843599999998,9.693439487586987,0.016264700000000687
11.010513699999999,9.809100981740718,0.019983799999998553
11.0205593,9.75933342781462,0.03000189999999847
11.030590599999998,9.74281048940505,0.03994549999999819
11.0403447,9.72632056384844,0.04982970000000009
11.050343400000001,9.859168038600663,0.05981750000000119
11.0605605,10.011184305278535,0
11.0744889,9.809100981740718,2.3999999996249244e-06
11.0885555,9.960207881646939,0.014117800000001068
11.090365499999999,9.74281048940505,0.015915100000000848
11.100278999999999,9.70986358518506,0.025853099999999074
11.1102543,9.644363824876494,0.03583899999999929
11.1203442,9.660689672932362,0.04589059999999989
11.130595399999999,9.62807059588681,0.05607870000000048
11.140316700000001,9.74281048940505,0.06586910000000046
11.1504782,9.32461096172274,0.07594489999999965
11.160415599999999,9.660689672932362,0.0858945999999996
11.1704439,9.977166049925785,0.09596559999999954
11.180471200000001,9.54709146043023,0.1060149999999993
11.1903861,9.61180992079036,0.11584470000000024
11.200233200000001,9.644363824876494,0.12581109999999995
11.210285999999998,9.51492586865949,0.1358744999999999
11.2203888,9.644363824876494,0.14591120000000046
11.2304002,9.482888682273867,0.1559658000000006
11.240302999999999,9.530992581754338,0.1658773999999994
11.2503905,9.563222569082706,0.17589960000000104
11.2604104,9.482888682273867,0.1859807999999994
11.270475799999998,9.482888682273867,0.19594470000000186
11.280437099999999,9.482888682273867,0.205900800000002
11.2903377,9.62807059588681,0.2159115000000007
11.300297200000001,9.644363824876494,0.2258464999999994
11.3102784,9.677048205357805,0.2358192999999993
11.320682199999998,9.51492586865949,0.24613319999999916
11.330764,10.200736589911823,0
11.351425699999998,9.62807059588681,2.099999999671809e-06
11.354639699999998,9.62807059588681,0.003181599999997786
11.373052499999998,9.482888682273867,0.02157270000000011
11.3739474,9.644363824876494,0.02239930000000001
11.3807065,9.595581734544421,0.029277199999999226
11.390355300000001,9.482888682273867,0.03897309999999976
11.4006135,9.62807059588681,0.04913739999999933
11.4104261,9.644363824876494,0.05902940000000001
11.4203752,9.693439487586987,0.06894649999999913
11.4303519,9.644363824876494,0.07895529999999695
11.4403651,9.435072542049229,0.08893589999999918
11.4503811,9.595581734544421,0.09891519999999687
11.460350799999999,9.498891256878826,0.10895099999999758
11.470434500000001,9.482888682273867,0.11899239999999978
11.480331000000001,6.251288226892488,0.128915199999998
11.493398699999998,9.123526107475662,0.14200509999999866
11.507357399999998,9.215685068627405,0.15593589999999935
11.510318199999999,9.200248340363991,0.15888419999999925
11.520376399999998,9.231152701241395,0.16893759999999958
11.530402099999998,9.27774164451191,0.1790137999999999
11.5403142,9.154122964824467,0.18891879999999972
11.550330699999998,9.200248340363991,0.19892779999999988
11.560341,9.419197477321548,0.20892269999999868
11.5703063,9.16946735002452,0.21890679999999918
11.580431599999999,9.466918080834294,0.22900239999999883
11.590292700000001,9.435072542049229,0.2389236999999973
11.600322400000001,9.231152701241395,0.24894859999999852
11.610313799999998,9.61180992079036,0.25894740000000027
11.620363499999998,9.30895659937976,0.268940599999997
11.6303772,9.371762340174383,0.27895139999999685
11.640348099999999,9.450979388677672,0.28896009999999706
11.650328199999999,9.403354130994348,0.2989268999999979
11.660422500000001,9.387542439694219,0.3090155999999986
11.6704658,9.435072542049229,0.3190059999999981
11.6803921,9.54709146043023,0.32896329999999807
11.690324299999999,9.482888682273867,0.33895949999999786
11.700300400000001,9.693439487586987,0.34892639999999986
11.710251300000001,9.403354130994348,0.35885709999999804
11.720447899999998,9.466918080834294,0.3690056999999989
11.7304878,9.27774164451191,0.379012699999997
11.7403496,9.435072542049229,0.3889487999999979
11.7503905,9.387542439694219,0.39897589999999994
11.760438599999999,9.30895659937976,0.40900239999999854
11.770310199999999,9.387542439694219,0.4189222999999984
11.7804393,9.72632056384844,0.42904180000000025
11.790349099999998,9.482888682273867,0.43894129999999976
11.800357400000001,9.660689672932362,0.4489726999999988
11.8104165,9.482888682273867,0.4589314999999985
11.8203337,9.466918080834294,0.4689243999999988
11.830378099999999,9.54709146043023,0.47895429999999806
11.840376699999998,9.435072542049229,0.488935399999999
11.8503269,9.450979388677672,0.4989170999999999
11.860312500000001,9.450979388677672,0.5089030999999977
11.870472600000001,9.466918080834294,0.5189930999999994
11.880374699999999,9.482888682273867,0.5289535000000001
11.8904303,9.977166049925785,0.5389685999999969
11.900425199999999,9.595581734544421,0.5489217999999987
11.910305199999998,9.660689672932362,0.5589349999999982
11.920356400000001,9.72632056384844,0.5689779999999978
11.930313499999999,9.70986358518506,0.5789121000000002
11.940281,9.825756633804376,0.5889125999999969
11.9502611,9.909536400813906,0.5988920999999969
11.96025,9.94328359581091,0.6088623999999996
11.970497100000001,9.77588944516893,0.6189941999999995
11.9805789,10.18333172739613,0
11.9959553,10.131325511697408,0
12.0004379,10.218176296985487,0
12.010431899999999,10.218176296985487,0
12.020577999999999,10.23565091837597,0
12.0304998,10.305899947177094,0
12.040443600000001,10.341235771500035,0
12.050325200000001,9.926393124720537,1.6999999985500835e-06
12.063890800000001,10.131325511697408,0
12.079008799999999,10.165961639818944,0
12.080626699999998,10.2707051838414,0
12.090627499999998,10.011184305278535,0
12.100538899999998,10.23565091837597,0
12.1106174,10.18333172739613,0
12.120618200000001,10.25316052398179,0
12.130518400000001,10.305899947177094,0
12.1404062,10.448095275470884,0
12.1504222,10.556244818241767,0
12.160482700000001,10.466030194963013,0
12.170725200000001,10.484001020187893,0
12.180577600000001,10.394505234710364,0
12.190524299999998,10.341235771500035,0
12.200420499999998,10.341235771500035,0
12.210526100000001,10.341235771500035,0
12.2204742,10.520050675513097,0
12.230575,10.394505234710364,0
12.2403931,10.2707051838414,0
12.250506799999998,10.610808213647339,0
12.260520099999999,10.376713222184142,0
12.2705511,10.538129649812095,0
12.280593999999999,10.412332866869404,0
12.290626300000001,10.448095275470884,0
12.300536800000001,10.430196189971806,0
12.3105012,10.556244818241767,0
12.320548,10.57439625326279,0
12.3304764,10.341235771500035,0
12.340457800000001,10.484001020187893,0
12.3504186,10.412332866869404,0
12.360652700000001,10.57439625326279,0
12.370526499999999,10.556244818241767,0
12.380630299999998,10.739403193116889,0
12.390431699999999,10.50200782302884,0
12.4004228,10.57439625326279,0
12.4104172,10.520050675513097,0
12.420590899999999,10.09682765136841,0
12.4306572,9.77588944516893,2.3000000020090283e-06
12.4445371,9.435072542049229,0.013937200000000871
12.450352399999998,8.927602077993871,0.019758700000000573
12.4636166,8.508470269933717,0.0330364000000003
12.470401399999998,8.08651605131745,0.03976240000000075
12.4803506,7.677540237620285,0.04969290000000015
12.492707999999999,7.293918879685199,0.06214770000000058
12.5003613,6.879906645592216,0.06972510000000298
12.513786300000001,6.545734582569215,0.08317920000000001
12.520584999999999,5.89399222016673,0
12.533709199999999,5.3185946485283795,0
12.5404091,4.872056683357902,0
12.554787199999998,4.343259697410357,0
12.560245499999999,3.901952168090908,0
12.5741179,3.4607207209575397,0
12.580689999999999,3.2624745607623966,0
12.5903087,2.9382068114767748,0
12.604459199999999,2.7117385999248254,0
12.6103449,2.604318910449261,0
12.6203537,2.4762916249231894,0
12.630529600000001,2.445217333220528,0
12.640293600000001,2.345674627379986,0
12.6503152,2.3913682462632435,0
12.6603239,2.4509682727857376,0
12.6704946,2.580062888973914,0
12.6803476,2.824160834590081,0
12.6904537,2.985311891154002,0
12.7003906,3.2273692923985986,0
12.713920799999999,3.4216899156100355,0
12.720430299999999,3.7120324069624946,0
12.7303914,3.7254070853153176,0
12.740285599999998,3.7797155501597306,0
12.7503415,3.784300364546165,0
12.7602524,3.835343184879366,0
12.7703939,3.7209399397792713,0
12.780486999999999,3.9213283869714335,0
12.790385800000001,4.242355128010889,0
12.804598499999999,4.537955530473567,0
12.810322000000001,4.933492164237235,0
12.820384800000001,5.198006519845759,0
12.8336053,5.876409839490586,0
12.840437,6.328087998305943,6.999999975221272e-07
12.8556918,6.773171422726079,0.015209999999999724
12.8602529,6.988798062988308,0.01981169999999821
12.8704105,7.293918879685199,0.02991039999999856
12.883510799999998,7.3405396652208985,0.04304729999999779
12.8904327,7.567153771952609,0.049966399999998856
12.900517899999999,7.530797626824645,0.059958599999998086
12.9104547,7.506681101523312,0.06994800000000012
12.920575399999999,7.363990293871589,0.08004099999999781
12.930570600000001,7.423028897842612,0.09001879999999929
12.940351099999999,7.190375823008391,0.09989119999999829
12.9506328,7.190375823008391,0.11008310000000066
12.960329,7.317182651729675,0.1198921999999989
12.970341199999998,7.375750831076357,0.12982789999999866
12.9803902,7.591512672362713,0.13991369999999748
12.990311799999999,7.542892112532513,0.14985629999999972
13.0002869,7.815183446581865,0.15984439999999722
13.010356199999999,7.955888361417405,0.16987439999999765
13.020359399999998,8.02087563986406,0.17990329999999943
13.0339781,8.02087563986406,0.19354689999999763
13.040710899999999,8.67896086002344,0.20008059999999972
13.0503409,8.060181092143798,0.2098926999999975
13.060252799999999,8.139503045106144,0.21980629999999834
13.070304899999998,8.060181092143798,0.22984719999999825
13.080423099999999,7.955888361417405,0.2398998999999975
13.0928628,7.764780658974222,0.2523793999999988
13.100321500000002,7.994802717912391,0.25989299999999815
13.1103769,7.994802717912391,0.269919299999998
13.1204309,7.955888361417405,0.2799183999999997
13.1305289,8.073335404255426,0.28996139999999926
13.1447439,7.3405396652208985,0.3042166999999978
13.157815300000001,7.968833879342992,0.3173211999999985
13.1602439,7.917206792001785,0.3198428
13.1703962,7.840536452576179,0.32992619999999917
13.1805447,7.968833879342992,0.34008859999999785
13.1902956,7.917206792001785,0.34987379999999746
13.2004182,7.878756617124858,0.3598663999999978
13.2104284,7.865991073689227,0.3698978000000004
13.220494399999998,7.994802717912391,0.37999710000000064
13.2306483,7.878756617124858,0.3901035999999998
13.2405828,7.94296870865388,0.4000261999999992
13.2506967,7.904364425065508,0.4099952999999985
13.2604105,7.994802717912391,0.4199284999999975
13.2704589,8.08651605131745,0.429974399999999
13.287490199999999,7.904364425065508,0.4470200999999996
13.3034156,7.878756617124858,0.46293199999999857
13.3041632,7.82784727308025,0.4637089000000003
13.3104331,7.689928502230714,0.4698759999999993
13.320376300000001,7.878756617124858,0.4799036999999977
13.330443099999998,7.94296870865388,0.48992159999999885
13.340267299999999,7.677540237620285,0.4998410999999976
13.350306300000002,7.579321042711515,0.5098831999999973
13.360271,7.6159692035057525,0.5198374999999977
13.370426199999999,7.677540237620285,0.5299259999999997
13.3806548,7.665176724779058,0.5400968999999982
13.390318299999999,7.714779485070684,0.5498623999999985
13.4003049,7.865991073689227,0.559891099999998
13.410405599999999,8.192915634959567,0.569901999999999
13.4237388,8.179522401387631,0.5833063000000003
13.430487900000001,8.233256430132531,0.5899733000000005
13.440301199999999,8.369487326701252,0.5998786999999979
13.450342399999998,8.328331593408056,0.6099089000000006
13.4602123,8.287422055190799,0.6197829999999982
13.4704174,8.126216529959919,0.6299662999999995
13.4803527,7.994802717912391,0.6398590999999989
13.493925299999999,7.94296870865388,0.6533908000000004
13.500342299999998,7.94296870865388,0.6598732999999974
13.510355599999999,8.047053062365295,0.6698623999999995
13.5245679,8.166155927514222,0.6840520999999988
13.5304692,8.233256430132531,0.6899534999999979
13.540383400000001,8.287422055190799,0.6999180000000003
13.550337999999998,8.166155927514222,0.7098802999999982
13.5602581,8.314667798570671,0.7198299999999982
13.570474899999999,8.342022743180927,0.7300153999999992
13.5804168,8.480450865022997,0.7399403999999983
13.590209799999998,8.494446557780574,0.7497973999999985
13.6002815,8.593204099345877,0.7598264999999991
13.610342099999999,8.508470269933717,0.7698828999999989
13.6205157,8.751215137895052,0.7800227999999976
13.6304201,8.693353970055812,0.7899355999999997
13.6403488,8.66459650744409,0.7999030000000005
13.650306599999999,8.260285077108826,0.8098585999999983
13.6602743,8.707775895113674,0.819847799999998
13.670353099999998,8.722226692884746,0.8299126000000001
13.6803628,8.883107682196407,0.8398965999999994
13.690348899999998,8.987344746665283,0.8498965999999974
13.7003668,9.017395787665905,0.8599155999999972
13.7133186,9.138809237726493,0.8728519000000006
13.7204697,9.450979388677672,0.8799726999999997
13.7303668,9.403354130994348,0.8899157999999971
13.740290199999999,9.51492586865949,0.8998314999999977
13.7504018,9.74281048940505,0.9099524999999993
13.7602916,9.293333514473604,0.9198488000000005
13.7704967,9.54709146043023,0.929980699999998
13.7804256,9.482888682273867,0.9399160999999978
13.790497199999999,9.660689672932362,0.949948899999999
13.800259500000001,9.51492586865949,0.9598380999999989
13.8103617,9.644363824876494,0.9699463999999978
13.820401299999999,9.482888682273867,0.9799583999999975
13.830430999999999,9.184842454704212,0.9899837999999974
13.840326499999998,9.57938597223622,0.9999099999999999
13.850271699999999,9.482888682273867,1.0098251000000005
13.860389,9.419197477321548,1.0098251000000005
13.871698700000001,9.435072542049229,1.0098251000000005
13.888280199999999,9.450979388677672,1.0098251000000005
13.8902618,9.563222569082706,1.0098251000000005
13.900445799999998,9.482888682273867,1.0098251000000005
13.910525299999998,9.482888682273867,1.0098251000000005
13.9205037,9.54709146043023,1.0098251000000005
13.930637899999999,9.403354130994348,1.0098251000000005
13.9405908,9.54709146043023,1.0098251000000005
13.950436999999999,9.563222569082706,1.0098251000000005
13.960392999999998,9.563222569082706,1.0098251000000005
13.970477,9.51492586865949,1.0098251000000005
13.980517699999998,9.482888682273867,1.0098251000000005
13.990448500000001,9.62807059588681,1.0098251000000005
14.0004814,10.011184305278535,1.0098251000000005
14.0104716,9.482888682273867,1.0098251000000005
14.020555499999999,9.693439487586987,1.0098251000000005
14.030616100000001,9.563222569082706,1.0098251000000005
14.040439999999998,9.809100981740718,1.0098251000000005
14.050407599999998,7.968833879342992,1.0098251000000005
14.060524,9.74281048940505,1.0098251000000005
14.070613400000001,9.693439487586987,1.0098251000000005
14.080543,9.75933342781462,1.0098251000000005
14.090511399999999,9.859168038600663,1.0098251000000005
14.1005898,9.977166049925785,1.0098251000000005
14.110425600000001,9.926393124720537,1.0098251000000005
14.1207398,9.977166049925785,1.0098251000000005
14.1305782,10.114059332608491,1.0098251000000005
14.1406151,9.75933342781462,1.0098251000000005
14.150404,10.218176296985487,1.0098251000000005
14.160346899999999,9.74281048940505,1.0098251000000005
14.170635899999999,9.926393124720537,1.0098251000000005
14.180631199999999,9.62807059588681,1.0098251000000005
14.190505799999999,10.57439625326279,1.0098251000000005
14.2004544,9.842445630505686,1.0098251000000005
14.210429,9.842445630505686,1.0098251000000005
14.2204928,9.77588944516893,1.0098251000000005
14.230505500000001,9.825756633804376,1.0098251000000005
14.2406235,9.75933342781462,1.0098251000000005
14.2504921,9.825756633804376,1.0098251000000005
14.260445599999999,9.89271335666411,1.0098251000000005
14.2705042,9.89271335666411,1.0098251000000005
14.280505499999999,9.792478607692077,1.0098251000000005
14.290405699999999,9.72632056384844,1.0098251000000005
14.3004485,9.62807059588681,1.0098251000000005
14.310421700000001,9.595581734544421,1.0098251000000005
14.320699199999998,9.75933342781462,1.0098251000000005
14.3306184,9.482888682273867,1.0098251000000005
14.3405632,9.61180992079036,1.0098251000000005
14.3504645,9.693439487586987,1.0098251000000005
14.360454299999999,9.466918080834294,1.0098251000000005
14.370587800000001,9.792478607692077,1.0098251000000005
14.380552100000001,9.75933342781462,1.0098251000000005
14.390494299999999,9.926393124720537,1.0098251000000005
14.400444899999998,9.926393124720537,1.0098251000000005
14.410410999999998,9.842445630505686,1.0098251000000005
14.420584100000001,9.977166049925785,1.0098251000000005
14.430549399999999,10.045338906161959,1.0098251000000005
14.440637699999998,10.09682765136841,1.0098251000000005
14.4505504,9.960207881646939,1.0098251000000005
14.4605604,9.960207881646939,1.0098251000000005
14.4705313,9.977166049925785,1.0098251000000005
14.4806307,9.875923924978945,1.0098251000000005
14.4904548,9.74281048940505,1.0098251000000005
14.5005027,9.926393124720537,1.0098251000000005
14.510450399999998,9.77588944516893,1.0098251000000005
14.5206782,9.75933342781462,1.0098251000000005
14.530523999999998,9.498891256878826,1.0098251000000005
14.5405639,9.32461096172274,1.0098251000000005
14.5504814,8.987344746665283,1.0098251000000005
14.560339,8.564846436085226,1.0098251000000005
14.5705188,7.955888361417405,1.0098251000000005
14.5805691,6.9449799844945455,1.0098251000000005
14.5903565,5.965029276690851,1.0098251000000005
14.6004624,4.675077740771481,1.0098251000000005
14.6106225,3.4845166596908506,1.0098251000000005
14.6205588,2.5227395519625913,1.0098251000000005
14.630551899999999,1.7655880461863904,1.0098251000000005
14.6401165,1.4929614,1.0098251000000005
14.650170699999999,1.4929614,1.0098251000000005
14.6600439,1.4929614,1.0098251000000005
14.6702779,1.4929614,1.0098251000000005
14.680199,1.4929614,1.0098251000000005
14.690050699999999,1.4929614,1.0098251000000005
14.700328699999998,1.4929614,1.0098251000000005
14.710168300000001,1.4929614,1.0098251000000005
14.720353900000001,1.4929614,1.0098251000000005
14.7305023,1.4929614,1.0098251000000005
14.7404973,1.4929614,1.0098251000000005
14.7504887,1.4929614,1.0098251000000005
14.7603149,1.4929614,1.0098251000000005
14.770207399999999,1.4929614,1.0098251000000005
14.7804792,1.4929614,1.0098251000000005
14.7902112,1.4929614,1.0098251000000005
14.8001628,1.4929614,1.0098251000000005
14.810202599999998,1.4929614,1.0098251000000005
14.820711699999999,1.4929614,1.0098251000000005
14.830364099999999,1.4929614,1.0098251000000005
14.8401287,1.4929614,1.0098251000000005
14.8501122,1.4929614,1.0098251000000005
14.8601646,1.4929614,1.0098251000000005
