0.0005847000000009928,[ 0.79657799  0.3433567  -1.330791  ],[-0.967825    0.22365072 -1.11477292]
0.009334200000001402,[ 0.79644114  0.34333003 -1.33076489],[-0.96797568  0.22361964 -1.11479974]
0.017582000000000875,[ 0.79631567  0.3433125  -1.3307246 ],[-0.96813577  0.22360255 -1.11483598]
0.025535500000000155,[ 0.7961846   0.34331313 -1.33069873],[-0.96831352  0.22361101 -1.11486638]
0.03407600000000244,[ 0.79605579  0.34331349 -1.33065367],[-0.96846998  0.22360031 -1.11489809]
0.042494000000001364,[ 0.79594582  0.34330648 -1.33060336],[-0.96864605  0.22357813 -1.11491823]
0.05069780000000179,[ 0.79585427  0.34328738 -1.33059025],[-0.9688046   0.22353642 -1.11493266]
0.06053670000000011,[ 0.79570681  0.34329364 -1.33051324],[-0.96904844  0.22350647 -1.11495972]
0.06908380000000136,[ 0.79562652  0.34328049 -1.33046389],[-0.96918082  0.22349009 -1.11495256]
0.07722910000000027,[ 0.79554307  0.34323472 -1.33045042],[-0.9693231   0.22348768 -1.11495149]
0.0857100000000024,[ 0.7954514   0.34327942 -1.33032131],[-0.96946192  0.22350442 -1.11494088]
0.09381160000000222,[ 0.79536813  0.34328288 -1.33025241],[-0.96959174  0.22352518 -1.11492825]
0.10186580000000234,[ 0.79530764  0.34328747 -1.33017159],[-0.96971124  0.22355096 -1.11490285]
0.11199660000000122,[ 0.79525304  0.34327263 -1.330109  ],[-0.96981335  0.22356033 -1.11486781]
0.12079290000000142,[ 0.79520231  0.34327468 -1.33002675],[-0.96991426  0.22360611 -1.11484957]
0.12969000000000008,[ 0.79516596  0.3432382  -1.33001947],[-0.97000372  0.22366017 -1.11482835]
0.13851280000000088,[ 0.79510659  0.3432914  -1.32985938],[-0.97009039  0.22371419 -1.11480892]
0.1467563000000034,[ 0.79505175  0.34326756 -1.32984591],[-0.97018039  0.22378394 -1.11478078]
0.15776890000000066,[ 0.79492784  0.34334034 -1.32972109],[-0.97039366  0.2239864  -1.11488926]
0.16680380000000028,[ 0.79483587  0.34344122 -1.32956707],[-0.97040421  0.22407305 -1.11479127]
0.17599090000000217,[ 0.79474187  0.34349358 -1.32947791],[-0.97047329  0.22417346 -1.11479676]
0.18440490000000054,[ 0.79464597  0.34353986 -1.32939065],[-0.9705317   0.2242723  -1.11481309]
0.19391540000000163,[ 0.79449248  0.34363195 -1.32926214],[-0.97060394  0.22441991 -1.11483288]
0.20356110000000172,[ 0.79437631  0.34370092 -1.3291676 ],[-0.97063762  0.22450583 -1.11485648]
0.21179250000000138,[ 0.79426116  0.34375259 -1.32907009],[-0.97066748  0.22459264 -1.11486888]
0.21978640000000027,[ 0.7941317   0.34376276 -1.3290354 ],[-0.97068733  0.22467867 -1.1148771 ]
0.22809980000000252,[ 0.79397488  0.34381196 -1.32893038],[-0.97070003  0.22477433 -1.11489606]
0.23575620000000086,[ 0.79382545  0.34385467 -1.32883584],[-0.97071427  0.22485013 -1.11491656]
0.2439364000000026,[ 0.79367173  0.34393659 -1.32866144],[-0.9707135   0.2249064  -1.11492836]
0.2522617000000018,[ 0.79352772  0.34395847 -1.3285594 ],[-0.97071093  0.22494648 -1.114941  ]
0.2609829000000019,[ 0.79337698  0.34398687 -1.328462  ],[-0.97069746  0.22498757 -1.11494839]
0.2690848000000017,[ 0.79322213  0.34401986 -1.32836819],[-0.97068214  0.22505218 -1.11497653]
0.2772106000000001,[ 0.79307109  0.34404957 -1.32825232],[-0.97066224  0.22508593 -1.11498022]
0.2857855000000029,[ 0.79292601  0.34406018 -1.32813227],[-0.97063357  0.22511357 -1.11498964]
0.29388070000000255,[ 0.79280281  0.34404242 -1.32808602],[-0.97060341  0.22514756 -1.11499166]
0.3030317000000018,[ 0.79267651  0.34404385 -1.32796931],[-0.97057039  0.22517934 -1.11502039]
0.31127580000000066,[ 0.7925486   0.34408253 -1.32777774],[-0.97054088  0.22519623 -1.11501873]
0.3193045000000012,[ 0.79244524  0.34406576 -1.32763457],[-0.97049814  0.22518478 -1.11502898]
0.3273019000000019,[ 0.7923317   0.34406149 -1.32750869],[-0.97045296  0.22518674 -1.11504197]
0.3360642000000027,[ 0.79223162  0.34405535 -1.32737982],[-0.9704141   0.22519767 -1.11506391]
0.34376530000000116,[ 0.79213285  0.34405136 -1.32725692],[-0.97038358  0.22518885 -1.11507857]
0.3522418000000016,[ 0.7920543   0.34403756 -1.32711983],[-0.97029364  0.22516882 -1.11504829]
0.360353700000001,[ 0.79198319  0.34402147 -1.32698143],[-0.97025174  0.22513205 -1.11505222]
0.3695748000000023,[ 0.79193103  0.34402159 -1.32685363],[-0.97022355  0.2251194  -1.11507142]
0.37769660000000016,[ 0.79188406  0.34401885 -1.32671499],[-0.97019291  0.22509444 -1.11508441]
0.385497400000002,[ 0.79185396  0.34400389 -1.3265785 ],[-0.97015637  0.22505206 -1.11508501]
0.3937554000000034,[ 0.79182786  0.34400213 -1.3264395 ],[-0.97013116  0.22502379 -1.11509514]
0.40221360000000317,[ 0.7918129   0.34401059 -1.32630336],[-0.97011417  0.22502403 -1.11510563]
0.4104371000000029,[ 0.7918089   0.34401846 -1.32617319],[-0.97009254  0.22498438 -1.11509967]
0.41934860000000285,[ 0.79183763  0.343977   -1.32610011],[-0.97007722  0.22494461 -1.11509776]
0.42706830000000195,[ 0.79186618  0.34396946 -1.32597423],[-0.97005218  0.22487992 -1.11507964]
0.4342474000000003,[ 0.7918942   0.34396166 -1.32590187],[-0.9700402   0.22484735 -1.11507905]
0.4423944000000013,[ 0.79194051  0.34395611 -1.32576787],[-0.97001666  0.2247829  -1.11506283]
0.4503692000000008,[ 0.79200083  0.34392783 -1.32559085],[-0.96998489  0.22470747 -1.11505079]
0.45861909999999995,[ 0.79209256  0.34388009 -1.32551157],[-0.96994883  0.22461963 -1.1150074 ]
0.4659415000000031,[ 0.79215217  0.34389177 -1.32532704],[-0.96989888  0.22453643 -1.11496413]
0.47312250000000233,[ 0.79222918  0.34387207 -1.32519889],[-0.96984816  0.22447471 -1.11490369]
0.48124670000000336,[ 0.79231703  0.34382838 -1.32507384],[-0.96977246  0.22437683 -1.1148243 ]
0.4892907000000015,[ 0.79242343  0.34377035 -1.3249507 ],[-0.96968037  0.22426403 -1.1147362 ]
0.4962673000000031,[ 0.79247403  0.34374073 -1.32489669],[-0.96963578  0.22420345 -1.11468661]
0.5047053000000012,[ 0.7925666   0.34370118 -1.3247422 ],[-0.9695617   0.2240445  -1.11458504]
0.5130692000000003,[ 0.79268801  0.3436307  -1.32464349],[-0.96946323  0.22385956 -1.1144979 ]
0.5227473000000025,[ 0.79287332  0.34349251 -1.32449973],[-0.96932226  0.22351401 -1.11433744]
0.5312988000000018,[ 0.79299152  0.34337896 -1.32446241],[-0.96923679  0.22326747 -1.11423039]
0.5393021000000005,[ 0.79310352  0.34330615 -1.32434535],[-0.9691245   0.22295505 -1.11408734]
0.5463140000000024,[ 0.79316771  0.34324911 -1.324296  ],[-0.96907812  0.22278503 -1.11401165]
0.5550045000000026,[ 0.79329395  0.34313238 -1.32422137],[-0.96898073  0.22243389 -1.11385679]
0.5630728000000005,[ 0.79343408  0.342998   -1.3241564 ],[-0.9689039   0.22202444 -1.11369717]
0.5728964000000012,[ 0.79364634  0.34278709 -1.32405436],[-0.96877795  0.22136901 -1.11343074]
0.5814385000000009,[ 0.79378688  0.34263334 -1.32399714],[-0.96870637  0.22090054 -1.11322641]
0.589636200000001,[ 0.79393125  0.34249249 -1.32393956],[-0.96863633  0.22037596 -1.1129868 ]
0.5981589000000014,[ 0.79407573  0.34232619 -1.32388866],[-0.96858573  0.21986499 -1.1127156 ]
0.606451400000001,[ 0.79421639  0.34218818 -1.32383919],[-0.96851707  0.21929079 -1.11240447]
0.6147326,[ 0.79436922  0.34199494 -1.32388401],[-0.96844465  0.21868229 -1.11209011]
0.6230104000000019,[ 0.7945134   0.34185076 -1.32385683],[-0.96839094  0.21801066 -1.11176407]
0.6309884000000032,[ 0.7946406   0.34174469 -1.3237524 ],[-0.96837115  0.21734931 -1.11143231]
0.6381279000000006,[ 0.79470819  0.34167403 -1.32373643],[-0.96836442  0.21702224 -1.11126196]
0.6469148000000011,[ 0.79483432  0.3415474  -1.32370615],[-0.96836185  0.21630317 -1.11089575]
0.6549197000000007,[ 0.79495031  0.34142876 -1.32369971],[-0.96839553  0.21559656 -1.11050868]
0.6631977000000013,[ 0.79507065  0.34131712 -1.32367218],[-0.96841633  0.21491216 -1.11014736]
0.6716507000000007,[ 0.79518396  0.34120664 -1.32364213],[-0.96844149  0.21420899 -1.1097846 ]
0.6810265000000015,[ 0.79535121  0.34106734 -1.32362258],[-0.96851563  0.21312244 -1.10922182]
0.6884317000000024,[ 0.79540688  0.34101802 -1.32362425],[-0.9685334   0.21276487 -1.10904026]
0.6964662000000033,[ 0.79552293  0.34094986 -1.32361364],[-0.96858466  0.2119972  -1.10862923]
0.7044227000000021,[ 0.79562944  0.34086987 -1.32361495],[-0.96861494  0.21127084 -1.1081872 ]
0.7114862000000031,[ 0.79575467  0.34080783 -1.32361019],[-0.96863723  0.21053669 -1.1077491 ]
0.7213197000000022,[ 0.79588038  0.3407529  -1.32363009],[-0.96868443  0.20979536 -1.10733008]
0.7317423000000005,[ 0.79606372  0.34065226 -1.32367373],[-0.96877652  0.20864019 -1.10671496]
0.7502193000000013,[ 0.79635489  0.34049016 -1.32374847],[-0.96898592  0.20710714 -1.1059525 ]
0.7597469000000032,[ 0.7965135   0.34039596 -1.32380736],[-0.96906859  0.20629625 -1.10555005]
0.7695190000000025,[ 0.79676622  0.34023643 -1.3239069 ],[-0.96924657  0.20514756 -1.10506296]
0.7780884000000015,[ 0.79695189  0.34011337 -1.32399154],[-0.96941072  0.2044317  -1.10479248]
0.7867122000000002,[ 0.79714167  0.33997262 -1.32408357],[-0.96953309  0.2037314  -1.10451841]
0.7938587000000012,[ 0.79733253  0.33983377 -1.3241837 ],[-0.96967286  0.20305732 -1.10425472]
0.8023453000000025,[ 0.79753441  0.33966371 -1.32430065],[-0.96983808  0.2023962  -1.10401118]
0.8106984000000033,[ 0.79775214  0.33948407 -1.32442033],[-0.96997625  0.20172234 -1.10374999]
0.8177071000000034,[ 0.7978639   0.33939046 -1.32448983],[-0.97005129  0.20141394 -1.10363686]
0.8256042000000008,[ 0.79809833  0.33915102 -1.32469165],[-0.97029001  0.20084792 -1.10348272]
0.8334041000000028,[ 0.79830104  0.33900926 -1.32475448],[-0.97034645  0.20024221 -1.10316718]
0.8423150000000028,[ 0.79849648  0.33882242 -1.32486796],[-0.97048163  0.19962314 -1.10291028]
0.8507201000000002,[ 0.79870045  0.33864015 -1.32501674],[-0.97061616  0.19902731 -1.10268092]
0.8586433000000007,[ 0.79890794  0.33839318 -1.32523108],[-0.97075844  0.19845524 -1.10244954]
0.8675148000000021,[ 0.79909223  0.33825815 -1.32531917],[-0.97089922  0.19793598 -1.10223103]
0.8757517000000021,[ 0.79927343  0.3380672  -1.32546735],[-0.97100884  0.19737191 -1.10199618]
0.8837415000000028,[ 0.79943913  0.33788112 -1.32560182],[-0.97114551  0.19682674 -1.10176814]
0.8921065000000006,[ 0.79959267  0.33771518 -1.32574153],[-0.97131139  0.19629778 -1.10155511]
0.9003437000000005,[ 0.79973704  0.33755362 -1.3258543 ],[-0.97145683  0.19581974 -1.10136938]
0.909306400000002,[ 0.79986703  0.33739638 -1.32596719],[-0.97160721  0.19532751 -1.10115588]
0.9174077000000018,[ 0.79998827  0.33724609 -1.32609117],[-0.97176814  0.19483551 -1.10093808]
0.9255292000000033,[ 0.80010617  0.33710024 -1.32623541],[-0.97193611  0.19438103 -1.10074389]
0.9337119000000023,[ 0.80022687  0.33696267 -1.32634997],[-0.97210246  0.19396771 -1.10055768]
0.9423240000000028,[ 0.80034614  0.33680683 -1.32646358],[-0.97225881  0.19357231 -1.10036898]
0.9509185000000002,[ 0.80045229  0.33666992 -1.32658017],[-0.97239089  0.1931805  -1.10016418]
0.9590582000000012,[ 0.80054194  0.33655041 -1.32669163],[-0.97252202  0.19278722 -1.09994495]
0.9689289000000016,[ 0.80066448  0.33632934 -1.32694614],[-0.97271645  0.19227605 -1.09969509]
0.9771983000000013,[ 0.80072445  0.33621392 -1.32706332],[-0.97285438  0.19192997 -1.09953523]
0.9843432000000014,[ 0.80075854  0.33615187 -1.32711434],[-0.97293568  0.19177093 -1.0994494 ]
0.9923468,[ 0.80081922  0.33609408 -1.32715464],[-0.97308689  0.19139962 -1.09928536]
1.0004600000000003,[ 0.80087495  0.33599752 -1.32727289],[-0.97322112  0.19102705 -1.09912717]
1.0090264000000033,[ 0.80093169  0.33588997 -1.3273834 ],[-0.97336262  0.19066837 -1.09894955]
1.017429,[ 0.80098337  0.33578724 -1.32749021],[-0.97350216  0.19031329 -1.09877765]
1.025417400000002,[ 0.80101752  0.33567876 -1.32760942],[-0.97365528  0.18994261 -1.09858871]
1.0342507000000012,[ 0.80105704  0.33559188 -1.32771814],[-0.97380632  0.18957372 -1.09840643]
1.0427060000000026,[ 0.80110037  0.33544818 -1.32791054],[-0.97398376  0.18919754 -1.09823322]
1.0505616000000018,[ 0.80113262  0.33533558 -1.32802427],[-0.97415602  0.18885049 -1.09805977]
1.059121900000001,[ 0.80117208  0.33521479 -1.32813537],[-0.97431165  0.18847036 -1.09786642]
1.0673120000000011,[ 0.80120349  0.33514628 -1.32819009],[-0.97445238  0.18810169 -1.0976696 ]
1.0755282000000008,[ 0.80123293  0.33498532 -1.32835686],[-0.97460419  0.18776923 -1.09748435]
1.0836310000000005,[ 0.80124897  0.33485934 -1.32847333],[-0.97487324  0.18744972 -1.09737515]
1.0922800000000024,[ 0.80128628  0.3347744  -1.32850254],[-0.97492123  0.18712288 -1.09710562]
1.1006058000000003,[ 0.80131906  0.3346     -1.32866502],[-0.97506642  0.18679251 -1.09692526]
1.1110294000000032,[ 0.8013556   0.33444357 -1.32874894],[-0.97531378  0.18627669 -1.09665954]
1.1192712,[ 0.80139685  0.3342495  -1.32889736],[-0.97545695  0.18593124 -1.09648991]
1.1272273000000013,[ 0.80143046  0.33413133 -1.32890701],[-0.97558683  0.18561611 -1.09632874]
1.1357955000000004,[ 0.80146319  0.3339808  -1.32898939],[-0.97571725  0.18528438 -1.09617782]
1.1438659000000015,[ 0.80150402  0.33378828 -1.32914972],[-0.97586697  0.1849554  -1.09603179]
1.152669000000003,[ 0.80155122  0.33362988 -1.32923782],[-0.975999    0.18463579 -1.09588039]
1.1604969000000018,[ 0.80160868  0.33345628 -1.32933569],[-0.97613418  0.18429863 -1.09572947]
1.1690693000000003,[ 0.80167514  0.3332921  -1.32942629],[-0.97626317  0.18397434 -1.09557188]
1.1771752000000006,[ 0.80175281  0.33316699 -1.32947075],[-0.97640032  0.18366587 -1.09543705]
1.1843096000000024,[ 0.8018055   0.33307624 -1.32950914],[-0.97646862  0.18351918 -1.09537196]
1.1921821000000001,[ 0.80191153  0.33288404 -1.3296243 ],[-0.9766103   0.18321267 -1.09525156]
1.2004353000000023,[ 0.80202818  0.33265257 -1.32978368],[-0.97677511  0.18293343 -1.09513879]
1.2086947000000023,[ 0.80214268  0.33248228 -1.32989073],[-0.97694033  0.18268187 -1.09503889]
1.2170737000000003,[ 0.80226606  0.33231622 -1.33000445],[-0.97709966  0.18245657 -1.09493804]
1.225354000000003,[ 0.80239648  0.33215782 -1.3301177 ],[-0.97722894  0.1822509  -1.09482622]
1.2335210000000032,[ 0.80253565  0.33204779 -1.33016801],[-0.97738129  0.18203938 -1.09470654]
1.240796300000003,[ 0.80268538  0.33190313 -1.3302803 ],[-0.97755879  0.1818222  -1.094576  ]
1.2489530000000002,[ 0.80285567  0.33176285 -1.33040249],[-0.97772753  0.18157791 -1.09447038]
1.2572068000000023,[ 0.8030163   0.33160037 -1.33056223],[-0.97792977  0.18132712 -1.09435964]
1.2647901000000026,[ 0.80318326  0.33148545 -1.33067429],[-0.97810358  0.18111056 -1.09426701]
1.2730095000000006,[ 0.80336702  0.33143103 -1.33074033],[-0.97829068  0.18090233 -1.09415662]
1.2812885999999999,[ 0.80354905  0.33135208 -1.33084023],[-0.97844285  0.18071999 -1.09404814]
1.289381500000001,[ 0.80371672  0.33130011 -1.33095586],[-0.9786315   0.18052906 -1.09394503]
1.2964793000000014,[ 0.8038041   0.33127165 -1.33100379],[-0.97871631  0.18041891 -1.0938971 ]
1.3044942000000006,[ 0.80396569  0.33119437 -1.33117318],[-0.97890139  0.18022379 -1.09381747]
1.3120222000000012,[ 0.80412638  0.33115977 -1.33127189],[-0.97909397  0.18002665 -1.09375358]
1.3202597000000011,[ 0.80429214  0.33117521 -1.33130932],[-0.97929519  0.17984739 -1.09367812]
1.3283939000000018,[ 0.80446106  0.33116379 -1.33140838],[-0.97946537  0.17966342 -1.09361517]
1.3362817000000007,[ 0.80463147  0.33116797 -1.3315208 ],[-0.9796555   0.17949809 -1.09353614]
1.3439685000000026,[ 0.80478448  0.33119112 -1.33163488],[-0.97983879  0.17932189 -1.09346044]
1.3523678000000032,[ 0.80492979  0.33120793 -1.33172822],[-0.98000801  0.17915928 -1.09338725]
1.3604908000000009,[ 0.80507547  0.33117795 -1.33188748],[-0.98019636  0.17899397 -1.09331501]
1.3690608000000033,[ 0.80521822  0.33120027 -1.3319726 ],[-0.98038882  0.17881659 -1.09324694]
1.3771865000000005,[ 0.80538136  0.33123866 -1.33206773],[-0.9805522   0.17864285 -1.09318459]
1.384300200000002,[ 0.80546093  0.33125934 -1.33210552],[-0.98063737  0.17856571 -1.09316647]
1.3922504000000018,[ 0.80559856  0.33132815 -1.33213139],[-0.98081839  0.17839406 -1.09311175]
1.4004144000000025,[ 0.80572259  0.33137062 -1.33220434],[-0.98100197  0.17822599 -1.09307599]
1.4087199000000012,[ 0.80583829  0.33141243 -1.33228862],[-0.98119617  0.17805724 -1.09303832]
1.418655600000001,[ 0.80598426  0.33142796 -1.33247364],[-0.98149735  0.17785428 -1.09298456]
1.427031300000003,[ 0.80609185  0.33144602 -1.33255303],[-0.98166114  0.17772065 -1.09295917]
1.4338830000000016,[ 0.80614847  0.33145037 -1.33259463],[-0.98176283  0.17765875 -1.09294987]
1.4423017000000016,[ 0.80626005  0.33145285 -1.3326726 ],[-0.98196471  0.17751691 -1.09294271]
1.4506940000000021,[ 0.80637527  0.3314648  -1.33275604],[-0.98215711  0.17740117 -1.09294069]
1.4589931000000007,[ 0.80648756  0.33147773 -1.3328402 ],[-0.98233718  0.17726719 -1.09294057]
1.4669906000000026,[ 0.80660367  0.33149529 -1.33292413],[-0.98254186  0.17713018 -1.09293878]
1.4739864000000011,[ 0.80672407  0.3315101  -1.33301628],[-0.9827472   0.17700227 -1.09293664]
1.4813845000000008,[ 0.80683351  0.3315298  -1.3331157 ],[-0.98289305  0.17686859 -1.09292805]
1.4896370000000019,[ 0.80693084  0.3315593  -1.33320713],[-0.98303932  0.17676844 -1.09293079]
1.4980214000000025,[ 0.80701661  0.33157206 -1.33330262],[-0.9831925   0.17664506 -1.09294069]
1.5059805000000033,[ 0.80710077  0.33157673 -1.33338559],[-0.98332173  0.17651303 -1.09293437]
1.5129888000000022,[ 0.80712944  0.33157563 -1.33342779],[-0.98336929  0.17645523 -1.09293807]
1.5215324000000017,[ 0.80719525  0.33158177 -1.33351469],[-0.9835043   0.17634737 -1.09294438]
1.5297098000000027,[ 0.80724037  0.33157638 -1.33359289],[-0.98364449  0.17624561 -1.09295154]
1.538321800000002,[ 0.80729133  0.33158711 -1.33366311],[-0.98376763  0.17615606 -1.09295893]
1.5464499000000025,[ 0.80733949  0.3316043  -1.33374929],[-0.98388219  0.17607771 -1.09298003]
1.5551216000000032,[ 0.80739069  0.33161986 -1.33382761],[-0.98400962  0.17599513 -1.0929997 ]
1.5634448000000027,[ 0.80744112  0.33163318 -1.33392501],[-0.98413992  0.17590743 -1.09302068]
1.5728583,[ 0.80748194  0.33166009 -1.33407724],[-0.98430032  0.17576554 -1.09306061]
1.581370200000002,[ 0.80750847  0.33167195 -1.33418131],[-0.98441619  0.17569631 -1.09308219]
1.5895287000000025,[ 0.80752784  0.33169273 -1.334288  ],[-0.98451436  0.17564288 -1.09310353]
1.5968421,[ 0.80752873  0.33170626 -1.33435035],[-0.98456222  0.17560734 -1.09310329]
1.6050251000000024,[ 0.80755472  0.33172676 -1.33446407],[-0.9846518  0.1755724 -1.093117 ]
1.6132548,[ 0.80756128  0.33174783 -1.334584  ],[-0.98476285  0.17553116 -1.09312475]
1.6214449000000002,[ 0.80758572  0.33177179 -1.33469892],[-0.98487937  0.17548433 -1.09313548]
1.629587800000003,[ 0.80763233  0.33178139 -1.33480966],[-0.98495561  0.17545024 -1.09316075]
1.638189200000003,[ 0.80767649  0.3318013  -1.33491731],[-0.985053    0.17540827 -1.09317446]
1.6481471000000028,[ 0.80775088  0.33182555 -1.33507562],[-0.98518586  0.17537254 -1.09320259]
1.6572851000000028,[ 0.80780458  0.33182201 -1.33517623],[-0.98527074  0.17535394 -1.09321988]
1.6648024000000028,[ 0.80786109  0.33183718 -1.33528423],[-0.98534411  0.17536105 -1.09322989]
1.6730341000000024,[ 0.80791211  0.33185777 -1.33539784],[-0.98543119  0.17535634 -1.09324503]
1.681326000000002,[ 0.8079589   0.33189318 -1.33552897],[-0.98551375  0.17536852 -1.09325957]
1.689698100000001,[ 0.80801302  0.3319107  -1.33564627],[-0.9855929   0.17537026 -1.09327102]
1.6980570000000021,[ 0.80807018  0.33193013 -1.33577466],[-0.98566157  0.17537786 -1.09328783]
1.7059574000000026,[ 0.80812359  0.33195058 -1.33589768],[-0.98572385  0.17537302 -1.09330249]
1.7130500000000026,[ 0.80814815  0.3319667  -1.33596754],[-0.98575956  0.17537993 -1.09331179]
1.7229566000000034,[ 0.80822688  0.33203644 -1.33616984],[-0.98587203  0.17539667 -1.09333658]
1.729852300000001,[ 0.80825204  0.33205977 -1.33622789],[-0.985906    0.17541295 -1.0933485 ]
1.7395810000000012,[ 0.80834067  0.33214554 -1.3364203 ],[-0.98601025  0.17543274 -1.09338701]
1.7463856,[ 0.80836302  0.33217379 -1.33648753],[-0.98603851  0.17543308 -1.09340465]
1.7552735000000013,[ 0.80842155  0.33224183 -1.33661509],[-0.98611248  0.17543425 -1.09342968]
1.763133700000001,[ 0.808483    0.3323181  -1.33674216],[-0.98617542  0.17541893 -1.09345925]
1.7735442,[ 0.80855668  0.33244798 -1.33694196],[-0.98626304  0.17541178 -1.0934943 ]
1.7815368000000014,[ 0.80860096  0.33254892 -1.33706689],[-0.98632163  0.17542896 -1.09353197]
1.7896819000000015,[ 0.80865574  0.33265057 -1.3372004 ],[-0.98638904  0.1754366  -1.09357452]
1.7980621000000028,[ 0.80871207  0.33277768 -1.33731866],[-0.98642558  0.1754552  -1.09360862]
1.8064602,[ 0.80878615  0.33289507 -1.33743382],[-0.9865154   0.17544995 -1.09363079]
1.8146844000000009,[ 0.80886799  0.33303404 -1.33755577],[-0.98656899  0.17544924 -1.09366882]
1.823035400000002,[ 0.80894822  0.33319065 -1.33767891],[-0.98664176  0.17543779 -1.09370267]
1.831318600000003,[ 0.80902839  0.3333286  -1.33779669],[-0.9866842   0.17541575 -1.09372175]
1.8384531000000024,[ 0.80907428  0.33340135 -1.33785474],[-0.9867242   0.17541377 -1.09373546]
1.8482134000000023,[ 0.80919099  0.33364114 -1.33803904],[-0.98684108  0.1754252  -1.09375143]
1.857762300000001,[ 0.80927265  0.33382103 -1.33816373],[-0.98688596  0.17544967 -1.09376943]
1.8677946000000034,[ 0.80936569  0.33399931 -1.3382926 ],[-0.98696381  0.17544846 -1.09377456]
1.8794085000000003,[ 0.80950773  0.33428133 -1.33848894],[-0.98704606  0.17545073 -1.09378791]
1.889650900000003,[ 0.80964905  0.33458248 -1.33870327],[-0.98713332  0.17545851 -1.09382367]
1.8989528,[ 0.80974591  0.33478075 -1.33884323],[-0.98717594  0.17546533 -1.09383512]
1.908435400000002,[ 0.80985075  0.33499521 -1.33898103],[-0.98724151  0.17546396 -1.09384167]
1.9171060000000004,[ 0.80995178  0.33521461 -1.33912253],[-0.98727715  0.17548586 -1.09385931]
1.9258361000000015,[ 0.81003213  0.33545208 -1.33925664],[-0.98734045  0.17551117 -1.09386337]
1.9340332000000018,[ 0.81011283  0.33567035 -1.33937347],[-0.98740274  0.17552714 -1.09386015]
1.9437466000000008,[ 0.81023264  0.33597273 -1.33958018],[-0.98745984  0.1755431  -1.0938431 ]
1.9522191000000007,[ 0.81032765  0.33618736 -1.33971572],[-0.9875353   0.17556049 -1.09383297]
1.9604504000000027,[ 0.81041825  0.33641002 -1.33987153],[-0.98760581  0.17557554 -1.0938319 ]
1.9690814000000003,[ 0.81052387  0.33663082 -1.34002101],[-0.9876554   0.17559846 -1.09381247]
1.9759471000000026,[ 0.81056875  0.33674759 -1.34009612],[-0.98767     0.17560481 -1.09380853]
1.985348000000002,[ 0.81073099  0.33715776 -1.34032977],[-0.98775524  0.17563745 -1.09377813]
1.993824,[ 0.81086463  0.33742157 -1.34049726],[-0.98783529  0.1756594  -1.09375882]
2.0034693000000026,[ 0.81101888  0.33770245 -1.34065998],[-0.98790568  0.17565957 -1.09372473]
2.0112973000000025,[ 0.81118912  0.33798602 -1.34080005],[-0.98795575  0.17563948 -1.09369278]
2.018926200000003,[ 0.81136781  0.33829764 -1.34094739],[-0.98803461  0.17566164 -1.09367537]
2.027253700000003,[ 0.81155103  0.33863178 -1.34112322],[-0.98809034  0.17568499 -1.09364951]
2.0356280000000027,[ 0.81173605  0.33896717 -1.34131002],[-0.98815268  0.17571655 -1.09361196]
2.0441932000000023,[ 0.81193632  0.33931404 -1.3414948 ],[-0.98816872  0.17572327 -1.09356499]
2.0524434000000014,[ 0.81216109  0.33969295 -1.34168172],[-0.98820686  0.17573905 -1.09352446]
2.0608103,[ 0.81240398  0.34010705 -1.34188604],[-0.98824412  0.17575814 -1.09349251]
2.0689082000000028,[ 0.812644    0.34053501 -1.3420856 ],[-0.98830438  0.17577189 -1.09344411]
2.077288600000003,[ 0.81292301  0.34097299 -1.34229791],[-0.98835975  0.17576064 -1.09338295]
2.0855806,[ 0.81321406  0.34143832 -1.34250546],[-0.98837018  0.17577676 -1.09333169]
2.0942209000000034,[ 0.81352019  0.34192139 -1.34271753],[-0.98841506  0.17579345 -1.09329271]
2.1027140000000024,[ 0.81384188  0.34242061 -1.34293091],[-0.98844278  0.17580447 -1.09324241]
2.1481600000000007,[ 0.81598938  0.3456279  -1.34409237],[-0.98844385  0.17592059 -1.09295261]
2.156011900000003,[ 0.81645328  0.34629458 -1.34431982],[-0.98842698  0.17595957 -1.09290612]
2.163086100000001,[ 0.81666553  0.34665424 -1.34441853],[-0.98841774  0.17600058 -1.0928843 ]
2.171840600000003,[ 0.81713539  0.34737614 -1.34461808],[-0.98840433  0.17607412 -1.09284258]
2.1802791,[ 0.81758332  0.34805888 -1.34480929],[-0.98836046  0.17615932 -1.09279466]
2.1893594000000007,[ 0.81830245  0.34912911 -1.34509528],[-0.98829293  0.17627014 -1.09271932]
2.1966835000000025,[ 0.81854564  0.34950405 -1.34520233],[-0.98828197  0.17630294 -1.09269679]
2.2064421000000003,[ 0.81930578  0.3505961  -1.34547424],[-0.98818547  0.17644581 -1.09262717]
2.2148004000000014,[ 0.81982303  0.35131592 -1.34566951],[-0.98811674  0.17656575 -1.09257853]
2.223062200000001,[ 0.82034802  0.3520847  -1.34584749],[-0.9880408   0.17671531 -1.0925287 ]
2.231914600000003,[ 0.82085007  0.35290179 -1.34604633],[-0.98799151  0.17688064 -1.09247291]
2.239734700000003,[ 0.82137525  0.35365483 -1.34623814],[-0.98791236  0.17707449 -1.09242392]
2.2488451000000005,[ 0.8219319   0.35444763 -1.34643066],[-0.98784584  0.17724837 -1.09237957]
2.256517500000001,[ 0.82246757  0.35522673 -1.34661853],[-0.98776484  0.17743568 -1.09233034]
2.265339400000002,[ 0.82297444  0.35600159 -1.34680653],[-0.98770434  0.17763847 -1.09230065]
2.2733741000000016,[ 0.82350141  0.35680231 -1.34699237],[-0.98763591  0.17783517 -1.09225738]
2.281205100000001,[ 0.82401323  0.35757381 -1.34717572],[-0.98752695  0.17806764 -1.09223294]
2.2885919,[ 0.82424772  0.35794502 -1.34725702],[-0.98746085  0.1781863  -1.0922128 ]
2.298756700000002,[ 0.82500678  0.35915768 -1.34753692],[-0.98727137  0.17860901 -1.09218264]
2.3361786,[ 0.82638055  0.3610774  -1.34801698],[-0.98697728  0.17942342 -1.09214056]
2.3477704000000017,[ 0.8284989   0.36384594 -1.34890902],[-0.9863463   0.18070421 -1.09206641]
2.3567199000000016,[ 0.82913423  0.36460552 -1.34920466],[-0.98614877  0.18113969 -1.09203875]
2.365810700000001,[ 0.82977325  0.36535078 -1.34949231],[-0.98593873  0.18161248 -1.09202194]
2.3738294000000018,[ 0.83041412  0.36613232 -1.34980202],[-0.98573703  0.1821114  -1.09201574]
2.381905500000002,[ 0.83106273  0.36683765 -1.35011029],[-0.98549771  0.18261915 -1.09199607]
2.3902236000000023,[ 0.83172166  0.36750546 -1.35041869],[-0.98526049  0.18312065 -1.09196663]
2.3980114000000015,[ 0.83240938  0.36814004 -1.35072541],[-0.98495251  0.18363689 -1.09192741]
2.4051823000000034,[ 0.83277136  0.36844367 -1.35085881],[-0.9848032   0.18391377 -1.09191525]
2.413586900000002,[ 0.83347017  0.36907038 -1.35115969],[-0.98449987  0.18446265 -1.09187996]
2.423106100000002,[ 0.83458507  0.3699753  -1.35163677],[-0.9840253   0.18534721 -1.09183514]
2.4319022000000032,[ 0.83537531  0.37050572 -1.35196042],[-0.98367792  0.18595688 -1.09182429]
2.440207600000001,[ 0.83618701  0.37102187 -1.35227323],[-0.98332125  0.18657377 -1.0918057 ]
2.4483488000000015,[ 0.83703548  0.37153479 -1.35259819],[-0.98302162  0.18717639 -1.09185886]
2.456355600000002,[ 0.83788514  0.37201613 -1.35292435],[-0.98256129  0.18779077 -1.0917567 ]
2.4651782000000004,[ 0.83877778  0.37249762 -1.35326004],[-0.98216259  0.18839377 -1.09171665]
2.473116100000002,[ 0.83966994  0.37292439 -1.35359824],[-0.98169118  0.18904509 -1.09167612]
2.4813128000000013,[ 0.84056705  0.3733595  -1.35393453],[-0.98123854  0.18967471 -1.09164834]
2.4897545,[ 0.84148419  0.3737888  -1.35426271],[-0.98076892  0.19033724 -1.09157479]
2.4979833000000013,[ 0.84240186  0.37417179 -1.35458696],[-0.98030978  0.19096744 -1.09152389]
2.506331000000003,[ 0.84334093  0.37453789 -1.35487425],[-0.97979939  0.19162197 -1.09147823]
2.5146985000000015,[ 0.8442989   0.37481207 -1.35516834],[-0.9792881  0.1922275 -1.0914079]
2.522915700000002,[ 0.84524328  0.37508693 -1.35544479],[-0.97877067  0.19280921 -1.09131718]
2.5299689,[ 0.84570247  0.37523571 -1.35558116],[-0.9785946   0.1930888  -1.09135711]
2.5408800000000014,[ 0.84716892  0.37564769 -1.3560015 ],[-0.97766334  0.19394705 -1.09112144]
2.5487480000000033,[ 0.84811604  0.37590146 -1.35624802],[-0.97714442  0.19448578 -1.09101045]
2.5575185000000005,[ 0.84910035  0.37610948 -1.35649943],[-0.97657114  0.19502139 -1.09089983]
2.565100100000002,[ 0.85005879  0.37637424 -1.35676301],[-0.97600412  0.19550309 -1.0907681 ]
2.5737589000000014,[ 0.85104835  0.37657565 -1.35702753],[-0.97543079  0.19593641 -1.09061241]
2.5818963000000004,[ 0.85203481  0.37678522 -1.35729611],[-0.97484678  0.19631647 -1.09043193]
2.5906202,[ 0.85301673  0.37701157 -1.35752976],[-0.97424692  0.19667314 -1.09024572]
2.5994381000000004,[ 0.85404652  0.3772037  -1.35775959],[-0.97365445  0.19697951 -1.09002841]
2.607006000000002,[ 0.85503101  0.37738377 -1.35800159],[-0.97305149  0.19725917 -1.08980429]
2.614659300000003,[ 0.85605919  0.37759319 -1.3582387 ],[-0.97245902  0.19748124 -1.08958185]
2.623032000000002,[ 0.85703516  0.37777305 -1.35845578],[-0.97185051  0.1976718  -1.0893389 ]
2.6319079000000016,[ 0.85804051  0.37794188 -1.35866201],[-0.97126067  0.19778927 -1.08907413]
2.639815900000002,[ 0.85901827  0.37807032 -1.35886407],[-0.97064316  0.19782089 -1.08878064]
2.6489470000000033,[ 0.85998392  0.37821046 -1.35905147],[-0.97002894  0.19781084 -1.08850145]
2.6570892000000015,[ 0.8609761   0.37828428 -1.35920656],[-0.9695195   0.19777735 -1.08833885]
2.6656501000000006,[ 0.86194301  0.3783873  -1.35937607],[-0.96891665  0.19772708 -1.0880636 ]
2.6745601000000008,[ 0.86288154  0.37847993 -1.35954511],[-0.9681344   0.19759649 -1.08764088]
2.683242500000002,[ 0.86382592  0.378575   -1.35969543],[-0.96750528  0.19743507 -1.08732975]
2.692282900000002,[ 0.8647964   0.37867665 -1.35986423],[-0.96685648  0.19723731 -1.08701384]
2.7007508000000016,[ 0.865749    0.37874281 -1.36002862],[-0.96621311  0.19696806 -1.08673179]
2.7108287000000004,[ 0.86723673  0.37877879 -1.36024654],[-0.96530986  0.19650201 -1.0863905 ]
2.7190916000000023,[ 0.86820179  0.37880522 -1.36039639],[-0.96456569  0.19608207 -1.08595991]
2.727203000000003,[ 0.86919624  0.37880775 -1.36056066],[-0.96387595  0.19557312 -1.08559835]
2.7344884,[ 0.8697083   0.37880519 -1.36066675],[-0.96352184  0.1952972  -1.08542717]
2.7438860000000034,[ 0.87120217  0.3787998  -1.36094487],[-0.96252191  0.19447824 -1.08491588]
2.752676600000001,[ 0.87227833  0.37879348 -1.3611623 ],[-0.96179867  0.19385394 -1.08452117]
2.7612608000000023,[ 0.87334096  0.37880945 -1.36137664],[-0.9610675   0.19316752 -1.08411992]
2.7692200000000007,[ 0.87442279  0.37875772 -1.361588  ],[-0.96033913  0.19248064 -1.08375359]
2.7772152000000006,[ 0.87552685  0.37868205 -1.36181021],[-0.95960248  0.19172443 -1.08333373]
2.7860361000000005,[ 0.87663698  0.37858978 -1.36203957],[-0.95895612  0.19101971 -1.0829879 ]
2.793945100000002,[ 0.87778234  0.37851509 -1.36226904],[-0.95814562  0.19026488 -1.08248055]
2.8028510000000004,[ 0.87893879  0.37839392 -1.36249936],[-0.95743704  0.18952675 -1.0820353 ]
2.8108182,[ 0.88009119  0.37826627 -1.36269784],[-0.95673174  0.18879369 -1.08157909]
2.8191673,[ 0.88128495  0.37811336 -1.36288536],[-0.95604503  0.18805057 -1.08114636]
2.8280531000000018,[ 0.88247788  0.37797794 -1.36305654],[-0.95540833  0.18729231 -1.08068955]
2.835734000000002,[ 0.88367927  0.37783656 -1.36324   ],[-0.95477402  0.18649673 -1.08022046]
2.844693000000003,[ 0.8848753   0.37769327 -1.36341989],[-0.95415431  0.18568885 -1.07972872]
2.8547394000000033,[ 0.88608593  0.3775703  -1.36358511],[-0.95369464  0.18495764 -1.07932556]
2.8644969000000025,[ 0.88784796  0.37744746 -1.36381853],[-0.95279104  0.18375517 -1.07847476]
2.872820100000002,[ 0.88901943  0.37738964 -1.36398017],[-0.9522931   0.18297951 -1.07791102]
2.8801131000000026,[ 0.88959312  0.37734777 -1.36405373],[-0.95206618  0.18259874 -1.07763338]
2.888640200000001,[ 0.89073741  0.37731901 -1.36416304],[-0.95166796  0.18181284 -1.0770725 ]
2.8987388000000003,[ 0.89245802  0.37723061 -1.36434245],[-0.9510833   0.18057923 -1.07617688]
2.9065441000000014,[ 0.89356709  0.37719145 -1.36443341],[-0.95074219  0.17981339 -1.07562256]
2.914730300000002,[ 0.89465857  0.37714857 -1.36454856],[-0.95043004  0.17904818 -1.07508743]
2.9228621000000032,[ 0.89573991  0.37706855 -1.3646301 ],[-0.95012814  0.17831917 -1.07449865]
2.9312923000000026,[ 0.89675641  0.3770434  -1.36468816],[-0.94991624  0.17759332 -1.07394552]
2.9408119,[ 0.89781654  0.37697604 -1.36474013],[-0.94966042  0.17686749 -1.07342088]
2.9483779000000006,[ 0.89879608  0.37696433 -1.36480474],[-0.94947577  0.17617215 -1.07300138]
2.9569277000000014,[ 0.8997668   0.37693101 -1.36482167],[-0.94921112  0.17546298 -1.07239354]
2.9650447,[ 0.90074629  0.37689665 -1.36486971],[-0.94901168  0.17474397 -1.07187033]
3.009306900000002,[ 0.90513158  0.37697348 -1.36494839],[-0.94819975  0.17126779 -1.06947017]
3.017400400000003,[ 0.90591913  0.3769958  -1.36495447],[-0.94807816  0.17060193 -1.0690093 ]
3.0261584,[ 0.90671813  0.37702811 -1.36497831],[-0.94795579  0.16994022 -1.06861782]
3.035911200000001,[ 0.90785164  0.37705335 -1.36495423],[-0.94776261  0.16894408 -1.06784511]
3.0452694000000022,[ 0.90855002  0.37709677 -1.36495447],[-0.9476704   0.16830373 -1.06737685]
3.0529236000000033,[ 0.90925342  0.37715983 -1.36496329],[-0.94758713  0.16770022 -1.06694281]
3.0606658000000024,[ 0.90989423  0.37720558 -1.36495924],[-0.94750035  0.1670918  -1.06659853]
3.068595900000002,[ 0.91053742  0.37724853 -1.36498034],[-0.9474417   0.1665148  -1.06618333]
3.0773272000000027,[ 0.91114444  0.37728468 -1.36498499],[-0.94735914  0.16590877 -1.06566727]
3.0859948000000017,[ 0.91177684  0.37731823 -1.36498058],[-0.9472872   0.16529548 -1.06522274]
3.0946423000000003,[ 0.9123807   0.37736267 -1.36499596],[-0.94723034  0.16470523 -1.06482875]
3.102398800000003,[ 0.91296136  0.37740496 -1.36503851],[-0.94720042  0.16412184 -1.06444633]
3.1110571,[ 0.91352749  0.377453   -1.36506248],[-0.94716203  0.16355312 -1.06414998]
3.1191976000000032,[ 0.91406995  0.3774654  -1.36510527],[-0.94712186  0.16307072 -1.06379068]
3.127163200000002,[ 0.91459405  0.37748471 -1.36514986],[-0.94708353  0.16262539 -1.06340122]
3.134081700000003,[ 0.91484618  0.37749138 -1.36518466],[-0.94705331  0.16240279 -1.06314862]
3.1439708000000017,[ 0.91556305  0.37750837 -1.36528695],[-0.94703221  0.16169262 -1.06260741]
3.1537490000000012,[ 0.91606879  0.37754947 -1.36532986],[-0.94702327  0.16124156 -1.06227493]
3.161450000000002,[ 0.91653973  0.37751967 -1.36538565],[-0.94700938  0.16079752 -1.06194723]
3.1699717000000014,[ 0.91698247  0.37749994 -1.36545825],[-0.9470154   0.16036096 -1.06162012]
3.1777497000000032,[ 0.91740084  0.37745285 -1.36553025],[-0.94701827  0.15992908 -1.06127715]
3.1870221,[ 0.91776919  0.37740952 -1.36559701],[-0.94702828  0.15951294 -1.06094491]
3.193942100000001,[ 0.9181208   0.37735412 -1.36566436],[-0.94702119  0.15908793 -1.06060326]
3.202173000000002,[ 0.91845661  0.37729904 -1.36571825],[-0.94703788  0.15863393 -1.06025279]
3.2109068,[ 0.91877866  0.37721348 -1.36577594],[-0.94710004  0.15819694 -1.05993152]
3.2191426000000014,[ 0.91908258  0.37712738 -1.3658303 ],[-0.94715703  0.15776014 -1.05960441]
3.2276152000000025,[ 0.91938001  0.37704265 -1.36588907],[-0.94719607  0.15732203 -1.05926037]
3.235845300000001,[ 0.91966921  0.37694874 -1.3659519 ],[-0.94726342  0.15691845 -1.05891263]
3.2443617000000025,[ 0.91994369  0.37685546 -1.36600673],[-0.94735682  0.15649557 -1.0585705 ]
3.252274700000001,[ 0.92018312  0.37677416 -1.36604893],[-0.94743884  0.15608855 -1.05823171]
3.260604200000003,[ 0.92040533  0.37668329 -1.36608684],[-0.94753665  0.15566543 -1.05789459]
3.2677689,[ 0.92050725  0.37663385 -1.36610293],[-0.94759297  0.15545644 -1.05773258]
3.2769748000000014,[ 0.92080724  0.37647143 -1.3661443 ],[-0.94772518  0.15482587 -1.05725062]
3.2841498000000016,[ 0.92090088  0.37641406 -1.36614752],[-0.94777745  0.1545987  -1.05708396]
3.294684,[ 0.92115116  0.37627062 -1.36616206],[-0.94795746  0.15394826 -1.05661011]
3.3026162000000028,[ 0.92130411  0.37616977 -1.36617696],[-0.94805264  0.15356046 -1.05631721]
3.310956700000002,[ 0.92145598  0.37607133 -1.36619222],[-0.94816869  0.15317641 -1.05600786]
3.3191275000000005,[ 0.92159414  0.3759627  -1.36619186],[-0.94830608  0.15281051 -1.05571461]
3.327216700000001,[ 0.92172128  0.37583742 -1.36621201],[-0.94844145  0.15243271 -1.05542779]
3.336212500000002,[ 0.92184561  0.37569606 -1.3662436 ],[-0.94858676  0.15206763 -1.05513775]
3.3444955000000007,[ 0.92198092  0.37555498 -1.36626196],[-0.94873494  0.15166569 -1.05487561]
3.3526174000000033,[ 0.92212367  0.37541407 -1.36627102],[-0.94888562  0.15128671 -1.0546149 ]
3.3604957000000013,[ 0.92225546  0.37528542 -1.36628008],[-0.94902372  0.15092093 -1.05437386]
3.3689461000000023,[ 0.92239296  0.37515065 -1.36628079],[-0.94919723  0.15054986 -1.05412865]
3.377149300000003,[ 0.92251271  0.37503472 -1.36629426],[-0.9493649   0.1501628  -1.05387926]
3.3868878000000002,[ 0.92261803  0.37492564 -1.36629236],[-0.94950235  0.14980952 -1.05362856]
3.3940164000000017,[ 0.92270207  0.37482402 -1.36628997],[-0.94964433  0.1494271  -1.05338252]
3.403006600000001,[ 0.92278212  0.37471926 -1.36628056],[-0.94980186  0.14902917 -1.05325043]
3.4109075000000004,[ 0.92283857  0.37462205 -1.36625469],[-0.9499591   0.14861093 -1.05303943]
3.4197050000000004,[ 0.92288405  0.37451461 -1.36621201],[-0.95014602  0.14814985 -1.05280566]
3.427491400000001,[ 0.92292225  0.37441766 -1.36616147],[-0.95032895  0.14770579 -1.05260515]
3.4363027000000024,[ 0.92295349  0.37432918 -1.36610866],[-0.95048529  0.14730544 -1.05232477]
3.445521900000003,[ 0.92296392  0.3742511  -1.3660506 ],[-0.9506917   0.14685859 -1.05211246]
3.453325900000003,[ 0.92296863  0.37418529 -1.36599767],[-0.95090395  0.14643063 -1.05190623]
3.4621949,[ 0.92296976  0.37413111 -1.36594534],[-0.95111859  0.14597149 -1.05166662]
3.469738200000002,[ 0.92296469  0.37407953 -1.36589408],[-0.95132762  0.14555563 -1.0514375 ]
3.4786100000000033,[ 0.92294419  0.37404421 -1.36584139],[-0.95153379  0.14514385 -1.05120516]
3.485763500000001,[ 0.92291296  0.37401801 -1.36579216],[-0.95173281  0.14472115 -1.05099523]
3.494289600000002,[ 0.92287701  0.37400326 -1.36575091],[-0.95195049  0.14430104 -1.05078518]
3.5027185000000003,[ 0.92283583  0.37399241 -1.36571324],[-0.95219958  0.14387438 -1.05064332]
3.5116361000000005,[ 0.92278683  0.37398776 -1.36566949],[-0.95240176  0.14349213 -1.05044925]
3.519997100000001,[ 0.92272812  0.37397659 -1.36562502],[-0.95260048  0.14308685 -1.05026698]
3.529927100000002,[ 0.92266595  0.37395597 -1.36557579],[-0.95279723  0.14268224 -1.05010295]
3.540550800000002,[ 0.92256534  0.37393475 -1.36550117],[-0.9530713   0.14212018 -1.04977918]
3.5488877000000016,[ 0.92248952  0.37390253 -1.36544919],[-0.95324832  0.14177777 -1.0496099 ]
3.5573379000000003,[ 0.92239952  0.37388337 -1.36538851],[-0.95343447  0.14142019 -1.04945898]
3.565905500000003,[ 0.92230231  0.37386116 -1.36532938],[-0.95361668  0.14107344 -1.0493294 ]
3.5756378000000026,[ 0.92219281  0.37384826 -1.36527157],[-0.95380712  0.1407342  -1.04921734]
3.5864381000000023,[ 0.92202765  0.37381685 -1.36518764],[-0.9540655   0.14025797 -1.04907048]
3.594169800000003,[ 0.92192036  0.37378159 -1.36512744],[-0.95422131  0.13993162 -1.04898012]
3.6033700000000017,[ 0.92180282  0.37375164 -1.36506832],[-0.95436007  0.13963123 -1.0488981 ]
3.6107695,[ 0.92166829  0.37372378 -1.36500299],[-0.95454454  0.13930412 -1.04889011]
3.619910200000003,[ 0.92154014  0.37369916 -1.36493659],[-0.9547019   0.1390439  -1.04882693]
3.6274263000000033,[ 0.92140931  0.3736842  -1.36486566],[-0.95483673  0.13879973 -1.048774  ]
3.6361215000000016,[ 0.92127621  0.3736732  -1.36478686],[-0.95499289  0.13855761 -1.04873466]
3.6445332000000015,[ 0.92114264  0.37366885 -1.36470151],[-0.95512938  0.13834709 -1.04872465]
3.6525180000000006,[ 0.92100728  0.37366074 -1.36460602],[-0.95526576  0.1381503  -1.04871118]
3.6604268000000033,[ 0.9208768   0.37364632 -1.36449564],[-0.95541131  0.1379457  -1.04871178]
3.6688878000000003,[ 0.92075521  0.37363422 -1.36438799],[-0.95554221  0.13774918 -1.04871833]
3.6774786000000006,[ 0.92062914  0.37361544 -1.36428595],[-0.9556458   0.13757555 -1.04865932]
3.685873800000003,[ 0.92049927  0.37358901 -1.36416805],[-0.9557808   0.13741943 -1.04867041]
3.694315800000002,[ 0.92036796  0.37355551 -1.36404908],[-0.95591873  0.13725667 -1.04867435]
3.702453900000002,[ 0.92024577  0.37352672 -1.36390734],[-0.95606953  0.13709252 -1.04865348]
3.7109885000000027,[ 0.92012113  0.37349105 -1.36377442],[-0.95621586  0.13695705 -1.04866743]
3.7192114000000025,[ 0.92001128  0.37344918 -1.36363864],[-0.9563548   0.13682094 -1.04867756]
3.7278869000000014,[ 0.9199205   0.37340581 -1.3635112 ],[-0.95651054  0.13668963 -1.0486902 ]
3.7360536000000018,[ 0.91985142  0.37335756 -1.3633728 ],[-0.95667267  0.13656591 -1.04868627]
3.7437554000000013,[ 0.91978335  0.37331364 -1.36323667],[-0.95683444  0.13644136 -1.0486815 ]
3.7725429000000013,[ 0.91971213  0.373274   -1.36310351],[-0.95699626  0.13633503 -1.04868364]
3.7868742000000033,[ 0.91945207  0.37316391 -1.36252296],[-0.95773387  0.13595131 -1.04868269]
3.7958962000000014,[ 0.9193849   0.37312052 -1.36237419],[-0.95792502  0.13586387 -1.04869163]
3.8054684000000023,[ 0.91928715  0.37303948 -1.36222923],[-0.95813823  0.13574649 -1.04875863]
3.816649400000003,[ 0.91918957  0.37297726 -1.36198199],[-0.95842242  0.13565242 -1.04876208]
3.824535300000001,[ 0.91911674  0.37295511 -1.3618139 ],[-0.95859152  0.13560012 -1.04876363]
3.8326259,[ 0.91904247  0.37292707 -1.36164677],[-0.9587751   0.13556977 -1.0487628 ]
3.8415250000000007,[ 0.91897303  0.37288803 -1.36148858],[-0.95895785  0.13552848 -1.04876471]
3.8498939000000014,[ 0.91891479  0.37285271 -1.36133397],[-0.95913696  0.13549486 -1.04878795]
3.8587538000000023,[ 0.91887283  0.37279886 -1.36118197],[-0.95932299  0.13544919 -1.04881525]
3.8670288,[ 0.91883105  0.37274486 -1.3610369 ],[-0.95951629  0.13541505 -1.04884684]
3.876001200000001,[ 0.91878891  0.37269995 -1.3608942 ],[-0.95969635  0.13539824 -1.04887688]
3.8838502000000013,[ 0.91875726  0.37264156 -1.36075497],[-0.95987695  0.13537644 -1.04891729]
3.8936031,[ 0.91869187  0.37256876 -1.36055243],[-0.96012455  0.13536443 -1.04898477]
3.900893400000001,[ 0.91866684  0.37254345 -1.36048162],[-0.96020585  0.13535593 -1.04900169]
3.9099178000000023,[ 0.91860056  0.37244639 -1.36026537],[-0.96042335  0.13531826 -1.04905856]
3.917877700000002,[ 0.91857117  0.37241292 -1.36019838],[-0.96049666  0.13530663 -1.04907024]
3.9278678000000014,[ 0.91851592  0.3723022  -1.35997808],[-0.96069121  0.13525662 -1.04911554]
3.9358388000000026,[ 0.91845834  0.37223655 -1.35983205],[-0.96082485  0.13521914 -1.0491513 ]
3.9438134000000034,[ 0.91841125  0.37215224 -1.35969138],[-0.96095181  0.13519374 -1.04918849]
3.9527217000000014,[ 0.91835058  0.37208575 -1.35956061],[-0.96105152  0.1351725  -1.04923737]
3.960590800000002,[ 0.91830027  0.37200788 -1.35943151],[-0.96115726  0.1351552  -1.04928887]
3.9698039000000023,[ 0.91824925  0.37191197 -1.35930371],[-0.9612515   0.13511425 -1.04931831]
3.9771581000000005,[ 0.91821188  0.37180141 -1.35917461],[-0.96132314  0.13509676 -1.04929781]
3.9868805000000016,[ 0.91817743  0.3716954  -1.35905123],[-0.96143067  0.13499382 -1.04938757]
3.993819400000003,[ 0.91814649  0.37160152 -1.35892785],[-0.96152532  0.13494076 -1.04942095]
4.002838400000002,[ 0.91812629  0.37151155 -1.35880756],[-0.96162337  0.13486695 -1.04945672]
4.010596900000003,[ 0.91810995  0.37141916 -1.35869241],[-0.96172607  0.13477525 -1.04946864]
4.018967800000002,[ 0.91809762  0.37133497 -1.35857809],[-0.96182925  0.13469061 -1.04948592]
4.0271723,[ 0.91808379  0.37127626 -1.35846734],[-0.96193081  0.13461401 -1.04950976]
4.035701500000002,[ 0.91807419  0.37120923 -1.35835958],[-0.96201622  0.13450533 -1.04953158]
4.045347900000003,[ 0.91806436  0.3711423  -1.35824776],[-0.96210051  0.13438734 -1.04954982]
4.052851100000002,[ 0.9180575   0.37108502 -1.35813761],[-0.96217066  0.13429721 -1.04956162]
4.061645000000002,[ 0.91805625  0.37104321 -1.35803509],[-0.96222949  0.13422914 -1.04953933]
4.0696134000000015,[ 0.91804546  0.3709974  -1.3579222 ],[-0.96230769  0.13412808 -1.04955781]
4.078199300000001,[ 0.91803652  0.37096357 -1.35780966],[-0.96237499  0.13401589 -1.04957509]
4.085655000000003,[ 0.91802746  0.37093863 -1.35768676],[-0.96244097  0.13389719 -1.04959512]
4.094376400000002,[ 0.91802317  0.37091592 -1.35755992],[-0.96250492  0.13377024 -1.04961479]
4.102852300000002,[ 0.91801476  0.3709015  -1.35743976],[-0.96256548  0.13362417 -1.04963756]
4.110517600000001,[ 0.91802275  0.3708711  -1.35731411],[-0.96264035  0.13342707 -1.04969692]
4.121344500000003,[ 0.91803414  0.37083256 -1.35719931],[-0.96267921  0.13326284 -1.04964304]
4.129592200000001,[ 0.91804051  0.37081641 -1.35708404],[-0.96275014  0.13307472 -1.04966009]
4.139974800000001,[ 0.91805148  0.37079668 -1.35691774],[-0.96285313  0.13277839 -1.04967105]
4.148734700000002,[ 0.91806507  0.37078249 -1.35680962],[-0.96293634  0.13258266 -1.04964697]
4.1577182000000015,[ 0.91806996  0.37077308 -1.35669243],[-0.96301436  0.13237989 -1.04962826]
4.165898600000002,[ 0.91808385  0.37077212 -1.35658479],[-0.96309614  0.1321812  -1.04961669]
4.173683100000002,[ 0.91809726  0.37076154 -1.35647309],[-0.96316832  0.13196391 -1.04958415]
4.181796500000001,[ 0.91810697  0.37074333 -1.35636616],[-0.96325779  0.13172109 -1.04955256]
4.1897035,[ 0.91810805  0.37071997 -1.356264  ],[-0.96333939  0.13146104 -1.0494982 ]
4.1982511,[ 0.91810763  0.37070343 -1.35615897],[-0.96345848  0.13120134 -1.04952073]
4.206683000000002,[ 0.91810089  0.37067622 -1.35606682],[-0.96355563  0.13096206 -1.04950631]
4.215897900000002,[ 0.9180851   0.3706454  -1.35596871],[-0.96364081  0.1307245  -1.0494194 ]
4.223829600000002,[ 0.91806781  0.37059969 -1.35587335],[-0.96373665  0.13046356 -1.04945028]
4.232218300000003,[ 0.91804779  0.37055358 -1.35577953],[-0.96378982  0.13024957 -1.04944646]
4.241601200000002,[ 0.91802698  0.37049729 -1.35569108],[-0.96384442  0.13000059 -1.04945278]
4.249063400000001,[ 0.91800445  0.37042886 -1.35560489],[-0.96390027  0.1297601  -1.04945707]
4.2571382,[ 0.91798347  0.37036851 -1.355528  ],[-0.96393746  0.12949629 -1.04945767]
4.2654502,[ 0.91795456  0.37030494 -1.35546052],[-0.96396804  0.1292247  -1.04947531]
4.2736549,[ 0.91792738  0.37023056 -1.3553921 ],[-0.96403033  0.1289541  -1.04948449]
4.282199900000002,[ 0.91789377  0.37014464 -1.3553313 ],[-0.96406603  0.1286539  -1.04949176]
4.291268900000002,[ 0.91786599  0.37006989 -1.35526693],[-0.96411467  0.12836099 -1.04948413]
4.299285400000002,[ 0.91783214  0.36999473 -1.35522664],[-0.96416605  0.12809643 -1.04947615]
4.308343100000002,[ 0.91779608  0.36993611 -1.35518432],[-0.96422178  0.1278569  -1.04947996]
4.315639500000003,[ 0.9177562   0.36985657 -1.35513341],[-0.96428108  0.12759608 -1.04946017]
4.324217400000002,[ 0.91771454  0.36978644 -1.35508275],[-0.96433377  0.12735525 -1.04943871]
4.331297600000003,[ 0.91765189  0.36972722 -1.35504234],[-0.9644053   0.12711363 -1.04942012]
4.3403481,[ 0.91758168  0.36967522 -1.35499859],[-0.9644748   0.1268488  -1.04938054]
4.347903900000002,[ 0.91751271  0.36961037 -1.35494053],[-0.9645763   0.12660469 -1.04934478]
4.3573280000000025,[ 0.91745085  0.36954311 -1.35488844],[-0.96464479  0.12635326 -1.04929686]
4.365333000000003,[ 0.9173823   0.36948279 -1.3548274 ],[-0.96471238  0.12613204 -1.04925609]
4.373668500000001,[ 0.91730279  0.36944535 -1.35478199],[-0.96479362  0.12596093 -1.04922259]
4.3812943,[ 0.91722906  0.36940324 -1.35473979],[-0.96485126  0.12581019 -1.04919624]
4.3893114,[ 0.91715032  0.36935589 -1.35469055],[-0.96490699  0.12565663 -1.04915667]
4.396596300000002,[ 0.91710705  0.36933592 -1.35466957],[-0.96492755  0.12558898 -1.04914749]
4.404829400000001,[ 0.91701466  0.36930588 -1.35463619],[-0.96496993  0.12547088 -1.04912615]
4.4145845,[ 0.91687369  0.3692531  -1.35459638],[-0.96504158  0.12530923 -1.04909885]
4.423772900000003,[ 0.916776    0.36921114 -1.35455906],[-0.96508431  0.12519248 -1.04907119]
4.431897000000003,[ 0.91666746  0.36916235 -1.35452986],[-0.9651292   0.12508602 -1.04903078]
4.4413097000000015,[ 0.9165538   0.36911717 -1.35450649],[-0.965177    0.12501293 -1.04901505]
4.449348400000002,[ 0.91644645  0.36907217 -1.35448778],[-0.96521503  0.12494739 -1.04899251]
4.456621100000003,[ 0.91634834  0.36900693 -1.35445797],[-0.96526092  0.12488313 -1.04894686]
4.464606900000003,[ 0.91625774  0.36894059 -1.35443759],[-0.96529895  0.12482858 -1.04889333]
4.473242000000003,[ 0.91616899  0.36887088 -1.35441947],[-0.96532172  0.12479208 -1.0488497 ]
4.481411300000001,[ 0.91607195  0.36881876 -1.35440516],[-0.96535885  0.12476268 -1.04880881]
4.489677200000003,[ 0.91599292  0.36874479 -1.35439718],[-0.96538615  0.12470755 -1.04875922]
4.498009200000002,[ 0.91591668  0.36867622 -1.35439324],[-0.96542096  0.12467574 -1.04869878]
4.5063262,[ 0.91583717  0.36862507 -1.35440028],[-0.96545023  0.12465466 -1.04865003]
4.514687400000003,[ 0.91575563  0.36857322 -1.35441339],[-0.9654882   0.12465725 -1.04860532]
4.523316400000002,[ 0.91569233  0.36851516 -1.35442591],[-0.96551716  0.12463884 -1.04854524]
4.5315075,[ 0.91562676  0.36844546 -1.35443187],[-0.96553802  0.12462988 -1.04848599]
4.540297600000002,[ 0.91556525  0.36838096 -1.35443473],[-0.96556592  0.12462111 -1.04842567]
4.5486007000000015,[ 0.91551119  0.3683157  -1.35443699],[-0.96558887  0.12462488 -1.0483619 ]
4.556995700000002,[ 0.91545475  0.36825818 -1.35443926],[-0.9656111   0.12461942 -1.04829192]
4.565373800000003,[ 0.91540349  0.36819559 -1.35443616],[-0.96564817  0.12461939 -1.04821956]
4.573842800000001,[ 0.91534454  0.36816093 -1.35443997],[-0.96569705  0.1246169  -1.04815972]
4.582989300000001,[ 0.91527468  0.36811936 -1.35445416],[-0.96574295  0.12461832 -1.04810429]
4.591786500000001,[ 0.91521204  0.36808732 -1.3544594 ],[-0.96579003  0.12458397 -1.04804635]
4.600831300000003,[ 0.91515744  0.3680501  -1.35444832],[-0.96583611  0.12455628 -1.04799783]
4.6104502000000025,[ 0.91507912  0.36800787 -1.35441828],[-0.96588212  0.12450309 -1.047925  ]
4.619581800000002,[ 0.91503346  0.36798069 -1.35440683],[-0.96591353  0.12447736 -1.04789281]
4.627700300000001,[ 0.9149887  0.3679685 -1.3543936],[-0.9659363   0.12444485 -1.0478431 ]
4.636007200000002,[ 0.91492939  0.36797091 -1.35437441],[-0.96596009  0.12442943 -1.04781008]
4.6439049000000026,[ 0.91488308  0.36798891 -1.35436094],[-0.96597904  0.12443472 -1.04777813]
4.6526338,[ 0.91484374  0.36799625 -1.35435069],[-0.96600455  0.124429   -1.04777193]
4.661641200000002,[ 0.91479987  0.36799592 -1.35433722],[-0.9660179   0.12440711 -1.047768  ]
4.669137000000003,[ 0.91476262  0.36797309 -1.35430706],[-0.96602732  0.12435268 -1.0477587 ]
4.6781489,[ 0.91472608  0.3679609  -1.35428882],[-0.96603185  0.12431746 -1.04776287]
4.685255600000001,[ 0.91470468  0.36795345 -1.35428202],[-0.96604359  0.12429749 -1.04775012]
4.694571300000003,[ 0.91465002  0.36795256 -1.35425138],[-0.96605027  0.1242628  -1.04775953]
4.7025042,[ 0.91461116  0.36795902 -1.35422075],[-0.96606427  0.12423091 -1.04775441]
4.711104000000002,[ 0.91458482  0.36796704 -1.35419464],[-0.96606171  0.12420992 -1.04775453]
4.719690500000002,[ 0.91456759  0.36797488 -1.35418105],[-0.96606243  0.12418177 -1.04775572]
4.727286900000003,[ 0.91455662  0.36797354 -1.35416567],[-0.96605402  0.12414595 -1.04776573]
4.736497600000003,[ 0.91455054  0.36795834 -1.35413814],[-0.96605456  0.12410149 -1.04774463]
4.744518200000002,[ 0.91454136  0.36795846 -1.35410953],[-0.96604627  0.12406863 -1.04773378]
4.752766900000001,[ 0.91453254  0.36796537 -1.35408938],[-0.96604365  0.12405257 -1.04771125]
4.760528400000002,[ 0.91451478  0.367962   -1.35407388],[-0.96605474  0.1240436  -1.04768538]
4.7693905,[ 0.91449559  0.36796972 -1.35404932],[-0.96607852  0.12405144 -1.04765236]
4.777291700000003,[ 0.91449195  0.36797169 -1.35401762],[-0.96609849  0.12404208 -1.04761541]
4.786068100000001,[ 0.91449314  0.36796406 -1.35399306],[-0.96611834  0.12404299 -1.04757106]
4.7940246,[ 0.91449749  0.36794695 -1.35395777],[-0.96613955  0.12404083 -1.04753566]
4.803012800000001,[ 0.91450775  0.36792806 -1.35392392],[-0.96617103  0.12401618 -1.04748988]
4.8113183,[ 0.91452706  0.36790198 -1.35389304],[-0.96619928  0.1239908  -1.04744232]
4.819078800000003,[ 0.91452909  0.3678959  -1.35385859],[-0.96623117  0.12398135 -1.04739952]
4.827623300000003,[ 0.91453105  0.36789569 -1.35382748],[-0.96628886  0.12397383 -1.04734516]
4.835675600000002,[ 0.91452461  0.3678993  -1.35380316],[-0.96635091  0.12397459 -1.04730117]
4.8440136,[ 0.91452718  0.36790317 -1.35378087],[-0.96640396  0.12394702 -1.04725158]
4.852314200000002,[ 0.91455024  0.36788926 -1.35373855],[-0.96645081  0.12394141 -1.04721189]
4.862127700000002,[ 0.9145723   0.36787507 -1.35370481],[-0.96649659  0.12391927 -1.04717255]
4.871692600000003,[ 0.91460133  0.36784989 -1.35366654],[-0.96653956  0.1238955  -1.04712617]
4.8815071,[ 0.91464102  0.36783358 -1.35362542],[-0.9666177   0.1238999  -1.04707944]
4.891359900000001,[ 0.91467941  0.36783302 -1.35360241],[-0.96666223  0.12390564 -1.0470469 ]
4.898963700000003,[ 0.91471714  0.36783206 -1.3535825 ],[-0.96671242  0.12393544 -1.04700494]
4.908228000000001,[ 0.91476476  0.36781716 -1.35356629],[-0.96675521  0.12395944 -1.04697108]
4.915620200000003,[ 0.91483188  0.36780918 -1.35353899],[-0.96680123  0.12398218 -1.0469352 ]
4.924225200000002,[ 0.91490823  0.36778489 -1.35352361],[-0.9668346   0.12400768 -1.04690635]
4.933228200000002,[ 0.91498846  0.36774677 -1.3535037 ],[-0.9668678   0.12403647 -1.04687238]
4.942131300000003,[ 0.91507256  0.36770576 -1.3534894 ],[-0.96689743  0.12404887 -1.04684377]
4.950913100000001,[ 0.91514826  0.36766994 -1.35347939],[-0.96692938  0.12407804 -1.04680312]
4.960468500000001,[ 0.91524452  0.36762467 -1.35346854],[-0.96697652  0.12412544 -1.04673934]
4.9692644,[ 0.91530365  0.36759612 -1.35345566],[-0.96701932  0.12414567 -1.04668617]
4.9772447,[ 0.91537738  0.36754593 -1.35343385],[-0.96704572  0.12415347 -1.04663777]
4.985591800000002,[ 0.91545129  0.36748812 -1.35341668],[-0.96706986  0.1241586  -1.04658937]
4.994296300000002,[ 0.9155162   0.36743739 -1.35339487],[-0.96708721  0.12417082 -1.04654133]
5.003662900000002,[ 0.91558218  0.36737806 -1.35336685],[-0.96709514  0.12418064 -1.04649889]
5.013023400000002,[ 0.91565371  0.36731908 -1.3533442 ],[-0.96710521  0.12419391 -1.0464493 ]
5.0217164000000025,[ 0.9157055   0.36726099 -1.35331833],[-0.96711296  0.12423445 -1.04640937]
5.031952500000003,[ 0.9157998   0.36719427 -1.35329199],[-0.96709776  0.12427972 -1.04633749]
5.0404622,[ 0.91586548  0.3671436  -1.35327077],[-0.96707577  0.12428977 -1.04629707]
5.048745,[ 0.91593379  0.36708036 -1.35323167],[-0.96706027  0.12428813 -1.04623985]
5.0573542000000025,[ 0.91600794  0.36701736 -1.35320342],[-0.9670248   0.12427223 -1.04619741]
5.0647427,[ 0.91607738  0.36695838 -1.35317218],[-0.96698684  0.12424973 -1.04616296]
5.073255100000001,[ 0.91613585  0.3669146  -1.35314   ],[-0.9669531   0.12423683 -1.04611993]
5.081340900000001,[ 0.91619194  0.36686638 -1.35311282],[-0.96691608  0.12423055 -1.04607677]
5.089940800000001,[ 0.91624367  0.36682412 -1.35308278],[-0.9668811   0.12421881 -1.04603457]
5.099313300000002,[ 0.91628999  0.36677673 -1.35305357],[-0.96684366  0.12421231 -1.0459795 ]
5.110545400000003,[ 0.91636378  0.36670968 -1.35301256],[-0.96677285  0.12418878 -1.04592824]
5.120462100000001,[ 0.91641521  0.36664778 -1.35298622],[-0.96671921  0.1241522  -1.04589009]
5.129882400000003,[ 0.91646969  0.3665764  -1.35295355],[-0.96666348  0.1241079  -1.04585946]
5.140960700000001,[ 0.91653413  0.36648425 -1.35291135],[-0.96656758  0.12403066 -1.04581368]
5.150949100000002,[ 0.9165656   0.36643377 -1.35289311],[-0.96649206  0.12399533 -1.04577494]
5.161403900000003,[ 0.91660422  0.36633146 -1.35284078],[-0.96636862  0.12390514 -1.04571807]
5.1701145,[ 0.91663057  0.36625761 -1.35280514],[-0.96627808  0.12383224 -1.04568291]
5.177290000000003,[ 0.91665727  0.36618274 -1.35276425],[-0.96617699  0.12377321 -1.04566908]
5.186180200000003,[ 0.91667736  0.36610153 -1.35272837],[-0.96607709  0.12370923 -1.0456413 ]
5.194201300000003,[ 0.91669774  0.36602405 -1.35268474],[-0.96598589  0.12364067 -1.0456115 ]
5.202548,[ 0.91671741  0.36595336 -1.35264897],[-0.96589231  0.12359329 -1.04558361]
5.210956000000003,[ 0.91673136  0.36587346 -1.35261381],[-0.96580458  0.12356365 -1.04555631]
5.219601900000001,[ 0.91673261  0.36582047 -1.35258615],[-0.96571642  0.12353622 -1.04551971]
5.227180100000002,[ 0.91674048  0.36576679 -1.3525548 ],[-0.96559376  0.12353872 -1.04544389]
5.2343425,[ 0.91675287  0.36573648 -1.35254359],[-0.96559095  0.12348645 -1.04545045]
5.244106800000001,[ 0.9167946   0.36564264 -1.35249555],[-0.96546584  0.12344064 -1.04539824]
5.252306300000001,[ 0.91681689  0.36558974 -1.3524605 ],[-0.96536088  0.12344428 -1.045344  ]
5.2608809,[ 0.91684198  0.36553064 -1.35243094],[-0.96529192  0.1233977  -1.04530227]
5.269114100000003,[ 0.91684896  0.36549121 -1.35239601],[-0.96522939  0.12336992 -1.04526889]
5.2780974,[ 0.91686291  0.36545748 -1.3523618 ],[-0.96517158  0.12337022 -1.04523575]
5.285625600000003,[ 0.91685909  0.36543205 -1.35232568],[-0.96510738  0.12335985 -1.04521036]
5.294529800000003,[ 0.91685891  0.3654089  -1.35228622],[-0.9650504   0.12334489 -1.04516959]
5.302883700000002,[ 0.91686487  0.36538529 -1.35223758],[-0.9649784   0.12330528 -1.04513788]
5.311366200000002,[ 0.91687143  0.36535507 -1.35219181],[-0.9649235   0.12327685 -1.0451045 ]
5.319112200000003,[ 0.91687161  0.36532089 -1.35214579],[-0.96486968  0.1232589  -1.04506469]
5.327123500000003,[ 0.91686279  0.36529571 -1.35210347],[-0.96482247  0.12323228 -1.04501665]
5.334470600000003,[ 0.91686052  0.36529154 -1.35208607],[-0.96480095  0.12322386 -1.04499352]
5.344901800000002,[ 0.91681945  0.3652882  -1.35202718],[-0.9647612   0.12321898 -1.04493201]
5.385448100000001,[ 0.91668862  0.36523232 -1.3518337 ],[-0.96472061  0.1231217  -1.04467928]
5.394961100000003,[ 0.91665304  0.36521691 -1.3517803 ],[-0.96471715  0.12308919 -1.04459512]
5.402409400000003,[ 0.91661     0.36519864 -1.35173905],[-0.96472549  0.12306947 -1.04451823]
5.4115474,[ 0.91654909  0.36519176 -1.35169411],[-0.96473444  0.12306415 -1.04444122]
5.4232685000000025,[ 0.91646749  0.36516708 -1.35161543],[-0.96475077  0.12305281 -1.04431462]
5.431919300000001,[ 0.91641927  0.36511686 -1.35154927],[-0.96475828  0.12302892 -1.04422438]
5.440156600000002,[ 0.9163782   0.36506656 -1.35148299],[-0.96476805  0.12300599 -1.04415643]
5.448742900000003,[ 0.91632324  0.36503527 -1.35142553],[-0.96479005  0.12299195 -1.04407382]
5.457165100000001,[ 0.91625273  0.36499456 -1.35136008],[-0.96477705  0.12301286 -1.0439682 ]
5.465440000000001,[ 0.91617399  0.36495632 -1.35129344],[-0.96480292  0.12300307 -1.04387295]
5.4734756,[ 0.91608673  0.36491695 -1.35122192],[-0.96483946  0.12299625 -1.04380286]
5.4818967,[ 0.91599864  0.36487591 -1.35115838],[-0.96486986  0.12297153 -1.04372752]
5.490156300000002,[ 0.91590208  0.36483943 -1.35109067],[-0.96490383  0.12295175 -1.04365873]
5.497867200000002,[ 0.91582102  0.36479175 -1.35103154],[-0.9649235   0.12290871 -1.04359555]
5.5062131,[ 0.91573828  0.36473781 -1.35096085],[-0.96493649  0.12287442 -1.04354084]
5.512897500000001,[ 0.91569918  0.36470717 -1.35093129],[-0.96494532  0.1228368  -1.04350805]
5.5232253,[ 0.91556627  0.36462581 -1.35083711],[-0.96498936  0.12279068 -1.04345202]
5.531439900000002,[ 0.91548437  0.36459076 -1.35078275],[-0.96504813  0.12271731 -1.04343462]
5.540626900000003,[ 0.91541702  0.36454371 -1.35072315],[-0.9650743   0.1226593  -1.04339302]
5.548868300000002,[ 0.91535687  0.36450806 -1.35065615],[-0.96509451  0.12259355 -1.0433501 ]
5.5571564,[ 0.91529369  0.36445954 -1.35059857],[-0.96511549  0.12253195 -1.04329801]
5.565070600000002,[ 0.91523081  0.36443701 -1.35053861],[-0.9651531   0.12246036 -1.04325008]
5.573085200000001,[ 0.91517454  0.3644034  -1.35047865],[-0.96517503  0.12239796 -1.04319465]
5.582724800000001,[ 0.91511106  0.36437544 -1.35041273],[-0.96520507  0.12233174 -1.04315186]
5.590658700000002,[ 0.91504908  0.36436161 -1.35034716],[-0.96524918  0.12228382 -1.0431093 ]
5.5995366,[ 0.91497523  0.36436057 -1.35027874],[-0.96528745  0.12223704 -1.04306078]
5.607182100000003,[ 0.9149074   0.36435694 -1.35021174],[-0.96533519  0.12220305 -1.04301775]
5.615921800000002,[ 0.91485232  0.3643463  -1.35014403],[-0.96538752  0.12213947 -1.04296851]
5.623942500000002,[ 0.91481715  0.3643311  -1.3500644 ],[-0.96540034  0.12211401 -1.04291213]
5.632284100000003,[ 0.91477454  0.36430627 -1.34997809],[-0.96543825  0.12204181 -1.04286063]
5.6404703000000005,[ 0.91473681  0.36430189 -1.34990346],[-0.9655115   0.12195776 -1.04283905]
5.648659100000003,[ 0.91469502  0.3643086  -1.34984159],[-0.96552044  0.12194051 -1.04276013]
5.657159200000002,[ 0.91465056  0.36431777 -1.349774  ],[-0.96560019  0.12187845 -1.04275668]
5.664803600000003,[ 0.91460842  0.36432582 -1.3497045 ],[-0.96564806  0.1218463  -1.04271507]
5.673011800000001,[ 0.91456389  0.36433902 -1.3496381 ],[-0.96570331  0.12181693 -1.04267955]
5.681339600000001,[ 0.91452241  0.36436376 -1.34958136],[-0.96574211  0.12179691 -1.04265547]
5.689822100000001,[ 0.91448331  0.36436725 -1.349509  ],[-0.9657774   0.12176533 -1.04263151]
5.698054000000003,[ 0.9144519   0.36437058 -1.3494432 ],[-0.9658041   0.12172268 -1.04261494]
5.707053800000001,[ 0.91441703  0.36437145 -1.3493706 ],[-0.96583086  0.12169234 -1.04259038]
5.714760900000002,[ 0.91437376  0.36439931 -1.34930861],[-0.96585286  0.12167095 -1.04258776]
5.723967900000002,[ 0.91432083  0.36443254 -1.34925079],[-0.96588475  0.12165115 -1.04257059]
5.731909300000002,[ 0.9142701   0.3644546  -1.34917617],[-0.96591973  0.12163857 -1.04256332]
5.740498500000001,[ 0.91421664  0.36446863 -1.34910238],[-0.96595776  0.12161402 -1.0425508 ]
5.7483386,[ 0.91416556  0.36448547 -1.34903014],[-0.96600157  0.12158628 -1.0425576 ]
5.756962400000003,[ 0.91411501  0.36450166 -1.34895277],[-0.96604228  0.12156525 -1.04255664]
5.764829500000001,[ 0.91406035  0.36452231 -1.34887648],[-0.96609116  0.12152626 -1.04255247]
5.773032700000002,[ 0.91399872  0.36453146 -1.34877503],[-0.96613204  0.12150013 -1.04254067]
5.7829060000000005,[ 0.91391897  0.36455095 -1.34867787],[-0.96618253  0.12147827 -1.04253554]
5.790689100000002,[ 0.9138217   0.36458758 -1.34857881],[-0.96622628  0.12149248 -1.04253769]
5.7995418,[ 0.91371882  0.36461693 -1.34847033],[-0.9662804   0.12146485 -1.04252219]
5.807025100000001,[ 0.91362631  0.36465046 -1.34836459],[-0.96634632  0.1214584  -1.04250801]
5.816010500000001,[ 0.91354561  0.36465597 -1.3482523 ],[-0.96639663  0.12144482 -1.04250002]
5.823352900000003,[ 0.91345429  0.36468095 -1.3481319 ],[-0.9664548   0.12142219 -1.04249072]
5.831736600000003,[ 0.91337144  0.36470541 -1.34801912],[-0.9665249   0.12140223 -1.04248297]
5.840651500000003,[ 0.91327751  0.36473051 -1.34790266],[-0.96655017  0.12141828 -1.04243481]
5.848494500000001,[ 0.91318929  0.36476487 -1.34778726],[-0.9666152   0.12139802 -1.04241133]
5.856971400000003,[ 0.91309017  0.36481407 -1.34767687],[-0.96669215  0.1213922  -1.04240704]
5.864749800000002,[ 0.9130035   0.36486232 -1.34757972],[-0.9667756   0.12137351 -1.04240549]
5.873714200000002,[ 0.91291398  0.36491689 -1.3474884 ],[-0.96684247  0.121335   -1.04239452]
5.8819324,[ 0.91282552  0.36497349 -1.34737933],[-0.96691018  0.12130536 -1.04239118]
5.890179100000001,[ 0.91274476  0.36501873 -1.34727108],[-0.96699274  0.12123741 -1.04242885]
5.898000100000001,[ 0.91265994  0.36507002 -1.34715319],[-0.96702206  0.12125413 -1.04240656]
5.907197800000002,[ 0.91257066  0.365127   -1.3470515 ],[-0.96707493  0.12123905 -1.04239547]
5.915595800000002,[ 0.91247773  0.36519694 -1.34695399],[-0.96713752  0.12123351 -1.04238367]
5.9241616000000015,[ 0.91238648  0.36526421 -1.34685552],[-0.9671964   0.12123422 -1.04237831]
5.931998,[ 0.91229153  0.36532211 -1.34674489],[-0.96726298  0.12122852 -1.04237318]
5.9402411000000015,[ 0.91218704  0.36538452 -1.34663713],[-0.96732759  0.12121282 -1.04235792]
5.948034000000003,[ 0.91208369  0.36546382 -1.34652746],[-0.96738333  0.12119272 -1.04235435]
5.956500100000003,[ 0.91196728  0.36552629 -1.34641516],[-0.96744108  0.12120882 -1.04234517]
5.964987100000002,[ 0.91187471  0.36555737 -1.34629261],[-0.96749294  0.12121843 -1.04234231]
5.973056600000003,[ 0.91176391  0.36559635 -1.34618342],[-0.96754414  0.12123957 -1.04232097]
5.982600300000001,[ 0.91164666  0.36563331 -1.34608138],[-0.96759444  0.12128092 -1.04231703]
5.9902238000000025,[ 0.9115268   0.365677   -1.34597445],[-0.9676469   0.12131386 -1.04231858]
5.998797300000003,[ 0.91141266  0.36569703 -1.34586573],[-0.96769518  0.12134766 -1.04231632]
6.0065214000000005,[ 0.91129971  0.3656837  -1.34573531],[-0.96773839  0.12137086 -1.04231465]
6.016102700000001,[ 0.91119105  0.36567912 -1.34562743],[-0.96777862  0.12138415 -1.04231238]
6.024591900000001,[ 0.91108131  0.36567518 -1.34553337],[-0.96781117  0.12140136 -1.04231644]
6.0322419000000025,[ 0.91097361  0.36566961 -1.34544325],[-0.96784049  0.12145016 -1.04232895]
6.040074300000001,[ 0.91086662  0.36565542 -1.34533644],[-0.96786124  0.12148308 -1.04231679]
6.048049800000001,[ 0.91075313  0.36563036 -1.345227  ],[-0.96789646  0.1214967  -1.04233479]
6.055150600000001,[ 0.91070539  0.36561364 -1.34518301],[-0.96788752  0.12156648 -1.04228818]
6.0632797000000025,[ 0.9105944   0.36559996 -1.34509349],[-0.96793872  0.12157055 -1.042292  ]
6.072877600000002,[ 0.91044509  0.36552596 -1.34496546],[-0.96794748  0.12163918 -1.04223919]
6.081421000000002,[ 0.91035163  0.36545926 -1.34486842],[-0.96798956  0.12159891 -1.04223251]
6.089751500000002,[ 0.91025347  0.36540297 -1.34478199],[-0.96801043  0.12160534 -1.04221117]
6.097997000000003,[ 0.91015083  0.36536327 -1.3447088 ],[-0.96801358  0.12166435 -1.04216254]
6.106998400000002,[ 0.91003084  0.36532411 -1.34464192],[-0.96807384  0.12163246 -1.04217172]
6.114744100000003,[ 0.90992081  0.36525586 -1.34455931],[-0.96810776  0.12164617 -1.04214954]
6.124070200000002,[ 0.90981174  0.365181   -1.3444792 ],[-0.96812218  0.12165895 -1.04211938]
6.1320017,[ 0.90970272  0.36510333 -1.34440517],[-0.96813011  0.12167718 -1.04208887]
6.1404651,[ 0.90958148  0.36500168 -1.34433985],[-0.96813035  0.1216708  -1.04204857]
6.1488659000000006,[ 0.90945631  0.36488551 -1.34425914],[-0.9681173   0.12167986 -1.04199636]
6.157596700000003,[ 0.9093371   0.36474097 -1.3441751 ],[-0.96815938  0.12168083 -1.04195857]
6.166117700000001,[ 0.90920413  0.3645919  -1.34411049],[-0.96818197  0.12169565 -1.04192162]
6.175440700000003,[ 0.90907562  0.36444274 -1.34405577],[-0.96820217  0.12170663 -1.04188323]
6.186070100000002,[ 0.9088884   0.36418697 -1.34400201],[-0.96818274  0.12171213 -1.04178476]
6.194017200000001,[ 0.90877974  0.36398673 -1.34397042],[-0.96816874  0.12170847 -1.04174984]
6.202382400000001,[ 0.90867591  0.36377901 -1.34395266],[-0.96818805  0.12169775 -1.04173052]
6.210561800000001,[ 0.90856403  0.36358887 -1.34395301],[-0.96818167  0.12166336 -1.0417248 ]
6.217682600000003,[ 0.90848958  0.36348638 -1.34396255],[-0.96815974  0.12168533 -1.04168081]
6.227268500000001,[ 0.90825456  0.36319658 -1.34399176],[-0.96816039  0.12169328 -1.04167926]
6.235663900000002,[ 0.90809989  0.36299047 -1.34400105],[-0.9681626   0.12170134 -1.04169726]
6.2438692000000025,[ 0.90793085  0.36279744 -1.34400558],[-0.9681648   0.12170695 -1.04170251]
6.252391800000002,[ 0.90776831  0.36258242 -1.34398139],[-0.96813965  0.1217427  -1.04175436]
6.261431400000003,[ 0.90762985  0.36237428 -1.34394646],[-0.96819556  0.12175287 -1.04176784]
6.269812700000003,[ 0.90751493  0.36215296 -1.34390974],[-0.96803039  0.121852   -1.04185581]
6.277968600000001,[ 0.90742713  0.36193106 -1.34387493],[-0.96801949  0.12196571 -1.04194343]
6.286079300000001,[ 0.90734255  0.36174256 -1.34384763],[-0.9681446   0.12185665 -1.0418669 ]
6.2938569000000015,[ 0.90726143  0.36160898 -1.34383237],[-0.96814531  0.12185455 -1.04186428]
6.3033447,[ 0.90717268  0.36150116 -1.34382105],[-0.96816355  0.12189201 -1.04187572]
6.312614200000002,[ 0.90707588  0.36135966 -1.34393895],[-0.96816975  0.12191452 -1.04187942]
6.320402900000001,[ 0.90696466  0.36126682 -1.34392738],[-0.96818012  0.12193666 -1.04187799]
6.327724600000003,[ 0.90683258  0.3612628  -1.3438158 ],[-0.96817958  0.12197728 -1.04188788]
6.336205700000001,[ 0.90671891  0.36122608 -1.3437587 ],[-0.96820223  0.12198539 -1.04186618]
6.343808600000003,[ 0.90661669  0.36116332 -1.34369755],[-0.96820867  0.12203865 -1.04185903]
6.3521967,[ 0.90651196  0.36110365 -1.34363139],[-0.96824396  0.12207058 -1.0418582 ]
6.360445000000002,[ 0.90641046  0.36106759 -1.34355688],[-0.96828103  0.12212303 -1.04187131]
6.369107300000003,[ 0.90631425  0.36105382 -1.34348571],[-0.9683252   0.12215555 -1.04189038]
6.3773549,[ 0.90623236  0.36104247 -1.34340906],[-0.96835917  0.1221848  -1.04191256]
6.386596800000003,[ 0.90614974  0.36103094 -1.34332407],[-0.968382    0.12219048 -1.04193234]
6.394732100000002,[ 0.90607381  0.36100966 -1.34325278],[-0.96841002  0.12221093 -1.04194486]
6.402409100000003,[ 0.90598649  0.36102831 -1.34319746],[-0.96843868  0.12221649 -1.04197037]
6.410976900000001,[ 0.90590632  0.36105132 -1.34315646],[-0.96847957  0.12221746 -1.04199171]
6.4189567000000025,[ 0.90583384  0.36106008 -1.34310508],[-0.96851462  0.12222157 -1.04202008]
6.427172900000002,[ 0.90576106  0.36102471 -1.34315002],[-0.96856713  0.12224045 -1.04203355]
6.435785900000003,[ 0.90568626  0.36101729 -1.3431567 ],[-0.96862495  0.12226112 -1.04205978]
6.4438253,[ 0.90560848  0.36103678 -1.3431226 ],[-0.96869403  0.12222905 -1.0421102 ]
6.452493400000002,[ 0.90552354  0.36103761 -1.34307933],[-0.96871847  0.12221935 -1.04213738]
6.460581100000002,[ 0.90544075  0.36107072 -1.34291875],[-0.96870965  0.12230285 -1.04220152]
6.469335400000002,[ 0.90535051  0.36109367 -1.34281468],[-0.9688704  0.1223173 -1.042207 ]
6.4780148,[ 0.90524358  0.36110884 -1.34274805],[-0.96891999  0.12232213 -1.04221201]
6.486345400000001,[ 0.90512568  0.36114237 -1.34267795],[-0.96898401  0.12233869 -1.04222143]
6.493811700000002,[ 0.9049899   0.36116993 -1.34260118],[-0.96903098  0.12235079 -1.04223931]
6.502238600000002,[ 0.90483975  0.36119938 -1.34250391],[-0.96909171  0.12234043 -1.04226184]
6.510556000000001,[ 0.90468252  0.36123428 -1.34242499],[-0.96914703  0.12232932 -1.04227257]
6.518624300000003,[ 0.90450186  0.36126554 -1.34236073],[-0.9691925   0.1223125  -1.04229712]
6.5256334,[ 0.90440136  0.36128366 -1.34231937],[-0.96922922  0.12231224 -1.04231143]
6.534072100000003,[ 0.90419823  0.36130342 -1.34224963],[-0.96926934  0.12228948 -1.04234195]
6.542470400000003,[ 0.90397674  0.36126292 -1.34224844],[-0.96932036  0.1222728  -1.04237628]
6.552326400000002,[ 0.90362275  0.36135122 -1.34199965],[-0.9693976   0.12228531 -1.04243302]
6.5587619,[ 0.90349662  0.36135539 -1.34195292],[-0.96953011  0.12235608 -1.04254317]
6.567001900000001,[ 0.90323091  0.36136889 -1.34185123],[-0.96961677  0.12236145 -1.04261076]
6.575314700000003,[ 0.90296286  0.36137027 -1.34172618],[-0.96967554  0.12232032 -1.04261243]
6.583559600000001,[ 0.90268707  0.36131015 -1.34171152],[-0.96966869  0.12226898 -1.04261017]
6.591935300000003,[ 0.90239662  0.36137593 -1.34149551],[-0.96966982  0.12224643 -1.04261434]
6.598917400000001,[ 0.90208066  0.3614074  -1.34138536],[-0.96969235  0.12222327 -1.04263449]
6.606405900000002,[ 0.90174335  0.36145899 -1.34126019],[-0.96971911  0.12220809 -1.04265988]
6.6148846,[ 0.90138429  0.36148092 -1.34122789],[-0.96975195  0.12221748 -1.04268634]
6.621390700000003,[ 0.90118694  0.36155939 -1.34108663],[-0.96976644  0.12220753 -1.04270637]
6.631868500000003,[ 0.9005928   0.36171463 -1.34082353],[-0.96982849  0.12223702 -1.04278076]
6.640197200000003,[ 0.90020674  0.36177054 -1.34070241],[-0.96986401  0.12223156 -1.04282629]
6.648720700000002,[ 0.899791    0.3618083  -1.34061289],[-0.96989459  0.12221818 -1.04286003]
6.6576217,[ 0.89937639  0.36186165 -1.34047306],[-0.96992278  0.12220416 -1.04289556]
6.664821400000001,[ 0.89898181  0.36194485 -1.34029448],[-0.96996617  0.12221891 -1.04294324]
6.673909800000001,[ 0.8985607   0.36203882 -1.34016573],[-0.97000414  0.12224393 -1.042997  ]
6.6819536,[ 0.89814097  0.36212429 -1.34004951],[-0.97004676  0.12225194 -1.04303944]
6.6896272,[ 0.89773273  0.3622115  -1.33992088],[-0.97008169  0.1222507  -1.04307163]
6.696438200000003,[ 0.89751834  0.36225545 -1.33985293],[-0.97009999  0.12223935 -1.04309726]
6.7048282000000015,[ 0.89709526  0.36232314 -1.33973062],[-0.97013634  0.12224148 -1.04313731]
6.712734700000002,[ 0.8966614   0.36240113 -1.33957887],[-0.97015595  0.12223737 -1.0431844 ]
6.7198996000000015,[ 0.89624161  0.36247545 -1.33943427],[-0.9701755   0.12224664 -1.04322231]
6.7272741000000025,[ 0.89582366  0.36255264 -1.33928728],[-0.97019267  0.12224244 -1.04325747]
6.7345247000000015,[ 0.89562219  0.36259431 -1.33920622],[-0.97019905  0.12223719 -1.04327309]
6.743980400000002,[ 0.89500409  0.36273342 -1.33899653],[-0.97023785  0.12226392 -1.04334569]
6.7526740000000025,[ 0.89458454  0.36282101 -1.33888078],[-0.97025985  0.12227307 -1.04339421]
6.760555400000001,[ 0.89415646  0.36289299 -1.33875155],[-0.97026682  0.12228068 -1.04344559]
6.769658700000001,[ 0.89373577  0.36293441 -1.338606  ],[-0.97028619  0.12228235 -1.0434792 ]
6.777166900000001,[ 0.89333451  0.36296713 -1.33846807],[-0.97029388  0.12227605 -1.04352152]
6.786514200000003,[ 0.89292413  0.36298802 -1.33834338],[-0.97031558  0.12230831 -1.04356563]
6.794796700000003,[ 0.89250684  0.36303216 -1.33820486],[-0.97032249  0.12233311 -1.04361355]
6.802316600000001,[ 0.89208978  0.3630524  -1.33808112],[-0.97034508  0.12237459 -1.04365182]
6.811093200000002,[ 0.8916443   0.36306009 -1.33793902],[-0.97035438  0.12241996 -1.04367793]
6.819734200000003,[ 0.89117867  0.36307904 -1.33779383],[-0.97037733  0.12248931 -1.04369545]
6.828603600000001,[ 0.89071506  0.36312202 -1.33765209],[-0.97039831  0.12256244 -1.04372466]
6.835979400000003,[ 0.89026362  0.36313412 -1.33752322],[-0.97041392  0.12263349 -1.04374909]
6.8452632000000015,[ 0.88979453  0.36316541 -1.33738983],[-0.97043109  0.12271582 -1.04375875]
6.852389400000003,[ 0.88932544  0.36317822 -1.33725715],[-0.97044921  0.12280612 -1.04377031]
6.860466600000002,[ 0.88883126  0.36320162 -1.3371259 ],[-0.97047687  0.12293376 -1.04379833]
6.868962800000002,[ 0.88830537  0.36323252 -1.33699501],[-0.97050411  0.12307356 -1.04382062]
6.877812800000001,[ 0.8877936   0.36323735 -1.33686459],[-0.97051126  0.12323301 -1.04384136]
6.885723600000002,[ 0.88729078  0.36324945 -1.33673513],[-0.97050619  0.12337965 -1.04385519]
6.893848300000002,[ 0.88679296  0.36325198 -1.33661163],[-0.97050542  0.12356739 -1.04388463]
6.902893800000001,[ 0.88623697  0.36324427 -1.33649206],[-0.97049689  0.12375122 -1.04393315]
6.910557600000001,[ 0.8856802   0.36323699 -1.33636403],[-0.9704991   0.1239526  -1.04395783]
6.9186224,[ 0.88512903  0.36323589 -1.33622694],[-0.97049403  0.12414336 -1.04398143]
6.9258202,[ 0.88485605  0.36324838 -1.33616161],[-0.97048843  0.12424632 -1.04399073]
6.9345186000000005,[ 0.88430876  0.3632842  -1.33603656],[-0.97047383  0.12445561 -1.04402137]
6.9443794000000025,[ 0.88340521  0.36333585 -1.33583808],[-0.97047508  0.12483186 -1.04407799]
6.952770100000002,[ 0.8828221   0.36338556 -1.33571506],[-0.97047949  0.1250703  -1.04409802]
6.961425300000002,[ 0.88224524  0.36345276 -1.33559263],[-0.97047311  0.12531623 -1.04412043]
6.9696424000000015,[ 0.88163269  0.36348161 -1.33549988],[-0.9704718   0.12557511 -1.04413676]
6.9779044,[ 0.88098288  0.36354962 -1.33537209],[-0.97048354  0.12586267 -1.04415512]
6.985937000000003,[ 0.88033843  0.36362261 -1.33524263],[-0.97047436  0.12615813 -1.04418182]
6.993826100000003,[ 0.87969065  0.36375859 -1.33506906],[-0.97048336  0.12647939 -1.04419982]
7.001101000000002,[ 0.8793602   0.36381483 -1.33500099],[-0.97048068  0.12664774 -1.04420614]
7.008956600000001,[ 0.87866217  0.36388201 -1.3348974 ],[-0.97049087  0.12698376 -1.04423094]
7.016718400000002,[ 0.87792563  0.3640233  -1.33471811],[-0.97048926  0.12732746 -1.04425132]
7.024120900000003,[ 0.87723684  0.36406776 -1.33461082],[-0.97048086  0.12766847 -1.04425049]
7.031428900000002,[ 0.87650889  0.36417112 -1.3344779 ],[-0.97047317  0.12804301 -1.04424751]
7.0396961000000005,[ 0.87574124  0.36429003 -1.33434129],[-0.97047853  0.12842458 -1.0442431 ]
7.046835100000003,[ 0.87536472  0.36434251 -1.33426309],[-0.97048575  0.12863572 -1.04424381]
7.054879600000003,[ 0.87460417  0.36447427 -1.33413112],[-0.97049636  0.12902212 -1.04425371]
7.062670300000001,[ 0.873864    0.36461711 -1.33400536],[-0.97050571  0.12944947 -1.04426503]
7.069876700000002,[ 0.87308246  0.36476645 -1.33387661],[-0.97049505  0.12985648 -1.04429066]
7.077167000000003,[ 0.87229997  0.36490849 -1.33374238],[-0.97046924  0.13028237 -1.04431784]
7.084373000000003,[ 0.87192965  0.36497715 -1.33368659],[-0.97046369  0.13049667 -1.04431939]
7.092297200000001,[ 0.8711763   0.36511999 -1.33358276],[-0.97044325  0.13094983 -1.04432654]
7.100897700000001,[ 0.87036532  0.36531436 -1.33348906],[-0.97044122  0.13139333 -1.04432964]
7.109163000000002,[ 0.869555    0.36549535 -1.33342791],[-0.97044325  0.13183486 -1.04433   ]
7.117005200000001,[ 0.86873388  0.36568117 -1.33336961],[-0.97044349  0.13229063 -1.04433537]
7.124471700000001,[ 0.86787176  0.36586767 -1.3333075 ],[-0.97043115  0.13274209 -1.0443486 ]
7.131504600000003,[ 0.86701143  0.36603856 -1.33324504],[-0.970424    0.13322143 -1.04437184]
7.139496800000003,[ 0.86616021  0.36624801 -1.33319509],[-0.97039169  0.13367803 -1.04438972]
7.146531300000003,[ 0.86571467  0.36635658 -1.33317173],[-0.97038591  0.13391605 -1.04440546]
7.154670900000003,[ 0.86487883  0.36652493 -1.33310318],[-0.97035694  0.13439028 -1.04442048]
7.164672500000002,[ 0.86397827  0.36672714 -1.33308244],[-0.97035033  0.13487969 -1.04443753]
7.195155100000001,[ 0.86072177  0.36759347 -1.33304977],[-0.97030056  0.13659331 -1.04451561]
7.2051105,[ 0.85931087  0.36796001 -1.33304632],[-0.97027272  0.13737096 -1.04457557]
7.2132793,[ 0.85833079  0.36820227 -1.33305645],[-0.9702251   0.13785264 -1.04460716]
7.2220586,[ 0.85735279  0.36847156 -1.33305931],[-0.97019345  0.13833484 -1.04462385]
7.232144100000003,[ 0.85589635  0.36887178 -1.33307397],[-0.97014141  0.13910241 -1.04467595]
7.241105200000003,[ 0.85491151  0.36916739 -1.33307374],[-0.97010338  0.13964237 -1.04473042]
7.249668700000001,[ 0.85393697  0.36945546 -1.33309925],[-0.97006649  0.14014234 -1.04477632]
7.257274900000002,[ 0.8529225   0.36976898 -1.33311725],[-0.97000015  0.14065111 -1.04482305]
7.264755600000001,[ 0.85193878  0.37005571 -1.33309889],[-0.96993411  0.14115991 -1.04485881]
7.273261700000003,[ 0.85096484  0.37036771 -1.33309317],[-0.96987188  0.14164239 -1.04491305]
7.281263900000003,[ 0.85002822  0.37063748 -1.33308983],[-0.96980554  0.14212282 -1.04497778]
7.290401600000003,[ 0.84906191  0.37091348 -1.33306348],[-0.96974295  0.14261465 -1.0450561 ]
7.298023100000002,[ 0.84813869  0.37117693 -1.33304048],[-0.96965504  0.14308108 -1.04510951]
7.306844300000002,[ 0.84722769  0.37147811 -1.33300269],[-0.96954751  0.14354463 -1.04515934]
7.314947100000001,[ 0.84634012  0.37175921 -1.33296633],[-0.96946162  0.14402527 -1.04520988]
7.3236231000000025,[ 0.84546375  0.37205982 -1.3329072 ],[-0.96936321  0.14449222 -1.04528403]
7.3314266,[ 0.84461415  0.37233296 -1.33286405],[-0.96925998  0.14495541 -1.04535484]
7.340052,[ 0.84380174  0.37263289 -1.3327961 ],[-0.96913874  0.14537805 -1.04541242]
7.347843900000001,[ 0.84296888  0.37294382 -1.33274329],[-0.96899742  0.14577228 -1.04544723]
7.354934,[ 0.84257239  0.37309191 -1.33269548],[-0.96893758  0.14596918 -1.04547071]
7.3630116,[ 0.84175694  0.37339243 -1.33260584],[-0.96882838  0.14635983 -1.04553795]
7.371449100000003,[ 0.84099138  0.37368131 -1.33252513],[-0.96871758  0.14675622 -1.04559541]
7.379985000000001,[ 0.8402276   0.37397847 -1.33242643],[-0.96858507  0.14713943 -1.04565048]
7.388380100000003,[ 0.83947378  0.37428612 -1.33230901],[-0.96845877  0.14752656 -1.04571712]
7.396281800000001,[ 0.83873409  0.37456322 -1.33218598],[-0.96833068  0.14786097 -1.04578233]
7.404410000000002,[ 0.83798623  0.3748481  -1.33207262],[-0.96822476  0.14822192 -1.04589999]
7.412887600000001,[ 0.83728081  0.37510511 -1.33195889],[-0.9680959   0.14853361 -1.04595983]
7.4204696000000006,[ 0.83656365  0.37537357 -1.33180654],[-0.96795487  0.14871904 -1.04592025]
7.427854400000001,[ 0.83583361  0.37562087 -1.33166552],[-0.96783787  0.14898196 -1.04595506]
7.436067300000001,[ 0.83515888  0.37586483 -1.33152771],[-0.96771592  0.14922205 -1.04599106]
7.4444227000000005,[ 0.83446324  0.37614188 -1.3313874 ],[-0.96760917  0.14946261 -1.04603779]
7.452272500000003,[ 0.83378708  0.37639511 -1.33124661],[-0.96749401  0.14967078 -1.04607546]
7.460499700000003,[ 0.83313859  0.37664384 -1.33111155],[-0.96738487  0.14983039 -1.04609478]
7.468064600000002,[ 0.83281368  0.37676489 -1.33103824],[-0.96733809  0.14991264 -1.04610932]
7.477156300000001,[ 0.83189017  0.37711453 -1.3308655 ],[-0.96720099  0.15011948 -1.04611647]
7.484546300000002,[ 0.83160293  0.37722963 -1.33080924],[-0.96714234  0.1501846  -1.04611659]
7.492203800000002,[ 0.83100384  0.37746659 -1.33069229],[-0.96706581  0.15030031 -1.04609764]
7.5003609,[ 0.83043039  0.37768424 -1.33056474],[-0.96698666  0.15040776 -1.04607975]
7.508798700000003,[ 0.829871    0.37788844 -1.3304683 ],[-0.96690756  0.1504852  -1.04605198]
7.516939100000002,[ 0.82933748  0.37808436 -1.33039606],[-0.96683145  0.15055948 -1.04603708]
7.524458300000003,[ 0.82883072  0.37827745 -1.33032477],[-0.96676385  0.15061988 -1.04603052]
7.5320599,[ 0.82834351  0.37846237 -1.33025551],[-0.96670091  0.15066878 -1.04602039]
7.539721700000001,[ 0.82785434  0.37864223 -1.3302232 ],[-0.96663499  0.1506846  -1.04599452]
7.548266700000003,[ 0.82737976  0.37883079 -1.33019042],[-0.96658164  0.15071934 -1.0459826 ]
7.556435200000003,[ 0.82691592  0.37902343 -1.33018768],[-0.96652341  0.15073207 -1.04596853]
7.5648169,[ 0.82648093  0.3791711  -1.33021462],[-0.96645612  0.15074955 -1.04595315]
7.5730172000000024,[ 0.82605386  0.37931448 -1.33024192],[-0.9663952   0.15076378 -1.04593813]
7.5812445,[ 0.82566375  0.3794257  -1.33030474],[-0.96632725  0.15073687 -1.0459249 ]
7.588203400000001,[ 0.82546848  0.37948036 -1.33034182],[-0.96629393  0.15073104 -1.04592764]
7.596910400000002,[ 0.82508248  0.37958694 -1.33042669],[-0.96623242  0.15071326 -1.04593527]
7.604840200000002,[ 0.8247214   0.37966073 -1.3305347 ],[-0.96616673  0.15069818 -1.04594338]
7.612904,[ 0.82436717  0.37971511 -1.33065152],[-0.96611023  0.15069026 -1.04595637]
7.621219600000003,[ 0.8240276   0.37979373 -1.33078992],[-0.96606183  0.15070619 -1.04596794]
7.630901100000003,[ 0.82353729  0.37989575 -1.33104181],[-0.96603763  0.1507794  -1.04603064]
7.638597600000001,[ 0.82337755  0.37992981 -1.33112907],[-0.9660235   0.15082639 -1.04607034]
7.646528400000001,[ 0.82308275  0.37999043 -1.33132184],[-0.96598363  0.15091287 -1.04615963]
7.654948800000003,[ 0.82280934  0.38003278 -1.33153355],[-0.96589881  0.15097898 -1.04619467]
7.663156100000002,[ 0.82254916  0.3800627  -1.33176541],[-0.9657023   0.1509763  -1.04610515]
7.6858918,[ 0.8218258   0.38013017 -1.33247626],[-0.96557909  0.15123188 -1.04612958]
7.693735100000001,[ 0.82162631  0.38012514 -1.33272076],[-0.96555114  0.15134919 -1.04613149]
