0.0005616000000010501,[ 0.85470343  0.29651281 -1.16879773],[-0.93391955  0.28397319 -1.22467148]
0.008474700000000723,[ 0.85462433  0.2963177  -1.16872036],[-0.93389595  0.2840077  -1.22469807]
0.016428200000000004,[ 0.85455889  0.29612043 -1.16862845],[-0.93387043  0.28404576 -1.22473037]
0.025108900000002876,[ 0.85449499  0.29592174 -1.16853237],[-0.93384397  0.28407219 -1.22474992]
0.033474200000000565,[ 0.854442    0.29571643 -1.16843545],[-0.93381608  0.28408399 -1.22476995]
0.0419577000000011,[ 0.85439479  0.29552436 -1.16834605],[-0.93379009  0.28409743 -1.22481227]
0.049811500000000564,[ 0.85435885  0.29532298 -1.16826367],[-0.93374991  0.28413013 -1.22484815]
0.0582778000000026,[ 0.85432696  0.29511258 -1.16817808],[-0.9336977   0.28415331 -1.2248925 ]
0.0664769000000014,[ 0.85429811  0.2948986  -1.16809225],[-0.93366122  0.2841889  -1.22493935]
0.07500470000000092,[ 0.8542695   0.29469043 -1.16802824],[-0.93361676  0.28421828 -1.22500432]
0.08327660000000137,[ 0.85425657  0.29450881 -1.16796565],[-0.93356323  0.28427979 -1.22507834]
0.09224080000000257,[ 0.85424459  0.29431528 -1.1679076 ],[-0.93350267  0.28433093 -1.22516286]
0.10119400000000311,[ 0.85423291  0.29412287 -1.16785288],[-0.93343079  0.28436062 -1.22525334]
0.11168010000000095,[ 0.85421866  0.29395702 -1.16780579],[-0.93335968  0.28439584 -1.22534502]
0.12122800000000211,[ 0.85420847  0.29373407 -1.1677469 ],[-0.9332487   0.28445709 -1.22550642]
0.12924990000000136,[ 0.85420525  0.29359135 -1.16771436],[-0.93318224  0.28450429 -1.22560549]
0.13736160000000197,[ 0.85419965  0.29345351 -1.16767812],[-0.93311346  0.28455806 -1.22571468]
0.1458157,[ 0.85419506  0.29333454 -1.16764557],[-0.9330346   0.28458661 -1.22582626]
0.15381149999999977,[ 0.85418499  0.29321653 -1.16761136],[-0.93295592  0.28462443 -1.22595048]
0.16113200000000205,[ 0.85418373  0.29315156 -1.16758704],[-0.9329195   0.28465348 -1.22600937]
0.1692674000000025,[ 0.85418612  0.29303527 -1.16754961],[-0.93283349  0.28469229 -1.2261281 ]
0.1776982000000018,[ 0.85418153  0.29292834 -1.16750896],[-0.93275642  0.28473344 -1.22624397]
0.18579100000000182,[ 0.85417747  0.29282758 -1.167472  ],[-0.93266326  0.28477997 -1.22636485]
0.19442689999999985,[ 0.8541652   0.29273164 -1.16742218],[-0.93260068  0.28481945 -1.2264775 ]
0.20459140000000176,[ 0.85414261  0.29259598 -1.16736388],[-0.932491    0.28488415 -1.22667241]
0.21339710000000167,[ 0.85412252  0.29251781 -1.16732788],[-0.9324432   0.28491327 -1.22678375]
0.22206090000000245,[ 0.85410261  0.2924408  -1.1672864 ],[-0.93241125  0.28493831 -1.22688699]
0.23031920000000028,[ 0.85408378  0.29236406 -1.16725028],[-0.93237931  0.28495064 -1.22700119]
0.23850360000000137,[ 0.8540625   0.29228607 -1.16721487],[-0.9323501   0.28495017 -1.22711194]
0.24697689999999994,[ 0.85405266  0.29220825 -1.16718197],[-0.93232     0.28494897 -1.22721601]
0.25671830000000284,[ 0.85403693  0.29215363 -1.16715407],[-0.93230146  0.28495249 -1.2273066 ]
0.26544970000000134,[ 0.85401773  0.29210326 -1.16712582],[-0.9323011   0.28494936 -1.22738373]
0.27657549999999986,[ 0.85397834  0.29203561 -1.16708589],[-0.93232667  0.28496042 -1.22747636]
0.2853821000000032,[ 0.85394347  0.29202279 -1.16706479],[-0.93235701  0.28498787 -1.22753847]
0.2942689999999999,[ 0.85390818  0.29200897 -1.16704082],[-0.93240017  0.28499395 -1.22759473]
0.3027443000000005,[ 0.85387701  0.29199734 -1.16702437],[-0.93245184  0.28498131 -1.22762775]
0.31112730000000255,[ 0.85383517  0.29198518 -1.16700983],[-0.93252671  0.28500032 -1.22766316]
0.31937180000000254,[ 0.85378063  0.29198447 -1.16700065],[-0.93260288  0.2850036  -1.22770464]
0.32748940000000104,[ 0.85373831  0.29197839 -1.16699147],[-0.9326762   0.28499582 -1.22774339]
0.335712700000002,[ 0.85368377  0.29196095 -1.16698134],[-0.93275666  0.28497815 -1.22779548]
0.344176700000002,[ 0.85362583  0.29192773 -1.16696775],[-0.93283194  0.28496701 -1.22783983]
0.3524875999999999,[ 0.85356236  0.29190108 -1.16695166],[-0.93290031  0.28496155 -1.22790635]
0.3609632000000005,[ 0.85349643  0.29185915 -1.16693747],[-0.93295759  0.28497127 -1.22796834]
0.3689928000000009,[ 0.85343224  0.29179239 -1.16690302],[-0.93300456  0.28497723 -1.22804153]
0.377297200000001,[ 0.85336941  0.29169944 -1.16685355],[-0.93305546  0.28499624 -1.22811639]
0.38574830000000304,[ 0.85330784  0.29160106 -1.16680479],[-0.93309993  0.28502151 -1.22819197]
0.3940879000000024,[ 0.85324311  0.29146162 -1.16674566],[-0.93314821  0.28506583 -1.22828317]
0.40222060000000326,[ 0.85318518  0.29127669 -1.16666377],[-0.93320167  0.28509083 -1.22837341]
0.4093131999999997,[ 0.85312164  0.29106286 -1.16655993],[-0.93326902  0.28512594 -1.22846186]
0.417261400000001,[ 0.85305202  0.29081902 -1.16644585],[-0.93333262  0.2851508  -1.22855055]
0.4252374000000003,[ 0.85298729  0.29055944 -1.16632771],[-0.933402    0.28518254 -1.22864199]
0.433190800000002,[ 0.85291755  0.29029188 -1.16618574],[-0.933469    0.28522506 -1.22872102]
0.4403737000000021,[ 0.85288554  0.29014924 -1.16611433],[-0.9335013   0.28525212 -1.22877181]
0.44883180000000067,[ 0.85280955  0.28979602 -1.16593087],[-0.93355715  0.28528455 -1.22884202]
0.45679720000000046,[ 0.85272366  0.28938085 -1.16573441],[-0.93361074  0.28531948 -1.22891307]
0.4651348000000013,[ 0.85263783  0.28891999 -1.16549885],[-0.93367612  0.28534883 -1.22898996]
0.4732529000000021,[ 0.85254306  0.2883918  -1.16523755],[-0.93373942  0.28537995 -1.22905684]
0.48179380000000194,[ 0.85243225  0.28783911 -1.16492867],[-0.9338035   0.28539422 -1.22911799]
0.49035180000000267,[ 0.85232615  0.28721079 -1.16459048],[-0.93388426  0.28540117 -1.22916234]
0.4983965000000019,[ 0.85219234  0.2865563  -1.16421604],[-0.93396699  0.28542733 -1.22921765]
0.507199,[ 0.85207051  0.28584033 -1.16377723],[-0.93406117  0.28544205 -1.22926819]
0.5151482000000023,[ 0.8519513   0.28507739 -1.16331768],[-0.93415862  0.28544578 -1.22931421]
0.5233535000000025,[ 0.851798    0.28424674 -1.16284132],[-0.93426955  0.28543761 -1.22933936]
0.5316955000000014,[ 0.85164994  0.28342462 -1.16235745],[-0.93437904  0.28542379 -1.22937536]
0.539798900000001,[ 0.85153621  0.28256682 -1.16186893],[-0.93448621  0.28542179 -1.22940886]
0.5480817000000009,[ 0.85137796  0.28168386 -1.16137326],[-0.93460816  0.2854377  -1.22943199]
0.5555739000000024,[ 0.85121465  0.28079015 -1.16081882],[-0.93472213  0.28544584 -1.2294457 ]
0.5634771000000001,[ 0.85104483  0.27987704 -1.16026545],[-0.93484277  0.2854543  -1.22946119]
0.5713511000000011,[ 0.85087061  0.2789436  -1.15969265],[-0.93496954  0.28544551 -1.22946763]
0.5791882000000008,[ 0.85068983  0.27802145 -1.15912712],[-0.93510258  0.28544089 -1.22948492]
0.5873716000000009,[ 0.85047537  0.27709711 -1.15854359],[-0.93524146  0.28542122 -1.22950435]
0.5959759000000027,[ 0.85029173  0.27612931 -1.15792298],[-0.93538207  0.28538507 -1.22951186]
0.6041255000000021,[ 0.85005665  0.27522177 -1.15732956],[-0.93549836  0.28535956 -1.22952557]
0.6126154000000028,[ 0.84985793  0.27428061 -1.15672958],[-0.93562198  0.28533721 -1.22954667]
0.6208538000000026,[ 0.84963804  0.27336639 -1.15609956],[-0.93574101  0.28535607 -1.22955847]
0.6301071,[ 0.84939241  0.27255696 -1.15549469],[-0.93584543  0.28533667 -1.22957885]
0.6375183,[ 0.84915757  0.27167335 -1.15488434],[-0.93593949  0.28531665 -1.22959042]
0.6458429000000017,[ 0.84892249  0.27084103 -1.15424764],[-0.93602288  0.28528786 -1.22960019]
0.6541163000000019,[ 0.84867603  0.27004617 -1.15363467],[-0.93609571  0.28525931 -1.22962332]
0.6625130000000006,[ 0.8484233   0.26923996 -1.15299916],[-0.93616682  0.28521949 -1.22963285]
0.6709725000000013,[ 0.84817308  0.26845309 -1.15236545],[-0.93624949  0.28515515 -1.22963727]
0.6794645000000017,[ 0.84793282  0.2676996  -1.15174329],[-0.93631792  0.28506675 -1.22965777]
0.6880232,[ 0.84769207  0.26693588 -1.15113878],[-0.93639547  0.28497866 -1.22968042]
0.695738200000001,[ 0.84744287  0.26620299 -1.15049982],[-0.93647397  0.28489026 -1.22969568]
0.7039644000000003,[ 0.84719729  0.26546353 -1.14989185],[-0.93653929  0.28480375 -1.22971237]
0.7125285000000012,[ 0.84694999  0.26477906 -1.14933336],[-0.93660194  0.28472114 -1.22972655]
0.7208782000000014,[ 0.84671909  0.26405069 -1.14872336],[-0.93666005  0.28465068 -1.22974348]
0.7291528000000014,[ 0.84652942  0.26336774 -1.14818084],[-0.93669552  0.28457153 -1.22977507]
0.7372495000000008,[ 0.84631735  0.26271772 -1.14763653],[-0.93673146  0.28449383 -1.2297895 ]
0.7457053000000009,[ 0.84613425  0.2620995  -1.14711714],[-0.93677324  0.28438792 -1.22980833]
0.7543334000000002,[ 0.84595281  0.26148933 -1.14660513],[-0.93681145  0.28431103 -1.22983444]
0.7627118000000017,[ 0.84578115  0.26091287 -1.14611387],[-0.93685371  0.28424567 -1.22984576]
0.7713053000000016,[ 0.84563887  0.26036525 -1.1456759 ],[-0.93689215  0.28418434 -1.22986889]
0.7792591000000009,[ 0.84551704  0.25982577 -1.14523864],[-0.93692958  0.28410032 -1.22989142]
0.7997361000000005,[ 0.84528607  0.25883284 -1.14445007],[-0.93699521  0.28394037 -1.22993839]
0.8178350999999999,[ 0.84503853  0.2577191  -1.14359713],[-0.93710375  0.28380489 -1.22998846]
0.8259414000000014,[ 0.84495574  0.25734976 -1.14328527],[-0.93715179  0.28374401 -1.23000431]
0.8341675000000031,[ 0.84488213  0.25699505 -1.14299858],[-0.93722135  0.28370541 -1.2300148 ]
0.8419715000000032,[ 0.84482253  0.256623   -1.14269292],[-0.93728071  0.28366485 -1.23003554]
0.8506025000000008,[ 0.84476787  0.25629112 -1.14240623],[-0.93733269  0.28363419 -1.23006451]
0.8584826000000021,[ 0.84470832  0.25598925 -1.14213014],[-0.9373796   0.28359184 -1.23009932]
0.8673888000000005,[ 0.84467101  0.25570577 -1.14189768],[-0.93740588  0.28352654 -1.23013365]
0.875632600000003,[ 0.84461927  0.25544083 -1.14166474],[-0.93743724  0.28348857 -1.23016047]
0.8832779000000031,[ 0.84458047  0.25517303 -1.14145553],[-0.93746161  0.28347173 -1.23020709]
0.8912360000000028,[ 0.84454691  0.25491172 -1.14123559],[-0.9375096   0.28343394 -1.23023689]
0.898243800000003,[ 0.84452671  0.25479242 -1.14112759],[-0.93752098  0.28339806 -1.2302525 ]
0.9066734000000025,[ 0.8445136   0.25455344 -1.14093256],[-0.93756396  0.28332776 -1.23026943]
0.9147840000000009,[ 0.84450072  0.25432408 -1.14073443],[-0.93760747  0.28324568 -1.23029828]
0.9255153000000007,[ 0.84448004  0.2540127  -1.14046657],[-0.93767524  0.28311676 -1.23035133]
0.9333499000000032,[ 0.84446573  0.25383067 -1.14030099],[-0.93773311  0.28303292 -1.23036885]
0.9415624999999999,[ 0.844468    0.25365245 -1.14014494],[-0.93780082  0.28294361 -1.23038471]
0.9499817999999998,[ 0.84446412  0.25348818 -1.14001405],[-0.93787992  0.2828525  -1.23039222]
0.9585112000000002,[ 0.84445477  0.25333238 -1.1398809 ],[-0.93795598  0.28275913 -1.23042309]
0.9666601999999997,[ 0.84447145  0.25316966 -1.13975835],[-0.93803084  0.2826491  -1.23045707]
0.9749213000000019,[ 0.84448415  0.25300649 -1.13964248],[-0.93810087  0.28250611 -1.23047316]
0.9830161000000004,[ 0.84450471  0.25284111 -1.13952208],[-0.9381752   0.28235522 -1.23049843]
0.9900879000000025,[ 0.84451306  0.25276101 -1.13946927],[-0.93821299  0.2822901  -1.2305218 ]
0.998191000000002,[ 0.84452307  0.25260285 -1.13937151],[-0.93830717  0.28214175 -1.23055732]
1.0067903999999999,[ 0.8445223   0.25246376 -1.13928533],[-0.93840271  0.28198475 -1.23060298]
1.016467900000002,[ 0.84450942  0.25223911 -1.13917696],[-0.9385556   0.28177303 -1.23068392]
1.0237708000000012,[ 0.84449869  0.25217476 -1.1391418 ],[-0.93860286  0.28170455 -1.23071206]
1.0319230000000026,[ 0.84449047  0.25203502 -1.13907552],[-0.93867272  0.28154972 -1.23079801]
1.0400975000000017,[ 0.84447467  0.25189593 -1.13900995],[-0.93875766  0.28139865 -1.23089218]
1.0487166000000023,[ 0.84446877  0.25173953 -1.13893425],[-0.93881232  0.28122172 -1.23099399]
1.0566464000000018,[ 0.84446067  0.251589   -1.13886106],[-0.93887097  0.28104755 -1.23110557]
1.0648519000000007,[ 0.84444195  0.25144157 -1.13880777],[-0.93892092  0.28085139 -1.2312361 ]
1.0731330999999997,[ 0.84442818  0.25130263 -1.13875103],[-0.93898505  0.2806581  -1.2313776 ]
1.0813866000000019,[ 0.84440547  0.25115862 -1.13869321],[-0.93902731  0.28047425 -1.23150849]
1.0886413000000026,[ 0.84439099  0.25100356 -1.13861811],[-0.93906265  0.28025469 -1.23165166]
1.096496700000003,[ 0.84436601  0.25086001 -1.13855529],[-0.93908101  0.28005826 -1.23180056]
1.1048639000000016,[ 0.84435004  0.25070193 -1.13848221],[-0.93910527  0.27986419 -1.23195016]
1.1125036000000001,[ 0.84433603  0.25054008 -1.13840187],[-0.93910706  0.27966461 -1.23210943]
1.1209891000000027,[ 0.84432364  0.25038108 -1.13832033],[-0.93912685  0.27945378 -1.23225224]
1.129140200000002,[ 0.8442986   0.25024205 -1.13824129],[-0.93914652  0.27924138 -1.23240507]
1.137551700000003,[ 0.84426641  0.25011536 -1.13816082],[-0.93915737  0.27904609 -1.23258293]
1.1457557999999999,[ 0.84423453  0.24999221 -1.1380862 ],[-0.93916875  0.27886251 -1.23275268]
1.1541646000000014,[ 0.84420985  0.24986845 -1.13799691],[-0.93918729  0.27866817 -1.23292315]
1.162571500000002,[ 0.84418273  0.2497407  -1.13791621],[-0.93918782  0.27847984 -1.23309398]
1.1708494000000016,[ 0.84415126  0.24961102 -1.13783276],[-0.93920755  0.27830359 -1.23325562]
1.1794466999999997,[ 0.8441385   0.24947189 -1.13775289],[-0.93921     0.27813089 -1.23341358]
1.1875008999999999,[ 0.84412682  0.24934494 -1.13768315],[-0.93922859  0.27797753 -1.23356962]
1.1958900999999997,[ 0.84410602  0.24923466 -1.13761258],[-0.9392485   0.27784687 -1.23371887]
1.2041187999999998,[ 0.84409428  0.24913406 -1.13755918],[-0.93925905  0.27776259 -1.23386681]
1.2125132,[ 0.84407753  0.24903861 -1.13751209],[-0.93926436  0.27767941 -1.23400044]
1.220857500000001,[ 0.844064    0.24892558 -1.13745821],[-0.93927169  0.27761862 -1.23412943]
1.2299859000000026,[ 0.84405065  0.24880375 -1.13739383],[-0.93928134  0.27753472 -1.23425066]
1.2382544000000024,[ 0.84403837  0.24867129 -1.13732457],[-0.93929303  0.27744585 -1.23437798]
1.2458585000000006,[ 0.84400898  0.24855365 -1.13724422],[-0.93931746  0.27737543 -1.23449004]
1.254054700000001,[ 0.84397721  0.24842857 -1.13716114],[-0.93936259  0.27731735 -1.23459029]
1.2646395000000012,[ 0.84394318  0.2483063  -1.13706732],[-0.93941921  0.27729055 -1.23467588]
1.271945500000001,[ 0.8438893   0.2482032  -1.13699853],[-0.93947929  0.27727386 -1.23475361]
1.2791884000000024,[ 0.84383941  0.24808939 -1.13690925],[-0.93953741  0.27727222 -1.23482621]
1.2877508000000013,[ 0.84380084  0.24796353 -1.13682306],[-0.93955696  0.27728528 -1.23488903]
1.295884700000002,[ 0.84375715  0.24779965 -1.13672853],[-0.93958324  0.27729014 -1.23496008]
1.3030092000000018,[ 0.84374028  0.24772018 -1.13668048],[-0.93959796  0.27729395 -1.23499751]
1.3112399000000003,[ 0.84370381  0.24756524 -1.13660538],[-0.93960953  0.27731824 -1.2350657 ]
1.3193961000000023,[ 0.84368616  0.24742053 -1.1365279 ],[-0.93960214  0.27735218 -1.23513877]
1.3276886000000019,[ 0.84365952  0.24727081 -1.13647103],[-0.93962395  0.27740812 -1.23519456]
1.337183600000003,[ 0.84362841  0.24704394 -1.13638783],[-0.93966311  0.27748126 -1.23530221]
1.3444730000000007,[ 0.84361899  0.24697372 -1.13637364],[-0.93968278  0.27750298 -1.23533523]
1.3523935000000016,[ 0.84361446  0.24682166 -1.13633454],[-0.93971455  0.2775262  -1.23541498]
1.3606851000000013,[ 0.84362358  0.24666561 -1.13630629],[-0.9397344   0.27753597 -1.23548746]
1.3688373000000027,[ 0.84363723  0.24649918 -1.13628399],[-0.93974918  0.27755347 -1.23554754]
1.3759676000000027,[ 0.84365427  0.24632968 -1.13627291],[-0.93976021  0.27758506 -1.23558998]
1.3840052000000007,[ 0.84366786  0.24617976 -1.13627625],[-0.93976766  0.27761704 -1.23564303]
1.3916330000000023,[ 0.84368491  0.246031   -1.13627934],[-0.93977457  0.2776728  -1.23568141]
1.399794700000001,[ 0.84369934  0.24590868 -1.13628876],[-0.93978822  0.27775681 -1.23571539]
1.407738400000003,[ 0.84372097  0.24577424 -1.13628983],[-0.93979025  0.27782291 -1.23575687]
1.4151034000000031,[ 0.8437317   0.24571139 -1.13629806],[-0.93977886  0.27786276 -1.23578465]
1.4234085000000007,[ 0.843759    0.24557713 -1.13630462],[-0.93976367  0.27796739 -1.23581862]
1.433926300000003,[ 0.84382737  0.24537498 -1.13629413],[-0.93970066  0.27815738 -1.23586297]
1.4417278000000024,[ 0.84387648  0.24524723 -1.13629436],[-0.93965602  0.2783061  -1.23588836]
1.449990900000003,[ 0.84391868  0.24516271 -1.1363157 ],[-0.93960804  0.27846983 -1.23592913]
1.4581623000000015,[ 0.84396166  0.24508974 -1.1363306 ],[-0.93957859  0.27864173 -1.23594725]
1.466409800000001,[ 0.84400135  0.24502456 -1.13635004],[-0.9395501   0.2788251  -1.23597932]
1.4748694000000029,[ 0.84403604  0.24496865 -1.13636506],[-0.93950194  0.27897456 -1.23601019]
1.4832562000000031,[ 0.8440842   0.24493037 -1.13638651],[-0.93947732  0.27910957 -1.23602915]
1.491779000000001,[ 0.84413368  0.24488617 -1.13640141],[-0.93942809  0.27920896 -1.23606932]
1.4998754000000005,[ 0.84418726  0.2448431  -1.13641059],[-0.93936944  0.27928141 -1.23608983]
1.5087503000000027,[ 0.84423113  0.244821   -1.136428  ],[-0.93931037  0.27935997 -1.23611891]
1.5164182000000004,[ 0.84427899  0.24481584 -1.13643873],[-0.93925005  0.2794455  -1.23614872]
1.5247028,[ 0.84432566  0.24483989 -1.13645995],[-0.93918419  0.27952662 -1.23618531]
1.5327745999999998,[ 0.84436476  0.24486306 -1.13647318],[-0.93912476  0.27961984 -1.23620594]
1.5416024999999998,[ 0.84441197  0.24488825 -1.13648438],[-0.9390533   0.27970192 -1.23623168]
1.5514740000000025,[ 0.84446955  0.24491715 -1.13649023],[-0.93895859  0.27977058 -1.23624885]
1.5593488999999998,[ 0.84453583  0.24495296 -1.13648701],[-0.93888319  0.27984339 -1.23625398]
1.5686756000000024,[ 0.8446008   0.24499667 -1.13648355],[-0.93881077  0.27988726 -1.23626518]
1.577315200000001,[ 0.84466499  0.24505238 -1.13647974],[-0.93874305  0.2799322  -1.23626399]
1.586196300000001,[ 0.84473705  0.24513926 -1.13648462],[-0.93867594  0.27996498 -1.23627281]
1.594721800000002,[ 0.84480834  0.24523591 -1.13648474],[-0.93861216  0.27999878 -1.23628247]
1.6039721,[ 0.84491765  0.2453699  -1.13648605],[-0.93853664  0.28003252 -1.23628902]
1.612225500000001,[ 0.84500659  0.24547017 -1.13647354],[-0.93846983  0.28002909 -1.23631334]
1.6195498000000015,[ 0.84504586  0.2455242  -1.1364671 ],[-0.9384411   0.28001666 -1.23631823]
1.6279926000000025,[ 0.84514582  0.24564068 -1.13645566],[-0.93838412  0.28002188 -1.23634458]
1.6373958000000002,[ 0.8453027   0.24580957 -1.13642621],[-0.93830431  0.28000072 -1.23637593]
1.6457890000000006,[ 0.84539914  0.24593514 -1.13641334],[-0.93826336  0.27999535 -1.23640156]
1.6541546000000018,[ 0.84550178  0.24609083 -1.13641012],[-0.93821597  0.27999505 -1.23642373]
1.6632059000000012,[ 0.84559506  0.24624455 -1.1363939 ],[-0.93816787  0.27997419 -1.23644722]
1.6709258000000027,[ 0.84570122  0.24638548 -1.13637745],[-0.93811381  0.27992699 -1.23649299]
1.6796399000000015,[ 0.84579992  0.24652404 -1.13635695],[-0.93807763  0.27987707 -1.23653042]
1.6877364999999998,[ 0.84590709  0.24666356 -1.13634586],[-0.93804324  0.27982569 -1.23656464]
1.6958270000000013,[ 0.84602582  0.24682286 -1.13632751],[-0.93802768  0.27978384 -1.23660803]
1.7049956000000002,[ 0.84613657  0.24696755 -1.13630331],[-0.93800849  0.27975044 -1.23665762]
1.7133776000000012,[ 0.8462429   0.24712248 -1.13627875],[-0.93799341  0.27969131 -1.23671174]
1.7233739999999997,[ 0.84634078  0.24727562 -1.13625371],[-0.93799627  0.27966127 -1.23675847]
1.7320557,[ 0.84645152  0.24744341 -1.13623118],[-0.93799442  0.27960375 -1.23681712]
1.7429826000000013,[ 0.84661347  0.24766399 -1.13619661],[-0.93798387  0.27951318 -1.2369045 ]
1.7510360000000027,[ 0.84673226  0.24780616 -1.13615286],[-0.9379673   0.27943265 -1.2369535 ]
1.7589113000000012,[ 0.84685272  0.24797811 -1.1361233 ],[-0.93796033  0.27937463 -1.23701108]
1.767573200000001,[ 0.84698069  0.24814622 -1.13610208],[-0.93795621  0.27935779 -1.23706388]
1.7763995000000001,[ 0.84710854  0.24830443 -1.1360836 ],[-0.93793529  0.27932671 -1.23712695]
1.787528400000003,[ 0.84728819  0.24854438 -1.13605225],[-0.93794835  0.27930093 -1.23721147]
1.7962126000000005,[ 0.84740222  0.24872412 -1.13603151],[-0.93796384  0.27928478 -1.23728275]
1.8040552000000005,[ 0.84753078  0.24889182 -1.1359992 ],[-0.93797171  0.279264   -1.2373575 ]
1.8129258999999998,[ 0.8476764   0.24904104 -1.1359539 ],[-0.93796176  0.27922973 -1.23743355]
1.8207961000000026,[ 0.84783238  0.24920532 -1.13591707],[-0.93795836  0.27920079 -1.23749709]
1.8301606000000028,[ 0.84798956  0.24941005 -1.13589144],[-0.93796438  0.27920759 -1.23756135]
1.8374462999999999,[ 0.84814924  0.24962173 -1.1358583 ],[-0.93795884  0.2792477  -1.23762679]
1.8462250000000004,[ 0.84830928  0.24984109 -1.13583076],[-0.93796241  0.27928984 -1.23769808]
1.8539725000000011,[ 0.84848344  0.25006017 -1.13581228],[-0.93797147  0.27933249 -1.23776364]
1.8653672000000014,[ 0.84867442  0.25031334 -1.1357702 ],[-0.93798083  0.27937433 -1.23782408]
1.873819700000002,[ 0.84887564  0.25057542 -1.13572419],[-0.93797201  0.27941751 -1.23788071]
1.8831653000000017,[ 0.84920263  0.25099432 -1.1356777 ],[-0.93795156  0.27948555 -1.23794889]
1.891793800000002,[ 0.84942138  0.25128379 -1.13565564],[-0.93792564  0.27953497 -1.23798215]
1.8999127000000016,[ 0.84965694  0.25161844 -1.13565183],[-0.93790734  0.27960891 -1.23802471]
1.9097795000000026,[ 0.84989142  0.25196099 -1.13567591],[-0.93789583  0.27969873 -1.23807192]
1.9181334999999997,[ 0.8501423   0.25233132 -1.1356734 ],[-0.93787158  0.27980971 -1.23813534]
1.925886400000003,[ 0.85042143  0.25270945 -1.1356672 ],[-0.93784094  0.27994668 -1.23818719]
1.9334202000000005,[ 0.85071599  0.25312489 -1.1356591 ],[-0.9378047   0.28007883 -1.23824036]
1.9414136000000006,[ 0.85103273  0.25354144 -1.1356653 ],[-0.93776196  0.28023621 -1.23829198]
1.9496743000000016,[ 0.85136169  0.25398257 -1.13567913],[-0.93770534  0.28039831 -1.23833334]
1.9582864999999998,[ 0.85167938  0.25444284 -1.13569891],[-0.93764007  0.28059873 -1.23838663]
1.9674223000000026,[ 0.85201496  0.25491905 -1.1357162 ],[-0.93757957  0.28079554 -1.23841941]
1.9757491000000016,[ 0.85235459  0.25542924 -1.13574052],[-0.93752575  0.28100997 -1.23845041]
1.9849874000000014,[ 0.85272557  0.2559419  -1.13577962],[-0.93746012  0.28121519 -1.23849225]
1.9927639,[ 0.85309851  0.25646576 -1.13582373],[-0.93738919  0.28141251 -1.23852456]
2.001222000000002,[ 0.85348374  0.25698477 -1.13585794],[-0.937307    0.28162315 -1.23853433]
2.0083704000000004,[ 0.85388488  0.25751808 -1.13589036],[-0.93719697  0.28185579 -1.23853076]
2.0169827,[ 0.85428566  0.25804409 -1.13590682],[-0.93709713  0.2821334  -1.23852468]
2.0249064000000025,[ 0.85470742  0.25859958 -1.13594317],[-0.93694901  0.28246555 -1.23853254]
2.033933900000001,[ 0.85510331  0.259168   -1.13598502],[-0.9368028   0.28282338 -1.23853326]
2.041943200000002,[ 0.85553282  0.25975591 -1.13603711],[-0.93667746  0.28317931 -1.23852277]
2.0513748000000014,[ 0.85596651  0.26031178 -1.13606632],[-0.93654245  0.28350228 -1.23850751]
2.0586272,[ 0.85641456  0.26086867 -1.13612008],[-0.93639648  0.28382173 -1.23848641]
2.066595000000003,[ 0.85687429  0.26142606 -1.13615847],[-0.93624103  0.28412515 -1.23844099]
2.0749546000000016,[ 0.85734451  0.26200551 -1.1361841 ],[-0.93606699  0.28442287 -1.23839581]
2.084043900000001,[ 0.85779977  0.26259342 -1.13623393],[-0.93590665  0.28475037 -1.23833632]
2.0926177000000017,[ 0.85827273  0.26318097 -1.13629973],[-0.93575108  0.28508481 -1.23827195]
2.1007429,[ 0.85873449  0.26375487 -1.136338  ],[-0.93560237  0.28541037 -1.23821962]
2.1098344000000004,[ 0.85922372  0.26433671 -1.13638425],[-0.93547463  0.28575802 -1.23815918]
2.118491500000001,[ 0.85970616  0.2648882  -1.13641107],[-0.9353168   0.2860713  -1.23810601]
2.127199300000001,[ 0.860223    0.26545221 -1.13643551],[-0.93511045  0.28636861 -1.23805416]
2.1358817000000023,[ 0.86072391  0.26601428 -1.13646233],[-0.93488592  0.2866717  -1.237993  ]
2.145787700000003,[ 0.86149436  0.26683146 -1.13648677],[-0.93453246  0.28718248 -1.23792434]
2.1552799,[ 0.86199921  0.26737538 -1.13650119],[-0.93429834  0.28751189 -1.23787451]
2.164276400000002,[ 0.86252725  0.26795742 -1.13652062],[-0.93404931  0.28783733 -1.23783815]
2.172917100000003,[ 0.86305165  0.26850194 -1.13652158],[-0.93378371  0.28819269 -1.23779643]
2.181000600000001,[ 0.86358798  0.2690632  -1.13651276],[-0.9334833   0.28858453 -1.23777378]
2.188319700000001,[ 0.86415845  0.26959109 -1.13649917],[-0.93319345  0.28895605 -1.23774385]
2.1963278000000024,[ 0.8647173   0.2700693  -1.13643384],[-0.93288958  0.28933334 -1.23773694]
2.2041393000000014,[ 0.86529291  0.27057454 -1.13637495],[-0.932576    0.28970996 -1.23773944]
2.240826300000002,[ 0.8664465  0.2715489 -1.1362716],[-0.93200499  0.29052556 -1.23779571]
2.2508391000000003,[ 0.86852008  0.27316582 -1.13596344],[-0.93090278  0.29171643 -1.23792922]
2.2599452000000007,[ 0.86912501  0.27355793 -1.13585508],[-0.93052822  0.29199341 -1.23799682]
2.2677233,[ 0.86975521  0.27394879 -1.13572526],[-0.93012303  0.29227203 -1.23805559]
2.2764618,[ 0.87039751  0.27430865 -1.13558936],[-0.92967474  0.29255265 -1.23812044]
2.2854449000000017,[ 0.87101966  0.27466756 -1.13545537],[-0.92921323  0.29285213 -1.2382077 ]
2.293802200000002,[ 0.87164372  0.27501541 -1.13530266],[-0.92874652  0.29316667 -1.23830616]
2.3010198000000024,[ 0.87227815  0.27535686 -1.13513327],[-0.92827624  0.29346496 -1.23843741]
2.309312600000002,[ 0.8729232   0.27567628 -1.13495898],[-0.92778736  0.29372099 -1.23856831]
2.316914800000003,[ 0.8735649   0.27594075 -1.13476872],[-0.92725331  0.29395542 -1.23869848]
2.325597600000002,[ 0.87422431  0.27617157 -1.13456357],[-0.92670155  0.29418334 -1.23882961]
2.3333802000000006,[ 0.87490773  0.276402   -1.13434041],[-0.9261077   0.29439485 -1.2389605 ]
2.3416162000000007,[ 0.87555599  0.27659422 -1.13411403],[-0.92549115  0.2946609  -1.23908913]
2.349709700000002,[ 0.87622297  0.27677596 -1.13387609],[-0.92487597  0.29493862 -1.2392354 ]
2.3582628999999997,[ 0.87688458  0.27694374 -1.13363814],[-0.92418528  0.29526645 -1.23942053]
2.368053800000002,[ 0.87753642  0.27712387 -1.13340354],[-0.92351794  0.29556364 -1.2395736 ]
2.375852000000002,[ 0.87819302  0.27723154 -1.13314915],[-0.92285079  0.2958228  -1.23971546]
2.3844083000000005,[ 0.87884539  0.27733183 -1.1328845 ],[-0.92214119  0.2960507  -1.23985493]
2.3925467000000005,[ 0.87952787  0.27739644 -1.13266385],[-0.9214437   0.29626396 -1.23998988]
2.4011806,[ 0.88021123  0.2774376  -1.13242292],[-0.92079014  0.29647669 -1.24014699]
2.408958000000002,[ 0.88091326  0.27747703 -1.13215303],[-0.9201166   0.29668713 -1.24030113]
2.417353000000002,[ 0.88158828  0.27747858 -1.13190877],[-0.91942948  0.29687262 -1.24044371]
2.425255800000002,[ 0.88226324  0.27744168 -1.13166487],[-0.91873389  0.29706085 -1.24056458]
2.4340359000000014,[ 0.88294387  0.277376   -1.13139904],[-0.91802037  0.297261   -1.24070001]
2.4423406000000014,[ 0.8836242   0.27724606 -1.13115108],[-0.91727668  0.29744294 -1.24086213]
2.4500335,[ 0.88429153  0.27708429 -1.13087821],[-0.91654927  0.2976028  -1.24102044]
2.458553700000003,[ 0.88495487  0.27691245 -1.13058805],[-0.91584301  0.29775235 -1.24117804]
2.4664984000000025,[ 0.88560599  0.27671736 -1.13033116],[-0.91512519  0.29789138 -1.24133992]
2.473775,[ 0.88593286  0.27659726 -1.13018703],[-0.91474819  0.29795003 -1.24144375]
2.483226300000002,[ 0.88691241  0.27619782 -1.12977314],[-0.91367745  0.29812804 -1.24168241]
2.4922848,[ 0.88753003  0.27588782 -1.12948811],[-0.91297734  0.29821596 -1.24186361]
2.4997628000000027,[ 0.88813514  0.27557832 -1.12919617],[-0.91224116  0.29829839 -1.24202549]
2.508798600000002,[ 0.88872707  0.27522162 -1.12890685],[-0.91154069  0.29837158 -1.24219465]
2.5166086000000014,[ 0.88936013  0.27483505 -1.12856126],[-0.9108398   0.29843089 -1.24232793]
2.5257447000000006,[ 0.88994288  0.27444249 -1.12825286],[-0.91014516  0.29846641 -1.24250007]
2.533366700000002,[ 0.89051569  0.27404884 -1.12794483],[-0.90944737  0.29853526 -1.24265563]
2.541619500000003,[ 0.89104909  0.27364254 -1.12764728],[-0.90876985  0.29859602 -1.24279928]
2.5500899000000032,[ 0.89159662  0.27314901 -1.12731433],[-0.9080779   0.29866821 -1.2429291 ]
2.5578295000000004,[ 0.89210516  0.2726939  -1.12700152],[-0.90742981  0.29873589 -1.24306083]
2.566344100000002,[ 0.89261442  0.27224895 -1.12667382],[-0.90681595  0.29880607 -1.24319875]
2.5750344,[ 0.89311546  0.27177739 -1.12634659],[-0.90622604  0.29889598 -1.24336457]
2.583362700000002,[ 0.89360052  0.27128321 -1.12604725],[-0.90564245  0.29899612 -1.24353039]
2.5916648,[ 0.8940714   0.27081603 -1.12575495],[-0.9050619   0.29909733 -1.24369395]
2.600685800000001,[ 0.89452392  0.27038032 -1.12548149],[-0.90451336  0.2992242  -1.24388027]
2.6085545000000003,[ 0.89496738  0.26994509 -1.12521267],[-0.90399301  0.29934251 -1.24404049]
2.6173959000000018,[ 0.89539587  0.26949313 -1.12494731],[-0.90344447  0.29945469 -1.2441889 ]
2.6256562000000017,[ 0.89582562  0.26907036 -1.12470424],[-0.90292132  0.29953814 -1.24432683]
2.6337623000000008,[ 0.89625579  0.26864979 -1.12445724],[-0.90239853  0.29963958 -1.24449801]
2.6423615,[ 0.89665878  0.2682547  -1.12422478],[-0.9018665   0.29973775 -1.24468184]
2.6501394000000005,[ 0.89704186  0.26787013 -1.12400842],[-0.90133637  0.29984051 -1.24486458]
2.6586897,[ 0.89743644  0.26750812 -1.123806  ],[-0.90084445  0.2999247  -1.24507034]
2.6665261000000022,[ 0.89781427  0.2671648  -1.12361443],[-0.90035468  0.30001694 -1.24527192]
2.6751920000000027,[ 0.89817387  0.26683161 -1.12342894],[-0.89988804  0.30009434 -1.24547517]
2.683151500000001,[ 0.89853191  0.26651049 -1.1232456 ],[-0.89943367  0.3001624  -1.24566793]
2.6927752,[ 0.8988747   0.26619834 -1.12305748],[-0.89898568  0.30022362 -1.24585009]
2.6998551000000006,[ 0.89922696  0.26588953 -1.12287664],[-0.89854014  0.300266   -1.2460624 ]
2.709429400000001,[ 0.89956194  0.26558676 -1.12274027],[-0.89810884  0.30030686 -1.24628747]
2.7165981000000023,[ 0.89992255  0.2652849  -1.12257659],[-0.89765352  0.30032617 -1.24653125]
2.725615600000001,[ 0.90026432  0.26498958 -1.12243247],[-0.89720708  0.30035406 -1.24677777]
2.7334472000000005,[ 0.9006182   0.26469573 -1.12229609],[-0.8967607   0.30041611 -1.24701321]
2.7415675999999998,[ 0.90095669  0.26442337 -1.12217629],[-0.89631772  0.30051911 -1.24724233]
2.7502037,[ 0.9013148   0.264146   -1.12206423],[-0.89586449  0.30063504 -1.24747014]
2.7590239000000025,[ 0.90167749  0.2638495  -1.12194967],[-0.89539582  0.3007625  -1.24770999]
2.7674093000000006,[ 0.90202326  0.26355842 -1.1218257 ],[-0.89494622  0.30091077 -1.24792373]
2.7757150000000017,[ 0.90235543  0.26326671 -1.12171698],[-0.89451534  0.30107704 -1.24814069]
2.784850500000001,[ 0.90270275  0.26296481 -1.12162185],[-0.8941018   0.30126134 -1.24836338]
2.792776100000001,[ 0.90306407  0.26264045 -1.12150204],[-0.89368856  0.30146614 -1.24857402]
2.8009638000000017,[ 0.90341115  0.26230747 -1.12137854],[-0.89326584  0.30168191 -1.24876511]
2.80856,[ 0.90379274  0.26193553 -1.1212436 ],[-0.89288008  0.30191395 -1.24894428]
2.8173093000000016,[ 0.90416503  0.26157051 -1.12111247],[-0.89251637  0.3021616  -1.24910092]
2.825165700000003,[ 0.90451735  0.26122582 -1.1209774 ],[-0.89217508  0.30243799 -1.24926078]
2.833159300000002,[ 0.90487444  0.26085106 -1.12083769],[-0.89181751  0.30275136 -1.24939513]
2.841921000000003,[ 0.90524977  0.26043323 -1.12068141],[-0.89150202  0.30310339 -1.24952757]
2.8508111000000014,[ 0.90562141  0.26000401 -1.12051058],[-0.8911919   0.30346468 -1.24964356]
2.8596932000000024,[ 0.90596509  0.25961015 -1.12034929],[-0.890903    0.30381942 -1.24974871]
2.8670253000000017,[ 0.90632069  0.25919452 -1.12018538],[-0.89061427  0.30419376 -1.24985313]
2.8750754,[ 0.90666354  0.25877497 -1.12002468],[-0.89036727  0.3045378  -1.24995208]
2.883239300000003,[ 0.90701854  0.25831476 -1.11983001],[-0.89012307  0.30488777 -1.25003481]
2.891905900000001,[ 0.9073562   0.25785112 -1.11962926],[-0.88988942  0.30525011 -1.25011802]
2.899964500000003,[ 0.90767998  0.2573927  -1.11943567],[-0.88967967  0.30560189 -1.25018835]
2.909147800000003,[ 0.90798181  0.25695077 -1.11926949],[-0.88950282  0.30594689 -1.25026429]
2.917209900000003,[ 0.90829116  0.25648156 -1.11908102],[-0.88931119  0.30630666 -1.25032079]
2.9255251000000015,[ 0.90862292  0.25598547 -1.11887264],[-0.88914341  0.30665329 -1.25037289]
2.933298500000003,[ 0.90892982  0.25551009 -1.11866283],[-0.8890034   0.30699524 -1.2504307 ]
2.9415770000000023,[ 0.90921783  0.25506482 -1.11846316],[-0.88888365  0.30734646 -1.25050545]
2.9501956000000007,[ 0.90951192  0.25458395 -1.11825824],[-0.88876665  0.30769464 -1.25058126]
2.9590186000000003,[ 0.90980166  0.25404081 -1.11803651],[-0.88866341  0.30805153 -1.25063372]
2.9672398000000015,[ 0.91005945  0.25350642 -1.11779857],[-0.88856858  0.30839193 -1.25067341]
2.9750698,[ 0.91029996  0.25301379 -1.11756337],[-0.88847417  0.30873209 -1.25073624]
2.9851398000000025,[ 0.91054654  0.25249377 -1.11732614],[-0.88838857  0.30906141 -1.25080431]
2.9941168000000005,[ 0.91080385  0.25193796 -1.11706197],[-0.88830376  0.30939353 -1.25086129]
3.0041157,[ 0.91114455  0.25105754 -1.11663342],[-0.88816327  0.30982205 -1.25094497]
3.0136919000000013,[ 0.9113462   0.25050649 -1.11636734],[-0.88808125  0.31009054 -1.25101876]
3.0214656000000026,[ 0.91158664  0.24989772 -1.116099  ],[-0.88799554  0.31033382 -1.25111473]
3.0307288999999997,[ 0.9118312   0.249264   -1.11580396],[-0.88789725  0.31057796 -1.25121403]
3.0383820999999998,[ 0.91200453  0.2486836  -1.11553609],[-0.88780177  0.31079867 -1.25133371]
3.04692,[ 0.91217721  0.24811903 -1.11526179],[-0.88769633  0.31099713 -1.25146997]
3.056288300000002,[ 0.91236883  0.24750052 -1.11495388],[-0.88758808  0.31119287 -1.25161934]
3.065062000000001,[ 0.91253018  0.24689281 -1.11466014],[-0.88747859  0.31136638 -1.25176001]
3.0752142000000013,[ 0.91272831  0.24597605 -1.11424446],[-0.88726425  0.31158653 -1.25200891]
3.0839274000000003,[ 0.91288275  0.24533068 -1.11395609],[-0.88711691  0.31171572 -1.25218022]
3.0928022000000013,[ 0.91301137  0.24470547 -1.11367655],[-0.88696849  0.31185716 -1.25236583]
3.100005000000003,[ 0.91312242  0.2441224  -1.11341703],[-0.88683105  0.31198674 -1.25255203]
3.1089189000000026,[ 0.91322482  0.24353938 -1.11313677],[-0.88669294  0.31213188 -1.25274897]
3.116569400000003,[ 0.91331148  0.24294661 -1.11286926],[-0.88655847  0.31229624 -1.25295424]
3.1248697000000014,[ 0.91339523  0.24233758 -1.11261725],[-0.88641596  0.31247997 -1.25316501]
3.133474900000003,[ 0.91345012  0.24174313 -1.11236274],[-0.88629484  0.31266591 -1.25336432]
3.1415433999999998,[ 0.91349769  0.24116966 -1.11209714],[-0.88618755  0.31283951 -1.25354612]
3.1503025000000022,[ 0.9135164   0.24059294 -1.11184275],[-0.88606066  0.31300175 -1.25374162]
3.1590477999999997,[ 0.91354251  0.23999906 -1.11157691],[-0.88592625  0.31316993 -1.25391805]
3.1670013000000026,[ 0.91354674  0.23941244 -1.11131001],[-0.88579261  0.31333047 -1.25409138]
3.1749402000000018,[ 0.91352242  0.23885421 -1.11106682],[-0.88566989  0.3135179  -1.2542609 ]
3.184767100000002,[ 0.91350627  0.23834234 -1.11085188],[-0.88554591  0.31371468 -1.25445402]
3.1926734000000003,[ 0.91348708  0.23779273 -1.1106106 ],[-0.88541633  0.31393287 -1.25465667]
3.2000614000000027,[ 0.91345     0.2372063  -1.11037612],[-0.88529867  0.314145   -1.25483978]
3.2086158000000005,[ 0.91340792  0.23661627 -1.11016428],[-0.88520765  0.31433725 -1.2550025 ]
3.2171315000000007,[ 0.91335946  0.23606649 -1.10994375],[-0.8851164   0.31451941 -1.25516641]
3.2252124,[ 0.9133029   0.23551358 -1.10975242],[-0.88501281  0.31472364 -1.25532424]
3.233224,[ 0.91325748  0.23490991 -1.1095469 ],[-0.88492286  0.31491098 -1.25547814]
3.242249000000001,[ 0.91320395  0.23431234 -1.109339  ],[-0.88484895  0.31509614 -1.25563848]
3.2507245000000005,[ 0.91314626  0.23372705 -1.10915554],[-0.88477552  0.31527287 -1.25582051]
3.258951600000003,[ 0.9130832   0.23319355 -1.10898769],[-0.88471317  0.31546387 -1.25599086]
3.266551200000002,[ 0.91301173  0.23263437 -1.10879219],[-0.88463765  0.31564289 -1.25616193]
3.275014900000002,[ 0.91292286  0.23202264 -1.10856903],[-0.88457829  0.31581914 -1.25632727]
3.2831860000000006,[ 0.91283631  0.2314449  -1.10839331],[-0.88451934  0.31599209 -1.25649679]
3.2918590000000023,[ 0.91275352  0.23086257 -1.1081984 ],[-0.88447499  0.31615871 -1.25667489]
3.3000331000000003,[ 0.91267467  0.23027009 -1.10797262],[-0.88442677  0.31631818 -1.2568574 ]
3.309266700000002,[ 0.91258132  0.22966501 -1.10777926],[-0.88437802  0.31647497 -1.25703502]
3.3170153000000013,[ 0.91247684  0.22909193 -1.10759735],[-0.88433588  0.316609   -1.25721836]
3.324876700000001,[ 0.91237503  0.22854888 -1.10737717],[-0.88431072  0.31675011 -1.25739741]
3.3334733000000014,[ 0.91227001  0.22800119 -1.10718024],[-0.88427168  0.31688178 -1.25759041]
3.341508000000001,[ 0.91217351  0.2274228  -1.10698783],[-0.88424122  0.3170197  -1.25776601]
3.3499423999999998,[ 0.91208309  0.22684041 -1.10678732],[-0.88420135  0.31714919 -1.25794935]
3.3583359,[ 0.91199934  0.22630122 -1.10661221],[-0.88415277  0.31727287 -1.25813091]
3.369343200000003,[ 0.91190445  0.22581731 -1.10647094],[-0.88410676  0.31740239 -1.25832224]
3.3795287000000016,[ 0.91178429  0.22504912 -1.1062485 ],[-0.88402712  0.31757808 -1.25862789]
3.388520200000002,[ 0.9117372   0.22449324 -1.10610485],[-0.88397032  0.31770942 -1.25883985]
3.397053200000002,[ 0.91169566  0.22395222 -1.10597134],[-0.88390839  0.31784546 -1.25905871]
3.406752700000002,[ 0.91163886  0.22348189 -1.10586476],[-0.88384873  0.31799701 -1.25927949]
3.4176688000000013,[ 0.91150063  0.22277701 -1.10566485],[-0.883766    0.31821543 -1.25960863]
3.4263293000000026,[ 0.91146004  0.22232746 -1.10559249],[-0.88371462  0.31835458 -1.25980937]
3.4339226000000025,[ 0.91145808  0.22187193 -1.10556936],[-0.88366121  0.31848311 -1.26000011]
3.441792300000003,[ 0.91143197  0.22138688 -1.10547566],[-0.88359845  0.3185927  -1.26017714]
3.4500574999999998,[ 0.9114151   0.2209252  -1.10538554],[-0.88354647  0.3187286  -1.26032901]
3.4598825000000026,[ 0.91138017  0.22049496 -1.10531127],[-0.88350654  0.31885856 -1.26047301]
3.467418600000002,[ 0.91130894  0.22008315 -1.10519016],[-0.88346893  0.31901729 -1.26061356]
3.476559100000003,[ 0.91130787  0.21967211 -1.10520196],[-0.88344556  0.31917775 -1.2607342 ]
3.4840017000000003,[ 0.91125786  0.21923481 -1.10513163],[-0.88341355  0.31934223 -1.26085317]
3.4928550000000023,[ 0.91121989  0.21880056 -1.10505223],[-0.88338447  0.31952438 -1.26095057]
3.4999784,[ 0.91113305  0.21836841 -1.10493171],[-0.88335913  0.31969327 -1.26104486]
3.5088341000000014,[ 0.91111392  0.21798183 -1.10488737],[-0.88333029  0.31985927 -1.2611264 ]
3.517037700000003,[ 0.91108364  0.21761236 -1.10484314],[-0.8833074   0.31999931 -1.26120448]
3.525515900000002,[ 0.91103846  0.21725327 -1.1047914 ],[-0.88327688  0.32015306 -1.26127517]
3.533845900000003,[ 0.91098756  0.21688029 -1.10475445],[-0.88324833  0.32029235 -1.26135683]
3.5425305000000016,[ 0.9109354   0.21653786 -1.10472894],[-0.8832193   0.32044041 -1.26142466]
3.5514515000000024,[ 0.91094357  0.21623601 -1.10475647],[-0.8831864   0.32057914 -1.26150358]
3.5589157,[ 0.91089326  0.21589608 -1.10472381],[-0.88315398  0.32069778 -1.26158261]
3.5667585000000024,[ 0.91080785  0.21553946 -1.1046536 ],[-0.88313758  0.32082856 -1.26166332]
3.5750462000000027,[ 0.91076499  0.21524902 -1.10463476],[-0.88311791  0.32094458 -1.26175439]
3.5838389,[ 0.9107371   0.21499245 -1.10462689],[-0.88309872  0.3210541  -1.26183438]
3.5916192000000002,[ 0.91068679  0.21474576 -1.10461271],[-0.88308871  0.32116318 -1.26192236]
3.6011820000000014,[ 0.91063935  0.21448182 -1.10460341],[-0.88307959  0.32124516 -1.26199865]
3.6096994000000002,[ 0.91058892  0.2142304  -1.10460269],[-0.883066    0.32130507 -1.26206493]
3.617173900000001,[ 0.91055274  0.21399315 -1.10461688],[-0.88304961  0.32131866 -1.26213586]
3.625236300000001,[ 0.91051167  0.21376552 -1.10462236],[-0.88302308  0.32131687 -1.26220405]
3.6338811,[ 0.91051376  0.21356869 -1.10469127],[-0.88300413  0.32129049 -1.26227784]
3.642044200000001,[ 0.9104166   0.21332401 -1.10463166],[-0.88299847  0.32126132 -1.26234388]
3.650161500000003,[ 0.91036665  0.21314315 -1.10464597],[-0.88297671  0.32120439 -1.26242447]
3.6600511000000004,[ 0.91029388  0.21297155 -1.10465312],[-0.88295549  0.32112956 -1.26249766]
3.6672432000000015,[ 0.910227    0.21279755 -1.10466409],[-0.88293654  0.32103392 -1.26258099]
3.676811500000003,[ 0.91016191  0.21263967 -1.10466576],[-0.882918    0.32091662 -1.26267946]
3.6861846000000007,[ 0.91010523  0.21246992 -1.10468638],[-0.88288122  0.32077184 -1.26278424]
3.696513600000003,[ 0.91004854  0.21223824 -1.10472155],[-0.88282037  0.320528   -1.26292121]
3.705467900000002,[ 0.91001141  0.21208631 -1.10473716],[-0.88277519  0.32035023 -1.26299989]
3.7133389,[ 0.91002351  0.21198511 -1.10478878],[-0.88274032  0.32016221 -1.26309907]
3.722775300000002,[ 0.90998673  0.21185966 -1.10482526],[-0.8827076   0.31995618 -1.26320004]
3.739266100000002,[ 0.90993452  0.21166201 -1.10486531],[-0.88268143  0.31965691 -1.26333773]
3.762511100000001,[ 0.90980548  0.21116069 -1.10491383],[-0.88260072  0.31901366 -1.26361012]
3.7721988000000017,[ 0.90979105  0.21101965 -1.10493994],[-0.88257897  0.31885323 -1.26367784]
3.780812100000002,[ 0.90977335  0.21087629 -1.10497117],[-0.88256997  0.3187142  -1.26374376]
3.7902355000000014,[ 0.90975881  0.21073996 -1.10501552],[-0.88256836  0.31859788 -1.26381314]
3.8007826000000016,[ 0.90976346  0.21054289 -1.10508907],[-0.88257176  0.31845054 -1.26391482]
3.8089072,[ 0.90975857  0.21038716 -1.10514534],[-0.88257194  0.31836966 -1.26397014]
3.8169489,[ 0.90976673  0.21022463 -1.10520911],[-0.8825658   0.31828654 -1.26402712]
3.8252235,[ 0.90979153  0.21008173 -1.10528052],[-0.88256311  0.31820691 -1.26410067]
3.833930800000001,[ 0.9098019   0.20994213 -1.10536075],[-0.88255173  0.31814146 -1.26416361]
3.8415196000000016,[ 0.90981174  0.20979676 -1.10544276],[-0.88254213  0.31809512 -1.2642169 ]
3.8486132000000026,[ 0.90982747  0.20972548 -1.10548306],[-0.88253576  0.31807247 -1.26423764]
3.8588865000000006,[ 0.90985751  0.20952891 -1.10559893],[-0.88252008  0.31801111 -1.26431036]
3.8672672000000006,[ 0.90987796  0.20938791 -1.10568202],[-0.88252354  0.31799391 -1.2643621 ]
3.8749228000000002,[ 0.90988767  0.20921895 -1.10576022],[-0.88252413  0.31797957 -1.26439488]
3.8831117000000006,[ 0.90986329  0.20900235 -1.10588479],[-0.88252443  0.31797057 -1.26441538]
3.8921519000000018,[ 0.90986437  0.20883635 -1.10594904],[-0.88253748  0.3179695  -1.26444662]
3.900234900000001,[ 0.90986061  0.20868257 -1.10600674],[-0.88255638  0.31798193 -1.26447701]
3.9092771000000006,[ 0.90987909  0.20858341 -1.10601401],[-0.88257396  0.31801221 -1.26449621]
3.916753500000002,[ 0.90985113  0.20843042 -1.10607088],[-0.88258529  0.31804585 -1.26450336]
3.9249271000000014,[ 0.90980887  0.20828401 -1.10612714],[-0.88260394  0.3180705  -1.26451111]
3.9336871,[ 0.90976566  0.20812681 -1.10618591],[-0.88262016  0.31808543 -1.26452172]
3.942459900000003,[ 0.90971994  0.20796883 -1.10624278],[-0.8826406   0.31811303 -1.26453578]
3.951398400000002,[ 0.90967566  0.20780672 -1.1062969 ],[-0.88266957  0.31813511 -1.26454163]
3.9589060000000025,[ 0.90962887  0.20765361 -1.10634339],[-0.88269407  0.3181563  -1.26455975]
3.9667160000000017,[ 0.90956724  0.20751505 -1.10638964],[-0.8827312   0.31818679 -1.26457405]
3.9749701,[ 0.90949625  0.20737328 -1.10644007],[-0.88277113  0.31823292 -1.2645967 ]
3.9837065000000003,[ 0.90942335  0.2072314  -1.10647011],[-0.88280874  0.31828028 -1.2646066 ]
3.9918169,[ 0.90935767  0.20707722 -1.10650635],[-0.88284647  0.31831971 -1.26461434]
4.001100700000002,[ 0.90927786  0.20692134 -1.10653245],[-0.88288748  0.31835663 -1.26463509]
4.008947000000003,[ 0.90919548  0.20678033 -1.1065532 ],[-0.8829363   0.31839669 -1.26466107]
4.016579400000001,[ 0.90911621  0.20663425 -1.10655034],[-0.88299817  0.31844166 -1.26467979]
4.025288,[ 0.90902579  0.20649475 -1.10654402],[-0.88305563  0.31847447 -1.2646991 ]
4.033836600000001,[ 0.90892112  0.20637502 -1.10655177],[-0.88313019  0.31851947 -1.26471722]
4.041665200000001,[ 0.90881687  0.20626642 -1.10656559],[-0.88320863  0.31857109 -1.26473582]
4.0502413,[ 0.90870523  0.20615602 -1.10655725],[-0.88328153  0.31861269 -1.26474714]
4.059789400000003,[ 0.90861267  0.20604679 -1.10654402],[-0.88335305  0.31863683 -1.26475608]
4.067451100000003,[ 0.90851545  0.20594116 -1.10652316],[-0.88343006  0.31866392 -1.26477146]
4.076599100000003,[ 0.90841264  0.20583783 -1.10650623],[-0.883497    0.31866401 -1.26478601]
4.085811400000001,[ 0.90831023  0.20575243 -1.10647285],[-0.88356727  0.31866401 -1.26479518]
4.094518000000001,[ 0.90820861  0.20566894 -1.1064465 ],[-0.88364518  0.31865397 -1.26479244]
4.102943400000001,[ 0.90810972  0.2056009  -1.10641181],[-0.88373995  0.31864205 -1.26479185]
4.112379600000001,[ 0.90796083  0.20550032 -1.10635626],[-0.88388324  0.31862164 -1.26479292]
4.121474300000003,[ 0.90786874  0.20543191 -1.10630858],[-0.88397318  0.31860504 -1.26479554]
4.130451500000003,[ 0.90773767  0.20531197 -1.10629714],[-0.88406491  0.31859937 -1.26479447]
4.139235900000003,[ 0.90764087  0.20524178 -1.10624945],[-0.88415217  0.31859145 -1.26479185]
4.150138800000001,[ 0.90751868  0.20512781 -1.10617197],[-0.88427031  0.31857598 -1.26478326]
4.1582874000000025,[ 0.90743595  0.20506611 -1.10611939],[-0.88434571  0.31856984 -1.26477289]
4.166574800000003,[ 0.90735352  0.20500535 -1.10606146],[-0.88443148  0.31856689 -1.2647593 ]
4.1748974000000025,[ 0.90727288  0.20496452 -1.10601223],[-0.88452077  0.3185837  -1.2647543 ]
4.183880400000003,[ 0.9071942   0.20491436 -1.10595274],[-0.88459635  0.31858993 -1.26474702]
4.192073000000001,[ 0.90712655  0.20484248 -1.10586488],[-0.8846665   0.31859019 -1.26472831]
4.2009498,[ 0.90709805  0.20480785 -1.10574031],[-0.88472742  0.31858903 -1.26470852]
4.2089411000000005,[ 0.90703589  0.20474438 -1.10565579],[-0.88478827  0.31859881 -1.26470196]
4.217204200000001,[ 0.90697283  0.20469871 -1.10557199],[-0.8848514   0.31863174 -1.26469135]
4.226041200000001,[ 0.9069069   0.20462163 -1.105474  ],[-0.88491088  0.31864619 -1.26467109]
4.2339588,[ 0.90687376  0.20452949 -1.10550594],[-0.88497233  0.31867424 -1.26464868]
4.241703900000001,[ 0.90680504  0.20445003 -1.10541546],[-0.88502783  0.31870198 -1.26463008]
4.250386900000002,[ 0.90675914  0.20436861 -1.1053226 ],[-0.88507885  0.31871378 -1.2646116 ]
4.2583952000000025,[ 0.90668935  0.20426384 -1.10508418],[-0.88512218  0.3187148  -1.26457381]
4.266537700000001,[ 0.90664309  0.20412798 -1.10496557],[-0.8851608   0.31870663 -1.26454496]
4.275132300000003,[ 0.90661448  0.20400521 -1.10485005],[-0.8851912   0.31869915 -1.26451564]
4.282999200000003,[ 0.9065724   0.20389853 -1.10474718],[-0.88521689  0.318708   -1.26449823]
4.292754600000002,[ 0.90651977  0.20378399 -1.10462987],[-0.8852405   0.31870672 -1.26447213]
4.300237000000003,[ 0.90647006  0.20365351 -1.10450387],[-0.88527727  0.3187013  -1.26443744]
4.3091652000000025,[ 0.90643001  0.20353495 -1.10439253],[-0.88531274  0.31869411 -1.26440358]
4.3168187000000025,[ 0.90639693  0.20341587 -1.10428822],[-0.88532948  0.31869391 -1.26438594]
4.324826000000002,[ 0.90637302  0.20330524 -1.10419095],[-0.885346    0.31867689 -1.2643683 ]
4.3338812,[ 0.90634954  0.20317231 -1.10408497],[-0.88537055  0.31865507 -1.2643348 ]
4.3416514,[ 0.90633261  0.20304    -1.10398138],[-0.88538122  0.31862608 -1.26431072]
4.349853400000001,[ 0.90631324  0.20292552 -1.10388744],[-0.88539696  0.3186124  -1.26429236]
4.358324900000003,[ 0.90628976  0.20282583 -1.10380137],[-0.88540661  0.31858718 -1.26427221]
4.366586000000002,[ 0.90626585  0.2026991  -1.10369325],[-0.88542318  0.31855711 -1.26424754]
4.374809000000003,[ 0.9062494   0.20255524 -1.10357499],[-0.8854233   0.31851318 -1.26423705]
4.3837277000000014,[ 0.90625185  0.20241779 -1.10346711],[-0.88540787  0.31847665 -1.26422822]
4.391768800000001,[ 0.90623921  0.20228507 -1.1033535 ],[-0.8853848   0.31844008 -1.26421916]
4.4003004000000026,[ 0.90625149  0.20213285 -1.10322928],[-0.88536692  0.318405   -1.26420403]
4.408320500000002,[ 0.90625721  0.20199618 -1.10310638],[-0.88535047  0.31835935 -1.26418686]
4.417172200000003,[ 0.90626574  0.20187572 -1.10298753],[-0.88533676  0.31832761 -1.26417804]
4.425919,[ 0.90629071  0.20180145 -1.1030606 ],[-0.88531983  0.3183009  -1.26416433]
4.4338078,[ 0.90625536  0.20167232 -1.1027782 ],[-0.88530469  0.31827763 -1.26413727]
4.441865100000001,[ 0.90625197  0.20155911 -1.10263968],[-0.88528919  0.31823632 -1.26410723]
4.450621900000002,[ 0.90625274  0.20144333 -1.10251462],[-0.88528025  0.31820092 -1.26408672]
4.458922100000002,[ 0.90629661  0.20138462 -1.10241711],[-0.88526523  0.31816655 -1.26406336]
4.466576500000002,[ 0.90628892  0.20128295 -1.10228944],[-0.88524175  0.31814435 -1.26403642]
4.475956100000001,[ 0.90628028  0.20119415 -1.10215247],[-0.88523382  0.31811795 -1.26401103]
4.483945900000002,[ 0.90625644  0.20108967 -1.10201013],[-0.88522732  0.31810376 -1.26398933]
4.492801400000001,[ 0.90622663  0.20102395 -1.10187924],[-0.88522083  0.31810588 -1.263973  ]
4.5001228,[ 0.90619946  0.20095344 -1.10173607],[-0.88519537  0.31810459 -1.263955  ]
4.508998900000002,[ 0.9061839   0.20086084 -1.10157371],[-0.88516492  0.31807414 -1.26392806]
4.516869,[ 0.90616649  0.20076615 -1.10138798],[-0.88511574  0.31804347 -1.26390111]
4.525021000000002,[ 0.9061448   0.20069197 -1.1012013 ],[-0.88509327  0.31802407 -1.26388943]
4.5335277000000005,[ 0.90612042  0.20060728 -1.10101795],[-0.88505006  0.31800732 -1.26386499]
4.541741000000002,[ 0.90608782  0.20052987 -1.10083342],[-0.88500834  0.31800067 -1.26383913]
4.551429500000001,[ 0.90604109  0.20043701 -1.10064352],[-0.88498187  0.31798905 -1.26381075]
4.559147100000001,[ 0.90600169  0.20036125 -1.10048842],[-0.88495749  0.31799424 -1.26380122]
4.568402800000001,[ 0.90596402  0.20029347 -1.10033703],[-0.88492686  0.31798035 -1.26377714]
4.578073400000001,[ 0.90593505  0.20021723 -1.10017705],[-0.88488764  0.31795579 -1.26374769]
4.587582900000001,[ 0.90588307  0.20010154 -1.09993494],[-0.88483125  0.31790578 -1.26370013]
4.597269300000001,[ 0.90585506  0.20004626 -1.0997746 ],[-0.8848049   0.31787565 -1.26367605]
4.604845500000003,[ 0.90581685  0.20000936 -1.09960997],[-0.88477194  0.31785539 -1.26363814]
4.6127068000000016,[ 0.90576768  0.19996688 -1.09946191],[-0.88474619  0.3178387  -1.26358294]
4.6208706,[ 0.90572006  0.19991948 -1.09931552],[-0.8847388   0.31782907 -1.26353955]
4.6296213,[ 0.90568197  0.19989301 -1.09919775],[-0.88471764  0.31780934 -1.26349819]
4.637818900000003,[ 0.90564191  0.19977322 -1.09900641],[-0.88469732  0.31778085 -1.26345992]
4.6467471000000025,[ 0.90561813  0.19969517 -1.09884405],[-0.88467383  0.3177399  -1.26341712]
4.655378600000002,[ 0.90558636  0.1996306  -1.09870231],[-0.88465345  0.31769568 -1.26336515]
4.664728,[ 0.90555435  0.19957067 -1.09855914],[-0.88462728  0.31766832 -1.26332247]
4.6728266000000005,[ 0.90551335  0.19954291 -1.09843862],[-0.88460648  0.31764507 -1.26327538]
4.6800298,[ 0.90545845  0.19951242 -1.09831429],[-0.88459426  0.3176173  -1.26323497]
4.6879457,[ 0.90541291  0.19945867 -1.09818101],[-0.88458896  0.31758311 -1.263188  ]
4.6964102000000025,[ 0.90533531  0.19940172 -1.09811604],[-0.88456589  0.31754586 -1.26314402]
4.7049226,[ 0.90529442  0.19934626 -1.09799635],[-0.88454849  0.31751919 -1.2631197 ]
4.712585500000003,[ 0.90526044  0.19927876 -1.09787869],[-0.88451886  0.31750044 -1.26309276]
4.721405200000003,[ 0.90522963  0.1991954  -1.09777129],[-0.88449514  0.31747431 -1.26305687]
4.729094500000002,[ 0.90519512  0.19911051 -1.09766603],[-0.88446015  0.31745496 -1.26302135]
4.738105700000002,[ 0.90516484  0.19903567 -1.09758234],[-0.8844285   0.31744912 -1.26299942]
4.746581200000001,[ 0.90513301  0.19895791 -1.09749758],[-0.88441837  0.31745043 -1.2629782 ]
4.755157700000002,[ 0.90511137  0.19887857 -1.09742641],[-0.88441199  0.31744304 -1.26294577]
4.762807200000001,[ 0.90510917  0.19877745 -1.09734654],[-0.88439846  0.31742975 -1.26291621]
4.770962800000003,[ 0.90512812  0.19867162 -1.09727466],[-0.8843835   0.31741267 -1.26289952]
4.780996100000003,[ 0.9051491  0.1985483 -1.0972017],[-0.88436663  0.31739828 -1.26287735]
4.7899885,[ 0.90517688  0.19842327 -1.09710276],[-0.88435715  0.31737593 -1.26284826]
4.8005031,[ 0.90523452  0.19828956 -1.09694719],[-0.88433844  0.31736076 -1.26280737]
4.808598200000002,[ 0.90526044  0.19820765 -1.09688032],[-0.88433671  0.3173725  -1.26279223]
4.816571,[ 0.90528834  0.19811767 -1.09682393],[-0.88433421  0.31735766 -1.26276827]
4.825489400000002,[ 0.90532309  0.19802316 -1.0967555 ],[-0.88433051  0.31734136 -1.26275027]
4.8332178,[ 0.90537584  0.19791451 -1.09668529],[-0.88433158  0.31733289 -1.26273644]
4.841852200000002,[ 0.9054324   0.19782142 -1.0966239 ],[-0.88433343  0.31730166 -1.26272011]
4.8505313,[ 0.90549147  0.19774307 -1.09656286],[-0.88434547  0.31727839 -1.26270354]
4.858345200000002,[ 0.90553832  0.19766194 -1.09650242],[-0.88436705  0.31726214 -1.26267815]
4.8664694,[ 0.90558243  0.19760016 -1.09645987],[-0.88438612  0.3172569  -1.26266408]
4.876907900000003,[ 0.90562618  0.19754888 -1.09641445],[-0.88439763  0.3172411  -1.26264143]
4.8856231,[ 0.90567595  0.19750834 -1.09638762],[-0.88441634  0.31723008 -1.26261258]
4.8939191000000015,[ 0.90573275  0.19747132 -1.09634995],[-0.88443577  0.31721738 -1.26257455]
4.901153700000002,[ 0.90579617  0.19740698 -1.09629858],[-0.8844474   0.31718066 -1.26254308]
4.909307000000002,[ 0.90586138  0.19735552 -1.09626758],[-0.88446796  0.31713924 -1.26252043]
4.9183816,[ 0.90592551  0.19731145 -1.09624267],[-0.88449126  0.31711352 -1.26250279]
4.926612600000002,[ 0.90599447  0.19728459 -1.09621429],[-0.88451415  0.3170737  -1.26247406]
4.935480700000003,[ 0.90606266  0.19725952 -1.0962007 ],[-0.88452071  0.31704253 -1.26244247]
4.944185100000002,[ 0.90611762  0.19724651 -1.09619665],[-0.88455141  0.31701553 -1.26241815]
4.954709600000001,[ 0.90621978  0.19721751 -1.09619462],[-0.8845908   0.31697828 -1.26241195]
4.962652700000003,[ 0.90625501  0.1971758  -1.09624016],[-0.88459456  0.31693831 -1.26239634]
4.970933300000002,[ 0.90632188  0.1971329  -1.09623575],[-0.88460886  0.31690818 -1.26237726]
4.9802383,[ 0.90638125  0.19710806 -1.09623981],[-0.88462192  0.31688887 -1.26237106]
4.988098100000002,[ 0.90643442  0.19708319 -1.09623063],[-0.88463384  0.31686917 -1.26237166]
4.996498500000001,[ 0.90648979  0.19704513 -1.09622931],[-0.88464648  0.31683579 -1.26235259]
5.004088800000002,[ 0.90652227  0.1970062  -1.09622502],[-0.88466734  0.31679681 -1.26233804]
5.012907700000003,[ 0.9065693   0.19695432 -1.09621263],[-0.88468897  0.31677788 -1.26233006]
5.020942000000002,[ 0.90663052  0.19689319 -1.09620309],[-0.88469595  0.31676382 -1.26233399]
5.0304845,[ 0.9067238   0.19682577 -1.09613824],[-0.88469422  0.31672531 -1.2623266 ]
5.037650000000003,[ 0.90677512  0.1967342  -1.09610271],[-0.88469696  0.31671435 -1.26230133]
5.046443,[ 0.90681165  0.19665331 -1.09610271],[-0.88468897  0.31670994 -1.26228821]
5.0547045,[ 0.90686256  0.19658889 -1.09608841],[-0.88468456  0.31670025 -1.26228929]
5.063091700000001,[ 0.90689999  0.19650568 -1.09609389],[-0.88468921  0.31668991 -1.26228964]
5.0709699000000015,[ 0.90690064  0.1964234  -1.09616518],[-0.88470471  0.31667805 -1.26228678]
5.079205900000002,[ 0.90694708  0.19634272 -1.09615731],[-0.88469863  0.31665957 -1.26228392]
5.0877161000000015,[ 0.90699285  0.19623639 -1.09614599],[-0.88468862  0.31665024 -1.2622838 ]
5.0957874000000025,[ 0.90704161  0.196152   -1.09614515],[-0.88468987  0.31662175 -1.26230204]
5.104406900000001,[ 0.90711868  0.19606741 -1.09608316],[-0.88469523  0.31661284 -1.26231122]
5.1124984,[ 0.90715808  0.19598816 -1.09606743],[-0.88470423  0.31661159 -1.2623198 ]
5.121904300000001,[ 0.90720654  0.19592117 -1.09604979],[-0.88470471  0.31661138 -1.2623173 ]
5.130003500000001,[ 0.90723038  0.19584894 -1.09603775],[-0.88471961  0.31660047 -1.26233232]
5.138143800000002,[ 0.90725917  0.19577791 -1.09601855],[-0.88473451  0.31658658 -1.26233852]
5.147500100000002,[ 0.90728647  0.19571143 -1.09599602],[-0.88474524  0.31656349 -1.26235139]
5.156388600000003,[ 0.90731156  0.1956546  -1.09595728],[-0.88474995  0.31654012 -1.26236534]
5.1642816000000025,[ 0.90734184  0.19560222 -1.09591734],[-0.88476354  0.31650403 -1.26236939]
5.171945100000002,[ 0.90734321  0.19556747 -1.09588253],[-0.88479108  0.31648254 -1.26237285]
5.179949100000002,[ 0.90735143  0.19554323 -1.09583676],[-0.88482052  0.31646264 -1.2623688 ]
5.188199800000003,[ 0.90734458  0.19555433 -1.09579265],[-0.88485181  0.3164601  -1.26235831]
5.1971149000000025,[ 0.90733886  0.19556527 -1.09575284],[-0.88489032  0.31644556 -1.26235008]
5.204655300000002,[ 0.90731943  0.19556294 -1.09569633],[-0.88493985  0.31640005 -1.26235092]
5.213543300000001,[ 0.90731007  0.19555834 -1.09561586],[-0.88498622  0.31635475 -1.26233459]
5.2211286,[ 0.90729707  0.19556198 -1.09554589],[-0.88502538  0.31630388 -1.26232088]
5.230355500000002,[ 0.90727204  0.19559494 -1.09548295],[-0.88506246  0.31626621 -1.26230788]
5.2376701000000025,[ 0.90724581  0.19563177 -1.09541738],[-0.88509125  0.31622553 -1.26230109]
5.2462585,[ 0.90721303  0.1956685  -1.09534919],[-0.88512295  0.31618014 -1.26228487]
5.255225900000003,[ 0.90717602  0.19571382 -1.09529328],[-0.88515484  0.3161402  -1.26228666]
5.264560500000002,[ 0.90714735  0.19577484 -1.09525204],[-0.88519686  0.31610948 -1.26229191]
5.273194400000001,[ 0.90711898  0.19580492 -1.09519017],[-0.88521945  0.31605497 -1.26230597]
5.309936200000003,[ 0.90709448  0.19587755 -1.09504819],[-0.8852461   0.31594473 -1.2623204 ]
5.3260486,[ 0.90699816  0.19614598 -1.09480071],[-0.88531429  0.31573164 -1.26239371]
5.334913,[ 0.90694308  0.19620165 -1.09482896],[-0.885315    0.31569576 -1.26240909]
5.343442000000003,[ 0.90693647  0.19625391 -1.09478617],[-0.88531238  0.31564105 -1.26243162]
5.355317600000003,[ 0.90692997  0.19631702 -1.09471309],[-0.88529599  0.31557256 -1.26245832]
5.363211100000001,[ 0.90691841  0.19636722 -1.09467173],[-0.88529009  0.3155286  -1.26246214]
5.3713908,[ 0.90691394  0.19642626 -1.09464312],[-0.88529545  0.31551135 -1.2624774 ]
5.379513300000003,[ 0.90690941  0.19648582 -1.09461176],[-0.88530469  0.31548667 -1.26249194]
5.387443000000001,[ 0.90690428  0.19653378 -1.09457922],[-0.88530892  0.31545728 -1.26249564]
5.3972753,[ 0.90690458  0.19658315 -1.09454763],[-0.88530689  0.31542951 -1.26249182]
5.404959400000003,[ 0.90691954  0.19661705 -1.0945152 ],[-0.88529968  0.31540963 -1.26248944]
5.4139193,[ 0.90693188  0.19665509 -1.0944854 ],[-0.88529772  0.31538466 -1.26248562]
5.421612700000001,[ 0.90694559  0.19668506 -1.09446073],[-0.88529098  0.31536466 -1.2624805 ]
5.430076400000001,[ 0.90695262  0.19674364 -1.09444547],[-0.88528419  0.31534883 -1.26245546]
5.438964400000003,[ 0.9069553   0.19679911 -1.09443903],[-0.8852911   0.31533328 -1.26244009]
5.448915000000003,[ 0.90697032  0.19685718 -1.09443355],[-0.88528901  0.31530365 -1.2624383 ]
5.459574,[ 0.90702456  0.19692403 -1.09436893],[-0.88527906  0.31525463 -1.26242661]
5.469669800000002,[ 0.90704203  0.19696352 -1.09437835],[-0.88527131  0.31521112 -1.26241016]
5.480103800000002,[ 0.90708143  0.19702108 -1.09439242],[-0.88524938  0.31512654 -1.26240861]
5.489227100000001,[ 0.90710217  0.19705079 -1.09441018],[-0.88524181  0.31508934 -1.26241124]
5.498704500000002,[ 0.90711439  0.19707155 -1.09443212],[-0.88522184  0.31506154 -1.26241422]
5.508909800000001,[ 0.90714478  0.19711351 -1.09447312],[-0.88519651  0.31501371 -1.2623961 ]
5.516885000000002,[ 0.90713251  0.19712532 -1.09457362],[-0.88517869  0.31497917 -1.26239717]
5.561212000000001,[ 0.90720743  0.19706854 -1.09466052],[-0.88504219  0.3147518  -1.26239944]
5.5689928,[ 0.9071995   0.19705661 -1.09467125],[-0.88501364  0.31472242 -1.26239979]
5.5775561000000025,[ 0.90719438  0.19705208 -1.09467351],[-0.88499779  0.31469706 -1.26237929]
5.585947900000001,[ 0.907184    0.19703516 -1.0946821 ],[-0.884992    0.31467289 -1.26237333]
5.5957121,[ 0.9071734   0.19698229 -1.09467769],[-0.88497889  0.31459332 -1.26236081]
5.602879900000001,[ 0.90716451  0.19697247 -1.09467626],[-0.88497943  0.31456959 -1.26235521]
5.6114824,[ 0.90715653  0.19696343 -1.09467292],[-0.88498181  0.31452531 -1.26233602]
5.6194907,[ 0.90713179  0.19696227 -1.09468615],[-0.88499689  0.31449789 -1.26231289]
5.6295220000000015,[ 0.90709919  0.1969585  -1.09471369],[-0.885019    0.31447017 -1.26226866]
5.637853900000003,[ 0.90707284  0.19697696 -1.09473646],[-0.885037    0.31446341 -1.26224744]
5.646471100000003,[ 0.90707844  0.19699328 -1.09470022],[-0.88505322  0.3144536  -1.26221919]
5.654877500000001,[ 0.90703559  0.19699632 -1.09476995],[-0.88506162  0.31443304 -1.26219869]
5.663301700000002,[ 0.90705085  0.1970135  -1.09472549],[-0.88506955  0.31440932 -1.26218748]
5.672028500000003,[ 0.90704036  0.19701704 -1.09473979],[-0.88508397  0.31438684 -1.2621727 ]
5.6799076,[ 0.90702164  0.1970448  -1.09477162],[-0.88509697  0.31435364 -1.26215744]
5.6882573,[ 0.90699685  0.19707307 -1.09481823],[-0.88511884  0.31432736 -1.26214957]
5.6964203,[ 0.90696925  0.1971143  -1.09487486],[-0.88514066  0.31429967 -1.26213205]
5.704311700000002,[ 0.90694404  0.19714557 -1.09493053],[-0.88515717  0.31428492 -1.26212299]
5.712455700000003,[ 0.90692061  0.19718587 -1.09499311],[-0.88516539  0.31426328 -1.26210487]
5.721313100000003,[ 0.90691024  0.19721341 -1.09506917],[-0.88518083  0.31423631 -1.26209772]
5.7291174,[ 0.90689343  0.19724518 -1.09514558],[-0.88519013  0.3142128  -1.26209414]
5.738327000000002,[ 0.90688735  0.19726208 -1.09522057],[-0.88519317  0.31418931 -1.26208186]
5.7464245,[ 0.90687823  0.19730024 -1.09530175],[-0.88521034  0.31417322 -1.26206934]
5.754891300000001,[ 0.90686893  0.19734883 -1.09538984],[-0.88522422  0.31415999 -1.26205742]
5.764150300000001,[ 0.90686589  0.19738623 -1.0954808 ],[-0.8852275   0.31414673 -1.26205325]
5.771937400000002,[ 0.90686452  0.1974082  -1.0955807 ],[-0.88523412  0.3141205  -1.26204216]
5.779410800000001,[ 0.90687418  0.19742715 -1.09578025],[-0.88522667  0.31411675 -1.26202714]
5.788239200000003,[ 0.90688175  0.19743998 -1.09585845],[-0.88522083  0.31411409 -1.2620151 ]
5.796058900000002,[ 0.90689188  0.19744478 -1.09592986],[-0.88521749  0.31411436 -1.26200414]
5.8041239000000004,[ 0.90688246  0.19746205 -1.09601355],[-0.88520002  0.31409925 -1.26200449]
5.8126887000000025,[ 0.90687597  0.19749223 -1.09597933],[-0.88519543  0.31410962 -1.26199579]
5.821036900000003,[ 0.90686893  0.19751279 -1.09602511],[-0.88517475  0.31411526 -1.26199365]
5.8303209,[ 0.90685356  0.19753875 -1.09607983],[-0.88517088  0.31413579 -1.26198614]
5.838314800000003,[ 0.90683979  0.19754662 -1.09612453],[-0.88515824  0.31413886 -1.26198685]
5.8466962,[ 0.90683091  0.1975573  -1.09615612],[-0.88514     0.3141351  -1.26197958]
5.854785800000002,[ 0.90682268  0.19756961 -1.09617233],[-0.88511872  0.31413764 -1.26196659]
5.862941900000003,[ 0.9068104   0.19759595 -1.09619462],[-0.8850956   0.31414273 -1.2619555 ]
5.8716969,[ 0.9067865   0.19762287 -1.09620762],[-0.88509035  0.31415248 -1.26194668]
5.879964100000002,[ 0.90671945  0.19764824 -1.096264  ],[-0.88507646  0.3141596  -1.26191998]
5.889177200000002,[ 0.90672362  0.19769672 -1.09619057],[-0.88505912  0.31417125 -1.26189792]
5.898007600000003,[ 0.9066956   0.19774003 -1.09617269],[-0.88504231  0.31417677 -1.26187325]
5.907067600000001,[ 0.90666294  0.19777679 -1.09615517],[-0.88503063  0.31417823 -1.26186156]
5.915415100000001,[ 0.90662891  0.19781032 -1.09614146],[-0.88501763  0.31417012 -1.26183724]
5.924646000000003,[ 0.90659052  0.19785908 -1.0960685 ],[-0.88498139  0.31415796 -1.26179969]
5.933308100000001,[ 0.90655404  0.197906   -1.09604144],[-0.88496155  0.31417671 -1.26178312]
5.941700800000003,[ 0.90652555  0.19796282 -1.09613168],[-0.88494539  0.31420213 -1.26177084]
5.950075300000002,[ 0.90649301  0.19802734 -1.09610856],[-0.88492489  0.31422496 -1.26175225]
5.958292800000002,[ 0.90645146  0.19809006 -1.09608209],[-0.8849178   0.31425539 -1.26172888]
5.967610500000003,[ 0.90641493  0.19814628 -1.09605825],[-0.88491565  0.31428817 -1.26170754]
5.975894700000001,[ 0.90639299  0.19819684 -1.09602976],[-0.88490105  0.31430852 -1.26169646]
5.984971000000002,[ 0.90636533  0.19824752 -1.09601104],[-0.88489926  0.3143059  -1.26166987]
5.992949800000002,[ 0.90633798  0.19829297 -1.09599292],[-0.88490534  0.314307   -1.26164055]
6.002001500000002,[ 0.90625137  0.1983296  -1.09602368],[-0.88491869  0.31430617 -1.26161182]
6.010262100000002,[ 0.90620089  0.19839559 -1.09600437],[-0.88492572  0.31431618 -1.26158714]
6.018198900000002,[ 0.90615976  0.19845253 -1.09599221],[-0.88494182  0.31432587 -1.2615459 ]
6.0277698000000015,[ 0.90613675  0.19853146 -1.09589398],[-0.88496149  0.31431258 -1.26151502]
6.0358257,[ 0.90609968  0.19857042 -1.09587646],[-0.88498282  0.31429937 -1.26148987]
6.045552700000002,[ 0.90609843  0.19861057 -1.09579897],[-0.88501155  0.31426466 -1.26146328]
6.0527621000000025,[ 0.90609145  0.19861695 -1.09579289],[-0.88501745  0.31424561 -1.26144397]
6.06185,[ 0.90604281  0.19860981 -1.09576547],[-0.88505596  0.31420138 -1.26139963]
6.069323500000003,[ 0.90602875  0.19860616 -1.09574914],[-0.88507521  0.3141892  -1.26138508]
6.0776872,[ 0.9059965   0.19861926 -1.09575951],[-0.88510197  0.31415784 -1.26136732]
6.0864124,[ 0.90596753  0.19860955 -1.09576619],[-0.88513047  0.314134   -1.26133692]
6.095807100000002,[ 0.90593934  0.19858155 -1.09576428],[-0.8851679   0.31407836 -1.26129282]
6.1043445,[ 0.905945    0.19854186 -1.09576952],[-0.88518643  0.3140457  -1.26126897]
6.112432500000001,[ 0.90596056  0.19850716 -1.09576905],[-0.8852005   0.31400886 -1.26124465]
6.1214823,[ 0.90597785  0.19843772 -1.09576786],[-0.885216    0.31396398 -1.26121938]
6.129390000000001,[ 0.90597469  0.19835041 -1.09582758],[-0.88523716  0.31391102 -1.26118445]
6.138727600000003,[ 0.90600151  0.19828378 -1.09583807],[-0.88525862  0.31387454 -1.26115274]
6.1477994,[ 0.90603065  0.19822948 -1.09584928],[-0.88528311  0.31386495 -1.26112783]
6.155412000000002,[ 0.90605533  0.19816805 -1.09586298],[-0.88529676  0.31385145 -1.26110578]
6.165526200000002,[ 0.90613854  0.19810013 -1.09581792],[-0.88529742  0.31382325 -1.26107252]
6.1739048000000025,[ 0.90618765  0.19802326 -1.09580171],[-0.88529789  0.31378546 -1.26104319]
6.184458200000002,[ 0.90627426  0.19788316 -1.09592056],[-0.88528895  0.31373426 -1.26102114]
6.192613400000003,[ 0.90632856  0.19781449 -1.09591508],[-0.88527417  0.31370869 -1.26099157]
6.2006466000000025,[ 0.90637666  0.19775634 -1.09591138],[-0.88524336  0.31368306 -1.26096153]
6.208386500000003,[ 0.90642142  0.1977051  -1.09591174],[-0.88523704  0.31367931 -1.26093602]
6.2161725000000025,[ 0.90646577  0.19765732 -1.09591019],[-0.88523209  0.31368184 -1.26090741]
6.2238934000000015,[ 0.90649289  0.19763233 -1.09591126],[-0.88522685  0.31366551 -1.26089311]
6.233994800000001,[ 0.90657699  0.19755629 -1.09590173],[-0.88520318  0.31365529 -1.26083982]
6.242364600000002,[ 0.90662336  0.19752312 -1.09588683],[-0.88518405  0.31366026 -1.2608031 ]
6.2504284000000006,[ 0.90666318  0.19748691 -1.09585881],[-0.88516688  0.31367275 -1.26077926]
6.260121400000003,[ 0.90670127  0.19745071 -1.09583759],[-0.88515735  0.31369671 -1.2607491 ]
6.267709,[ 0.90673351  0.19741096 -1.09581351],[-0.885144    0.3137272  -1.26071119]
6.276075600000002,[ 0.90675974  0.19738752 -1.09578347],[-0.8851434   0.31376389 -1.26066375]
6.283669800000002,[ 0.90678489  0.19737534 -1.09576309],[-0.88515979  0.31379074 -1.26062083]
6.292424100000002,[ 0.9067983   0.19736205 -1.09563971],[-0.88520592  0.31378797 -1.26054859]
6.300125900000001,[ 0.90681642  0.19732493 -1.09559464],[-0.8852824   0.31376997 -1.26048231]
6.308206000000002,[ 0.90680677  0.19726948 -1.09561872],[-0.88530242  0.31376281 -1.26043689]
6.317426900000001,[ 0.90685499  0.19724447 -1.09552372],[-0.88531154  0.31374413 -1.26038849]
6.325825100000003,[ 0.90687937  0.19719775 -1.09547174],[-0.8853364   0.31372237 -1.26034176]
6.334030600000002,[ 0.90689242  0.19714642 -1.09540522],[-0.88535976  0.31369704 -1.26031137]
6.3417013,[ 0.90690023  0.19709562 -1.09534681],[-0.88539112  0.31366342 -1.26026666]
6.350108600000002,[ 0.90692425  0.19705513 -1.09529245],[-0.8854062   0.31364354 -1.26022863]
6.358329900000001,[ 0.90692997  0.1970049  -1.09523249],[-0.88542485  0.31361818 -1.26017976]
6.366901600000002,[ 0.90694368  0.19695003 -1.09517133],[-0.88544786  0.31358016 -1.26014555]
6.375126300000002,[ 0.90695679  0.19689924 -1.09510088],[-0.88548392  0.31354377 -1.26011717]
6.383899900000003,[ 0.90695399  0.19685984 -1.09503484],[-0.88551974  0.31351951 -1.2600894 ]
6.391712500000001,[ 0.90694946  0.19682221 -1.0949657 ],[-0.88555539  0.31349275 -1.26005244]
6.400806300000003,[ 0.9069438   0.19678324 -1.09488547],[-0.88556564  0.31344736 -1.26002479]
6.409162900000002,[ 0.90694141  0.19674177 -1.09481823],[-0.8856023   0.31343985 -1.26000512]
6.417399700000001,[ 0.90694243  0.19671127 -1.09475672],[-0.88563645  0.31343403 -1.25998354]
6.425697000000003,[ 0.90693462  0.19670817 -1.09469879],[-0.88566995  0.31343013 -1.25995731]
6.433982700000001,[ 0.9069277   0.1966877  -1.09462571],[-0.88570374  0.31341627 -1.2599293 ]
6.442094300000001,[ 0.90692389  0.19668558 -1.09456694],[-0.88574815  0.31339848 -1.25991011]
6.4507676000000025,[ 0.90693074  0.19668482 -1.09450042],[-0.88577121  0.31339189 -1.25989068]
6.460219700000003,[ 0.90691835  0.19669718 -1.09443223],[-0.88580614  0.31341094 -1.25986445]
6.467464300000003,[ 0.90690929  0.19671527 -1.09436023],[-0.88584405  0.31340232 -1.25981808]
6.4759578,[ 0.90688914  0.19674218 -1.09429276],[-0.8858884   0.31339097 -1.25977349]
6.484237100000001,[ 0.90686768  0.19676314 -1.09422886],[-0.88593769  0.31337929 -1.25974071]
6.493913300000003,[ 0.90684325  0.19680403 -1.09416139],[-0.88598949  0.31340718 -1.25970817]
6.5015363000000015,[ 0.90682423  0.19681686 -1.09408915],[-0.886024    0.3134     -1.25966299]
6.509169400000001,[ 0.90681928  0.19682708 -1.09402204],[-0.88606513  0.31339034 -1.25962579]
6.517325300000003,[ 0.90679979  0.19684058 -1.09394193],[-0.88609874  0.31338573 -1.25958931]
6.5257486,[ 0.90679407  0.1968472  -1.09388113],[-0.88613909  0.31339696 -1.25955391]
6.533915,[ 0.90679765  0.19685137 -1.09382403],[-0.88618106  0.31341195 -1.25952625]
6.541672100000003,[ 0.90680701  0.19684933 -1.09376812],[-0.88621819  0.31342283 -1.25949299]
6.550022600000002,[ 0.90682262  0.19684373 -1.09373271],[-0.88627207  0.31342334 -1.25944734]
6.558322500000003,[ 0.9068315   0.19682817 -1.0936873 ],[-0.88632119  0.31342968 -1.25940692]
6.6016163,[ 0.90697503  0.1967175  -1.09354842],[-0.88655251  0.31359226 -1.25913668]
6.6093738,[ 0.90702206  0.19668481 -1.09351659],[-0.88658643  0.31362942 -1.25908816]
6.616703100000002,[ 0.90705466  0.19664036 -1.09348488],[-0.8866241   0.3136476  -1.25902843]
6.625490000000003,[ 0.90708828  0.19659869 -1.09345913],[-0.88667035  0.3136543  -1.25897563]
6.634045100000002,[ 0.90712583  0.19655016 -1.09342134],[-0.88670641  0.31368586 -1.25892186]
6.641787100000002,[ 0.90717506  0.19647816 -1.0933733 ],[-0.8867498   0.31372702 -1.25887084]
6.650422500000001,[ 0.90722221  0.19639653 -1.0933286 ],[-0.88678735  0.3137551  -1.25882876]
6.658828300000003,[ 0.90727067  0.1963041  -1.09328902],[-0.88681829  0.3137708  -1.25877964]
6.666512400000002,[ 0.90732241  0.19624278 -1.09325588],[-0.88685316  0.3138057  -1.25871027]
6.675857800000003,[ 0.90737921  0.19618942 -1.09322667],[-0.88688451  0.31385344 -1.25864065]
6.683655400000003,[ 0.90739417  0.19610344 -1.0932703 ],[-0.88692999  0.31389886 -1.25857902]
6.692178200000001,[ 0.90744138  0.19604476 -1.09324849],[-0.88698637  0.31392634 -1.25853038]
6.700120700000003,[ 0.90750813  0.19599478 -1.0932318 ],[-0.88703543  0.31394541 -1.25847065]
6.709077200000003,[ 0.90756589  0.19594403 -1.09320796],[-0.88707745  0.31398302 -1.25840545]
6.717253500000002,[ 0.907628    0.1958715  -1.09317112],[-0.88711512  0.31401742 -1.25834739]
6.725769300000003,[ 0.90768129  0.19582762 -1.09315109],[-0.88716865  0.31404921 -1.25829184]
6.734135300000002,[ 0.90776503  0.19580403 -1.09307277],[-0.88721102  0.31406686 -1.25823486]
6.741713800000003,[ 0.90776718  0.1957698  -1.09311581],[-0.88724661  0.31408519 -1.25816905]
6.750373600000003,[ 0.90780818  0.19575721 -1.09309113],[-0.88728309  0.31412306 -1.25811279]
6.7584154000000005,[ 0.90787381  0.19574566 -1.09299433],[-0.88732392  0.31414393 -1.25806761]
6.766998900000001,[ 0.90789855  0.19574043 -1.09296989],[-0.88735616  0.31416371 -1.25800991]
6.7750637000000005,[ 0.90791804  0.19572687 -1.09293008],[-0.88738656  0.31416506 -1.25795066]
6.783610100000001,[ 0.90792674  0.19571838 -1.09289241],[-0.88739765  0.31416416 -1.25789547]
6.792097900000002,[ 0.90793163  0.19570099 -1.09284651],[-0.88742566  0.31420252 -1.25786495]
6.8006761000000004,[ 0.90792966  0.19571337 -1.09282923],[-0.88749194  0.31423903 -1.25782359]
6.8343202000000005,[ 0.90785015  0.19572964 -1.09267223],[-0.88778245  0.31434339 -1.25759864]
6.844220800000002,[ 0.90783203  0.19573936 -1.092628  ],[-0.88784766  0.31434211 -1.25754428]
6.8550255,[ 0.90778768  0.19574453 -1.09255099],[-0.88793838  0.31432936 -1.25744498]
6.864129600000002,[ 0.90774548  0.19577095 -1.09251368],[-0.8880136   0.31434759 -1.25737977]
6.8753122,[ 0.90764773  0.19583187 -1.09253705],[-0.88811719  0.31437454 -1.25729954]
6.883394800000001,[ 0.90758604  0.19586377 -1.09249723],[-0.88818139  0.31437662 -1.25724161]
6.891246900000002,[ 0.90753758  0.19587204 -1.09246647],[-0.88825166  0.31437778 -1.25717485]
6.898352300000003,[ 0.90750331  0.19587938 -1.09245169],[-0.88828069  0.31437805 -1.25715041]
6.9081714000000005,[ 0.90744239  0.19591337 -1.09236431],[-0.88838416  0.3143976  -1.25707603]
6.9165712,[ 0.90736151  0.19593117 -1.09234262],[-0.88844317  0.31442127 -1.25703382]
6.9238377,[ 0.90733194  0.19593529 -1.09232569],[-0.88846046  0.31442282 -1.25700903]
6.9332176000000025,[ 0.90715367  0.19595    -1.0923624 ],[-0.88857496  0.31447214 -1.2569263 ]
6.9416729,[ 0.907049    0.19598676 -1.0923506 ],[-0.88863748  0.3144995  -1.25687575]
6.950073,[ 0.90693223  0.19603002 -1.09234023],[-0.88870734  0.31455126 -1.25682139]
6.958350800000002,[ 0.90683818  0.1960638  -1.09232497],[-0.88876623  0.31457752 -1.25675678]
6.967699900000003,[ 0.90674704  0.19609651 -1.09232318],[-0.88881797  0.31459177 -1.25669897]
6.976854200000002,[ 0.90665376  0.19615452 -1.09232628],[-0.88887411  0.31461143 -1.25663626]
6.985251600000002,[ 0.90655643  0.19621934 -1.09232271],[-0.88893831  0.31466404 -1.25658143]
6.994261400000003,[ 0.90644765  0.19628392 -1.09232748],[-0.88900357  0.31472224 -1.25649166]
7.003718900000003,[ 0.90628713  0.19637455 -1.09235001],[-0.88911676  0.31481823 -1.25639284]
7.0126825,[ 0.90622324  0.19644108 -1.09234762],[-0.88918614  0.31489605 -1.2563231 ]
7.0210121,[ 0.90611941  0.19652094 -1.09237838],[-0.88925451  0.3149637  -1.25625575]
7.030083100000002,[ 0.90604931  0.19656439 -1.09240878],[-0.88930994  0.31502408 -1.25619256]
7.038307300000003,[ 0.90590233  0.19658422 -1.09247684],[-0.88936633  0.31507725 -1.25612593]
7.046379900000002,[ 0.90590882  0.19669169 -1.09247077],[-0.88942832  0.31514409 -1.25605285]
7.0551426,[ 0.90582108  0.19676119 -1.09251463],[-0.88948107  0.31522611 -1.2559849 ]
7.0631657000000025,[ 0.90573335  0.1968358  -1.0925653 ],[-0.88953751  0.31530365 -1.25591409]
7.070957200000002,[ 0.90564322  0.19691081 -1.09261584],[-0.88958001  0.31538001 -1.25585425]
7.079280100000002,[ 0.90555453  0.19700064 -1.0926795 ],[-0.88963586  0.31544304 -1.25578451]
7.087598500000002,[ 0.9054805   0.19710587 -1.09274936],[-0.88967437  0.31550786 -1.25573206]
7.095685900000003,[ 0.90540981  0.1971938  -1.09281206],[-0.8897171   0.31556991 -1.25567853]
7.104210800000001,[ 0.90535492  0.19728816 -1.09287572],[-0.88976228  0.31562078 -1.25561559]
7.112467200000001,[ 0.90530682  0.19737419 -1.09292901],[-0.88981044  0.31568372 -1.25556576]
7.1220440000000025,[ 0.90520346  0.19746475 -1.09297776],[-0.88986278  0.31575909 -1.2555033 ]
7.129451100000001,[ 0.90516019  0.19757736 -1.09303927],[-0.88991296  0.31583917 -1.25544751]
7.137968700000002,[ 0.90512276  0.1976833  -1.09310269],[-0.889961    0.31591126 -1.25540245]
7.145983900000001,[ 0.90508765  0.19779983 -1.09317386],[-0.89000773  0.31598327 -1.25535846]
7.1539298,[ 0.90506792  0.19792201 -1.09325314],[-0.89006031  0.31604144 -1.25529444]
7.1636969000000015,[ 0.90506279  0.19804379 -1.09330714],[-0.89010125  0.3161051  -1.2552408 ]
7.173554600000003,[ 0.90506655  0.19817182 -1.09336817],[-0.89015228  0.31619054 -1.25520253]
7.183773300000002,[ 0.90507025  0.19839606 -1.09349227],[-0.89022458  0.31633532 -1.2551322 ]
7.192410300000002,[ 0.90507114  0.19856746 -1.09357953],[-0.89028299  0.31644937 -1.25507009]
7.200657100000001,[ 0.90507549  0.19873309 -1.0936538 ],[-0.89034128  0.31656376 -1.25501335]
7.208786,[ 0.9050948   0.19889054 -1.09371793],[-0.89039838  0.3166832  -1.25497735]
7.2173631,[ 0.90510601  0.19899935 -1.09379673],[-0.89045089  0.31681719 -1.25492764]
7.226618100000003,[ 0.90510994  0.19918177 -1.09388816],[-0.89044178  0.3169373  -1.25488603]
7.235718900000002,[ 0.90514135  0.19937101 -1.09396613],[-0.89048022  0.31705597 -1.25483143]
7.245935200000002,[ 0.90517014  0.19967017 -1.09408033],[-0.89055115  0.31729183 -1.25475132]
7.255109600000001,[ 0.90518308  0.19986968 -1.09415531],[-0.89059526  0.31745002 -1.25470531]
7.263170900000002,[ 0.90520751  0.20006867 -1.09423959],[-0.8906374   0.31761888 -1.25466383]
7.270774200000002,[ 0.90528703  0.20029566 -1.09431076],[-0.89069313  0.31779656 -1.25461566]
7.279165900000002,[ 0.90533227  0.20047686 -1.09439731],[-0.89074332  0.31797245 -1.25458324]
7.2874164000000015,[ 0.90529156  0.20064865 -1.0944494 ],[-0.89079624  0.31818992 -1.25454748]
7.295804800000003,[ 0.90531933  0.20087267 -1.09455705],[-0.89085227  0.31843296 -1.25450563]
7.305980000000002,[ 0.9053458   0.20109029 -1.09465039],[-0.89091861  0.31867871 -1.25445592]
7.3148403,[ 0.90542948  0.20132744 -1.09479308],[-0.89099377  0.31893134 -1.25441253]
7.323665700000003,[ 0.90544564  0.20153414 -1.09489524],[-0.89108342  0.31920484 -1.25438237]
7.333282100000002,[ 0.90548933  0.20181969 -1.09502089],[-0.89120227  0.31961524 -1.25432503]
7.3415949000000005,[ 0.9055391   0.20197998 -1.09508693],[-0.89130437  0.31988674 -1.25428629]
7.3500102,[ 0.90558392  0.20214424 -1.09515667],[-0.89140397  0.3201617  -1.25423658]
7.358425100000002,[ 0.90561616  0.20231558 -1.09522438],[-0.89151269  0.32047313 -1.25419343]
7.3675648,[ 0.90566295  0.20250595 -1.09530401],[-0.89162701  0.32079822 -1.25413549]
7.3759522,[ 0.90568918  0.20267366 -1.09538484],[-0.89174718  0.32111153 -1.25407457]
7.385350900000002,[ 0.90568322  0.20281568 -1.0954206 ],[-0.89185792  0.32141954 -1.25403154]
7.394133400000001,[ 0.90573537  0.20299087 -1.0955081 ],[-0.89195734  0.32173145 -1.25399852]
7.402480700000002,[ 0.90580982  0.20315251 -1.09558141],[-0.89206582  0.32203683 -1.25396585]
7.411382600000003,[ 0.90588027  0.20330171 -1.09565091],[-0.89217687  0.32234049 -1.25392699]
7.4210636,[ 0.9060263   0.20355815 -1.09580708],[-0.89235049  0.32281831 -1.25386822]
7.429915300000001,[ 0.90609461  0.20384166 -1.09596157],[-0.89247948  0.3231774  -1.25383437]
7.438167800000002,[ 0.90613705  0.20405704 -1.09606159],[-0.89261991  0.32353696 -1.25378942]
7.446722100000002,[ 0.90617818  0.20426938 -1.09614813],[-0.89275038  0.32388359 -1.25373137]
7.4548950000000005,[ 0.90623397  0.20448998 -1.09622836],[-0.89288694  0.32422355 -1.25368488]
7.462575400000002,[ 0.90622127  0.20467162 -1.09624255],[-0.89301324  0.32456359 -1.25365317]
7.471066,[ 0.90627825  0.20488274 -1.09630835],[-0.89315653  0.32489926 -1.25361276]
7.4792676,[ 0.90633053  0.2050875  -1.0963577 ],[-0.89328229  0.32523254 -1.25356317]
7.487774600000002,[ 0.90634167  0.20531635 -1.09650362],[-0.89343303  0.32556036 -1.2535193 ]
7.495673200000002,[ 0.90646642  0.20558724 -1.09657133],[-0.89358509  0.32592538 -1.25348079]
7.504018200000001,[ 0.90648925  0.20585941 -1.09664643],[-0.89375401  0.32630631 -1.25344813]
7.511292500000003,[ 0.90648997  0.20599498 -1.09668231],[-0.89382058  0.32649481 -1.25342882]
7.523246,[ 0.90652359  0.20639651 -1.096771  ],[-0.89405537  0.32706323 -1.25337017]
7.532250000000001,[ 0.90654254  0.20666185 -1.09682286],[-0.89422452  0.32742074 -1.25332987]
7.543079900000002,[ 0.90655977  0.20706572 -1.09691799],[-0.89447063  0.32797337 -1.25330257]
7.554485300000003,[ 0.90656221  0.20745917 -1.09699678],[-0.89473516  0.32855269 -1.25324667]
7.5630751000000025,[ 0.90653181  0.20777935 -1.09709609],[-0.89491796  0.32894406 -1.25321949]
7.571080600000002,[ 0.90650249  0.20812312 -1.09721386],[-0.89511424  0.32936564 -1.25320768]
7.581468400000002,[ 0.90647888  0.20843253 -1.09732032],[-0.8953256   0.32977411 -1.25317967]
7.5901031,[ 0.90647459  0.20869571 -1.09740222],[-0.89550209  0.33017695 -1.25316489]
7.600012800000002,[ 0.90646821  0.20910133 -1.09753358],[-0.89576262  0.33075574 -1.25316715]
7.609051700000002,[ 0.90645707  0.20941284 -1.09763396],[-0.89591253  0.33113164 -1.25319791]
7.616578800000003,[ 0.9064275   0.20972641 -1.09772849],[-0.89607668  0.33152598 -1.25322187]
7.626442600000001,[ 0.90638441  0.21006629 -1.09784675],[-0.89624798  0.33194593 -1.25324631]
7.6337066,[ 0.90633625  0.21045151 -1.09799218],[-0.89641237  0.33236349 -1.25328255]
7.642018800000002,[ 0.90627694  0.21081069 -1.09812522],[-0.89659023  0.3327817  -1.25333369]
7.650351700000002,[ 0.90621632  0.21114151 -1.09826279],[-0.89677423  0.3331961  -1.25338352]
7.659123400000002,[ 0.90615433  0.21145943 -1.09840405],[-0.89697033  0.33361182 -1.25343215]
7.666608500000002,[ 0.90608895  0.21178445 -1.09856892],[-0.89717013  0.33401033 -1.25349259]
7.675829700000001,[ 0.90598536  0.21210499 -1.09873867],[-0.8973574   0.33440533 -1.25356269]
7.684269200000003,[ 0.90589279  0.21246141 -1.09889901],[-0.89754015  0.3348155  -1.25363696]
7.692867900000003,[ 0.90577954  0.21280023 -1.09906149],[-0.89775157  0.3352237  -1.25370491]
7.7006374000000015,[ 0.90566307  0.21313693 -1.09922087],[-0.89794856  0.33563936 -1.25377285]
7.709132200000003,[ 0.90553057  0.21348506 -1.09940052],[-0.89815235  0.33604512 -1.25383735]
7.7334718,[ 0.9051038   0.21444498 -1.09995592],[-0.89883143  0.33713344 -1.25405514]
7.741698400000001,[ 0.90495682  0.21476786 -1.10015452],[-0.89907628  0.33752361 -1.25414598]
7.7499289000000005,[ 0.90478963  0.21508731 -1.10036004],[-0.89933282  0.3379198  -1.25423658]
7.7571966,[ 0.9047035   0.21523599 -1.10045362],[-0.89945471  0.33812341 -1.25426877]
7.766571900000002,[ 0.90441573  0.21573456 -1.10076654],[-0.89981997  0.33869985 -1.25436211]
7.773763300000002,[ 0.90431386  0.21590549 -1.10087979],[-0.89994931  0.3388924  -1.25438035]
7.7842400000000005,[ 0.90400845  0.21641333 -1.10123646],[-0.90032041  0.33940282 -1.25447798]
7.7918035,[ 0.90379345  0.21672256 -1.10145271],[-0.90058208  0.33970666 -1.25454867]
7.799981600000002,[ 0.90357882  0.21699972 -1.10166717],[-0.90081567  0.34000915 -1.25462484]
7.807862400000001,[ 0.90336299  0.2172962  -1.10187721],[-0.90106493  0.34029794 -1.25471389]
7.8166568000000005,[ 0.90312666  0.21761739 -1.10210419],[-0.90133613  0.34061909 -1.25481153]
7.8250317,[ 0.90287077  0.21792769 -1.10234356],[-0.90161324  0.34095159 -1.25490189]
7.8331734,[ 0.90260381  0.21824072 -1.10259998],[-0.90186131  0.34125429 -1.25497818]
7.841417800000002,[ 0.90230972  0.21855287 -1.10285401],[-0.90210754  0.34151742 -1.25505197]
7.848746100000003,[ 0.90216029  0.21869439 -1.10297489],[-0.90223485  0.3416608  -1.2550962 ]
7.858322300000001,[ 0.90170813  0.2190789  -1.10331953],[-0.90263206  0.34205967 -1.25522768]
7.866747800000002,[ 0.90141267  0.2192831  -1.1035496 ],[-0.90288329  0.34231177 -1.25531828]
7.875161600000002,[ 0.90110379  0.21950473 -1.10379112],[-0.90314853  0.34258416 -1.25538766]
7.883685100000001,[ 0.9007467   0.21976157 -1.10405409],[-0.9034096   0.34287301 -1.25546527]
7.892174800000003,[ 0.90036738  0.22002326 -1.10433578],[-0.90367854  0.34315765 -1.25553989]
7.899934400000003,[ 0.89997047  0.22025314 -1.10460663],[-0.90397394  0.34347564 -1.25564396]
7.908346000000002,[ 0.8995716   0.22043282 -1.10487854],[-0.90425056  0.34376281 -1.25574398]
7.9172376,[ 0.89916015  0.22061494 -1.1051507 ],[-0.90452504  0.34401649 -1.25584567]
7.9256401000000025,[ 0.89872062  0.22079253 -1.10542464],[-0.90478903  0.34428996 -1.25595343]
7.933859600000002,[ 0.89826721  0.22097008 -1.10568559],[-0.90505171  0.34454629 -1.25605321]
7.941747500000002,[ 0.89777207  0.22115508 -1.10597265],[-0.90528458  0.34481084 -1.2561574 ]
7.9509729,[ 0.89728004  0.22133149 -1.10627806],[-0.90550655  0.34507811 -1.25625443]
7.9590174000000005,[ 0.89673406  0.22147906 -1.10656297],[-0.90573031  0.345346   -1.25636721]
7.966686600000003,[ 0.89615262  0.22160065 -1.10685277],[-0.90597075  0.3455914  -1.25649261]
7.9752756,[ 0.89562279  0.22170992 -1.10712135],[-0.90619653  0.34582701 -1.25661504]
7.983720400000003,[ 0.89503884  0.22182347 -1.10743213],[-0.90639091  0.3460494  -1.25674248]
7.9916397,[ 0.89443129  0.22192471 -1.10772884],[-0.90659803  0.34625506 -1.25686669]
7.999926600000002,[ 0.89381474  0.2219891  -1.10803342],[-0.90680218  0.34642521 -1.25699532]
8.007198200000001,[ 0.89351773  0.22200936 -1.10818195],[-0.90691191  0.3465212  -1.25705206]
8.017335600000003,[ 0.89250892  0.22206627 -1.10865092],[-0.90721339  0.34675825 -1.25721455]
8.0255665,[ 0.89181858  0.22213994 -1.10896266],[-0.90739304  0.34691569 -1.25732648]
8.033133200000002,[ 0.8911007   0.22219206 -1.10929143],[-0.90757889  0.34705549 -1.25743341]
8.041571300000001,[ 0.89034033  0.22222538 -1.10961533],[-0.90776229  0.34715697 -1.25753617]
8.050432800000003,[ 0.88960618  0.22221752 -1.10993385],[-0.90794373  0.34725013 -1.25763917]
8.059520000000003,[ 0.88884336  0.22217396 -1.11024916],[-0.90811378  0.3473112  -1.25774372]
8.066791600000002,[ 0.88807517  0.22212985 -1.11057985],[-0.9082858   0.34736785 -1.25784361]
8.075098500000003,[ 0.8872745   0.22208159 -1.11091363],[-0.90846634  0.34741494 -1.25794172]
8.083662100000002,[ 0.88646054  0.2220438  -1.11127234],[-0.90864295  0.34745955 -1.25803351]
8.0924206,[ 0.88556892  0.22202899 -1.11162758],[-0.90880537  0.34750974 -1.25812125]
8.100445700000002,[ 0.88469958  0.22197765 -1.11200321],[-0.9089492   0.34753752 -1.25820065]
8.109099700000002,[ 0.8838343   0.22184806 -1.1123637 ],[-0.90908456  0.34753311 -1.25828898]
8.118038900000002,[ 0.88292986  0.22174478 -1.11271167],[-0.90920442  0.34751672 -1.2583791 ]
8.125838100000003,[ 0.88202971  0.22160065 -1.11307406],[-0.90931523  0.34749836 -1.25846863]
8.133753600000002,[ 0.88108867  0.2214466  -1.11344731],[-0.90943873  0.34749278 -1.25855374]
8.1416422,[ 0.88011563  0.22131342 -1.11379862],[-0.90953481  0.34747279 -1.25863719]
8.1520729,[ 0.87914306  0.22115111 -1.11419761],[-0.90965223  0.34746012 -1.25872052]
8.1611729,[ 0.87814265  0.22102733 -1.11458826],[-0.90974933  0.34746006 -1.25881207]
8.171467900000003,[ 0.87663531  0.2207804  -1.11515296],[-0.90987939  0.34742764 -1.25896657]
8.1794346,[ 0.87562245  0.22054692 -1.11552477],[-0.90992135  0.34736097 -1.2590754 ]
8.187307700000002,[ 0.87461764  0.22037111 -1.1159066 ],[-0.90998542  0.34728128 -1.25917566]
8.1978738,[ 0.87358546  0.22020581 -1.11629212],[-0.91002768  0.34719729 -1.25928378]
8.206601000000003,[ 0.87251294  0.2200319  -1.11666465],[-0.9100666   0.34710506 -1.25939035]
8.2151271,[ 0.87143028  0.21986477 -1.11707509],[-0.9101032   0.34704664 -1.25949836]
8.2238745,[ 0.870372    0.21972358 -1.11745203],[-0.9101454   0.34698421 -1.25959241]
8.240029900000003,[ 0.8682062   0.21937267 -1.11823177],[-0.91022974  0.3468217  -1.25980854]
8.248110200000003,[ 0.86712146  0.2191797  -1.11861193],[-0.91026729  0.34669116 -1.25991654]
8.2706817,[ 0.86384416  0.21872522 -1.11971164],[-0.91042143  0.34635982 -1.26016128]
8.277848200000001,[ 0.86326659  0.21864991 -1.11990488],[-0.91046876  0.34631333 -1.260203  ]
8.3000653,[ 0.8598811   0.2182997  -1.12097561],[-0.91075277  0.34590513 -1.26039004]
8.308296300000002,[ 0.85877752  0.21818957 -1.12132919],[-0.91083676  0.34572589 -1.26045275]
8.3303154,[ 0.85598934  0.21794966 -1.12218964],[-0.91109854  0.34534332 -1.26057744]
8.338322900000001,[ 0.85482961  0.21790922 -1.12252438],[-0.9112277   0.34520817 -1.26062083]
8.359594000000001,[ 0.85197496  0.21786575 -1.12337935],[-0.91153497  0.34486887 -1.26076484]
8.3692013,[ 0.85085469  0.21786928 -1.12369144],[-0.91162694  0.34468567 -1.26083541]
