0.0007343000000012978,[ 0.77498615  0.29085997 -1.19265592],[-0.82422149  0.31531519 -1.14448488]
0.009194600000000719,[ 0.77468455  0.29082042 -1.19318748],[-0.82436424  0.31529507 -1.1445539 ]
0.017258300000001725,[ 0.77428925  0.290759   -1.19376779],[-0.82452112  0.31530282 -1.14467049]
0.02587710000000243,[ 0.77393419  0.29073048 -1.19434607],[-0.82468659  0.3153221  -1.14477825]
0.03453890000000115,[ 0.7736516   0.2906878  -1.19485021],[-0.82479376  0.31532601 -1.14483583]
0.0425658999999996,[ 0.77342254  0.29060382 -1.19535518],[-0.82488769  0.31530091 -1.14487684]
0.0509719000000004,[ 0.77315527  0.290566   -1.19584405],[-0.82500243  0.31529352 -1.14497244]
0.06068110000000004,[ 0.77279681  0.29054347 -1.19670844],[-0.82520258  0.31529248 -1.14515364]
0.06982470000000163,[ 0.77256495  0.29050627 -1.19720376],[-0.82530296  0.31527674 -1.14522266]
0.07755219999999952,[ 0.77243137  0.29051131 -1.19769442],[-0.82539302  0.31524804 -1.14526236]
0.08578160000000068,[ 0.7722429   0.29054517 -1.19814479],[-0.82550609  0.31524357 -1.14535618]
0.09493409999999969,[ 0.77204084  0.29055598 -1.19861066],[-0.82565337  0.31522977 -1.14548504]
0.1029131999999997,[ 0.7719568   0.29058731 -1.19913137],[-0.82576066  0.31522995 -1.1455884 ]
0.11078850000000173,[ 0.77188122  0.29058209 -1.19958711],[-0.82585377  0.3151837  -1.14568341]
0.11902600000000163,[ 0.77181691  0.29058939 -1.20004475],[-0.82594126  0.31513622 -1.14577901]
0.1269915000000026,[ 0.77172256  0.29064298 -1.20054173],[-0.82606     0.31512967 -1.14589334]
0.13416670000000153,[ 0.77163732  0.29062986 -1.20077956],[-0.82612669  0.3151207  -1.14597607]
0.1434443000000023,[ 0.77157116  0.29067662 -1.20145583],[-0.82632422  0.31509671 -1.1461736 ]
0.15092170000000138,[ 0.77155995  0.2906833  -1.20164561],[-0.82636929  0.31508034 -1.14622569]
0.15948060000000197,[ 0.77151018  0.2906523  -1.20203292],[-0.82647073  0.31504405 -1.14633   ]
0.16735630000000157,[ 0.77153307  0.29068628 -1.20248175],[-0.82660788  0.31501025 -1.14647889]
0.17573379999999972,[ 0.77149779  0.29069892 -1.20293057],[-0.82675809  0.31499466 -1.14664316]
0.18431089999999983,[ 0.77149749  0.29068893 -1.20334339],[-0.82690227  0.3149716  -1.14678156]
0.1940564000000009,[ 0.77153772  0.29065913 -1.20388532],[-0.82707942  0.3149319  -1.14695179]
0.20255540000000138,[ 0.77154142  0.2906639  -1.20428097],[-0.82722938  0.314935   -1.14708054]
0.2106722000000012,[ 0.77152735  0.29066688 -1.20472407],[-0.8274129   0.31495976 -1.14724243]
0.21925500000000042,[ 0.77154893  0.29067439 -1.20510101],[-0.82757986  0.31496608 -1.14740181]
0.22731660000000176,[ 0.77160847  0.29065797 -1.20544231],[-0.82773167  0.31495172 -1.1475327 ]
0.23628220000000155,[ 0.77163112  0.29059628 -1.20576656],[-0.82790118  0.31492862 -1.14767253]
0.24407790000000062,[ 0.77169019  0.29062954 -1.20614672],[-0.82810718  0.31493068 -1.14785028]
0.25286970000000153,[ 0.7717461   0.29064411 -1.20654058],[-0.82831162  0.31495577 -1.14802897]
0.2606730000000006,[ 0.77177238  0.29062542 -1.20687914],[-0.8284843   0.31493977 -1.14817703]
0.2701449000000018,[ 0.77187258  0.29062405 -1.20719945],[-0.82866919  0.31492159 -1.14829123]
0.27805250000000115,[ 0.7719174   0.29061687 -1.20752609],[-0.82885545  0.31493217 -1.14841998]
0.2856504000000015,[ 0.77195132  0.29062799 -1.20789194],[-0.82905126  0.3149322  -1.14857948]
0.29412669999999963,[ 0.77199632  0.29064369 -1.20821214],[-0.82923466  0.31492618 -1.14872408]
0.3023972000000015,[ 0.77208108  0.29061109 -1.20850241],[-0.82940066  0.31490046 -1.1488452 ]
0.3109465,[ 0.77217889  0.29057947 -1.20879126],[-0.82955307  0.31486344 -1.14895594]
0.31902260000000027,[ 0.77226746  0.29058769 -1.20913291],[-0.82973367  0.31485838 -1.14909899]
0.32739779999999996,[ 0.77232319  0.29063308 -1.20948434],[-0.82993549  0.31486827 -1.1492635 ]
0.3357592999999994,[ 0.77240211  0.2906616  -1.20978427],[-0.83010656  0.31486455 -1.14940178]
0.34383530000000206,[ 0.77251732  0.29066327 -1.2100364 ],[-0.83023554  0.3148309  -1.14949214]
0.3507175999999994,[ 0.77257878  0.29066241 -1.21016014],[-0.8303023   0.31481206 -1.14954245]
0.3586453000000027,[ 0.77268177  0.29071444 -1.21044004],[-0.83043206  0.31478989 -1.14965713]
0.36581800000000086,[ 0.7727713   0.29078916 -1.21073568],[-0.83056837  0.31475723 -1.14981937]
0.3738619000000014,[ 0.77288139  0.29082561 -1.21099794],[-0.83068633  0.31470066 -1.14993954]
0.3815146000000027,[ 0.77303594  0.29083148 -1.21123695],[-0.83076847  0.3146362  -1.15003049]
0.39037010000000194,[ 0.77317286  0.29086521 -1.21147907],[-0.8308472   0.31457901 -1.15012157]
0.3982252000000024,[ 0.773287    0.29095355 -1.21172976],[-0.83093721  0.31454891 -1.15023124]
0.40676920000000294,[ 0.77339315  0.29103938 -1.21197867],[-0.8310293   0.31449732 -1.15035474]
0.41492850000000203,[ 0.77353615  0.29109478 -1.2121948 ],[-0.83109599  0.3144168  -1.1504333 ]
0.4238273000000028,[ 0.77371216  0.29113677 -1.21238649],[-0.83113837  0.31430966 -1.15050232]
0.4318388000000013,[ 0.77388203  0.29122245 -1.2126056 ],[-0.83117646  0.31423354 -1.15058696]
0.44001260000000286,[ 0.77403891  0.29132465 -1.21283221],[-0.83123332  0.31415147 -1.150702  ]
0.4486011000000012,[ 0.77419525  0.29142436 -1.21304011],[-0.83128768  0.31407434 -1.15079319]
0.4570859000000027,[ 0.77439368  0.29152748 -1.21321833],[-0.83130789  0.31399572 -1.15086043]
0.4649000000000001,[ 0.77459407  0.2916548  -1.21338665],[-0.83129704  0.31394354 -1.15092337]
0.47174080000000274,[ 0.77468151  0.2917349  -1.21348321],[-0.83129328  0.31391668 -1.15097487]
0.48033550000000247,[ 0.77485269  0.29190898 -1.21367216],[-0.83129787  0.31384364 -1.15109515]
0.48810160000000025,[ 0.77504086  0.29207695 -1.21384704],[-0.83130431  0.31376213 -1.15119779]
0.4958410000000022,[ 0.77526397  0.29220572 -1.21397901],[-0.83126223  0.31366831 -1.15130198]
0.5047192000000003,[ 0.77550703  0.29233533 -1.21410239],[-0.83119428  0.31357697 -1.15137899]
0.512808500000002,[ 0.77571344  0.29248819 -1.21423697],[-0.83112788  0.31349865 -1.15147996]
0.5205649000000001,[ 0.77589476  0.2926591  -1.21435666],[-0.831083    0.31341428 -1.15160072]
0.5283596000000017,[ 0.77607733  0.29281369 -1.21445799],[-0.83102447  0.31333479 -1.15169668]
0.535797800000001,[ 0.77628177  0.29296502 -1.21451402],[-0.83091903  0.31323469 -1.15177441]
0.5440059999999995,[ 0.77647847  0.29312265 -1.2145586 ],[-0.83080709  0.31312373 -1.15185821]
0.5508839999999999,[ 0.77658302  0.29321492 -1.21458232],[-0.83075976  0.31306964 -1.15189862]
0.5591870000000014,[ 0.7767579   0.2934027  -1.21464598],[-0.8306703   0.31294051 -1.15199077]
0.5675565999999996,[ 0.77695161  0.29358947 -1.21469736],[-0.83056182  0.31277922 -1.15206623]
0.5757195000000017,[ 0.77717274  0.29376689 -1.21470642],[-0.83041543  0.31262216 -1.15209484]
0.5839110000000005,[ 0.77738494  0.29395139 -1.21469951],[-0.83025342  0.3124119  -1.15212548]
0.5928500999999997,[ 0.77757382  0.29415283 -1.21471512],[-0.83010238  0.31222379 -1.15214729]
0.6010413000000021,[ 0.77774173  0.29434571 -1.21472752],[-0.82995814  0.3120001  -1.15218186]
0.6106934000000024,[ 0.77807754  0.29457995 -1.21471107],[-0.82974505  0.31162545 -1.15213501]
0.6189601000000025,[ 0.77832574  0.29472771 -1.21470213],[-0.8295911   0.31131732 -1.15212297]
0.6260216000000014,[ 0.77844954  0.29479373 -1.21469498],[-0.82953387  0.31113476 -1.15210509]
0.6533922000000025,[ 0.77855814  0.29486981 -1.21471143],[-0.82948196  0.31089756 -1.15207601]
0.6635267999999996,[ 0.77943289  0.29542375 -1.21470952],[-0.82916439  0.30871132 -1.15171599]
0.6732171000000022,[ 0.77977073  0.29561338 -1.21476424],[-0.82873029  0.30773225 -1.15121913]
0.6835547999999996,[ 0.78001213  0.29573631 -1.21480608],[-0.8285557   0.30703303 -1.15093255]
0.6922563000000004,[ 0.78026247  0.29583037 -1.21483433],[-0.8283866   0.30628711 -1.15063334]
0.7020488,[ 0.78062195  0.29596299 -1.21488953],[-0.82819033  0.30513617 -1.15012026]
0.7089816000000013,[ 0.78072542  0.29601645 -1.21492171],[-0.82812244  0.30471793 -1.14994395]
0.7170100999999995,[ 0.78092855  0.29610702 -1.21500099],[-0.82800949  0.30390319 -1.14963126]
0.7257967000000001,[ 0.78115308  0.29616785 -1.21507382],[-0.82793081  0.30301139 -1.14922464]
0.7357375000000026,[ 0.78151214  0.2962321  -1.21516621],[-0.82781237  0.30165425 -1.14856601]
0.7439988,[ 0.78171897  0.29628634 -1.21524978],[-0.82773656  0.3006852  -1.14812243]
0.7525244999999998,[ 0.78189534  0.29632607 -1.21534789],[-0.82768101  0.29973793 -1.1476531 ]
0.7607254000000019,[ 0.78205013  0.29636353 -1.2154032 ],[-0.82761317  0.29868177 -1.14716423]
0.7686051999999997,[ 0.78221118  0.29638052 -1.21545386],[-0.82757539  0.29771405 -1.1466186 ]
0.7779702999999998,[ 0.78234702  0.29642075 -1.21551096],[-0.82756883  0.2967355  -1.14612806]
0.786086000000001,[ 0.78244686  0.29647771 -1.21558392],[-0.82758349  0.29567143 -1.14562023]
0.7944449999999996,[ 0.78254664  0.29651883 -1.21564817],[-0.82758886  0.29467589 -1.1450932 ]
0.8029798000000028,[ 0.78265673  0.29655331 -1.21569908],[-0.82757616  0.29373014 -1.14454794]
0.8114355000000018,[ 0.78276229  0.2965931  -1.2157495 ],[-0.82759917  0.29278198 -1.14399886]
0.8196933000000008,[ 0.78286701  0.29664391 -1.2158016 ],[-0.82773978  0.2918669  -1.14356244]
0.8272481999999997,[ 0.78293818  0.29669285 -1.21587586],[-0.82785046  0.29088512 -1.14316618]
0.8353341000000007,[ 0.78300458  0.29675621 -1.21593702],[-0.82786864  0.2898894  -1.14255142]
0.8423566000000022,[ 0.7830314   0.29678172 -1.21596158],[-0.82787848  0.28944963 -1.14224339]
0.8509896000000019,[ 0.78308403  0.29684463 -1.21599185],[-0.82794297  0.2885415  -1.14171398]
0.8589927000000017,[ 0.78312564  0.29690862 -1.21603811],[-0.82798958  0.28767705 -1.14124691]
0.8688195000000007,[ 0.7831291   0.29703012 -1.21611154],[-0.82815361  0.28632945 -1.14057207]
0.8756704000000006,[ 0.78313488  0.29706419 -1.21613812],[-0.82820743  0.28588861 -1.14034462]
0.8855086000000014,[ 0.78315479  0.29717696 -1.21617019],[-0.82829279  0.28462878 -1.13966405]
0.8925539000000029,[ 0.78316391  0.2972064  -1.21618104],[-0.82835203  0.28422073 -1.13944888]
0.9008089000000012,[ 0.7831617   0.29727909 -1.2162087 ],[-0.82842195  0.2834515  -1.13900363]
0.9085411000000008,[ 0.78313363  0.29734817 -1.21625817],[-0.82854295  0.28264692 -1.13861454]
0.9159451000000018,[ 0.78310978  0.2974115  -1.21628451],[-0.8286714   0.28183952 -1.13827729]
0.9234410000000004,[ 0.78310585  0.29744607 -1.21628726],[-0.82875025  0.28111479 -1.13787258]
0.9318687000000025,[ 0.78308755  0.29743871 -1.21630073],[-0.82885826  0.2804172  -1.13745892]
0.9432026000000029,[ 0.783059    0.29743963 -1.21632516],[-0.82899356  0.27974331 -1.1370697 ]
0.9536589000000006,[ 0.78299755  0.29739267 -1.21636856],[-0.82919109  0.2786718  -1.13650036]
0.9616582999999999,[ 0.782969    0.29732269 -1.21635604],[-0.82931364  0.27802876 -1.13616276]
0.9693560000000012,[ 0.7829482   0.29721498 -1.21635497],[-0.82944703  0.27738124 -1.13582146]
0.9778720000000014,[ 0.78288954  0.29710162 -1.21639025],[-0.82960051  0.27675009 -1.13550222]
0.985808500000001,[ 0.78281486  0.29700536 -1.21643484],[-0.82969928  0.2761665  -1.13519466]
0.9924073,[ 0.78278428  0.29694775 -1.21645057],[-0.8297587   0.27587155 -1.13503647]
1.0012138000000022,[ 0.78274149  0.29679689 -1.21646976],[-0.82988405  0.2752459  -1.13469923]
1.0090849000000013,[ 0.78269875  0.29664257 -1.21647573],[-0.82998335  0.27464929 -1.13439918]
1.017437900000001,[ 0.78263336  0.29646406 -1.21653247],[-0.83008933  0.27400517 -1.13412273]
1.0260995000000008,[ 0.78256392  0.29630807 -1.2165972 ],[-0.83020771  0.27338132 -1.13383305]
1.0345706000000021,[ 0.78250295  0.29611701 -1.21664667],[-0.83031243  0.27283615 -1.13355732]
1.0426108999999997,[ 0.78244883  0.29592472 -1.2166456 ],[-0.83039927  0.2722545  -1.13327634]
1.0523792000000007,[ 0.78232408  0.29558533 -1.21670032],[-0.83055377  0.27141094 -1.13283491]
1.0606797000000014,[ 0.78220427  0.29538113 -1.21676052],[-0.83068401  0.2708329  -1.13258505]
1.0691002000000012,[ 0.78206688  0.29516351 -1.21680748],[-0.83076543  0.27024099 -1.13231575]
1.0773620000000008,[ 0.78196985  0.2949034  -1.21678627],[-0.83086222  0.26969662 -1.13201582]
1.0856390000000005,[ 0.78184503  0.29464799 -1.21681666],[-0.83095986  0.26919618 -1.13171411]
1.0942889000000022,[ 0.78171414  0.29442042 -1.21689212],[-0.8310771   0.26866692 -1.1314373 ]
1.1025025,[ 0.78158426  0.29420742 -1.21698797],[-0.83121288  0.26809266 -1.13111544]
1.110755000000001,[ 0.78147733  0.29397064 -1.21704805],[-0.83133656  0.26751333 -1.1308111 ]
1.1191870000000002,[ 0.78137106  0.29374835 -1.21709335],[-0.83146411  0.26696655 -1.13052011]
1.127532500000001,[ 0.7812404   0.29354846 -1.21716881],[-0.83158469  0.26644665 -1.13021874]
1.1357441000000001,[ 0.78109372  0.29334778 -1.2172662 ],[-0.83168721  0.26593024 -1.12987149]
1.1446928000000014,[ 0.78094971  0.29314867 -1.21736026],[-0.8317728   0.26540762 -1.12954104]
1.1524579000000017,[ 0.78084141  0.2929258  -1.21743667],[-0.83189493  0.26485488 -1.12921154]
1.1607411000000027,[ 0.78073525  0.29270527 -1.21750665],[-0.83193439  0.26432338 -1.1288693 ]
1.1690661999999996,[ 0.78061301  0.29250813 -1.21759868],[-0.83191329  0.26386073 -1.12847543]
1.1778390000000023,[ 0.78048837  0.2923128  -1.2177031 ],[-0.83209151  0.26326782 -1.12825155]
1.186107100000001,[ 0.78037328  0.29213965 -1.21778142],[-0.83230859  0.26263422 -1.12803006]
1.1946433000000027,[ 0.78025615  0.29196438 -1.21783745],[-0.83239621  0.26211184 -1.12771845]
1.2031226000000004,[ 0.78014207  0.29178888 -1.21790397],[-0.83245969  0.26164532 -1.12739193]
1.210699100000003,[ 0.78000158  0.29162759 -1.21799064],[-0.83256811  0.26112211 -1.12704766]
1.219176100000002,[ 0.77986282  0.29145622 -1.21809125],[-0.83259618  0.26053682 -1.12668109]
1.2272438,[ 0.77973378  0.29125786 -1.21816552],[-0.83268505  0.25994062 -1.1264317 ]
1.2356519000000006,[ 0.77959585  0.29106262 -1.21822715],[-0.83277667  0.25937721 -1.12620497]
1.2428301000000026,[ 0.77951711  0.29097643 -1.21826661],[-0.83284146  0.25912613 -1.12610507]
1.2514454000000015,[ 0.77935559  0.29079291 -1.21835554],[-0.83296013  0.25863001 -1.12589681]
1.2610915000000027,[ 0.77911961  0.29055333 -1.218485  ],[-0.83310682  0.25791636 -1.12559998]
1.2703313000000023,[ 0.77898538  0.29037088 -1.21855235],[-0.83316851  0.25741097 -1.12536585]
1.2782215000000008,[ 0.77884078  0.29017287 -1.21860063],[-0.83324265  0.25687808 -1.12514365]
1.2865363000000016,[ 0.77866822  0.28996795 -1.21868646],[-0.83331764  0.25636616 -1.12495804]
1.295557200000001,[ 0.77850056  0.28976989 -1.21878099],[-0.83339864  0.25584871 -1.12478805]
1.3032128000000007,[ 0.77838606  0.28950989 -1.21889329],[-0.83344126  0.25536197 -1.12459981]
1.3113301000000028,[ 0.77823609  0.28929156 -1.21895123],[-0.8334896   0.25488824 -1.12434888]
1.3190627,[ 0.778072    0.28909206 -1.21902978],[-0.83351904  0.25446349 -1.12412846]
1.3275527000000018,[ 0.77790719  0.2889165  -1.2191397 ],[-0.8335712   0.25403121 -1.1239481 ]
1.3358015000000023,[ 0.77769822  0.28879428 -1.21920574],[-0.83361727  0.25356284 -1.12378407]
1.344197900000001,[ 0.77756643  0.28858665 -1.21927953],[-0.83366823  0.25308913 -1.12362039]
1.352218200000003,[ 0.77744436  0.28835973 -1.21934032],[-0.83369946  0.2526288  -1.12347806]
1.3617513000000017,[ 0.77732784  0.28815743 -1.21944284],[-0.83375788  0.25220603 -1.12333679]
1.3695721000000027,[ 0.77721113  0.28798482 -1.2195555 ],[-0.83380383  0.25183648 -1.12322521]
1.3776411000000017,[ 0.77711594  0.28780025 -1.21963656],[-0.83384669  0.25149533 -1.1230793 ]
1.3860039000000022,[ 0.77707624  0.28755072 -1.21974385],[-0.8338694   0.25119472 -1.12290239]
1.3937518000000004,[ 0.77699423  0.28733665 -1.21983624],[-0.83391249  0.2508992  -1.1227231 ]
1.4012772000000027,[ 0.7769472   0.28723288 -1.21990275],[-0.83393198  0.25074449 -1.12264335]
1.4105629999999998,[ 0.77682662  0.28694877 -1.22007918],[-0.83396029  0.25029871 -1.12243712]
1.4188507000000001,[ 0.77678603  0.28674039 -1.22017562],[-0.83397692  0.25000164 -1.12230515]
1.4273416999999995,[ 0.77672613  0.28657937 -1.2202369 ],[-0.83398581  0.249709   -1.12215126]
1.4362230000000018,[ 0.77673846  0.28635207 -1.22039902],[-0.83399916  0.24942605 -1.12202382]
1.4441198000000028,[ 0.7766493   0.28626481 -1.22049367],[-0.83403248  0.24916571 -1.12190986]
1.4528464999999997,[ 0.77666199  0.28609192 -1.22065639],[-0.83405012  0.24894893 -1.12177587]
1.460752000000003,[ 0.77667314  0.28596729 -1.22074807],[-0.83405364  0.24873365 -1.12163746]
1.4690684000000012,[ 0.77668238  0.28584617 -1.22085416],[-0.83404911  0.24854095 -1.1215179 ]
1.477877600000003,[ 0.77669495  0.28576928 -1.22098768],[-0.83405483  0.24834999 -1.12144458]
1.486975600000001,[ 0.77670592  0.2856926  -1.22111404],[-0.83405155  0.24816804 -1.12138021]
1.4985671000000025,[ 0.77674991  0.28559041 -1.22127318],[-0.83400631  0.24791865 -1.12125218]
1.5072699000000007,[ 0.77676445  0.28554931 -1.2213819 ],[-0.83397865  0.24777344 -1.12117219]
1.5163964000000014,[ 0.77675807  0.28555799 -1.22149444],[-0.83396828  0.24766687 -1.12111807]
1.5261177000000004,[ 0.77674252  0.28558314 -1.22160208],[-0.83396888  0.24762502 -1.12103796]
1.537649400000003,[ 0.7767337   0.28564379 -1.22173095],[-0.8339144   0.24746081 -1.12091696]
1.5480207999999998,[ 0.77673417  0.28573433 -1.22184336],[-0.83383799  0.24727701 -1.12081707]
1.5565203000000025,[ 0.77670133  0.28582463 -1.22194505],[-0.83381367  0.24714829 -1.12078834]
1.5649741000000006,[ 0.77669698  0.28592983 -1.2220366 ],[-0.83377939  0.24704459 -1.1207329 ]
1.5748701000000018,[ 0.77669102  0.2860249  -1.22210968],[-0.83373135  0.24695373 -1.12066138]
1.5825432,[ 0.77668905  0.28612989 -1.22218299],[-0.83366805  0.24689274 -1.12057185]
1.5912491000000024,[ 0.77668512  0.28625587 -1.2222625 ],[-0.83361566  0.24684027 -1.12049651]
1.598155300000002,[ 0.77666879  0.2864041  -1.22235084],[-0.83357012  0.24680722 -1.12043107]
1.6065891000000008,[ 0.77664316  0.28654283 -1.22241592],[-0.83352071  0.24674186 -1.12037456]
1.6151633000000025,[ 0.77665573  0.28665119 -1.22247565],[-0.8334775   0.24665959 -1.12029958]
1.6236770000000007,[ 0.77665198  0.28678447 -1.22253335],[-0.83342659  0.24658316 -1.12021279]
1.6319870000000023,[ 0.77664346  0.28694496 -1.22260988],[-0.8333773   0.24651675 -1.12012577]
1.6406367000000017,[ 0.77663046  0.28714326 -1.22267902],[-0.83333069  0.24644558 -1.12002277]
1.6487320000000025,[ 0.77664155  0.287305   -1.22274399],[-0.83328068  0.24635848 -1.11991835]
1.6564368000000016,[ 0.77664375  0.28745136 -1.22279859],[-0.83324885  0.24626046 -1.11979997]
1.6650196000000008,[ 0.77666283  0.28760317 -1.22287774],[-0.83322144  0.24613936 -1.11971235]
1.6731930000000013,[ 0.77668011  0.28776601 -1.22296119],[-0.83323193  0.24605809 -1.11961305]
1.681810800000001,[ 0.77673846  0.28789568 -1.2230444 ],[-0.83324307  0.24595544 -1.11952555]
1.6898744000000008,[ 0.77680051  0.28800917 -1.22312474],[-0.83322227  0.24581584 -1.11943531]
1.6989315000000005,[ 0.77686536  0.2881017  -1.22320318],[-0.83319187  0.24569093 -1.11933506]
1.7065070999999996,[ 0.77690172  0.28819251 -1.22329831],[-0.83317286  0.24560097 -1.11925185]
1.715448600000002,[ 0.77693999  0.28830948 -1.22338951],[-0.83317047  0.24551734 -1.11917281]
1.7231271000000028,[ 0.7769872   0.28838673 -1.2234838 ],[-0.83314818  0.24540971 -1.11908948]
1.7315713000000024,[ 0.77701235  0.28845125 -1.22353554],[-0.83311856  0.24530041 -1.11898971]
1.7400762000000007,[ 0.77704734  0.28852931 -1.22358823],[-0.83308309  0.24518599 -1.11890364]
1.7481507,[ 0.77707356  0.2886357  -1.22364163],[-0.83305079  0.24509233 -1.11883986]
1.7565774000000012,[ 0.77709323  0.2887066  -1.22369969],[-0.83303517  0.2449889  -1.11876261]
1.7649485000000027,[ 0.77709705  0.2887947  -1.22375119],[-0.83301604  0.24488606 -1.11867785]
1.7745397000000018,[ 0.7771256   0.28889138 -1.2237947 ],[-0.83299804  0.24478132 -1.11858404]
1.7823016000000003,[ 0.77715361  0.28899816 -1.22386384],[-0.83297813  0.2447117  -1.11851037]
1.7911870000000008,[ 0.77717298  0.28912583 -1.22392762],[-0.83295745  0.24464677 -1.11844158]
1.7991531000000016,[ 0.77717525  0.28924489 -1.22398901],[-0.83292466  0.24455614 -1.11836934]
1.8071009000000018,[ 0.77719516  0.28934693 -1.22403133],[-0.83287346  0.244459   -1.11828065]
1.8154818000000006,[ 0.77721065  0.28949139 -1.22407699],[-0.8328197   0.24437086 -1.1182034 ]
1.8240985000000016,[ 0.77719671  0.28967762 -1.22413361],[-0.83278704  0.24430872 -1.118155  ]
1.8320536000000018,[ 0.77718157  0.28987372 -1.22419763],[-0.83275497  0.24427316 -1.1181308 ]
1.8405176000000019,[ 0.77716023  0.2900672  -1.22423577],[-0.83271682  0.24427001 -1.11805403]
1.8491700000000009,[ 0.7771607   0.29026869 -1.22425604],[-0.83266485  0.24424987 -1.11799598]
1.8577779999999997,[ 0.77714342  0.29047626 -1.22427237],[-0.83260006  0.24422334 -1.11796379]
1.8661808999999998,[ 0.77711642  0.2907024  -1.22430623],[-0.83254313  0.24421081 -1.11795259]
1.873856,[ 0.7770974   0.290905   -1.22433937],[-0.83248442  0.24418595 -1.11794782]
1.8817791000000028,[ 0.77709293  0.29107171 -1.22435093],[-0.8324126   0.24415876 -1.11792624]
1.8898478999999995,[ 0.77709872  0.29125652 -1.22435439],[-0.83233929  0.24416533 -1.11792219]
1.8982644000000022,[ 0.77708459  0.29148006 -1.22438085],[-0.8322596   0.24421977 -1.11791146]
1.9065639000000019,[ 0.77700442  0.29175955 -1.22438252],[-0.83219349  0.24429438 -1.1179204 ]
1.9155590999999994,[ 0.77704692  0.2919223  -1.22442949],[-0.83213133  0.24440235 -1.11791587]
1.9231629000000012,[ 0.77703989  0.29213208 -1.22443008],[-0.83205271  0.24448191 -1.11790407]
1.9320749,[ 0.77703774  0.29236293 -1.22443366],[-0.83196032  0.24455157 -1.11791778]
1.940010700000002,[ 0.77695012  0.29262838 -1.22442508],[-0.83188063  0.24463691 -1.11794388]
1.9482131000000003,[ 0.77692854  0.29281059 -1.2244432 ],[-0.83182245  0.2447141  -1.11798441]
1.9564893000000012,[ 0.77691007  0.29297787 -1.22444928],[-0.83174902  0.2447959  -1.11800885]
1.9648995000000014,[ 0.77694905  0.29309708 -1.22447991],[-0.83168143  0.2449244  -1.11801219]
1.9732613000000008,[ 0.77693129  0.29325438 -1.22450459],[-0.83160776  0.24507484 -1.11804163]
1.980346100000002,[ 0.77692068  0.2933374  -1.22451961],[-0.8315742   0.24515674 -1.11805379]
1.9896805000000022,[ 0.77689993  0.29351297 -1.22455204],[-0.83145821  0.24540725 -1.11807406]
1.9966361,[ 0.7769047   0.29355815 -1.22455037],[-0.83141941  0.24549663 -1.11807907]
2.006588100000002,[ 0.77691883  0.29372191 -1.22456193],[-0.83129936  0.24573253 -1.11810207]
2.0150087000000028,[ 0.77693009  0.29381537 -1.22458112],[-0.83124065  0.24589843 -1.1181227 ]
2.0231829999999995,[ 0.77693784  0.29390854 -1.22460616],[-0.83119303  0.2460603  -1.1181227 ]
2.031819800000001,[ 0.77695358  0.2940003  -1.22462392],[-0.8311429   0.24624068 -1.11811364]
2.0398713000000015,[ 0.77697182  0.29406658 -1.22464144],[-0.83109695  0.24644691 -1.11810315]
2.047045100000002,[ 0.77698082  0.2941094  -1.22465193],[-0.83108306  0.24658115 -1.11808062]
2.0564649000000017,[ 0.77701348  0.29421741 -1.22471094],[-0.83103877  0.24689253 -1.11805987]
2.0658088000000028,[ 0.77703732  0.29424766 -1.22473681],[-0.83100688  0.24706157 -1.11804879]
2.0732366000000013,[ 0.77707464  0.29427835 -1.22476304],[-0.83095908  0.2472164  -1.11805081]
2.0816459000000016,[ 0.77711844  0.29430157 -1.2247858 ],[-0.83091444  0.24738865 -1.11802721]
2.0898600000000016,[ 0.7771588   0.29431233 -1.22482359],[-0.83088756  0.24756713 -1.11802351]
2.0986109000000006,[ 0.77719814  0.29433519 -1.22486937],[-0.83086133  0.24777879 -1.11801255]
2.106526200000001,[ 0.77724761  0.2943646  -1.22491026],[-0.83081532  0.24798825 -1.11801171]
2.1155088000000006,[ 0.77732474  0.29437819 -1.2249341 ],[-0.83077002  0.24818896 -1.11800373]
2.1237247000000004,[ 0.77741003  0.29440156 -1.22496974],[-0.83073539  0.24838175 -1.11801875]
2.132119900000003,[ 0.77744615  0.29447511 -1.22497725],[-0.83071929  0.24856977 -1.11801219]
2.140291600000001,[ 0.77754349  0.29452187 -1.22501481],[-0.83070254  0.24874437 -1.11803961]
2.148840200000002,[ 0.77767366  0.29456398 -1.22505069],[-0.83068031  0.24892163 -1.11802125]
2.1568042,[ 0.77779502  0.29460606 -1.22507   ],[-0.83067143  0.24908234 -1.11802268]
2.1648194000000025,[ 0.77791971  0.2946569  -1.22510362],[-0.83067167  0.24925588 -1.1180042 ]
2.173369600000001,[ 0.77807301  0.29468167 -1.22515988],[-0.83069026  0.24942741 -1.1179986 ]
2.1815957000000026,[ 0.77820432  0.29474089 -1.22517335],[-0.83070922  0.24963376 -1.11797583]
2.1898794000000024,[ 0.77835035  0.29479322 -1.22517335],[-0.83071733  0.24977879 -1.11796415]
2.198314200000002,[ 0.77848822  0.29483056 -1.22514653],[-0.83069229  0.24988435 -1.11794186]
2.2071098000000013,[ 0.77860725  0.29488528 -1.22513235],[-0.83069462  0.24998957 -1.11792839]
2.2154220000000002,[ 0.77871251  0.29495233 -1.22511935],[-0.83070552  0.2500976  -1.11793685]
2.2271841000000023,[ 0.7788294   0.29497644 -1.22509658],[-0.83071256  0.25020343 -1.11792278]
2.2396039000000023,[ 0.7788294   0.29497644 -1.22509658],[-0.83071256  0.25020343 -1.11792278]
2.254554200000001,[ 0.77911353  0.29511404 -1.2249018 ],[-0.830733    0.25055453 -1.11785805]
2.2627307000000023,[ 0.77926326  0.2950747  -1.22488236],[-0.83074987  0.25059381 -1.11784661]
2.2719440000000013,[ 0.77929258  0.29512686 -1.22479367],[-0.8307575   0.25063831 -1.11780941]
2.2821517,[ 0.77942151  0.29510793 -1.2247262 ],[-0.83077663  0.25073296 -1.1177547 ]
2.2899264000000024,[ 0.77945745  0.29512453 -1.22467077],[-0.83080858  0.2507807  -1.11774588]
2.2985541000000005,[ 0.77949786  0.29511142 -1.22460449],[-0.83083344  0.25081113 -1.11773288]
2.3067770000000003,[ 0.77953655  0.2950699  -1.22452188],[-0.83085227  0.25083804 -1.11771047]
2.3153786000000025,[ 0.77955216  0.29503101 -1.22444475],[-0.83086842  0.25093821 -1.11766446]
2.323648000000002,[ 0.77956188  0.29499292 -1.22436488],[-0.83089221  0.2509917  -1.11763799]
2.331341000000002,[ 0.77957189  0.29491901 -1.22427654],[-0.83089423  0.25097722 -1.11761248]
2.338999300000001,[ 0.77957946  0.29487443 -1.22422707],[-0.83089793  0.25096372 -1.11759412]
2.349291100000002,[ 0.77958149  0.29476354 -1.2240963 ],[-0.83093148  0.2508921  -1.11754382]
2.358117100000001,[ 0.7795741   0.29470149 -1.22402573],[-0.83096516  0.25085422 -1.11751616]
2.3654957000000003,[ 0.77956003  0.2946305  -1.22397077],[-0.83099353  0.25080326 -1.11749005]
2.3738925,[ 0.77954322  0.29455355 -1.2239157 ],[-0.83102047  0.25072476 -1.11745977]
2.3823120000000024,[ 0.77954274  0.29444999 -1.22385108],[-0.83103436  0.25063503 -1.11741352]
2.3905688000000005,[ 0.77954209  0.29433945 -1.2237823 ],[-0.83103526  0.25053123 -1.11737442]
2.3989904000000024,[ 0.77949721  0.29425421 -1.22372031],[-0.83104765  0.25041288 -1.11733782]
2.406515200000001,[ 0.77949029  0.29414487 -1.22368181],[-0.83105177  0.25028691 -1.11730003]
2.4150820000000017,[ 0.77947617  0.29405481 -1.22363091],[-0.83105206  0.25017542 -1.11724675]
2.4236579999999996,[ 0.77945048  0.29394239 -1.22359324],[-0.83106154  0.25005439 -1.11719131]
2.4317855,[ 0.77943277  0.2938287  -1.22354877],[-0.83107561  0.2499207  -1.11712444]
2.439897000000002,[ 0.77941364  0.29372036 -1.22352052],[-0.83109814  0.24979199 -1.11706984]
2.447889400000001,[ 0.77938479  0.29359245 -1.22348154],[-0.83110625  0.24964884 -1.11701035]
2.4564774000000007,[ 0.77938324  0.29345837 -1.2234627 ],[-0.83112603  0.24950472 -1.11692154]
2.465484,[ 0.77936435  0.29332    -1.22342503],[-0.83113474  0.24933003 -1.11682749]
2.473168000000001,[ 0.77935213  0.29319632 -1.22340775],[-0.83115757  0.24911653 -1.11674201]
2.481503400000001,[ 0.77932584  0.29309061 -1.22338617],[-0.8312034   0.24893042 -1.1166302 ]
2.4897614000000026,[ 0.77930856  0.29298028 -1.22335684],[-0.83123958  0.24875854 -1.11653984]
2.498690100000001,[ 0.77930814  0.2928727  -1.22332156],[-0.83127564  0.24857047 -1.11640966]
2.506687600000003,[ 0.77930748  0.29275167 -1.22328782],[-0.83132333  0.24833854 -1.11629605]
2.5158497000000004,[ 0.77928996  0.29264274 -1.22324467],[-0.83138609  0.24807702 -1.11617076]
2.523594000000003,[ 0.7793023   0.29252991 -1.22321439],[-0.83144456  0.24781379 -1.11601734]
2.532336100000002,[ 0.77932119  0.29242724 -1.22316098],[-0.83151621  0.24754901 -1.11584079]
2.5405310000000014,[ 0.77933097  0.29233983 -1.22310507],[-0.8315751   0.2472966  -1.11565864]
2.5482985000000014,[ 0.77933931  0.29229152 -1.22305191],[-0.83165056  0.2470534  -1.1154989 ]
2.5563995000000013,[ 0.77934164  0.29225397 -1.22300148],[-0.83171147  0.24680267 -1.11534727]
2.5648348,[ 0.77934837  0.2922129  -1.22294343],[-0.83180481  0.24653624 -1.1151855 ]
2.5732455000000023,[ 0.7793833   0.29216883 -1.22287297],[-0.83189875  0.24623956 -1.11502743]
2.5816148000000005,[ 0.77940625  0.29213908 -1.2227906 ],[-0.8319959   0.24595876 -1.11485589]
2.5905565000000017,[ 0.77943051  0.29213732 -1.22271097],[-0.83209151  0.24569686 -1.11469209]
2.5984882999999996,[ 0.77944368  0.29215062 -1.22261965],[-0.83217013  0.24546    -1.11453998]
2.607681900000003,[ 0.77947617  0.29217348 -1.22252595],[-0.83224744  0.24522908 -1.11440909]
2.6159026999999995,[ 0.77950627  0.29220387 -1.22241402],[-0.83231044  0.24501303 -1.11427593]
2.6236701999999994,[ 0.77952325  0.29224399 -1.22229731],[-0.83237851  0.2448222  -1.11413538]
2.6319855000000025,[ 0.77954203  0.29228976 -1.22218645],[-0.83244401  0.24462326 -1.11401355]
2.6409041,[ 0.77957255  0.29232007 -1.22207987],[-0.83251488  0.24438675 -1.11388469]
2.6494052000000003,[ 0.77960557  0.29234564 -1.22195387],[-0.83257365  0.24410941 -1.11374629]
2.6587171000000005,[ 0.77964282  0.29237044 -1.22183013],[-0.83264917  0.2438255  -1.11358833]
2.6688471000000007,[ 0.77971971  0.29245362 -1.22165656],[-0.83279544  0.24342889 -1.11334932]
2.6757306000000014,[ 0.7797367   0.292503   -1.22160304],[-0.83285493  0.24330555 -1.11328065]
2.6845601000000023,[ 0.77978814  0.29260063 -1.22148454],[-0.8329668   0.24306232 -1.11312556]
2.6930098000000022,[ 0.77984512  0.29270357 -1.22135389],[-0.83309019  0.24279392 -1.11297941]
2.7031939000000023,[ 0.77995241  0.29287583 -1.2211653 ],[-0.83331108  0.2423763  -1.11277568]
2.711251400000002,[ 0.78002805  0.29298288 -1.22105312],[-0.83342403  0.24213032 -1.11264277]
2.7189622,[ 0.78009331  0.29309604 -1.22092092],[-0.83352822  0.24189858 -1.11250448]
2.727391400000002,[ 0.78016806  0.29321578 -1.22079659],[-0.83361262  0.24169824 -1.1123817 ]
2.7357591000000028,[ 0.7802335   0.29335451 -1.22066295],[-0.83369672  0.24156657 -1.11223245]
2.7452165000000015,[ 0.78028935  0.29351655 -1.22053778],[-0.83377808  0.24144277 -1.1121006 ]
2.7531198000000003,[ 0.78034306  0.29368448 -1.22040594],[-0.83385903  0.24129997 -1.11199188]
2.761511500000001,[ 0.7804215   0.29386646 -1.2202878 ],[-0.83394426  0.24116459 -1.11189318]
2.7692286000000017,[ 0.78051001  0.29403469 -1.22015655],[-0.83402598  0.24103047 -1.11178625]
2.778070500000002,[ 0.78060365  0.29422626 -1.22002101],[-0.83412278  0.24089767 -1.11169815]
2.7859446000000005,[ 0.7806949   0.29442558 -1.21989107],[-0.83420032  0.24079275 -1.11161613]
2.7940613000000027,[ 0.78078645  0.29464743 -1.21975446],[-0.83426332  0.24070549 -1.11152983]
2.8029223000000023,[ 0.78088713  0.29489514 -1.21960032],[-0.83434045  0.24065535 -1.11143696]
2.8114360000000005,[ 0.78099233  0.29516014 -1.21946597],[-0.83441955  0.24064012 -1.11134362]
2.8197261000000005,[ 0.78109515  0.29542756 -1.21933746],[-0.83449972  0.24063796 -1.1112653 ]
2.8273821000000012,[ 0.78119427  0.29569215 -1.21921182],[-0.83456242  0.24065547 -1.11119843]
2.8362240000000014,[ 0.78131783  0.29597259 -1.21906817],[-0.83461875  0.24069418 -1.11113048]
2.844017400000002,[ 0.78147137  0.29625103 -1.21889853],[-0.83466905  0.2407061  -1.11104691]
2.8528417000000026,[ 0.7816354   0.29653284 -1.21873963],[-0.83472395  0.24075191 -1.11095214]
2.8610687000000006,[ 0.78179723  0.29685    -1.21859741],[-0.83478099  0.2408182  -1.11089396]
2.8700170000000007,[ 0.7819714   0.29720947 -1.21846104],[-0.83483523  0.24089596 -1.1108048 ]
2.8777190000000026,[ 0.78218949  0.29757631 -1.21830761],[-0.83487952  0.24096845 -1.11070704]
2.8862206000000015,[ 0.78242594  0.2979793  -1.21815729],[-0.83493471  0.24105471 -1.11060333]
2.894180800000001,[ 0.78267592  0.29837799 -1.21801054],[-0.83497024  0.24114414 -1.11051607]
2.902446300000001,[ 0.78291702  0.29877889 -1.21786869],[-0.83499771  0.24124728 -1.11042249]
2.9106801000000004,[ 0.78319818  0.29918441 -1.21770573],[-0.83502257  0.24134816 -1.11033142]
2.9190310000000004,[ 0.78351355  0.29960459 -1.21754074],[-0.83503222  0.24146047 -1.11023545]
2.9272734000000007,[ 0.7838186   0.30003181 -1.21737599],[-0.83502871  0.24159859 -1.11015105]
2.935743300000002,[ 0.78412759  0.30046174 -1.21721852],[-0.8350302   0.24176776 -1.1100688 ]
2.9449152000000005,[ 0.78442192  0.30091515 -1.21705616],[-0.83504468  0.2419416  -1.10996437]
2.952733000000002,[ 0.78476089  0.3013781  -1.21688557],[-0.8350693   0.24207951 -1.10986936]
2.9611427,[ 0.78510141  0.30181774 -1.21671522],[-0.83509642  0.24218865 -1.10977995]
2.969549400000002,[ 0.78543204  0.30227289 -1.21654284],[-0.8351112   0.24231957 -1.10968494]
2.9780174000000024,[ 0.78575146  0.30272979 -1.21636891],[-0.83513463  0.24244443 -1.10958993]
2.985983400000002,[ 0.78608191  0.30315888 -1.21617711],[-0.83516413  0.24257454 -1.10949373]
2.9938728999999995,[ 0.78643435  0.3035768  -1.21599245],[-0.83518577  0.24271289 -1.10938835]
3.0030675000000002,[ 0.78676999  0.30400023 -1.21578789],[-0.8352294   0.24286899 -1.10927403]
3.0107177000000007,[ 0.78711605  0.30442154 -1.21560991],[-0.83524311  0.24303557 -1.10916841]
3.0192905000000003,[ 0.78745949  0.30482277 -1.21543348],[-0.8352735   0.24318807 -1.10907006]
3.027337300000003,[ 0.78777248  0.30521849 -1.21522355],[-0.83529299  0.2433331  -1.1089735 ]
3.036284600000002,[ 0.78810364  0.30560398 -1.21500218],[-0.83529872  0.24348356 -1.10888362]
3.043977100000003,[ 0.788459    0.30597571 -1.21481705],[-0.83530128  0.24361414 -1.10880482]
3.0532714,[ 0.78879023  0.30636322 -1.21462011],[-0.83531928  0.24376383 -1.10873556]
3.0608088,[ 0.78910762  0.30674258 -1.21438694],[-0.83530772  0.24391493 -1.10866261]
3.069206900000001,[ 0.78941965  0.30711815 -1.21418369],[-0.83529836  0.24405931 -1.10859168]
3.0777433000000016,[ 0.78973812  0.30748105 -1.21398997],[-0.83528072  0.24419419 -1.10853148]
3.0857172000000013,[ 0.79005075  0.30783549 -1.21378529],[-0.83526641  0.24431513 -1.1084832 ]
3.0944663000000006,[ 0.79034781  0.30818245 -1.21357203],[-0.83524036  0.24443065 -1.10843623]
3.102457300000001,[ 0.79065377  0.30851346 -1.21336186],[-0.83520031  0.24451859 -1.10838711]
3.112149900000002,[ 0.79095805  0.3088367  -1.21315348],[-0.83515584  0.24461667 -1.10834587]
3.119826200000002,[ 0.79124451  0.30916804 -1.21294427],[-0.83511209  0.24469733 -1.10831237]
3.128821000000002,[ 0.79155689  0.30949962 -1.21276236],[-0.83505547  0.24478845 -1.1082685 ]
3.1361421000000007,[ 0.7918666   0.30983445 -1.21257567],[-0.83499503  0.24487789 -1.1082437 ]
3.1453957000000017,[ 0.7921654   0.31016186 -1.21237373],[-0.83492589  0.2449495  -1.1082058 ]
3.154297500000002,[ 0.7924453   0.31042954 -1.21218455],[-0.83486372  0.24499309 -1.10817325]
3.1631645000000006,[ 0.79272592  0.31070387 -1.21200156],[-0.83479023  0.24504784 -1.10812521]
3.1730759000000006,[ 0.79312348  0.31112593 -1.211748  ],[-0.83467174  0.24512407 -1.10808301]
3.1814110000000007,[ 0.7933926   0.31138909 -1.21158111],[-0.83459812  0.24515092 -1.10805333]
3.1904856000000024,[ 0.79364973  0.31163225 -1.2114042 ],[-0.83453125  0.24517852 -1.10800171]
3.1982893000000026,[ 0.79387873  0.31185409 -1.21123385],[-0.83445102  0.2452289  -1.10795152]
3.2070728000000024,[ 0.79411614  0.3120887  -1.21109164],[-0.83437115  0.24526194 -1.10792673]
3.2151292,[ 0.79436028  0.31233558 -1.21095145],[-0.83428931  0.24527289 -1.10788119]
3.2236870000000017,[ 0.79460722  0.31258518 -1.21078837],[-0.8342126   0.24525975 -1.10782158]
3.2318461999999997,[ 0.79484874  0.31281659 -1.21063995],[-0.83413649  0.24523669 -1.10778677]
3.2404208000000025,[ 0.79507905  0.31306267 -1.21052122],[-0.83406019  0.24526426 -1.10773754]
3.248698600000001,[ 0.79530191  0.31329641 -1.21043372],[-0.83397329  0.24530236 -1.10771143]
3.2564952,[ 0.79551935  0.31352198 -1.2103368 ],[-0.83388358  0.24532163 -1.10767388]
3.2653111000000017,[ 0.79573894  0.31374216 -1.21024084],[-0.83379239  0.24535598 -1.1076026 ]
3.274098800000001,[ 0.79594123  0.31399846 -1.21012974],[-0.83371425  0.2453979  -1.10756159]
3.2859146000000017,[ 0.79624963  0.31437352 -1.20997965],[-0.83359343  0.24543327 -1.10750163]
3.2947516000000014,[ 0.79646802  0.31460276 -1.20989156],[-0.8335079   0.24544819 -1.10744393]
3.3031536000000017,[ 0.79670715  0.31484067 -1.2098124 ],[-0.83341956  0.24548306 -1.1073848 ]
3.311416600000001,[ 0.7969299   0.31510928 -1.20974433],[-0.83331287  0.24554269 -1.10733747]
3.320672000000002,[ 0.7971313   0.31537944 -1.20966899],[-0.83321375  0.24560247 -1.10728133]
3.331679000000001,[ 0.79744887  0.31581414 -1.20955598],[-0.83307701  0.24566381 -1.1072222 ]
3.341432700000002,[ 0.79768246  0.31611386 -1.20948005],[-0.83299637  0.24570924 -1.10718429]
3.3513465999999994,[ 0.79790807  0.31639674 -1.20942414],[-0.83289385  0.24577728 -1.10714436]
3.3619045000000014,[ 0.79826772  0.31684986 -1.20932436],[-0.83274984  0.24587959 -1.10706568]
3.3699583000000004,[ 0.79854888  0.31714779 -1.20925927],[-0.8326441   0.24593902 -1.10703003]
3.3781467999999997,[ 0.79883343  0.31746745 -1.20920706],[-0.8325479   0.24602786 -1.10697329]
3.386146,[ 0.79910463  0.31776857 -1.20914865],[-0.83245081  0.24610168 -1.10691679]
3.3946629,[ 0.79939419  0.31809148 -1.20908833],[-0.83236414  0.2462036  -1.10685086]
3.4029753000000014,[ 0.79970592  0.31839189 -1.20902765],[-0.83229589  0.24627648 -1.1067785 ]
3.410686300000002,[ 0.80002701  0.31869    -1.20896578],[-0.83220828  0.24636108 -1.10671425]
3.419762600000002,[ 0.8003608   0.31900597 -1.20890462],[-0.83210325  0.24647288 -1.10663807]
3.427271300000001,[ 0.80070204  0.31931871 -1.20884514],[-0.83199209  0.24657083 -1.10658824]
3.4363249000000025,[ 0.80106074  0.31963047 -1.20880342],[-0.83189338  0.2466801  -1.10651708]
3.4439831000000005,[ 0.80143094  0.31994537 -1.20877659],[-0.83178639  0.24680148 -1.10647285]
3.453314200000001,[ 0.80181456  0.32026431 -1.20875835],[-0.83166522  0.24692307 -1.10639119]
3.461756300000001,[ 0.80220962  0.32061291 -1.20873189],[-0.83154261  0.24706829 -1.10631442]
3.4704989000000026,[ 0.80263406  0.32095239 -1.2087301 ],[-0.83142501  0.2472059  -1.10625899]
3.4780529000000016,[ 0.80306095  0.32126042 -1.20873106],[-0.83130807  0.24734426 -1.1061784 ]
3.4865174000000003,[ 0.80350584  0.32157892 -1.20873523],[-0.8312009   0.24749252 -1.10609233]
3.4946830999999996,[ 0.80395865  0.32192034 -1.2087208 ],[-0.83108747  0.24763881 -1.10602999]
3.5025093,[ 0.80445957  0.3222625  -1.20872581],[-0.83096337  0.24780831 -1.10596251]
3.5120810999999996,[ 0.80494237  0.32259536 -1.20874453],[-0.83084893  0.24798596 -1.10589695]
3.5195956000000024,[ 0.80546987  0.32291082 -1.20876598],[-0.8307398   0.24817002 -1.10581231]
3.5285058000000014,[ 0.80601847  0.32322386 -1.20879793],[-0.83061731  0.24836411 -1.10570848]
3.536482600000003,[ 0.80659419  0.3235223  -1.2088052 ],[-0.83048594  0.24855784 -1.10562789]
3.545439700000003,[ 0.80716974  0.32383019 -1.20884323],[-0.83033377  0.24877122 -1.10555482]
3.5540663000000023,[ 0.80779439  0.32413384 -1.2089045 ],[-0.83018458  0.2489908  -1.10548627]
3.5630057000000015,[ 0.8083809   0.32443276 -1.20891118],[-0.83003473  0.24921413 -1.10541773]
3.5707801000000003,[ 0.8090083   0.32474419 -1.20893908],[-0.82989448  0.24942648 -1.10534692]
3.5782421000000006,[ 0.8096211   0.32505453 -1.2089659 ],[-0.82975608  0.24965832 -1.10526347]
3.586539300000002,[ 0.81022531  0.32534677 -1.20900822],[-0.82959378  0.24990305 -1.10518265]
3.594651800000001,[ 0.81084651  0.32567137 -1.20903397],[-0.82942539  0.25015137 -1.10508919]
3.603165800000003,[ 0.8115176   0.32600054 -1.20906806],[-0.82925904  0.25038686 -1.10501492]
3.610734400000002,[ 0.81220168  0.32630825 -1.20909834],[-0.82908499  0.25061813 -1.10492682]
3.619294400000001,[ 0.81286925  0.32662484 -1.20913613],[-0.82890004  0.25086465 -1.10483229]
3.627607000000001,[ 0.8135801   0.32698634 -1.20917392],[-0.82871032  0.25113064 -1.1047498 ]
3.636180200000002,[ 0.81426603  0.32736203 -1.20921648],[-0.82850456  0.25139964 -1.10464466]
3.6440798,[ 0.81497973  0.32770708 -1.20928466],[-0.82827783  0.25167757 -1.10454559]
3.6530587000000025,[ 0.81571555  0.32803866 -1.20938599],[-0.82806838  0.25194994 -1.10442269]
3.6606207000000026,[ 0.81645608  0.32837844 -1.20944715],[-0.8278634   0.2522051  -1.10432339]
3.669913400000002,[ 0.81717217  0.32873556 -1.20952892],[-0.8276549   0.25245622 -1.10421276]
3.677562100000003,[ 0.81794035  0.32906181 -1.20957696],[-0.82741344  0.25270003 -1.10408151]
3.685792000000003,[ 0.81874323  0.32935953 -1.20966601],[-0.82716072  0.25293568 -1.10394323]
3.6940297000000015,[ 0.81952703  0.32969424 -1.20974112],[-0.82689267  0.2531743  -1.10383427]
3.7024110000000015,[ 0.82031441  0.32998595 -1.20985246],[-0.82661128  0.25344285 -1.1036917 ]
3.7120563000000004,[ 0.82111126  0.33031884 -1.2099762 ],[-0.82632864  0.25370613 -1.10355461]
3.719775200000001,[ 0.82192552  0.33065152 -1.21011531],[-0.82604104  0.25395674 -1.10339916]
3.7281817000000004,[ 0.82268047  0.3309873  -1.21023655],[-0.82575583  0.25421587 -1.10328126]
3.7353661000000002,[ 0.82347345  0.33132112 -1.2103548 ],[-0.8254407   0.25446332 -1.10314798]
3.7445096000000007,[ 0.82424772  0.33164194 -1.21047962],[-0.82513684  0.25469428 -1.10300672]
3.7527363000000022,[ 0.82500851  0.33196574 -1.21061635],[-0.82484972  0.25490633 -1.10286319]
3.7612971,[ 0.82571405  0.33228377 -1.21072829],[-0.82452923  0.25512245 -1.10271299]
3.7692231000000014,[ 0.82644808  0.33263803 -1.21084797],[-0.82419127  0.25535485 -1.1025604 ]
3.777395500000001,[ 0.82713181  0.33296406 -1.21094799],[-0.82384688  0.25557446 -1.10240316]
3.7864643000000022,[ 0.82785195  0.33327723 -1.21103358],[-0.82349777  0.25575981 -1.10225713]
3.7947459000000023,[ 0.82856351  0.33356944 -1.21116161],[-0.82312584  0.25593215 -1.10211086]
3.8030250000000017,[ 0.82927543  0.33388007 -1.21129489],[-0.82275909  0.25611421 -1.10195708]
3.810700800000003,[ 0.82997918  0.33419469 -1.21142554],[-0.82238901  0.25629649 -1.10180807]
3.8191568999999994,[ 0.83066356  0.33446234 -1.21156716],[-0.82201594  0.25646773 -1.10164857]
3.827391300000002,[ 0.83137327  0.33477843 -1.21170437],[-0.82165205  0.25665051 -1.10149193]
3.836143100000001,[ 0.83213955  0.33511791 -1.21180558],[-0.82124585  0.25681689 -1.10132527]
3.8441837999999997,[ 0.83280164  0.33542264 -1.21193469],[-0.82083768  0.25699472 -1.1011802 ]
3.8531288000000004,[ 0.83351755  0.33577248 -1.21211112],[-0.82043338  0.25719377 -1.10102069]
3.8611413,[ 0.83418518  0.33606446 -1.21225953],[-0.82003099  0.25734562 -1.10087228]
3.869734600000001,[ 0.83487767  0.33639973 -1.2124157 ],[-0.81962854  0.25747892 -1.10071135]
3.878267100000002,[ 0.83558679  0.3366738  -1.21257138],[-0.81922162  0.25762302 -1.1005559 ]
3.8855450000000005,[ 0.83627814  0.3369326  -1.21273375],[-0.81877989  0.25780666 -1.1003902 ]
3.8941089000000026,[ 0.83696765  0.33725765 -1.21290278],[-0.81835985  0.25798744 -1.10021067]
3.9024527000000013,[ 0.83765489  0.33755454 -1.21306515],[-0.817963    0.25814879 -1.10004354]
3.9113709000000014,[ 0.83835077  0.33785531 -1.21326315],[-0.81757069  0.2582978  -1.09986389]
3.9191142000000028,[ 0.8390193   0.33814821 -1.21344841],[-0.81715524  0.25845709 -1.09967208]
3.9274225000000023,[ 0.83968318  0.33846262 -1.21362948],[-0.81672984  0.25861168 -1.09948421]
3.9358117999999997,[ 0.84039062  0.33875734 -1.21382809],[-0.81629711  0.25875887 -1.09926045]
3.9649079,[ 0.84278417  0.33972797 -1.21447229],[-0.81487322  0.25918424 -1.09860408]
3.9745743000000004,[ 0.84350866  0.33997396 -1.2147336 ],[-0.81446314  0.25928321 -1.09840691]
3.9831289000000005,[ 0.84420544  0.34023669 -1.21496665],[-0.8140471   0.25937167 -1.09819603]
3.9916700000000027,[ 0.84492016  0.34048122 -1.21519542],[-0.81359822  0.25946793 -1.09796381]
4.002569600000001,[ 0.84604496  0.34083024 -1.21556091],[-0.81297821  0.25955784 -1.09764338]
4.0102805,[ 0.84673119  0.34103641 -1.21579933],[-0.81258643  0.25959072 -1.09743214]
4.0188817000000014,[ 0.84750807  0.34125158 -1.21600556],[-0.8121863   0.2596029  -1.09722972]
4.025370200000001,[ 0.84786069  0.34133473 -1.21611786],[-0.81197852  0.25961378 -1.09712207]
4.034156900000003,[ 0.84853679  0.34149337 -1.21635866],[-0.81155324  0.25961107 -1.09691608]
4.042376100000002,[ 0.84919012  0.341717   -1.21659493],[-0.81113094  0.25960845 -1.09669983]
4.0535108000000015,[ 0.8501575   0.3419607  -1.21694303],[-0.81051075  0.25954327 -1.09638894]
4.061089300000003,[ 0.85080063  0.34213129 -1.21719134],[-0.81009567  0.25945789 -1.09617293]
4.069084800000002,[ 0.85140961  0.34227782 -1.21742511],[-0.80968457  0.2593469  -1.09598231]
4.0776532,[ 0.85197949  0.34245217 -1.21767426],[-0.80928755  0.25923049 -1.09578276]
4.085518800000003,[ 0.8526209   0.34264308 -1.21795177],[-0.80889791  0.25911728 -1.09558129]
4.093958700000002,[ 0.85320431  0.34280387 -1.21820211],[-0.80851144  0.25898683 -1.09538078]
4.1011855,[ 0.85347748  0.34286943 -1.21831679],[-0.80830836  0.25890678 -1.09526443]
4.1091697000000025,[ 0.85403061  0.34303287 -1.21856987],[-0.80790514  0.25873399 -1.09504604]
4.1191423,[ 0.85486376  0.3432658  -1.21897149],[-0.80727857  0.25846747 -1.09475327]
4.1289616,[ 0.85541934  0.34342888 -1.21923864],[-0.80688024  0.25821948 -1.09456539]
4.136715000000002,[ 0.85597175  0.34357327 -1.21950448],[-0.80649018  0.25795096 -1.09437263]
4.145553200000002,[ 0.85652727  0.34370062 -1.21978033],[-0.80612421  0.25773501 -1.09415734]
4.1539535,[ 0.85705823  0.34381017 -1.22003937],[-0.80571389  0.25752178 -1.09390938]
4.161595999999999,[ 0.85758287  0.34397659 -1.22030663],[-0.80532324  0.25724003 -1.09367502]
4.169174300000002,[ 0.85811472  0.34409907 -1.22057593],[-0.80497032  0.25693166 -1.093472  ]
4.1772831,[ 0.85868365  0.34421444 -1.22089481],[-0.80462259  0.25661466 -1.09324694]
4.1861999999999995,[ 0.85925275  0.34433106 -1.22122455],[-0.8042382   0.256282   -1.09300506]
4.194050700000002,[ 0.85979319  0.3444607  -1.22155058],[-0.80387211  0.25597078 -1.09274471]
4.203865100000002,[ 0.8603611   0.34452122 -1.22188473],[-0.80351317  0.25565276 -1.09249091]
4.211394000000002,[ 0.86095661  0.34458339 -1.22225714],[-0.80317581  0.2552714  -1.09222841]
4.220872100000001,[ 0.86152953  0.34460306 -1.22263956],[-0.80282807  0.25486103 -1.09199417]
4.2286967,[ 0.8621121   0.34464356 -1.22303617],[-0.80248463  0.25448439 -1.09173656]
4.2365426,[ 0.8627218   0.34464905 -1.22344136],[-0.80211604  0.25411737 -1.09143233]
4.2441686999999995,[ 0.86331171  0.34461814 -1.22384632],[-0.8017509   0.25372452 -1.0911262 ]
4.252229800000002,[ 0.8639279   0.34457496 -1.22427559],[-0.80139744  0.25329909 -1.09081709]
4.261029700000002,[ 0.86456364  0.34452349 -1.22472191],[-0.80105424  0.25286099 -1.09054768]
4.2691041,[ 0.86515403  0.34443733 -1.22513819],[-0.8007049   0.25242624 -1.09026408]
4.277495900000002,[ 0.86575311  0.34434095 -1.22555447],[-0.80033439  0.25203055 -1.08995533]
4.285765900000001,[ 0.86635864  0.34423274 -1.2260375 ],[-0.7999537   0.25161582 -1.0896616 ]
4.294057900000002,[ 0.86690694  0.34413108 -1.22650385],[-0.79957426  0.25123098 -1.08937716]
4.302431200000001,[ 0.86746871  0.34402105 -1.2269454 ],[-0.79919159  0.25083998 -1.08911622]
4.310615000000002,[ 0.86805892  0.34387892 -1.22741091],[-0.79881448  0.25041249 -1.08886611]
4.318627600000003,[ 0.86867332  0.34373921 -1.22786999],[-0.79845488  0.24998014 -1.0886029 ]
4.327217600000001,[ 0.86927491  0.34354669 -1.22835052],[-0.79805231  0.24954906 -1.08835113]
4.3358369,[ 0.86987257  0.34335485 -1.22883332],[-0.79765016  0.24914593 -1.08811069]
4.3448831000000006,[ 0.87044191  0.34317544 -1.22930145],[-0.79724371  0.2487711  -1.08787525]
4.352809200000003,[ 0.87099856  0.34298933 -1.22976255],[-0.79684532  0.24838188 -1.08762705]
4.363170100000001,[ 0.87153667  0.34281179 -1.23024035],[-0.79650301  0.24802311 -1.08741021]
4.373260000000002,[ 0.87232739  0.34251711 -1.2309587 ],[-0.79595214  0.24746373 -1.08709109]
4.3816275000000005,[ 0.87282962  0.34231502 -1.2314043 ],[-0.79554838  0.24707031 -1.0868969 ]
4.391154400000001,[ 0.87332469  0.34210292 -1.23184073],[-0.7951774   0.24671893 -1.08667433]
4.3990595,[ 0.8738215   0.34193331 -1.2323364 ],[-0.79479837  0.24634504 -1.08648372]
4.4070564999999995,[ 0.8742705   0.34175581 -1.2328043 ],[-0.79445708  0.24602793 -1.08626378]
4.415406000000001,[ 0.87469828  0.34158176 -1.23324418],[-0.7941519   0.24570671 -1.08604801]
4.4236887,[ 0.87512487  0.34139705 -1.23370492],[-0.79381502  0.24535938 -1.08582103]
4.4317955,[ 0.87555647  0.34120998 -1.23419869],[-0.79347318  0.24498303 -1.08560979]
4.4398768,[ 0.8759957   0.34105435 -1.2347101 ],[-0.79316622  0.24462277 -1.08539784]
4.448832500000002,[ 0.87643397  0.34087905 -1.23518825],[-0.79288733  0.24425176 -1.08519757]
4.458739600000001,[ 0.87687308  0.34069914 -1.23568296],[-0.79261214  0.2438976  -1.08500135]
4.467655700000002,[ 0.87727898  0.34048867 -1.23626375],[-0.79234064  0.24356598 -1.08481562]
4.476325900000003,[ 0.87773108  0.34032837 -1.23681211],[-0.79209065  0.24324462 -1.08462286]
4.4864926999999994,[ 0.87844121  0.3400664  -1.23765182],[-0.79166275  0.24271747 -1.08428192]
4.495569400000001,[ 0.87888366  0.33991235 -1.23819256],[-0.79142249  0.2423497  -1.08407259]
4.503315800000003,[ 0.8793726   0.33973524 -1.23882365],[-0.79122007  0.24194144 -1.08389461]
4.511104700000001,[ 0.87986076  0.33954209 -1.23941326],[-0.7910223   0.24150036 -1.08370578]
4.519072600000001,[ 0.88033104  0.33934823 -1.24000263],[-0.79083467  0.24102888 -1.08356094]
4.527851900000002,[ 0.88078922  0.33916593 -1.24058437],[-0.79066455  0.24059635 -1.08340824]
4.535739100000001,[ 0.88125604  0.33898684 -1.24120331],[-0.79047668  0.24015167 -1.08322453]
4.544656,[ 0.88168192  0.33880109 -1.24178267],[-0.79027319  0.23970091 -1.0830251 ]
4.5522911000000015,[ 0.88208598  0.3386046  -1.24231899],[-0.79008025  0.23925649 -1.08283603]
4.5612788,[ 0.88247806  0.33838242 -1.24287224],[-0.78991652  0.23880099 -1.08263636]
4.569240100000002,[ 0.8828578   0.33815855 -1.24342251],[-0.78977412  0.23830599 -1.08245695]
4.5773046000000015,[ 0.88319969  0.33795422 -1.2439208 ],[-0.78964174  0.23777935 -1.08229911]
4.5859925,[ 0.88351607  0.33774737 -1.24443328],[-0.7895292   0.23728025 -1.08213353]
4.594219900000002,[ 0.88382053  0.33752304 -1.24489486],[-0.78940874  0.23677249 -1.08193982]
4.603711500000003,[ 0.88410938  0.33729932 -1.24537754],[-0.78925717  0.23621911 -1.08176839]
4.6113404,[ 0.88438016  0.33709192 -1.24584925],[-0.78913116  0.23567624 -1.08161032]
4.6213528,[ 0.88463217  0.33688629 -1.24628377],[-0.78902698  0.2351492  -1.0814234 ]
4.630139,[ 0.88480914  0.33666062 -1.24673784],[-0.78893447  0.23459969 -1.0812391 ]
4.639772300000001,[ 0.88513649  0.33630592 -1.24735498],[-0.78880894  0.23384598 -1.0809797 ]
4.647987200000003,[ 0.88532478  0.33607554 -1.24773359],[-0.78874016  0.23333007 -1.08082199]
4.655206800000002,[ 0.88541609  0.33595461 -1.24791861],[-0.78870678  0.23304571 -1.08074355]
4.6646895000000015,[ 0.88564873  0.33559871 -1.24844611],[-0.78861707  0.23228237 -1.08046091]
4.672808700000001,[ 0.88580197  0.33538026 -1.24877894],[-0.78860086  0.23175354 -1.08030081]
4.681921300000003,[ 0.8859328   0.33517888 -1.24910319],[-0.78856343  0.23126853 -1.0801028 ]
4.689879700000002,[ 0.88604641  0.33496538 -1.2494365 ],[-0.78852254  0.23077287 -1.07989585]
4.698689600000002,[ 0.88616753  0.33474123 -1.24975562],[-0.78843474  0.23028521 -1.07968879]
4.7071293999999995,[ 0.88628274  0.33453026 -1.25004053],[-0.78834897  0.22990051 -1.07941318]
4.715690200000001,[ 0.88637942  0.33432335 -1.25032794],[-0.78831792  0.22946699 -1.07919741]
4.7238378999999995,[ 0.88646668  0.3341276  -1.25061274],[-0.78833193  0.22897696 -1.07898808]
4.732321200000001,[ 0.88653648  0.33392063 -1.25088418],[-0.78837019  0.22849272 -1.07882619]
4.7407087000000026,[ 0.88660705  0.33371761 -1.25112247],[-0.78841347  0.22807395 -1.07867086]
4.749161400000002,[ 0.88664764  0.33354843 -1.25135708],[-0.78861713  0.2275098  -1.07862902]
4.757064400000001,[ 0.8866995   0.33337167 -1.25156808],[-0.78870094  0.22706354 -1.07845414]
4.764832500000001,[ 0.88676679  0.33319116 -1.25180244],[-0.78876156  0.22663698 -1.07824421]
4.7748545,[ 0.88683134  0.33300769 -1.25202131],[-0.78880417  0.22625032 -1.07804108]
4.782528600000003,[ 0.88690871  0.33284482 -1.25223327],[-0.78886312  0.22587797 -1.07787681]
4.790987300000001,[ 0.8869704   0.33268431 -1.25242138],[-0.78894544  0.22552633 -1.07771206]
4.8004897,[ 0.88702512  0.33253551 -1.25259244],[-0.78903949  0.2251924  -1.07752359]
4.808509000000001,[ 0.88709182  0.3323791  -1.25273597],[-0.78911829  0.22487463 -1.07731771]
4.8167615999999995,[ 0.88716024  0.33222297 -1.2528671 ],[-0.7891956   0.22457315 -1.07709956]
4.825357500000003,[ 0.88722855  0.33206791 -1.25299358],[-0.78930438  0.22427529 -1.07688212]
4.8337416,[ 0.88731021  0.33191708 -1.25311434],[-0.78940994  0.2239864  -1.07668424]
4.842114600000002,[ 0.88740426  0.33175743 -1.25321531],[-0.78950495  0.2236983  -1.07647169]
4.852152100000001,[ 0.88753742  0.33156386 -1.25335181],[-0.7896595   0.22326662 -1.07612312]
4.8591351,[ 0.88758081  0.33150804 -1.25339162],[-0.78971565  0.223132   -1.07602119]
4.870034,[ 0.88771033  0.3313458  -1.25347769],[-0.7898823   0.2227225  -1.07573104]
4.877827400000001,[ 0.88780582  0.33122021 -1.25351906],[-0.79000938  0.22243932 -1.07553458]
4.886445200000001,[ 0.88789648  0.331108   -1.25354278],[-0.79016089  0.22216599 -1.07537794]
4.8945913999999995,[ 0.88799769  0.3310073  -1.25356233],[-0.79030365  0.22189665 -1.07521594]
4.902330600000003,[ 0.88810021  0.33090702 -1.2535789 ],[-0.79044378  0.22163883 -1.07503581]
4.910770200000002,[ 0.88820779  0.33081433 -1.25357664],[-0.79057813  0.22138944 -1.07484984]
4.9190358,[ 0.88831604  0.33074069 -1.25357032],[-0.79070389  0.22114177 -1.07467496]
4.927887900000002,[ 0.88841408  0.33069178 -1.25355661],[-0.79086173  0.22089832 -1.07448363]
4.9357775,[ 0.88851053  0.33065182 -1.25353956],[-0.79102975  0.22065201 -1.07429957]
4.945151900000003,[ 0.88862282  0.33058107 -1.25350118],[-0.79118156  0.22040544 -1.0741092 ]
4.9530198,[ 0.88874412  0.33052737 -1.2534616 ],[-0.79135418  0.2201485  -1.07393503]
4.9612917,[ 0.88885516  0.33048472 -1.25341535],[-0.79150343  0.21989606 -1.07377756]
4.969259700000002,[ 0.88895935  0.33046335 -1.25336838],[-0.7916401   0.21964878 -1.07362998]
4.977376899999999,[ 0.88907444  0.33041263 -1.25330901],[-0.79176998  0.21942177 -1.07345128]
4.986029500000001,[ 0.88918459  0.3303811  -1.25325537],[-0.79190254  0.21918932 -1.07327366]
4.994676699999999,[ 0.88928109  0.33037418 -1.25319326],[-0.79204005  0.2189552  -1.07311153]
5.003141800000002,[ 0.88937259  0.33037606 -1.2531383 ],[-0.792193    0.21870269 -1.07297087]
5.010608000000001,[ 0.88946956  0.33036879 -1.25307298],[-0.79234952  0.21841531 -1.0728122 ]
5.019228200000001,[ 0.8895697   0.33034423 -1.25300443],[-0.79251707  0.21814732 -1.07264709]
5.027485200000001,[ 0.88965994  0.33033884 -1.2529273 ],[-0.79265916  0.21790162 -1.07248187]
5.0367785000000005,[ 0.889745    0.33032939 -1.25285053],[-0.79280323  0.2176913  -1.07233572]
5.0444481,[ 0.88982111  0.33031341 -1.25278413],[-0.79294473  0.21746069 -1.07219481]
5.052983600000001,[ 0.88989043  0.33029023 -1.2527051 ],[-0.79309255  0.21722044 -1.07204986]
5.060874700000003,[ 0.88995641  0.33028591 -1.25262415],[-0.7932207   0.21698892 -1.07192659]
5.068978900000001,[ 0.89000881  0.33029255 -1.25255013],[-0.79334927  0.21676128 -1.07182515]
5.0762739,[ 0.89003509  0.33029446 -1.25251222],[-0.79341477  0.21664795 -1.07177246]
5.084533500000003,[ 0.89008212  0.33027917 -1.25242674],[-0.79352278  0.21638653 -1.07167518]
5.093828200000001,[ 0.89019388  0.33025008 -1.25223327],[-0.79366797  0.2160347  -1.07152605]
5.102175500000001,[ 0.89020938  0.3302505  -1.25214398],[-0.79377007  0.21580137 -1.07144713]
5.110496100000002,[ 0.89021552  0.33024418 -1.25204766],[-0.79386723  0.21558292 -1.07137942]
5.1178512000000005,[ 0.89022523  0.33024222 -1.25199938],[-0.79391891  0.21547623 -1.07133031]
5.126942500000002,[ 0.8902269   0.33021161 -1.25184727],[-0.7940672   0.2151777  -1.07123637]
5.135803200000002,[ 0.89020514  0.33020791 -1.25174379],[-0.79414904  0.21497677 -1.0711956 ]
5.144852400000001,[ 0.89018172  0.33020201 -1.25162363],[-0.79423213  0.21477    -1.0711447 ]
5.1531661,[ 0.89014459  0.33019087 -1.25150728],[-0.79432058  0.21454237 -1.07112086]
5.161869200000002,[ 0.89010286  0.33018711 -1.25137901],[-0.7944113   0.21434666 -1.07107949]
5.1699860000000015,[ 0.89005655  0.33020839 -1.25124764],[-0.79446876  0.2141677  -1.07104194]
5.1775634,[ 0.8900013   0.33022195 -1.25111699],[-0.79452926  0.21399944 -1.07103407]
5.1859097,[ 0.8899439   0.33023214 -1.25098634],[-0.79459935  0.21381791 -1.07101393]
5.1941185999999995,[ 0.88988143  0.33024198 -1.25086462],[-0.79466355  0.21365139 -1.07099724]
5.203160100000002,[ 0.88981676  0.330259   -1.25073838],[-0.79472625  0.21349196 -1.07096732]
5.210990200000001,[ 0.88976347  0.3302784  -1.25061119],[-0.79478991  0.21334381 -1.07095456]
5.2217512,[ 0.88969696  0.3302753  -1.25048184],[-0.79485673  0.21320121 -1.07094479]
5.2302572000000005,[ 0.88963461  0.33029151 -1.25035882],[-0.79491341  0.21306211 -1.07093942]
5.2406486,[ 0.88954759  0.33033067 -1.25017464],[-0.79500687  0.21287467 -1.07094491]
5.249972200000002,[ 0.88948214  0.33038172 -1.25005293],[-0.79507232  0.21275271 -1.0709691 ]
5.2588656,[ 0.88940656  0.33040091 -1.24992025],[-0.79513425  0.2126227  -1.07096899]
5.267832000000002,[ 0.88933444  0.33044437 -1.24977839],[-0.79518896  0.21250583 -1.07098281]
5.276034600000003,[ 0.88926232  0.33047616 -1.24965143],[-0.79525429  0.21240182 -1.07099736]
5.2880985,[ 0.88916308  0.33054191 -1.24943066],[-0.79532033  0.21223743 -1.07104814]
5.300291300000001,[ 0.88906169  0.33058524 -1.24923646],[-0.79536611  0.21211155 -1.07107198]
5.3099098,[ 0.88898724  0.33062255 -1.24911034],[-0.79542625  0.2120057  -1.07110071]
5.320477700000001,[ 0.8888765   0.33067232 -1.24890935],[-0.79550093  0.21186188 -1.07114959]
5.331998900000002,[ 0.88878244  0.33069819 -1.24871576],[-0.79552686  0.21174592 -1.07118535]
5.3418186,[ 0.8887139   0.33071074 -1.24859166],[-0.79555494  0.21168734 -1.07120872]
5.351017000000002,[ 0.88864022  0.33072418 -1.24847627],[-0.79557896  0.21163756 -1.07123637]
5.361426000000002,[ 0.88854408  0.33073762 -1.24829412],[-0.79562879  0.21156697 -1.07127857]
5.370130400000001,[ 0.88846278  0.33074808 -1.24817586],[-0.79565042  0.21154006 -1.07127082]
5.378084400000002,[ 0.88838023  0.33075047 -1.24806643],[-0.79567122  0.21153104 -1.07127559]
5.385647600000002,[ 0.88831413  0.33074659 -1.24796128],[-0.79569215  0.21152207 -1.07128072]
5.394016700000002,[ 0.88825327  0.3307296  -1.24786878],[-0.79571497  0.21151321 -1.07129633]
5.402879000000002,[ 0.88819796  0.33069593 -1.24776936],[-0.79573482  0.21150829 -1.07129204]
5.4106427,[ 0.88813013  0.3306495  -1.24768686],[-0.79574394  0.21150568 -1.07128632]
5.418977000000002,[ 0.88806266  0.33059144 -1.24759221],[-0.79575837  0.21152231 -1.0712719 ]
5.4260813,[ 0.88801968  0.33056688 -1.24755728],[-0.79576397  0.21152669 -1.07126176]
5.435814000000001,[ 0.88791013  0.33044875 -1.24744284],[-0.79580468  0.21154863 -1.07126856]
5.4441022,[ 0.88781524  0.33036923 -1.24736059],[-0.79581505  0.21157281 -1.07124949]
5.452899900000002,[ 0.88772267  0.3302792  -1.24727845],[-0.79580754  0.21161942 -1.07123625]
5.4608304000000025,[ 0.88763356  0.33020413 -1.2472086 ],[-0.79580307  0.2116508  -1.07124698]
5.4691382,[ 0.88754147  0.33011642 -1.24712324],[-0.79580933  0.21168967 -1.07126105]
5.4774100000000026,[ 0.8874557   0.33002192 -1.24704945],[-0.79580188  0.21172921 -1.07126486]
5.485653600000003,[ 0.88737005  0.32991904 -1.24696696],[-0.79578191  0.21178386 -1.07127309]
5.493924800000002,[ 0.88728958  0.32983336 -1.24689972],[-0.79576981  0.21183996 -1.07128823]
5.502336400000001,[ 0.88719821  0.32971829 -1.24682868],[-0.79576558  0.21189323 -1.07131851]
5.510783500000002,[ 0.88711876  0.32960841 -1.24675655],[-0.79574662  0.21195593 -1.07133865]
5.5190707,[ 0.88703728  0.3294965  -1.24668562],[-0.79571348  0.21201582 -1.07134986]
5.527782600000002,[ 0.88695288  0.32941893 -1.24662149],[-0.79567051  0.21207939 -1.07137489]
5.535755400000003,[ 0.88686967  0.32934827 -1.24655032],[-0.79562914  0.21212134 -1.07141781]
5.544130600000003,[ 0.88678974  0.32929656 -1.24647868],[-0.79559755  0.21214971 -1.07145452]
5.5527783,[ 0.88671577  0.32924604 -1.24639523],[-0.79555976  0.21219252 -1.07147443]
5.5839927,[ 0.88666582  0.32922408 -1.24636281],[-0.7955355   0.21222213 -1.07148194]
5.596362300000003,[ 0.88633817  0.3292132  -1.24603009],[-0.79530895  0.21237507 -1.07164526]
5.607107300000003,[ 0.88626283  0.3292678  -1.24592161],[-0.79521227  0.21240555 -1.07169247]
5.6182987,[ 0.88621563  0.32932568 -1.24584997],[-0.79516065  0.21243495 -1.07173872]
5.6281511,[ 0.88613635  0.32940713 -1.24574804],[-0.79507345  0.21248494 -1.07179296]
5.6364325000000015,[ 0.88608217  0.32947889 -1.24567759],[-0.79501683  0.21250619 -1.07183802]
5.644171700000001,[ 0.88602298  0.32954472 -1.24559724],[-0.79495871  0.21253146 -1.07186925]
5.653284000000003,[ 0.88596952  0.32960197 -1.24550426],[-0.79489839  0.21254504 -1.07188821]
5.6609535000000015,[ 0.88591731  0.32967287 -1.24541914],[-0.79483294  0.21255518 -1.07191861]
5.6692903,[ 0.88585979  0.32972443 -1.24533141],[-0.79477423  0.21258228 -1.07194304]
5.677587300000003,[ 0.88580209  0.32977688 -1.24524295],[-0.79471594  0.21260601 -1.07197571]
5.6857769000000005,[ 0.88575381  0.32983789 -1.2451607 ],[-0.7946564   0.21263142 -1.07199073]
5.695259800000002,[ 0.8856833   0.32989323 -1.24508607],[-0.79459667  0.21266618 -1.07197762]
5.703104500000002,[ 0.88566875  0.32995722 -1.24496782],[-0.79453599  0.21269076 -1.07199442]
5.7117197,[ 0.88562268  0.32999027 -1.2449019 ],[-0.79447925  0.21269107 -1.07201159]
5.719344200000002,[ 0.88557231  0.33001739 -1.24483073],[-0.79442406  0.21268454 -1.07202327]
5.728334200000003,[ 0.88553101  0.33003429 -1.24476254],[-0.79436976  0.21268968 -1.07201838]
5.7362964000000005,[ 0.88549501  0.33006513 -1.24471128],[-0.79430985  0.21270238 -1.07201111]
5.745730300000002,[ 0.88544792  0.3301025  -1.24467146],[-0.79425466  0.2127108  -1.07201624]
5.7543776000000015,[ 0.88539261  0.33012101 -1.24462783],[-0.79420078  0.21272555 -1.07200921]
5.762203900000003,[ 0.88529176  0.33012488 -1.24463546],[-0.79415643  0.2127371  -1.07201099]
5.772071800000003,[ 0.88528186  0.33014864 -1.24455225],[-0.79409993  0.21273971 -1.0720048 ]
5.781849400000002,[ 0.88520437  0.33014119 -1.24450243],[-0.7940107   0.21276852 -1.07200944]
5.790323900000001,[ 0.88516295  0.33012584 -1.24448729],[-0.79394293  0.21276966 -1.07199967]
5.798862100000001,[ 0.88512647  0.33013132 -1.2444663 ],[-0.79388607  0.21277779 -1.07197678]
5.8069779,[ 0.88508552  0.33013523 -1.24446714],[-0.79384845  0.21278159 -1.07197154]
5.8151413000000005,[ 0.88505882  0.33013627 -1.24446094],[-0.79379964  0.21280006 -1.07196915]
5.823391000000001,[ 0.88504487  0.33013192 -1.24446571],[-0.7937358   0.21281022 -1.07196355]
5.832758699999999,[ 0.88498849  0.3301152  -1.24452257],[-0.79368073  0.21282148 -1.07193995]
5.8409596000000015,[ 0.88498634  0.33009705 -1.24453855],[-0.79362434  0.21284319 -1.07192051]
5.8486516,[ 0.88502568  0.33009073 -1.2445004 ],[-0.79357094  0.21284144 -1.07191467]
5.856992000000002,[ 0.88502902  0.33007205 -1.24452019],[-0.79350525  0.21282519 -1.07192683]
5.866302600000001,[ 0.88502377  0.33004612 -1.24453664],[-0.79343075  0.21281447 -1.07191133]
5.876009500000002,[ 0.88496739  0.33002666 -1.24461579],[-0.79335994  0.2128038  -1.07189405]
5.884597500000002,[ 0.88494557  0.33001396 -1.24464428],[-0.79329836  0.2128046  -1.07188213]
5.893843200000003,[ 0.8849228   0.33000955 -1.24467635],[-0.79320055  0.21278533 -1.07188952]
5.902480199999999,[ 0.88491893  0.32998702 -1.24469447],[-0.79313362  0.21275301 -1.07188618]
5.910726700000001,[ 0.88491023  0.32997131 -1.24470937],[-0.79306179  0.21273841 -1.07188356]
5.919109300000002,[ 0.8848992   0.3299596  -1.24473369],[-0.79300123  0.21272933 -1.07189131]
5.9283494999999995,[ 0.88488638  0.32994461 -1.24475253],[-0.79294324  0.21272892 -1.07188833]
5.936842500000001,[ 0.88488215  0.32993412 -1.24475992],[-0.79288119  0.21272165 -1.07188809]
5.946993800000001,[ 0.88487732  0.32993478 -1.24477196],[-0.79281038  0.21274005 -1.07185793]
5.956772000000001,[ 0.88485253  0.32994097 -1.24479055],[-0.79274815  0.21273719 -1.07183516]
5.965389600000002,[ 0.88483715  0.3299458  -1.24479735],[-0.79270768  0.21273813 -1.071823  ]
5.9744854000000025,[ 0.88482875  0.32995555 -1.24480987],[-0.79266328  0.21273348 -1.07178807]
5.983703500000001,[ 0.88482612  0.32997018 -1.2448225 ],[-0.79262197  0.2127191  -1.07175982]
5.9921299999999995,[ 0.88480973  0.33000815 -1.24483597],[-0.79258615  0.21273363 -1.07173133]
6.0003356,[ 0.88478136  0.33001968 -1.24485588],[-0.79255784  0.21273303 -1.07171941]
6.008022200000003,[ 0.88476658  0.33005077 -1.24487412],[-0.79251367  0.2127523  -1.07168519]
6.0176917,[ 0.88474345  0.33009285 -1.24488389],[-0.79247826  0.21278203 -1.07165277]
6.025836900000002,[ 0.88473082  0.33012688 -1.24488974],[-0.79243928  0.21282531 -1.07159722]
6.036631400000001,[ 0.88471383  0.33016664 -1.24490249],[-0.79238379  0.21285205 -1.07154882]
6.0446462000000025,[ 0.88471264  0.33020565 -1.24491   ],[-0.79233849  0.2128638  -1.0715214 ]
6.052390000000003,[ 0.88472301  0.33023402 -1.2449168 ],[-0.79229051  0.21289878 -1.07147694]
6.060795800000001,[ 0.8847245   0.33026126 -1.24492013],[-0.79224199  0.21295007 -1.07142782]
6.069005100000002,[ 0.88473332  0.33029428 -1.24492395],[-0.79218882  0.21299845 -1.07138288]
6.0774556,[ 0.88473332  0.33032978 -1.24493444],[-0.79211813  0.21304916 -1.07134652]
6.085711,[ 0.88473082  0.33036393 -1.24494207],[-0.79206508  0.21310921 -1.07130945]
6.0940969,[ 0.88473642  0.33039948 -1.24494398],[-0.79199606  0.21316755 -1.07127535]
6.102464000000001,[ 0.88475281  0.33042565 -1.24494076],[-0.7919302   0.21322942 -1.07123792]
6.1106231000000015,[ 0.88476497  0.33044785 -1.24494004],[-0.79187161  0.21329813 -1.07120872]
6.1188939,[ 0.88477206  0.33047798 -1.24494898],[-0.79180485  0.21340612 -1.07117641]
6.127633600000003,[ 0.88478589  0.3305054  -1.24494278],[-0.79175049  0.21351476 -1.07112527]
6.1357876000000005,[ 0.88479835  0.33051857 -1.24494231],[-0.79170138  0.21360943 -1.07109571]
6.144517400000002,[ 0.88482058  0.33053353 -1.24492645],[-0.79166263  0.21371482 -1.0710566 ]
6.152521500000002,[ 0.88483381  0.33054698 -1.2449367 ],[-0.79161847  0.21382955 -1.07102835]
6.160732300000003,[ 0.88486075  0.33055538 -1.24493754],[-0.79154819  0.2139466  -1.07099378]
6.167984400000002,[ 0.88487363  0.33055046 -1.24493766],[-0.79151469  0.21400608 -1.07097292]
6.177475300000001,[ 0.88491249  0.33053017 -1.24492633],[-0.79141754  0.21413536 -1.07093203]
6.1872547,[ 0.88493359  0.33051264 -1.24491942],[-0.79136306  0.21422891 -1.07088447]
6.195222300000001,[ 0.88495272  0.33050865 -1.24492002],[-0.79131675  0.21433175 -1.07084632]
6.206327000000002,[ 0.88500661  0.33049712 -1.2449162 ],[-0.79127949  0.21442606 -1.0707829 ]
6.2138104,[ 0.88502026  0.33048943 -1.24491096],[-0.79126644  0.21445003 -1.07075596]
6.223886200000003,[ 0.88507807  0.33046716 -1.24489629],[-0.79121602  0.21452741 -1.0706811 ]
6.231459000000001,[ 0.88511705  0.33046973 -1.24489295],[-0.79118776  0.21460576 -1.07062626]
6.239967,[ 0.88516217  0.33044359 -1.24488091],[-0.79116613  0.21464455 -1.07058597]
6.248378600000002,[ 0.88521868  0.33041549 -1.2448746 ],[-0.79115546  0.21466623 -1.07054269]
6.256469300000003,[ 0.88526332  0.33039838 -1.24486315],[-0.79114825  0.21467946 -1.07049608]
6.2653359,[ 0.88529253  0.33041051 -1.24486279],[-0.79113543  0.21471523 -1.07045269]
6.273175900000002,[ 0.88533932  0.33040059 -1.24486029],[-0.79109997  0.21475568 -1.0704037 ]
6.282327200000001,[ 0.88538784  0.33038571 -1.24483418],[-0.79109067  0.21475425 -1.07038248]
6.289870400000002,[ 0.88544446  0.33037576 -1.24481761],[-0.7910791   0.21474767 -1.07036686]
6.2989389,[ 0.88548374  0.33037856 -1.24480116],[-0.79106683  0.21473369 -1.07035267]
6.306592200000001,[ 0.88552958  0.33036664 -1.24479222],[-0.79105842  0.21471667 -1.07034004]
6.3136095999999995,[ 0.8855589   0.33036655 -1.24477291],[-0.791044    0.2147124  -1.07032895]
6.322129800000003,[ 0.88560861  0.3303518  -1.24475431],[-0.79101616  0.21469432 -1.07032466]
6.332303700000001,[ 0.8857317   0.33034724 -1.24466383],[-0.79096764  0.21466555 -1.07032442]
6.3405117,[ 0.88577873  0.33033693 -1.24463749],[-0.79095215  0.21465337 -1.07033157]
6.349049400000002,[ 0.88582963  0.33031169 -1.24460888],[-0.79092497  0.21462366 -1.07033932]
6.358152400000002,[ 0.88590437  0.33029491 -1.244578  ],[-0.7908991   0.21458001 -1.07033312]
6.3659082,[ 0.88596052  0.33028188 -1.24454737],[-0.79087722  0.21453707 -1.07034922]
6.3742144,[ 0.8860172   0.33029386 -1.24451339],[-0.79085076  0.21449657 -1.07035649]
6.3822221,[ 0.88606441  0.33029425 -1.24448884],[-0.79081839  0.21446976 -1.07035112]
6.3909062,[ 0.88611823  0.33027416 -1.2444514 ],[-0.79078001  0.2144338  -1.07035208]
6.3985015999999995,[ 0.88615453  0.33027992 -1.24441135],[-0.7907542   0.21440013 -1.07034147]
6.406527100000002,[ 0.88618517  0.33029637 -1.24436927],[-0.79072183  0.21436447 -1.07033229]
6.415863000000002,[ 0.88621461  0.33029383 -1.24431169],[-0.7906999   0.21432506 -1.07032287]
6.4256834000000005,[ 0.88625097  0.33028182 -1.2442522 ],[-0.79066133  0.21428382 -1.0703187 ]
6.436078600000002,[ 0.8862868   0.33030349 -1.24416196],[-0.79064012  0.21420443 -1.07030249]
6.444441100000002,[ 0.88630706  0.33032605 -1.24410141],[-0.79063421  0.21417281 -1.0702796 ]
6.452525000000001,[ 0.88632733  0.33033457 -1.24403214],[-0.7906096   0.21413934 -1.07025528]
6.461545300000001,[ 0.88635767  0.33036476 -1.24398005],[-0.79058307  0.21409342 -1.07023549]
6.470087900000003,[ 0.88637733  0.33038494 -1.24392402],[-0.79056752  0.21405837 -1.07023036]
6.479085400000002,[ 0.88640702  0.3304033  -1.24386835],[-0.79054016  0.21403088 -1.07022238]
6.488040900000001,[ 0.88645297  0.33041686 -1.24379921],[-0.79050863  0.21400727 -1.07019496]
6.497916500000002,[ 0.88651359  0.3304528  -1.24371767],[-0.79047441  0.21396591 -1.07018936]
6.508803800000003,[ 0.88654786  0.33050513 -1.24367273],[-0.79044688  0.21396956 -1.0701822 ]
6.517446,[ 0.88658267  0.33053234 -1.24361455],[-0.79041111  0.21396524 -1.07015371]
6.527168,[ 0.88664031  0.33057463 -1.24352443],[-0.79036528  0.21397234 -1.0701257 ]
6.534239900000003,[ 0.88665473  0.33058503 -1.24350059],[-0.79034466  0.21396697 -1.07011759]
6.5452862,[ 0.88671547  0.33063784 -1.24340892],[-0.79031014  0.21396783 -1.07010984]
6.5526993000000004,[ 0.88675708  0.33066624 -1.24333799],[-0.79027754  0.21398467 -1.07009935]
6.560598300000002,[ 0.88679564  0.33066601 -1.24325967],[-0.79023713  0.21401125 -1.07008457]
6.5678549,[ 0.88681149  0.33067745 -1.24321842],[-0.79022658  0.21402359 -1.07008004]
6.5781755,[ 0.88683951  0.3307249  -1.24312258],[-0.79018587  0.21406737 -1.07008243]
6.586507600000001,[ 0.88686424  0.33074337 -1.24304879],[-0.79016596  0.21408594 -1.07007265]
6.5939083000000025,[ 0.88688594  0.33075356 -1.24297428],[-0.79013252  0.21410204 -1.07005119]
6.602341600000003,[ 0.88691646  0.33075485 -1.24290109],[-0.79009283  0.21411386 -1.07005227]
6.609347700000001,[ 0.88692898  0.33076629 -1.24286795],[-0.79008085  0.21411617 -1.07005084]
6.619282600000002,[ 0.88694924  0.33077055 -1.24276447],[-0.79001409  0.21414812 -1.07004857]
6.627509,[ 0.88696033  0.33076683 -1.24268651],[-0.78997386  0.2141552  -1.0700326 ]
6.6358329000000005,[ 0.88697058  0.33076337 -1.24262524],[-0.7899254   0.21418072 -1.07002175]
6.6443209,[ 0.88696951  0.33078799 -1.24256456],[-0.78987926  0.21422628 -1.07001221]
6.652434900000003,[ 0.88695812  0.33080322 -1.24250603],[-0.78983629  0.21427064 -1.06999993]
6.6608930000000015,[ 0.88695091  0.33079448 -1.24244952],[-0.78978866  0.21428569 -1.06999516]
6.668886400000002,[ 0.88695538  0.33080658 -1.24238408],[-0.7897293   0.21429192 -1.06998491]
6.677426200000003,[ 0.88693947  0.33080679 -1.2423209 ],[-0.78966528  0.21432744 -1.06996942]
6.685719200000001,[ 0.88692206  0.33082408 -1.24225068],[-0.78959787  0.21437886 -1.06995034]
6.694026300000001,[ 0.88689196  0.33082628 -1.24219   ],[-0.78953367  0.21441858 -1.06993163]
6.7020219999999995,[ 0.88686508  0.33082524 -1.24213481],[-0.78946894  0.21445237 -1.06991827]
6.7106411,[ 0.88682413  0.33084524 -1.24209118],[-0.78940541  0.21449216 -1.06990957]
6.719044400000001,[ 0.88677603  0.33086228 -1.2420392 ],[-0.78934646  0.2145343  -1.06988239]
6.728207100000002,[ 0.88673139  0.33085805 -1.24199021],[-0.78929275  0.21455917 -1.069839  ]
6.735959600000001,[ 0.88668448  0.33084595 -1.24193656],[-0.78923076  0.21457337 -1.06981075]
6.745077200000001,[ 0.88663483  0.33085415 -1.24188912],[-0.78918409  0.21460353 -1.06978846]
6.752692400000001,[ 0.88656908  0.33088014 -1.24184752],[-0.7891224   0.2146461  -1.06976247]
6.7610949,[ 0.88652962  0.33088654 -1.24180293],[-0.78905725  0.21466856 -1.06972313]
6.769352900000001,[ 0.88648814  0.33090404 -1.24177742],[-0.7890085   0.21469454 -1.0697062 ]
6.778022200000002,[ 0.88643551  0.33093512 -1.24175918],[-0.78896195  0.21474075 -1.06968224]
6.786289100000001,[ 0.88638401  0.33097103 -1.24173295],[-0.78892189  0.214774   -1.06967139]
6.793974800000001,[ 0.8863306   0.33099526 -1.24172091],[-0.78886354  0.21481228 -1.0696454 ]
6.8024454,[ 0.88628703  0.33101264 -1.24168956],[-0.78880364  0.21484174 -1.06962621]
6.8106218,[ 0.88622588  0.33103213 -1.24167204],[-0.7887612   0.21484777 -1.06960869]
6.819610000000001,[ 0.88616729  0.33106494 -1.24165475],[-0.78872281  0.21487297 -1.06958783]
6.827466700000002,[ 0.88610971  0.33108947 -1.24163651],[-0.78868735  0.21489908 -1.06955659]
6.835547099999999,[ 0.88603735  0.33109578 -1.24161363],[-0.78865498  0.21488436 -1.06952894]
6.844316000000003,[ 0.88595432  0.33112171 -1.24159539],[-0.78861815  0.21488965 -1.06952035]
6.852453200000003,[ 0.88586742  0.33114889 -1.24157226],[-0.78858554  0.21488254 -1.06952786]
6.8612207000000005,[ 0.88578355  0.33117399 -1.24154723],[-0.78855819  0.21488081 -1.0695101 ]
6.8692685,[ 0.8857035   0.33119181 -1.24151957],[-0.78852677  0.21487153 -1.0695051 ]
6.877448400000002,[ 0.88562739  0.33119702 -1.24149728],[-0.78850454  0.2148741  -1.06949186]
6.8857933,[ 0.88553441  0.33121562 -1.24148595],[-0.78846323  0.21487699 -1.06950927]
6.8941779000000025,[ 0.88543504  0.33124179 -1.24146914],[-0.78843933  0.21485943 -1.06951535]
6.902431200000002,[ 0.88533944  0.33126485 -1.24145162],[-0.78842694  0.21484473 -1.06951618]
6.911170000000002,[ 0.88524175  0.33127585 -1.24144363],[-0.78839678  0.21480308 -1.06951773]
6.918957600000002,[ 0.88513517  0.33130956 -1.24143147],[-0.78836727  0.21478263 -1.06951582]
6.928250500000001,[ 0.88504517  0.33132496 -1.24142003],[-0.78833228  0.21473861 -1.06952667]
6.937219200000001,[ 0.88495725  0.33135268 -1.2413969 ],[-0.78830272  0.21469313 -1.06952989]
6.948019900000002,[ 0.88483024  0.3313911  -1.2413826 ],[-0.78826487  0.21462399 -1.06953311]
6.956521500000001,[ 0.88474733  0.33142862 -1.24138093],[-0.78823769  0.21458283 -1.06953681]
6.964773700000002,[ 0.88465786  0.33148164 -1.24137998],[-0.78822261  0.21454132 -1.06954634]
6.974056600000001,[ 0.88458365  0.331507   -1.24138296],[-0.78821498  0.21449798 -1.06955147]
6.981777100000002,[ 0.88451773  0.33151871 -1.24137759],[-0.78819799  0.21443862 -1.06954002]
6.989847900000001,[ 0.88444519  0.33151647 -1.24138808],[-0.78818119  0.21437421 -1.06954432]
6.9984559,[ 0.88437617  0.33153832 -1.24139738],[-0.78817761  0.21430308 -1.06956744]
7.0066725000000005,[ 0.88432097  0.33155739 -1.24140513],[-0.78817004  0.21423535 -1.0695765 ]
7.015052400000002,[ 0.88427025  0.33156246 -1.24141955],[-0.78815496  0.21417633 -1.06957126]
7.023865300000001,[ 0.8842113   0.33158678 -1.24145079],[-0.78815025  0.21411709 -1.06956923]
7.032018100000002,[ 0.88415152  0.33162975 -1.24148417],[-0.78814512  0.21405683 -1.06957996]
7.039873500000002,[ 0.88409483  0.3316673  -1.24151039],[-0.78814226  0.21401098 -1.06958675]
7.047996300000001,[ 0.88404876  0.33169901 -1.24153459],[-0.78813738  0.21394446 -1.06957936]
7.056463400000002,[ 0.88401228  0.33171898 -1.24154782],[-0.78813535  0.21388586 -1.06957901]
7.065159400000002,[ 0.88395548  0.33174282 -1.24157023],[-0.78812832  0.21383183 -1.0695622 ]
7.073317600000003,[ 0.88389468  0.33177891 -1.24158728],[-0.78813493  0.21378356 -1.06955993]
7.081947100000001,[ 0.88383681  0.33180428 -1.24160016],[-0.78812993  0.21373899 -1.06955445]
7.0902745,[ 0.88377488  0.33184987 -1.24161351],[-0.78812605  0.213708   -1.06953073]
7.098919900000002,[ 0.88370144  0.3318921  -1.24162543],[-0.78812706  0.21367949 -1.06951439]
7.107227000000002,[ 0.88363945  0.3319518  -1.24163628],[-0.78812087  0.21365866 -1.06950772]
7.114787400000001,[ 0.88358623  0.33199447 -1.24164855],[-0.78811949  0.21363033 -1.06949699]
7.1233638,[ 0.88352907  0.33201689 -1.24166024],[-0.78812283  0.21359406 -1.06949627]
7.1314654,[ 0.88347888  0.33204299 -1.24166822],[-0.7881223   0.21357216 -1.0694797 ]
7.1404422000000025,[ 0.88342422  0.33207646 -1.24168289],[-0.78812248  0.21355304 -1.06948972]
7.148238900000003,[ 0.88335979  0.33208907 -1.24169505],[-0.78812093  0.21355247 -1.06948137]
7.1571134,[ 0.88330215  0.33209655 -1.24170232],[-0.78812361  0.2135563  -1.06944489]
7.164790800000002,[ 0.88324839  0.33208913 -1.24171102],[-0.78813058  0.21353014 -1.06945825]
7.174353200000002,[ 0.88319987  0.33207104 -1.24172211],[-0.78812826  0.21352662 -1.06946361]
7.1825109000000005,[ 0.88316393  0.33206031 -1.24173605],[-0.7881304   0.2135203  -1.06945932]
7.190479200000002,[ 0.88313574  0.33203965 -1.24175382],[-0.78814322  0.21351431 -1.06945431]
7.198130000000003,[ 0.88310438  0.33202776 -1.24177349],[-0.78815317  0.21350929 -1.06944501]
7.2064664,[ 0.88308012  0.33202106 -1.24179709],[-0.7881608   0.21351828 -1.06943309]
7.215334500000001,[ 0.88305616  0.33201641 -1.2418294 ],[-0.78819156  0.21351425 -1.0694083 ]
7.2241506000000015,[ 0.88303602  0.33200809 -1.2418555 ],[-0.78822756  0.21353188 -1.06939042]
7.232496600000001,[ 0.88302994  0.33199629 -1.24187779],[-0.78824455  0.21354669 -1.06938159]
7.240650300000002,[ 0.88302857  0.33198592 -1.24191058],[-0.78825104  0.21354924 -1.06936932]
7.2497519,[ 0.88302702  0.33197773 -1.241943  ],[-0.78825581  0.21356487 -1.06937385]
7.257644000000003,[ 0.88303053  0.33196577 -1.24197853],[-0.78826427  0.21357153 -1.06935811]
7.266166500000001,[ 0.88303566  0.33194709 -1.24201667],[-0.78827971  0.21358489 -1.06933415]
7.2772571,[ 0.88304812  0.33193749 -1.24207234],[-0.78831267  0.21359776 -1.06930232]
7.308868,[ 0.88306075  0.33192468 -1.24213207],[-0.7883845   0.2136213  -1.06926811]
7.321114300000001,[ 0.88312137  0.33185488 -1.24229598],[-0.7885105   0.2136582  -1.06918919]
7.330280900000002,[ 0.8831358   0.33182582 -1.24234688],[-0.78856379  0.21365415 -1.06914413]
7.340876700000003,[ 0.88317341  0.33176461 -1.24242401],[-0.7886191   0.21363582 -1.06908929]
7.3499184,[ 0.88319069  0.33174872 -1.24248409],[-0.78864938  0.21363327 -1.06906271]
7.3591169,[ 0.88321733  0.3317461  -1.2425468 ],[-0.78868449  0.21362962 -1.06905162]
7.369633700000001,[ 0.88324958  0.33169958 -1.24264169],[-0.78869027  0.2136168  -1.06902814]
7.3785296,[ 0.8832314   0.33168128 -1.24275577],[-0.78869551  0.2135881  -1.06902516]
7.389445000000002,[ 0.88329023  0.33165708 -1.24280238],[-0.7887072   0.21356402 -1.06901324]
7.3968644999999995,[ 0.88329881  0.33165005 -1.24283326],[-0.78871506  0.21353675 -1.06901872]
7.406621400000002,[ 0.88326824  0.33159223 -1.24296939],[-0.78869641  0.21351495 -1.06900036]
7.415128000000003,[ 0.88327295  0.3315706  -1.2430346 ],[-0.78868747  0.21349564 -1.069013  ]
7.4231914,[ 0.88326532  0.33155259 -1.24310017],[-0.78866559  0.21349181 -1.06902945]
7.4316292,[ 0.88327312  0.33151546 -1.24315608],[-0.78864592  0.21348912 -1.06904292]
7.439918900000002,[ 0.88327235  0.33146828 -1.24320376],[-0.78861946  0.21345721 -1.06905293]
7.448367900000001,[ 0.88328272  0.33143172 -1.24325716],[-0.78857899  0.2134552  -1.06905723]
7.4565576,[ 0.88328367  0.33140573 -1.24331808],[-0.7885437   0.21345833 -1.06905925]
7.4659973000000015,[ 0.8832683   0.33137259 -1.2433778 ],[-0.78851515  0.213448   -1.06906497]
7.473474100000001,[ 0.88325787  0.33134079 -1.24343908],[-0.78849977  0.213425   -1.0690577 ]
7.482223600000001,[ 0.88325065  0.33130914 -1.24349749],[-0.78847206  0.21341592 -1.06904483]
7.4900006999999995,[ 0.88324183  0.33129546 -1.24355531],[-0.78844374  0.21342087 -1.06904471]
7.497757100000001,[ 0.88322717  0.33127266 -1.24361563],[-0.78840989  0.21341342 -1.06903136]
7.5054213999999995,[ 0.88322681  0.33126041 -1.24364305],[-0.78839374  0.21341084 -1.0690316 ]
7.5148054,[ 0.88321978  0.33123076 -1.24373746],[-0.78834832  0.21339644 -1.0690099 ]
7.524563400000002,[ 0.88320655  0.33123252 -1.24380028],[-0.78831446  0.21338882 -1.06899893]
7.5322262,[ 0.88319367  0.33123255 -1.24387109],[-0.7882579   0.21341211 -1.06897676]
7.540532900000002,[ 0.8831706   0.33123779 -1.24394619],[-0.78822625  0.21338543 -1.06895113]
7.548446000000002,[ 0.88315105  0.33123827 -1.24401534],[-0.78818679  0.21337897 -1.06893909]
7.557413200000003,[ 0.8831389   0.33124757 -1.24407947],[-0.78813672  0.21337816 -1.06890821]
7.5650333,[ 0.88312608  0.33125952 -1.24415088],[-0.78809321  0.21337079 -1.06889415]
7.573635900000003,[ 0.88310319  0.33125114 -1.24422061],[-0.78805238  0.21335649 -1.06886792]
7.5818558,[ 0.88308239  0.3312566  -1.24428451],[-0.78801847  0.2133352  -1.06884801]
7.5906269,[ 0.8830747   0.33126968 -1.24434483],[-0.78797555  0.21332176 -1.06882739]
7.598330800000003,[ 0.88305074  0.33128545 -1.24440873],[-0.78792083  0.21334407 -1.06881237]
7.6065691000000015,[ 0.88303083  0.33129302 -1.24447393],[-0.7878716   0.21334331 -1.06881046]
7.614790000000003,[ 0.88300186  0.33129752 -1.24454057],[-0.78783631  0.21333477 -1.06879354]
7.6220047000000015,[ 0.88299721  0.33130345 -1.24457824],[-0.78782505  0.21332556 -1.06879771]
7.6304737,[ 0.88297641  0.331312   -1.24465001],[-0.78779602  0.21330908 -1.0687927 ]
7.639926600000003,[ 0.88291961  0.33132187 -1.2447623 ],[-0.78773522  0.21329775 -1.0687753 ]
7.6482828000000005,[ 0.88289255  0.33131251 -1.244838  ],[-0.78769457  0.21328664 -1.06877053]
7.656528400000003,[ 0.88286549  0.3313078  -1.24492943],[-0.7876538   0.21328701 -1.06876886]
7.665858200000002,[ 0.88281769  0.33129469 -1.24502385],[-0.78761685  0.21330817 -1.06876886]
7.6741626000000025,[ 0.88276762  0.33128265 -1.24510372],[-0.78759366  0.21332534 -1.06876731]
7.684197400000002,[ 0.88273174  0.33127525 -1.24520123],[-0.78757018  0.21333472 -1.06876004]
7.6928754999999995,[ 0.88269711  0.33125988 -1.24529803],[-0.78755355  0.21334481 -1.06875372]
7.7025291,[ 0.88265222  0.33123705 -1.24545467],[-0.78754431  0.21332815 -1.0687567 ]
7.711910700000001,[ 0.88263297  0.33121639 -1.2455579 ],[-0.78754336  0.21330276 -1.0687542 ]
7.719422900000001,[ 0.88260841  0.33118469 -1.24566841],[-0.78752697  0.21330109 -1.06875038]
7.728062400000002,[ 0.88258404  0.3311559  -1.24578178],[-0.78751415  0.21331404 -1.06874382]
7.736099900000003,[ 0.88254416  0.33114281 -1.2458868 ],[-0.78750747  0.2133363  -1.06875265]
7.7449485,[ 0.88248384  0.33114719 -1.24598646],[-0.78745025  0.21337242 -1.06872344]
7.753052400000001,[ 0.88242722  0.33113572 -1.24607491],[-0.78745741  0.21337807 -1.06873512]
7.761469700000003,[ 0.8823688   0.33113414 -1.24615932],[-0.78757781  0.21332075 -1.06881332]
7.769075900000001,[ 0.88229573  0.33114919 -1.24624455],[-0.78760833  0.21332343 -1.06885338]
7.777414100000001,[ 0.88219035  0.33116969 -1.24637437],[-0.78761381  0.21334    -1.06883359]
7.7858546,[ 0.88212186  0.33117697 -1.2464565 ],[-0.78763068  0.21334083 -1.06883872]
7.792779900000003,[ 0.88208395  0.33118701 -1.24649596],[-0.78763783  0.21333271 -1.06883419]
7.801244500000003,[ 0.88200545  0.33120683 -1.2465781 ],[-0.78766727  0.21333162 -1.06884003]
7.809086400000002,[ 0.88192004  0.33124611 -1.24665761],[-0.78768498  0.21334626 -1.0688504 ]
7.819255200000001,[ 0.88178599  0.33131289 -1.24677002],[-0.78772336  0.21337423 -1.068856  ]
7.8279131,[ 0.88169885  0.3313534  -1.24683964],[-0.78766114  0.21340948 -1.06880581]
7.8363932,[ 0.88157767  0.33141264 -1.24691033],[-0.78773481  0.21337061 -1.0688082 ]
7.844253699999999,[ 0.88145697  0.33147696 -1.24698162],[-0.78785849  0.21330729 -1.0688895 ]
7.8525088000000025,[ 0.881329    0.33155432 -1.24704587],[-0.78788054  0.21331209 -1.06890583]
7.8612987000000025,[ 0.88119805  0.33163121 -1.24710858],[-0.78790873  0.21331334 -1.06890869]
7.869767900000003,[ 0.88106972  0.33171752 -1.24717581],[-0.78794205  0.21333541 -1.06890678]
7.878028800000003,[ 0.88093966  0.33180642 -1.24723685],[-0.78798032  0.21335454 -1.06893349]
7.885818,[ 0.88079798  0.33190042 -1.24729908],[-0.78801411  0.21335195 -1.06895089]
7.894123800000003,[ 0.88065976  0.3319816  -1.24737215],[-0.78805429  0.21334599 -1.06895769]
7.902372100000001,[ 0.88050914  0.33208728 -1.24744844],[-0.78809458  0.21334518 -1.06897986]
7.9119131,[ 0.8803544   0.33217257 -1.24752879],[-0.78811789  0.2133538  -1.06897187]
7.919548300000002,[ 0.88019615  0.3322584  -1.24761772],[-0.78816009  0.2133486  -1.06899667]
7.928333200000001,[ 0.88005263  0.3323366  -1.24768853],[-0.78820938  0.21333504 -1.06900001]
7.9360599,[ 0.87989748  0.33241147 -1.2477572 ],[-0.78824252  0.21334337 -1.06901526]
7.945183,[ 0.87973052  0.33248764 -1.24782658],[-0.78826916  0.21333221 -1.06902122]
7.9529388999999995,[ 0.87956113  0.33256853 -1.24789858],[-0.78830785  0.21333225 -1.06902051]
7.9607089,[ 0.87939602  0.33262494 -1.24796927],[-0.78835243  0.21329568 -1.06903386]
7.968912800000002,[ 0.87921625  0.3326644  -1.24802709],[-0.78839594  0.21327324 -1.069031  ]
7.9771754,[ 0.87902814  0.33269411 -1.24809921],[-0.78842068  0.21326247 -1.06901836]
7.985861800000002,[ 0.8788234   0.33274794 -1.24816358],[-0.78846037  0.21324019 -1.06901097]
7.993975600000002,[ 0.8786158   0.33277303 -1.24823225],[-0.78850234  0.21319944 -1.06902599]
8.003251200000001,[ 0.87839484  0.33280036 -1.248294  ],[-0.78854889  0.21316615 -1.06902289]
8.010856200000003,[ 0.87817645  0.33282864 -1.2483598 ],[-0.78858441  0.2131291  -1.06902575]
8.020343100000002,[ 0.87796128  0.33286166 -1.24844778],[-0.78861558  0.21312264 -1.06903172]
8.0281689,[ 0.87777108  0.33287901 -1.24853206],[-0.78863776  0.21309464 -1.06903136]
8.036388500000001,[ 0.87759256  0.332901   -1.24861264],[-0.78867275  0.21307184 -1.06904602]
8.04513,[ 0.87739205  0.33291802 -1.24869764],[-0.78872198  0.21305136 -1.06903887]
8.053263900000001,[ 0.87719476  0.33294037 -1.24878764],[-0.78874171  0.21303621 -1.06904364]
8.0613387,[ 0.87701046  0.3329764  -1.2488817 ],[-0.7887795   0.21301049 -1.06903386]
8.069263900000003,[ 0.87683547  0.33300146 -1.24897599],[-0.78882253  0.21299922 -1.06904125]
8.078697300000002,[ 0.87667298  0.33304021 -1.24906778],[-0.78885186  0.213055   -1.06904721]
8.0866091,[ 0.87651515  0.33307916 -1.24915254],[-0.78900254  0.21299514 -1.06906056]
8.0955568,[ 0.87636179  0.33312234 -1.24923253],[-0.78912586  0.21289529 -1.06908345]
8.1033273,[ 0.87620759  0.33316311 -1.24931312],[-0.78920108  0.21284777 -1.06908655]
8.1113876,[ 0.87605798  0.33321598 -1.24939656],[-0.78926849  0.2128163  -1.06909204]
8.119643700000001,[ 0.87591136  0.33327767 -1.24948418],[-0.78934669  0.21278054 -1.06909347]
8.1282891,[ 0.87577283  0.33335283 -1.2495718 ],[-0.78941315  0.21275634 -1.06906927]
8.1361138,[ 0.87563837  0.33340696 -1.24966192],[-0.78949833  0.21269058 -1.06903362]
8.1440503,[ 0.87550253  0.33345065 -1.24974322],[-0.78962225  0.21258408 -1.06900775]
8.152790800000002,[ 0.8753618   0.33350384 -1.24982655],[-0.78975868  0.2124484  -1.06897712]
8.160698800000002,[ 0.87521625  0.33354935 -1.24990535],[-0.78988773  0.2122968  -1.06893277]
8.1689851,[ 0.87507683  0.33358788 -1.2499764 ],[-0.7899245   0.21218097 -1.06888258]
8.1774263,[ 0.87491941  0.33363372 -1.25004029],[-0.78998643  0.21211213 -1.0688355 ]
8.185824400000001,[ 0.87476313  0.33368477 -1.25010335],[-0.79022545  0.21200633 -1.0688293 ]
8.1938995,[ 0.87460691  0.33373082 -1.25016582],[-0.79050696  0.21187899 -1.06879139]
8.203261700000002,[ 0.87445033  0.33378258 -1.25021803],[-0.79058993  0.21175542 -1.06875992]
8.2107654,[ 0.87431711  0.33383366 -1.25026715],[-0.79068112  0.21163639 -1.06875229]
8.219758800000001,[ 0.8741743   0.33390915 -1.2503233 ],[-0.79082024  0.2114448  -1.06871378]
8.227668400000002,[ 0.87402785  0.33397844 -1.25037313],[-0.79094976  0.21129052 -1.06868231]
8.2365754,[ 0.87388879  0.33404669 -1.25041223],[-0.79106873  0.21111107 -1.06863701]
8.244169500000002,[ 0.87375951  0.33409923 -1.25044858],[-0.7912057   0.21090515 -1.06859016]
8.2524355,[ 0.87361342  0.33416191 -1.25049388],[-0.79136068  0.21072781 -1.0685519 ]
8.2611344,[ 0.87346792  0.33423927 -1.25053084],[-0.7915163   0.21057984 -1.06854892]
8.269891400000002,[ 0.87332761  0.33429256 -1.25056767],[-0.79167694  0.21042892 -1.06853437]
8.278030900000001,[ 0.87320089  0.33434778 -1.25061226],[-0.79179341  0.21030255 -1.06850934]
8.285753,[ 0.87305695  0.33439678 -1.25065136],[-0.79187846  0.21017247 -1.06849158]
8.294591200000003,[ 0.87291652  0.33446422 -1.25069427],[-0.79196668  0.21007234 -1.06848025]
8.302418600000003,[ 0.87278926  0.3345159  -1.25073838],[-0.79205227  0.20997204 -1.06845641]
8.311572900000002,[ 0.87267786  0.33456123 -1.25078976],[-0.79216224  0.20986617 -1.06844044]
8.3191257,[ 0.87256426  0.33461666 -1.25085545],[-0.79228789  0.2097667  -1.0684427 ]
8.327191900000003,[ 0.87246662  0.33469883 -1.25096536],[-0.79241008  0.20967381 -1.06844103]
8.334362200000001,[ 0.87242907  0.33464661 -1.25105309],[-0.79248124  0.20964372 -1.0684551 ]
8.3440558,[ 0.87229151  0.33470613 -1.25116122],[-0.79266906  0.20953462 -1.06843853]
8.3531388,[ 0.87217599  0.33474305 -1.25120997],[-0.79280096  0.20946653 -1.06843626]
8.3606898,[ 0.87204522  0.33479288 -1.25126779],[-0.79292393  0.20944692 -1.06844378]
8.368048000000002,[ 0.87198168  0.33480215 -1.2512852 ],[-0.79299843  0.20942323 -1.06842852]
8.375802,[ 0.87186265  0.33482742 -1.25133634],[-0.79310924  0.209426   -1.0684427 ]
8.3839513,[ 0.8717463   0.33486393 -1.25137591],[-0.79323643  0.20942695 -1.06843412]
8.391898400000002,[ 0.87161636  0.33490661 -1.25141239],[-0.79333854  0.20945339 -1.06845307]
8.401033000000002,[ 0.87148494  0.33496201 -1.25144851],[-0.79342782  0.20949863 -1.06847763]
8.409083200000001,[ 0.87135887  0.33501092 -1.2514807 ],[-0.79353243  0.20953037 -1.06846952]
8.417604700000002,[ 0.87122047  0.33505329 -1.25151634],[-0.79363525  0.20957436 -1.06848443]
8.4255259,[ 0.87108415  0.3351042  -1.25154924],[-0.79372871  0.20962712 -1.06849766]
8.4352026,[ 0.87089515  0.33518329 -1.25159919],[-0.79390085  0.20972061 -1.06851935]
8.443942,[ 0.87077731  0.33523515 -1.25162899],[-0.794002    0.20980966 -1.06852305]
8.452311100000003,[ 0.87066275  0.3352862  -1.25165904],[-0.79411471  0.20991094 -1.06854534]
8.460820700000003,[ 0.87055653  0.33534947 -1.25168657],[-0.79420471  0.21004058 -1.0685637 ]
8.469115200000001,[ 0.87045014  0.33542147 -1.25170958],[-0.79431158  0.21017729 -1.06856668]
8.4776597,[ 0.87033963  0.33548883 -1.25173187],[-0.79442644  0.21030283 -1.06855643]
8.485782200000003,[ 0.87021875  0.33555052 -1.25175011],[-0.79450679  0.21042253 -1.06855476]
8.494003300000003,[ 0.8700335   0.33563128 -1.25166583],[-0.79461473  0.21054125 -1.06857491]
8.5024212,[ 0.86980474  0.33570278 -1.2516166 ],[-0.79476148  0.21065077 -1.06858337]
8.510810800000002,[ 0.86963773  0.33575687 -1.2516042 ],[-0.79486084  0.21079236 -1.06858909]
8.519285400000001,[ 0.86947709  0.33580372 -1.2516036 ],[-0.79496902  0.21093288 -1.06860244]
8.527527200000002,[ 0.86932832  0.33585486 -1.25160468],[-0.79506481  0.21110238 -1.0686146 ]
