0.0005932000000008486,[ 0.75110257  0.40692255 -1.26806056],[-0.96973866  0.26120904 -1.13802803]
0.009210400000000618,[ 0.75141567  0.40678003 -1.2677691 ],[-0.96988899  0.26037836 -1.13734031]
0.018279400000000834,[ 0.75177819  0.40668052 -1.26742435],[-0.96999782  0.2595534  -1.13670242]
0.02727959999999996,[ 0.75217581  0.40654376 -1.26708519],[-0.9701423   0.25876841 -1.13604403]
0.035537800000000175,[ 0.75258499  0.40639257 -1.26676214],[-0.97020489  0.25797325 -1.13541698]
0.0439304000000007,[ 0.75302911  0.40626636 -1.26639962],[-0.97031671  0.2572574  -1.13482559]
0.05203449999999954,[ 0.75339204  0.40603685 -1.26610625],[-0.97041452  0.25653476 -1.13423598]
0.06046560000000056,[ 0.75377649  0.4058668  -1.26580608],[-0.97055274  0.25585935 -1.13366449]
0.07035869999999989,[ 0.75441372  0.40554219 -1.26534569],[-0.97071946  0.25484833 -1.13281369]
0.08083449999999992,[ 0.75484204  0.40528661 -1.26503086],[-0.97081554  0.25418177 -1.13225603]
0.08998309999999954,[ 0.75527674  0.40501103 -1.26472104],[-0.97092247  0.25356716 -1.13177931]
0.10048830000000031,[ 0.75590944  0.40462264 -1.2642585 ],[-0.97104913  0.252673   -1.13084352]
0.11054400000000086,[ 0.7562874   0.40433219 -1.26395535],[-0.97120607  0.2520957  -1.13031256]
0.12045980000000078,[ 0.75684392  0.40387446 -1.26346922],[-0.97140259  0.25126144 -1.12952125]
0.12966429999999995,[ 0.7571854   0.40354612 -1.2631427 ],[-0.97157276  0.25075278 -1.12910473]
0.13829149999999935,[ 0.75753045  0.40320912 -1.26281965],[-0.9716745   0.2503151  -1.12850857]
0.1467054999999995,[ 0.75783193  0.40286061 -1.26248884],[-0.97182709  0.24986303 -1.12803984]
0.1558407000000006,[ 0.75814658  0.40249556 -1.26217163],[-0.97194743  0.24940903 -1.12760389]
0.16479529999999976,[ 0.7584483   0.40210885 -1.26185   ],[-0.97210288  0.24896164 -1.12714171]
0.1728821000000007,[ 0.75873166  0.40170094 -1.26152706],[-0.97222602  0.24861482 -1.12670267]
0.18286909999999956,[ 0.75908238  0.40106696 -1.26107049],[-0.97240669  0.24811125 -1.12606943]
0.1916045000000004,[ 0.7593053   0.40061635 -1.2608068 ],[-0.97251672  0.2477816  -1.1256541 ]
0.20063120000000012,[ 0.75952834  0.40015656 -1.26058125],[-0.97264755  0.24745296 -1.12527537]
0.20945440000000026,[ 0.7597304   0.39966422 -1.26033747],[-0.9727698   0.2471434  -1.12491322]
0.2185618999999992,[ 0.75992823  0.39916793 -1.26011097],[-0.97287059  0.24684779 -1.12455714]
0.22738829999999943,[ 0.76012701  0.39867783 -1.2599299 ],[-0.9729805   0.24658681 -1.12419343]
0.23823679999999925,[ 0.76043713  0.39788204 -1.25971544],[-0.97312212  0.24621853 -1.12370849]
0.24814549999999969,[ 0.76064324  0.39732802 -1.25958478],[-0.97321886  0.24598978 -1.12340117]
0.2591128000000005,[ 0.76096076  0.39654496 -1.25943899],[-0.97335511  0.24568443 -1.12300241]
0.2684197000000008,[ 0.76118374  0.39600968 -1.25936508],[-0.97344869  0.24547563 -1.12272239]
0.27719570000000004,[ 0.76144218  0.39545935 -1.25927699],[-0.97351807  0.24525584 -1.1224587 ]
0.2851517999999995,[ 0.76170462  0.39487273 -1.25919354],[-0.9735831   0.2450394  -1.12220263]
0.29349050000000076,[ 0.76193017  0.39427605 -1.25910974],[-0.97363192  0.24481311 -1.12196422]
0.3016293999999995,[ 0.76215583  0.393686   -1.25903988],[-0.97368675  0.24460521 -1.12171519]
0.31015189999999926,[ 0.76239383  0.39309719 -1.25897288],[-0.97374016  0.24440917 -1.12148452]
0.31862680000000054,[ 0.76264149  0.39255023 -1.25890362],[-0.9737826   0.24422032 -1.12123501]
0.32697339999999997,[ 0.76289642  0.39202401 -1.2588309 ],[-0.97383851  0.24399188 -1.12112379]
0.3367570999999998,[ 0.76327586  0.39122525 -1.25870287],[-0.97384363  0.24369518 -1.12081027]
0.34522349999999946,[ 0.76352006  0.3907029  -1.25860786],[-0.97378528  0.24348785 -1.12050951]
0.3535458000000009,[ 0.76380587  0.39018708 -1.25851321],[-0.97372961  0.24325766 -1.12029338]
0.3618517000000008,[ 0.76407719  0.38975567 -1.25841618],[-0.97365516  0.24301142 -1.12009215]
0.37012409999999996,[ 0.76434654  0.38935134 -1.25830424],[-0.97357339  0.24278919 -1.11987233]
0.37868699999999933,[ 0.76461059  0.38898477 -1.25818121],[-0.97349679  0.24253376 -1.11965919]
0.38684150000000095,[ 0.76486152  0.38864648 -1.25806022],[-0.97340113  0.24226332 -1.11943483]
0.39586770000000016,[ 0.76514322  0.38832825 -1.25794196],[-0.97329164  0.24198845 -1.11919415]
0.4042888999999992,[ 0.76542079  0.38803327 -1.25783253],[-0.97317511  0.24168333 -1.11896169]
0.4124548000000008,[ 0.76569474  0.38777098 -1.25771689],[-0.97306174  0.24136245 -1.1187259 ]
0.42089580000000026,[ 0.76596701  0.3875502  -1.25760984],[-0.97297239  0.24103573 -1.11863327]
0.42928249999999935,[ 0.76622146  0.38735449 -1.25749052],[-0.97280794  0.24072824 -1.11831892]
0.4374917000000007,[ 0.76647294  0.38717446 -1.25736547],[-0.97265357  0.24038342 -1.11805773]
0.44596819999999937,[ 0.76671642  0.38702488 -1.25723732],[-0.97249275  0.24003619 -1.11779463]
0.45348899999999936,[ 0.76694661  0.38687873 -1.25712645],[-0.97234356  0.23970345 -1.11755514]
0.46345789999999987,[ 0.76715708  0.38674548 -1.25702512],[-0.97219872  0.23933624 -1.11732149]
0.47116570000000024,[ 0.76736182  0.38663805 -1.25692773],[-0.9720301   0.2389511  -1.11708701]
0.47855200000000053,[ 0.7675575   0.38655189 -1.25684214],[-0.971883    0.23855112 -1.11683369]
0.4878315000000004,[ 0.7677418   0.38648728 -1.25675273],[-0.97177601  0.23815212 -1.11670661]
0.4958190000000009,[ 0.76789004  0.38644952 -1.25667942],[-0.97158033  0.23776731 -1.11638653]
0.5035225000000008,[ 0.76802588  0.38643706 -1.25660896],[-0.97139877  0.23736416 -1.11611867]
0.5120158999999997,[ 0.76814646  0.38643384 -1.25655079],[-0.97124726  0.23698516 -1.1158911 ]
0.5202355000000001,[ 0.76825404  0.38645539 -1.2564919 ],[-0.97109818  0.23662145 -1.1156522 ]
0.5292568000000006,[ 0.76835918  0.3864755  -1.25645471],[-0.97094232  0.23623452 -1.11540926]
0.5382823999999999,[ 0.76844323  0.38651216 -1.25641835],[-0.9708035   0.23585899 -1.11517596]
0.5473447,[ 0.76851106  0.38656443 -1.25639737],[-0.9706651   0.23549198 -1.11494029]
0.5562252000000001,[ 0.76855111  0.38663325 -1.25637519],[-0.97052932  0.23511286 -1.11469448]
0.5647210000000005,[ 0.76857865  0.38670877 -1.2563709 ],[-0.970366    0.23469581 -1.11443377]
0.5743784999999999,[ 0.76857543  0.38682982 -1.2563715 ],[-0.97011745  0.23411362 -1.11404562]
0.5825700000000005,[ 0.76855671  0.38691378 -1.25637805],[-0.96997648  0.23372315 -1.11377823]
0.5906149999999997,[ 0.76852053  0.38698918 -1.2564038 ],[-0.96986562  0.23327686 -1.11349308]
0.5991838999999999,[ 0.76846814  0.38704929 -1.25642526],[-0.96976602  0.23283051 -1.11320317]
0.6083102,[ 0.76839238  0.38711771 -1.25645125],[-0.96967739  0.23238726 -1.11291564]
0.6165935999999999,[ 0.76830441  0.38718435 -1.25648451],[-0.96956974  0.23193654 -1.11262941]
0.6246364999999994,[ 0.76818365  0.38725954 -1.25652587],[-0.96946585  0.23149022 -1.11233354]
0.6333461000000007,[ 0.76804006  0.38732612 -1.25657117],[-0.96938986  0.23105851 -1.11206865]
0.6411013000000008,[ 0.76788843  0.38739082 -1.2566129 ],[-0.96933854  0.2306198  -1.11183119]
0.6491819000000003,[ 0.76772195  0.38744056 -1.25666428],[-0.9693014   0.23014167 -1.11157954]
0.6563592000000007,[ 0.76764041  0.38746026 -1.25669098],[-0.96927416  0.22990899 -1.11147308]
0.6644106999999995,[ 0.7674734   0.38747579 -1.25674903],[-0.96923947  0.22943714 -1.11124313]
0.6722292000000003,[ 0.76728302  0.38748235 -1.25679278],[-0.96918792  0.22900109 -1.11102629]
0.6806915,[ 0.7670936   0.38747975 -1.25685036],[-0.96914822  0.22858359 -1.11083055]
0.6884309999999996,[ 0.76688647  0.38746154 -1.25692332],[-0.96909118  0.22819416 -1.11064482]
0.6961969000000003,[ 0.76666403  0.38742962 -1.25699663],[-0.96904945  0.22779515 -1.11047852]
0.7034199000000001,[ 0.76644969  0.38738576 -1.25707591],[-0.96900594  0.22743736 -1.11034119]
0.7113984000000002,[ 0.7662394   0.38728592 -1.25716853],[-0.96897894  0.22711669 -1.11022484]
0.7184120000000007,[ 0.76613444  0.38723838 -1.25722301],[-0.96896058  0.22694995 -1.11027217]
0.7265894999999993,[ 0.76591659  0.38711226 -1.25733364],[-0.96891469  0.22665097 -1.11018896]
0.7344533999999996,[ 0.76570332  0.38697439 -1.2574414 ],[-0.96884507  0.22638246 -1.11002171]
0.7430009000000002,[ 0.76550221  0.3868131  -1.25753641],[-0.96879953  0.22608395 -1.10992754]
0.7503469000000003,[ 0.76530755  0.38663825 -1.25762856],[-0.96875948  0.22581899 -1.10986412]
0.7577508999999996,[ 0.76511836  0.38646272 -1.25772059],[-0.96873367  0.22557761 -1.10980117]
0.7660964999999997,[ 0.76493019  0.38629144 -1.25781834],[-0.96872246  0.22534686 -1.10973811]
0.7745052999999995,[ 0.76476288  0.38608664 -1.2579143 ],[-0.96871907  0.22509828 -1.1096673 ]
0.7826345999999997,[ 0.76462001  0.38588288 -1.25800264],[-0.96871734  0.22486086 -1.1096133 ]
0.7911541999999994,[ 0.76448977  0.38568488 -1.25808489],[-0.96873128  0.22464056 -1.10954893]
0.7994193000000003,[ 0.76436228  0.38548669 -1.25817907],[-0.96876526  0.22441179 -1.10948694]
0.8061707000000009,[ 0.76431799  0.38538367 -1.25823152],[-0.96878773  0.22429152 -1.10945737]
0.8159703,[ 0.76417857  0.38510406 -1.25837445],[-0.96886796  0.22397843 -1.10935426]
0.8227940999999994,[ 0.76413685  0.38502458 -1.25841844],[-0.96890396  0.2238794  -1.10932529]
0.8310881999999999,[ 0.7640624   0.38484314 -1.25850582],[-0.96898896  0.22370136 -1.10925698]
0.8399006999999994,[ 0.76400781  0.38468054 -1.2585839 ],[-0.9690842   0.22352888 -1.10919642]
0.8493109000000008,[ 0.76393628  0.38442612 -1.25867701],[-0.9692229   0.22326852 -1.10912871]
0.8582181000000002,[ 0.76390433  0.3842839  -1.25873053],[-0.9693079   0.22308239 -1.10909367]
0.8665863999999992,[ 0.76389629  0.38416052 -1.25878251],[-0.96940178  0.22290081 -1.10906124]
0.8771108999999999,[ 0.76390058  0.38406166 -1.2588414 ],[-0.96949518  0.22272757 -1.10901642]
0.8856146000000003,[ 0.76390058  0.38406166 -1.2588414 ],[-0.96949518  0.22272757 -1.10901642]
0.8958568000000007,[ 0.7639035   0.38388249 -1.2589463 ],[-0.96970189  0.22230622 -1.10891175]
0.9050629000000008,[ 0.76389724  0.38382718 -1.25898087],[-0.96979523  0.22213505 -1.10886621]
0.9146741000000009,[ 0.76390493  0.38375026 -1.25899994],[-0.96987945  0.22194527 -1.10882819]
0.9231546000000002,[ 0.76391482  0.38368246 -1.25902236],[-0.96995109  0.22176336 -1.1088028 ]
0.9337111999999994,[ 0.76392436  0.38362119 -1.25904417],[-0.97005713  0.22147383 -1.10875547]
0.9414989000000009,[ 0.76391625  0.38360223 -1.25904703],[-0.9701274   0.22129376 -1.10871673]
0.9496681000000002,[ 0.76391244  0.383589   -1.25903618],[-0.97019827  0.22110903 -1.10867155]
0.9586387999999992,[ 0.76389968  0.38359484 -1.25903463],[-0.97026867  0.22092333 -1.10863304]
0.9666575999999996,[ 0.7638796   0.38361338 -1.25901604],[-0.9703269   0.22073077 -1.10858083]
0.9752088000000008,[ 0.76385587  0.38361442 -1.25898528],[-0.9703868   0.22051646 -1.10853028]
0.9834829999999997,[ 0.76382679  0.38361761 -1.25894892],[-0.97043395  0.22029257 -1.10845625]
0.9909929000000002,[ 0.7637893   0.38363501 -1.25890946],[-0.97047555  0.22006001 -1.10837865]
0.9993034000000005,[ 0.76375419  0.38366005 -1.25886536],[-0.97053093  0.21985278 -1.10828781]
1.0080817,[ 0.76372355  0.3836852  -1.25881815],[-0.9705947   0.21961589 -1.10818136]
1.0178759999999993,[ 0.76369077  0.38371629 -1.25878453],[-0.97066367  0.21936038 -1.10806084]
1.0447986,[ 0.76365954  0.3837474  -1.2587595 ],[-0.97073632  0.21911049 -1.10793102]
1.0532202000000002,[ 0.76364833  0.38376096 -1.25874305],[-0.97077399  0.21898904 -1.10786653]
1.0627227999999995,[ 0.76362473  0.38386667 -1.25870287],[-0.97094965  0.21823546 -1.10748625]
1.0725689000000003,[ 0.76363236  0.38404959 -1.2586832 ],[-0.97118413  0.21742058 -1.1070658 ]
1.0813986999999994,[ 0.76361746  0.384148   -1.25867891],[-0.97128522  0.21709372 -1.1069088 ]
1.0913661999999995,[ 0.76359183  0.38429067 -1.25865507],[-0.97140968  0.21659942 -1.10667467]
1.1005716000000003,[ 0.76356977  0.38436827 -1.25864279],[-0.97147471  0.21624009 -1.10652316]
1.1101004000000003,[ 0.76354498  0.38444746 -1.2586323 ],[-0.97155601  0.21586323 -1.1063745 ]
1.1186884,[ 0.76353753  0.38452318 -1.2586174 ],[-0.97160476  0.21547343 -1.10631657]
1.1290806,[ 0.76353729  0.38466039 -1.25860596],[-0.97172505  0.21490951 -1.10608184]
1.1383057999999995,[ 0.76353949  0.38474438 -1.25859392],[-0.97179878  0.21455818 -1.10592365]
1.1467726999999996,[ 0.76353246  0.38484761 -1.25857711],[-0.97190619  0.21424697 -1.10569346]
1.1571955000000003,[ 0.76352912  0.38496813 -1.25854957],[-0.97203332  0.21379071 -1.10551345]
1.1646666999999997,[ 0.76352978  0.38500634 -1.25853789],[-0.97208416  0.21364501 -1.10546207]
1.1744018999999994,[ 0.76353133  0.38512948 -1.25850677],[-0.97218347  0.21318771 -1.10535181]
1.1840635000000006,[ 0.76352727  0.38520658 -1.25848699],[-0.97224987  0.21287483 -1.10528255]
1.1917238999999995,[ 0.7635051   0.38527822 -1.25846398],[-0.97230387  0.21258321 -1.10524726]
1.2007235000000005,[ 0.76347762  0.38535979 -1.25844061],[-0.97235638  0.21230045 -1.10521877]
1.2087672999999999,[ 0.76344985  0.3854405  -1.25840545],[-0.97245097  0.21201664 -1.10518694]
1.2169276,[ 0.76342982  0.38552117 -1.25837493],[-0.97246969  0.21176732 -1.10516059]
1.2248575000000006,[ 0.76341534  0.38560128 -1.25833917],[-0.97247452  0.21149616 -1.10513496]
1.2335176000000008,[ 0.76341045  0.38569748 -1.25830102],[-0.97247529  0.21126196 -1.1050998 ]
1.2412951999999997,[ 0.76341325  0.38582304 -1.2582531 ],[-0.97248304  0.21100727 -1.10506392]
1.2499173999999993,[ 0.76340228  0.3859669  -1.25820625],[-0.97250825  0.21077351 -1.10503113]
1.2591877999999994,[ 0.76338392  0.38613468 -1.25816154],[-0.97252679  0.21053584 -1.10499871]
1.2669525999999998,[ 0.76335776  0.38631085 -1.25811779],[-0.97255009  0.21030834 -1.10497332]
1.2759348999999993,[ 0.76333046  0.38649604 -1.25808358],[-0.97258919  0.21009021 -1.10494423]
1.2834415000000003,[ 0.7633065   0.38667884 -1.25804067],[-0.97263008  0.20988466 -1.10491574]
1.2912254999999995,[ 0.76329035  0.38684958 -1.25799513],[-0.97265673  0.20966683 -1.1048907 ]
1.2992811,[ 0.76328409  0.38700289 -1.25795102],[-0.97268462  0.20943132 -1.10485947]
1.308334200000001,[ 0.76326829  0.38714993 -1.25791728],[-0.97271895  0.2092153  -1.1048243 ]
1.3160317,[ 0.76326686  0.38728771 -1.25787473],[-0.97274083  0.20899072 -1.10476983]
1.3250442000000007,[ 0.76326805  0.38741705 -1.25784159],[-0.97277892  0.20877981 -1.10471845]
1.3327088000000007,[ 0.76326299  0.38753858 -1.25780547],[-0.97282135  0.20857158 -1.10466087]
1.3418533999999998,[ 0.76324904  0.3876543  -1.25777197],[-0.97286355  0.20834716 -1.10459614]
1.3500820999999998,[ 0.76323861  0.38777113 -1.25774729],[-0.97291207  0.20813566 -1.10454333]
1.3587515999999997,[ 0.76324201  0.38788715 -1.25772154],[-0.97296935  0.20788856 -1.10446835]
1.3668040999999995,[ 0.76325107  0.38799465 -1.25770295],[-0.97301602  0.20764737 -1.10439932]
1.3743180000000006,[ 0.76324242  0.3881053  -1.25768793],[-0.97307825  0.20739666 -1.1043241 ]
1.3845749000000005,[ 0.76321989  0.3882111  -1.25766909],[-0.97313774  0.20713966 -1.10424435]
1.3921039999999998,[ 0.76318425  0.38831171 -1.25765872],[-0.97319108  0.20686938 -1.10425472]
1.402277100000001,[ 0.76315099  0.38838473 -1.25764   ],[-0.97328222  0.20663065 -1.1040889 ]
1.4106515999999996,[ 0.76312476  0.38846067 -1.25762379],[-0.97335249  0.20639001 -1.10401845]
1.4202250000000003,[ 0.7631321   0.38853219 -1.25762367],[-0.97342849  0.20599236 -1.10393953]
1.4290175000000005,[ 0.76315916  0.3885729  -1.2576431 ],[-0.97347379  0.20572858 -1.10390592]
1.4368432000000002,[ 0.76320875  0.38863543 -1.25767934],[-0.97350687  0.20548658 -1.10388982]
1.4451973999999996,[ 0.76325399  0.38870555 -1.25772631],[-0.9735449   0.20528232 -1.10386944]
1.4535630000000008,[ 0.76331162  0.38877812 -1.25778127],[-0.97357029  0.20507084 -1.10385871]
1.4630636999999993,[ 0.76335609  0.38886517 -1.25784898],[-0.97359478  0.20486599 -1.10386276]
1.4702857999999992,[ 0.76339954  0.38895223 -1.25791407],[-0.97360122  0.2046746  -1.10386562]
1.4789867,[ 0.76345557  0.38902959 -1.25797582],[-0.9736008   0.20449606 -1.10388756]
1.4870754000000002,[ 0.76355344  0.38915661 -1.25800407],[-0.97359633  0.20430791 -1.10391283]
1.4959504999999993,[ 0.76361543  0.38925424 -1.25805211],[-0.97357774  0.20411411 -1.10403669]
1.5041142,[ 0.76366824  0.3893671  -1.25811172],[-0.97358829  0.20400697 -1.1040163 ]
1.5126202000000006,[ 0.76367122  0.38942328 -1.25819254],[-0.97355318  0.20385031 -1.10417032]
1.5218883000000005,[ 0.76371586  0.38953704 -1.25823843],[-0.9735204   0.20376912 -1.10424614]
1.5293986999999998,[ 0.76375258  0.38965198 -1.25830245],[-0.97348428  0.20367342 -1.10431969]
1.5373593000000003,[ 0.76379275  0.38977432 -1.25836575],[-0.97346616  0.2036269  -1.10432887]
1.5452016000000004,[ 0.76390225  0.38994697 -1.25840867],[-0.97339964  0.20357122 -1.10443795]
1.554473400000001,[ 0.76395959  0.39008346 -1.25846469],[-0.97332138  0.20351689 -1.10454106]
1.5620404000000008,[ 0.76401937  0.39019796 -1.25851703],[-0.97317261  0.20348315 -1.10465825]
1.5711633999999997,[ 0.76405954  0.39033747 -1.25858784],[-0.97308105  0.20344122 -1.10477149]
1.5802496000000001,[ 0.76411957  0.39048654 -1.25867307],[-0.97298354  0.20344032 -1.10488141]
1.5893759000000003,[ 0.76411378  0.39056993 -1.25880349],[-0.97286665  0.20345163 -1.10499859]
1.5990631000000004,[ 0.76418591  0.39074275 -1.25893283],[-0.97266656  0.20348501 -1.1051681 ]
1.6078472999999995,[ 0.7642327   0.39085275 -1.25902271],[-0.97253412  0.20353919 -1.10527933]
1.6175902999999998,[ 0.76431161  0.39102289 -1.25909185],[-0.97240227  0.20360671 -1.10538983]
1.6288391000000004,[ 0.76439023  0.39120564 -1.25923383],[-0.972197   0.2037508 -1.1055541]
1.6371128000000006,[ 0.76444393  0.39132792 -1.25933337],[-0.9720524   0.20385602 -1.10564756]
1.6476641,[ 0.76448596  0.39144289 -1.25942934],[-0.97189832  0.20397973 -1.10574496]
1.6566861999999993,[ 0.76452798  0.39157823 -1.25955439],[-0.97176325  0.20412885 -1.10582602]
1.6665059000000007,[ 0.76453876  0.39173165 -1.25976682],[-0.97154713  0.20434582 -1.10595775]
1.6751980999999994,[ 0.76457614  0.39187473 -1.25988972],[-0.97139853  0.20450488 -1.10604131]
1.6827647,[ 0.76462364  0.39202696 -1.26001894],[-0.97122639  0.20467466 -1.1061182 ]
1.6913502999999999,[ 0.76471114  0.39222348 -1.26014209],[-0.97106344  0.20489274 -1.10621214]
1.6993401000000006,[ 0.76475197  0.39239693 -1.26028657],[-0.9709006   0.20511074 -1.10630667]
1.7083027000000008,[ 0.76478046  0.39255893 -1.2604233 ],[-0.97074407  0.20534241 -1.1063776 ]
1.7161913999999996,[ 0.76481229  0.39271295 -1.26056945],[-0.97057593  0.20560008 -1.10644996]
1.7242961,[ 0.7648446   0.39289504 -1.26072168],[-0.9703939   0.2058585  -1.10653353]
1.7321916000000002,[ 0.76480359  0.3929351  -1.26081157],[-0.97028351  0.20597468 -1.10666728]
1.7417729000000008,[ 0.7648266   0.39320365 -1.26104343],[-0.97001821  0.20639254 -1.10680056]
1.7502738000000004,[ 0.76483202  0.39338046 -1.26119542],[-0.96983415  0.20669171 -1.10689628]
1.7586694999999999,[ 0.76483071  0.39355943 -1.2613523 ],[-0.96964812  0.20700096 -1.1069808 ]
1.7677352000000006,[ 0.76486725  0.39381388 -1.26149046],[-0.96949035  0.20735937 -1.10697985]
1.7760130000000007,[ 0.76484305  0.39402887 -1.26166713],[-0.96931338  0.20771697 -1.10706699]
1.7852689000000002,[ 0.76482934  0.39423448 -1.26183939],[-0.96911526  0.20809515 -1.10716403]
1.7936414999999997,[ 0.76481557  0.39443186 -1.26201427],[-0.96890223  0.20848002 -1.1072396 ]
1.8035429,[ 0.76478565  0.39475256 -1.26227903],[-0.96859372  0.20909269 -1.10737252]
1.8124450000000003,[ 0.76477236  0.39498568 -1.26246345],[-0.96835506  0.20952348 -1.10747516]
1.8201348999999993,[ 0.76469231  0.39519757 -1.26267731],[-0.96810102  0.20992228 -1.10765934]
1.8290745000000008,[ 0.76465571  0.39547276 -1.26286626],[-0.96786779  0.21035665 -1.10774159]
1.8375208,[ 0.7646172   0.39577067 -1.26305056],[-0.96760911  0.21082424 -1.1078372 ]
1.8476991999999992,[ 0.76456857  0.39607432 -1.26324832],[-0.96733767  0.2113253  -1.1079309 ]
1.8564448999999996,[ 0.7645238  0.3963775 -1.2634294],[-0.96708715  0.2118967  -1.10795701]
1.8658804999999994,[ 0.76449353  0.39681658 -1.26367414],[-0.96664417  0.21269268 -1.1080966 ]
1.8741880000000002,[ 0.76444209  0.39708331 -1.2638582 ],[-0.96631974  0.21324858 -1.10820043]
1.8829060999999996,[ 0.76437449  0.39737788 -1.26405454],[-0.96601617  0.21386361 -1.10830557]
1.8913189999999993,[ 0.76432568  0.39765823 -1.26425886],[-0.96565646  0.21443872 -1.10849297]
1.8994750000000007,[ 0.7642709   0.39795986 -1.26446164],[-0.96535206  0.21508226 -1.10851634]
1.9083772000000003,[ 0.76422673  0.39825022 -1.26466739],[-0.96499246  0.2156782  -1.1085937 ]
1.9161912999999995,[ 0.76419216  0.39856514 -1.26489079],[-0.96464115  0.2163467  -1.10864389]
1.9245170999999992,[ 0.76416522  0.39885643 -1.26510775],[-0.96428919  0.21700218 -1.10874152]
1.9331025999999998,[ 0.76414341  0.39916271 -1.26533377],[-0.96392739  0.21768923 -1.10881007]
1.9419787999999993,[ 0.76412791  0.39946714 -1.2655617 ],[-0.96359843  0.21835406 -1.10888124]
1.9501408999999992,[ 0.76410085  0.39980072 -1.26580024],[-0.96324593  0.21907152 -1.10896182]
1.9585781999999998,[ 0.76406455  0.40013099 -1.2660414 ],[-0.96291524  0.2197942  -1.10905135]
1.9676860999999999,[ 0.76402968  0.40046072 -1.26626408],[-0.96257883  0.22053364 -1.10915005]
1.9753334999999996,[ 0.76399362  0.4007569  -1.26650023],[-0.96224225  0.22132927 -1.10923696]
1.9828732999999996,[ 0.76391214  0.40103909 -1.2667625 ],[-0.9619264   0.22208494 -1.10930848]
1.9910619999999994,[ 0.76387739  0.40133929 -1.2670294 ],[-0.96157789  0.22287057 -1.10938501]
2.0004089,[ 0.76390815  0.40168768 -1.26728535],[-0.96121556  0.22366706 -1.10945618]
2.008705000000001,[ 0.76389611  0.40196517 -1.26755905],[-0.96086872  0.22442429 -1.10953653]
2.0165287000000003,[ 0.76386732  0.4022305  -1.26780057],[-0.96051788  0.22519225 -1.10960817]
2.024973299999999,[ 0.76382887  0.40251306 -1.26804745],[-0.96012318  0.22601198 -1.10970044]
2.0336364000000007,[ 0.7637772   0.40279451 -1.2683183 ],[-0.95979935  0.22679074 -1.10977697]
2.0417974999999995,[ 0.76373577  0.40308303 -1.26859033],[-0.95943141  0.22759879 -1.1098671 ]
2.0499425000000002,[ 0.76369125  0.40336516 -1.26885116],[-0.9590317   0.22838716 -1.10997283]
2.0579962,[ 0.76367807  0.4036319  -1.26912916],[-0.95862043  0.22915992 -1.1100688 ]
2.0659297999999993,[ 0.76363832  0.40385371 -1.26942074],[-0.95821303  0.22991575 -1.11015928]
2.0742402999999996,[ 0.76369661  0.40415695 -1.26968277],[-0.95780301  0.23069067 -1.11026227]
2.0825492000000008,[ 0.76371783  0.40441084 -1.26998365],[-0.95737118  0.23147981 -1.11036849]
2.091175,[ 0.76374978  0.40467274 -1.27028012],[-0.95694524  0.23224367 -1.11048329]
2.0993595000000003,[ 0.76378667  0.40491664 -1.27057409],[-0.95649588  0.23300685 -1.11058104]
2.1083604000000005,[ 0.76385933  0.40515146 -1.27087724],[-0.95608693  0.23373815 -1.11066079]
2.116174300000001,[ 0.76395613  0.40537623 -1.2711916 ],[-0.95567399  0.2345155  -1.11077213]
2.1244507000000006,[ 0.76406789  0.40559989 -1.27149987],[-0.95524985  0.23525167 -1.11087108]
2.1333926000000005,[ 0.76419944  0.40584093 -1.27182484],[-0.95483726  0.23594755 -1.11094201]
2.1423047000000004,[ 0.76433927  0.40609115 -1.27213979],[-0.95439035  0.23667668 -1.11103451]
2.151565400000001,[ 0.76448417  0.40637231 -1.2724576 ],[-0.95394498  0.23738253 -1.11112547]
2.1607055000000006,[ 0.76464528  0.40664944 -1.27277958],[-0.95352459  0.23804021 -1.11119652]
2.1717241000000005,[ 0.76492745  0.40702343 -1.27324605],[-0.95285445  0.23909248 -1.11128688]
2.1817214000000007,[ 0.76514786  0.40725502 -1.27354264],[-0.95242471  0.2397321  -1.11132634]
2.1915460000000007,[ 0.76555872  0.40765682 -1.27404869],[-0.9517833  0.2406362 -1.1113869]
2.2006525999999997,[ 0.76586181  0.40794408 -1.27440655],[-0.9513678   0.24121419 -1.11139739]
2.210264800000001,[ 0.7661829   0.40823606 -1.27475059],[-0.95089215  0.24177432 -1.11138999]
2.2201787999999993,[ 0.76672357  0.40867484 -1.27527499],[-0.95024598  0.2425043  -1.11134529]
2.229166899999999,[ 0.76709139  0.40895995 -1.27561915],[-0.94978184  0.24298534 -1.11127472]
2.2368582000000004,[ 0.767501    0.40923992 -1.2759825 ],[-0.94932318  0.24342458 -1.1111939 ]
2.2452193000000005,[ 0.76793587  0.40951565 -1.27632761],[-0.9488408   0.24382836 -1.11106515]
2.2535203999999993,[ 0.76837385  0.40978643 -1.27667212],[-0.9483577   0.24417002 -1.11093068]
2.2625761000000004,[ 0.76882893  0.41007701 -1.27702057],[-0.94790971  0.24449518 -1.11079013]
2.2704933,[ 0.76930016  0.41036645 -1.27737617],[-0.94744688  0.24476852 -1.11063373]
2.2791736999999994,[ 0.76980472  0.41061503 -1.27770472],[-0.94697529  0.24501184 -1.11044347]
2.2870705000000005,[ 0.77031976  0.41085142 -1.27802026],[-0.94650364  0.24520211 -1.11021495]
2.2951999,[ 0.77085334  0.41107935 -1.27834439],[-0.94604993  0.24536824 -1.1099683 ]
2.3042376000000004,[ 0.77144992  0.41136876 -1.27867544],[-0.94556564  0.24550733 -1.10971022]
2.3128952,[ 0.7720893   0.41163537 -1.27901506],[-0.94511724  0.24559054 -1.10940969]
2.3216739000000004,[ 0.77275407  0.41187733 -1.27936959],[-0.94464356  0.24561973 -1.10908604]
2.3291956999999996,[ 0.77344817  0.41212726 -1.27971709],[-0.94413686  0.24566248 -1.10874355]
2.3371598999999996,[ 0.77414137  0.41238353 -1.2800765 ],[-0.94367069  0.24571556 -1.10840631]
2.3452365000000004,[ 0.77488571  0.41264924 -1.28044581],[-0.94320434  0.24570803 -1.10805809]
2.3539174000000003,[ 0.77560282  0.41289365 -1.28080678],[-0.94269013  0.24569152 -1.10770023]
2.3621020999999995,[ 0.77635032  0.4131242  -1.28117096],[-0.94215393  0.24565792 -1.10735393]
2.3710807999999997,[ 0.77709031  0.41334695 -1.28152001],[-0.94164848  0.24565822 -1.10702741]
2.3790343000000007,[ 0.777812    0.41357338 -1.2818526 ],[-0.94110888  0.2456159  -1.10671854]
2.3875405999999995,[ 0.77856141  0.41376516 -1.28219283],[-0.94054019  0.24558097 -1.10642743]
2.3954214,[ 0.77931416  0.41397446 -1.28253889],[-0.93993121  0.24557453 -1.10613084]
2.4035724999999992,[ 0.78007448  0.41419259 -1.28286493],[-0.93932015  0.2455643  -1.10585046]
2.4141238000000005,[ 0.78081763  0.41443139 -1.28321373],[-0.93864292  0.24558233 -1.10560489]
2.4229091,[ 0.78158039  0.41464624 -1.2835809 ],[-0.93798524  0.24559847 -1.10535204]
2.4332831000000006,[ 0.7826665   0.41495153 -1.28409576],[-0.93693602  0.2456025  -1.10495222]
2.4418249000000003,[ 0.78340042  0.41512844 -1.28442943],[-0.93621075  0.24557871 -1.10466623]
2.450076299999999,[ 0.78413481  0.41527316 -1.28475463],[-0.93549055  0.24554983 -1.10439587]
2.4585232999999995,[ 0.78484154  0.41545099 -1.28506196],[-0.93475688  0.24553226 -1.10414791]
2.4665383999999992,[ 0.785514    0.41557476 -1.28535986],[-0.93400109  0.24553612 -1.10386169]
2.4766244000000004,[ 0.78620052  0.41566437 -1.28567624],[-0.93323606  0.24551627 -1.10359502]
2.4856695999999996,[ 0.78685552  0.41574711 -1.28596222],[-0.93245965  0.24551415 -1.10333383]
2.495243500000001,[ 0.78776896  0.41585281 -1.28634489],[-0.93124115  0.24548991 -1.10295236]
2.5040967999999992,[ 0.78839725  0.41592079 -1.28663123],[-0.93043417  0.24546246 -1.10269749]
2.512065400000001,[ 0.7889902   0.41600671 -1.286919  ],[-0.929627    0.24542877 -1.10244048]
2.5218187000000007,[ 0.78955328  0.4160766  -1.28718567],[-0.92880458  0.245398   -1.10215878]
2.5295118,[ 0.7900666   0.41617459 -1.28744531],[-0.92799777  0.24531592 -1.10186267]
2.538598500000001,[ 0.79058349  0.41626465 -1.28768909],[-0.92721111  0.24522451 -1.1015532 ]
2.5483259999999994,[ 0.79110241  0.41636589 -1.28793561],[-0.92643452  0.24511877 -1.10124195]
2.5587228999999994,[ 0.79186511  0.4164421  -1.28826272],[-0.92528319  0.24488413 -1.10072756]
2.5673613,[ 0.79235905  0.41648558 -1.28847957],[-0.92449439  0.24470462 -1.10031903]
2.5752623999999997,[ 0.79284847  0.41652903 -1.28869534],[-0.92375678  0.24449928 -1.09993279]
2.5849036000000005,[ 0.79333186  0.41656277 -1.28891933],[-0.92304516  0.2442589  -1.09953475]
2.5921152000000003,[ 0.79382867  0.41660675 -1.28912926],[-0.92230767  0.24398786 -1.09908414]
2.6012666000000007,[ 0.79432803  0.41665557 -1.28933942],[-0.92162561  0.24372558 -1.09862828]
2.6096202999999996,[ 0.79479074  0.41671547 -1.28954542],[-0.92093968  0.24343655 -1.09814775]
2.6187859000000007,[ 0.7952525   0.41677678 -1.28975689],[-0.92030495  0.24311489 -1.09765983]
2.6274265999999997,[ 0.79574543  0.41681638 -1.2899611 ],[-0.91969538  0.24272904 -1.09716105]
2.6368316000000007,[ 0.79649311  0.41683424 -1.2902807 ],[-0.91873193  0.24208531 -1.09634316]
2.6462508000000007,[ 0.79696327  0.4168523  -1.29050207],[-0.91818243  0.24167418 -1.0958091 ]
2.6536150999999997,[ 0.79741853  0.41685396 -1.29071271],[-0.91765636  0.24119793 -1.09525073]
2.6629772000000003,[ 0.79790008  0.41682816 -1.29091215],[-0.91711998  0.24071701 -1.09463608]
2.6706771000000007,[ 0.79840279  0.41680849 -1.29112983],[-0.9166401   0.2402094  -1.09404588]
2.6793280999999993,[ 0.79891688  0.41680482 -1.29136646],[-0.91619927  0.23969056 -1.09343243]
2.6879168999999994,[ 0.79944068  0.41681421 -1.29162228],[-0.91574538  0.23911713 -1.09281266]
2.6974427,[ 0.79997033  0.41684195 -1.29187059],[-0.91534752  0.23851961 -1.09218264]
2.7058777999999997,[ 0.80051786  0.41685551 -1.29212165],[-0.91497594  0.2378685  -1.09155083]
2.7144928000000004,[ 0.80106735  0.41690692 -1.29237294],[-0.91459423  0.23719656 -1.09085429]
2.7243902,[ 0.80188125  0.41701606 -1.29277265],[-0.91412115  0.236166   -1.08992159]
2.7334583000000006,[ 0.80241954  0.41710722 -1.29304969],[-0.91383159  0.23546766 -1.08928764]
2.7419797999999993,[ 0.80296588  0.41718102 -1.29331028],[-0.91353858  0.23470631 -1.08859921]
2.7506272999999997,[ 0.80351335  0.41726586 -1.29357946],[-0.91327482  0.23394325 -1.08798623]
2.7601648,[ 0.80405486  0.41736299 -1.29385865],[-0.91304106  0.23316996 -1.0873667 ]
2.770283600000001,[ 0.80482244  0.41753358 -1.29427218],[-0.91267669  0.23204739 -1.08646417]
2.7790321000000002,[ 0.80532318  0.41763785 -1.29453802],[-0.91246414  0.23128808 -1.08586514]
2.7878223999999996,[ 0.80557227  0.41770199 -1.29467189],[-0.91237634  0.23093027 -1.08558083]
2.7977114000000007,[ 0.80557227  0.41770199 -1.29467189],[-0.91237634  0.23093027 -1.08558083]
2.818211099999999,[ 0.80680656  0.41808698 -1.29540992],[-0.91189587  0.22914918 -1.08423376]
2.8272010000000005,[ 0.80803961  0.41851392 -1.29612279],[-0.91145283  0.22739545 -1.0830642 ]
2.8370040999999997,[ 0.80873662  0.4187777  -1.29657054],[-0.91123855  0.22640309 -1.08248043]
2.8465564000000008,[ 0.8091827   0.4189398  -1.29687846],[-0.91112721  0.22577731 -1.08210683]
2.8542913,[ 0.80960447  0.41909397 -1.297171  ],[-0.9110139   0.22512117 -1.08175254]
2.8631065000000007,[ 0.81004083  0.41924107 -1.29746544],[-0.91089875  0.22447415 -1.08140099]
2.8711696999999994,[ 0.81046289  0.41938138 -1.29775107],[-0.91077888  0.22387762 -1.08107162]
2.879150900000001,[ 0.81088907  0.41950494 -1.29804111],[-0.91069138  0.22323747 -1.08075714]
2.8870465000000003,[ 0.81130439  0.41964433 -1.29832137],[-0.91062623  0.2226283  -1.08044577]
2.8952506000000007,[ 0.81170189  0.41976511 -1.2986058 ],[-0.91056871  0.221984   -1.08015168]
2.9035077000000005,[ 0.81208813  0.41987672 -1.29886973],[-0.91052711  0.22135302 -1.07985485]
2.9127273999999996,[ 0.8124702   0.41999754 -1.29912996],[-0.91047078  0.22073956 -1.07963192]
2.9217808000000005,[ 0.81284499  0.42010701 -1.29938591],[-0.91047186  0.22024368 -1.07930219]
2.9294258000000006,[ 0.81321663  0.42020151 -1.29964089],[-0.91045326  0.21969602 -1.07902837]
2.9383709000000007,[ 0.81358528  0.42025587 -1.29988098],[-0.91043305  0.21911635 -1.07878649]
2.9480810999999996,[ 0.81395841  0.42030317 -1.30012047],[-0.91042686  0.21857733 -1.07853138]
2.9574800000000003,[ 0.81449693  0.42038241 -1.30048907],[-0.91043168  0.21775705 -1.07815087]
2.9661416000000003,[ 0.81486225  0.42042547 -1.30073905],[-0.91045713  0.21726549 -1.07789135]
2.9745720999999996,[ 0.81521893  0.42046523 -1.30096853],[-0.91047275  0.21678405 -1.07763612]
2.9834253000000004,[ 0.81556761  0.4205173  -1.30121469],[-0.91048187  0.21630083 -1.0773946 ]
2.9910663999999993,[ 0.81591499  0.42055184 -1.30145001],[-0.91049874  0.21580446 -1.07716918]
2.9998588999999996,[ 0.8162604   0.42057404 -1.30166352],[-0.91052586  0.21531823 -1.07695067]
3.007999,[ 0.81661552  0.42060435 -1.30188942],[-0.91055465  0.21482141 -1.0767374 ]
3.0165447000000007,[ 0.81698895  0.42061719 -1.30212271],[-0.91056019  0.21431527 -1.07649302]
3.0252368999999995,[ 0.81734884  0.42066482 -1.302369  ],[-0.91059452  0.2138276  -1.0762589 ]
3.0335757,[ 0.81769294  0.42072645 -1.30261374],[-0.9106375   0.21340857 -1.07603514]
3.042774100000001,[ 0.81802666  0.42079026 -1.30287266],[-0.91068965  0.21298936 -1.07578826]
3.0502359000000006,[ 0.81835163  0.42084432 -1.30310249],[-0.91072565  0.21256724 -1.07553375]
3.0595678999999993,[ 0.81867802  0.42090732 -1.3033433 ],[-0.91056097  0.21213681 -1.07518637]
3.0682396999999995,[ 0.81900948  0.42097709 -1.30358613],[-0.9108268   0.2116915  -1.07506597]
3.0783726,[ 0.81952614  0.42108449 -1.30398417],[-0.91093206  0.21105319 -1.07478082]
3.0868623999999993,[ 0.81987667  0.42116275 -1.30423498],[-0.91100198  0.21062963 -1.07456779]
3.0952433,[ 0.82020795  0.42130673 -1.30449617],[-0.91106385  0.21013711 -1.0744381 ]
3.1034842000000005,[ 0.82051986  0.42148232 -1.30476248],[-0.91112065  0.20979482 -1.07412612]
3.110907300000001,[ 0.82067633  0.42158628 -1.30489552],[-0.91116303  0.20960253 -1.07401741]
3.121535400000001,[ 0.82117772  0.42191783 -1.30530202],[-0.91129583  0.20904298 -1.07369983]
3.1291788,[ 0.8214671   0.42210913 -1.30560505],[-0.91138321  0.20866619 -1.07348406]
3.138440600000001,[ 0.82183123  0.4224368  -1.30581748],[-0.91145098  0.20829172 -1.07325149]
3.1478990000000007,[ 0.82216293  0.42271325 -1.30609047],[-0.91153383  0.20792975 -1.07303154]
3.1574314,[ 0.82262236  0.42311597 -1.30647957],[-0.91168231  0.20734684 -1.0727222 ]
3.1659640000000007,[ 0.82292223  0.42339975 -1.30672073],[-0.91179246  0.20698574 -1.07253015]
3.1744129999999995,[ 0.82320952  0.42366445 -1.30695462],[-0.91192228  0.20662957 -1.07235277]
3.1832217000000007,[ 0.82348973  0.42394829 -1.30717134],[-0.91205776  0.20630011 -1.07216549]
3.1911264,[ 0.82376903  0.42420915 -1.30739319],[-0.91219026  0.20597912 -1.07197821]
3.199652800000001,[ 0.8240307   0.42444319 -1.30759132],[-0.91230476  0.20566726 -1.07179165]
3.2080423000000007,[ 0.82429099  0.42467448 -1.30778408],[-0.91242164  0.20527741 -1.07170641]
3.2165953,[ 0.82453883  0.42490679 -1.30797386],[-0.91255569  0.20494586 -1.07152724]
3.224953599999999,[ 0.82473141  0.42507842 -1.30822325],[-0.91268885  0.20470408 -1.07126951]
3.232744200000001,[ 0.82495379  0.4252829  -1.30840003],[-0.91284156  0.20438822 -1.07111132]
3.2420755999999997,[ 0.82521152  0.42551643 -1.30850756],[-0.9129917   0.20411013 -1.0709492 ]
3.2502841999999994,[ 0.82542312  0.42567971 -1.30864668],[-0.9131332   0.20381513 -1.0707866 ]
3.2589640000000006,[ 0.82557714  0.42575327 -1.30881882],[-0.91326493  0.20351104 -1.07061994]
3.2665401999999997,[ 0.82576507  0.42587453 -1.30895972],[-0.9133926   0.20320156 -1.07045472]
3.2749696999999998,[ 0.82594734  0.42598009 -1.30905223],[-0.91353816  0.20290266 -1.07028031]
3.2827388000000006,[ 0.82614785  0.42611822 -1.30910301],[-0.91368401  0.20261462 -1.07012177]
3.291686500000001,[ 0.82629192  0.4262003  -1.30916941],[-0.91386968  0.20231313 -1.06997561]
3.299244700000001,[ 0.82641381  0.42626324 -1.30923092],[-0.91404927  0.20204329 -1.06983411]
3.3084822000000003,[ 0.82652962  0.42632344 -1.30928469],[-0.91421402  0.20177971 -1.06969786]
3.317171,[ 0.8266055   0.42627892 -1.30936432],[-0.91437656  0.201489   -1.06955159]
3.3269178000000004,[ 0.82672185  0.42627168 -1.3093915 ],[-0.91452742  0.20121327 -1.06940782]
3.3366889000000004,[ 0.82693744  0.42630264 -1.3093816 ],[-0.91476095  0.20079462 -1.06919217]
3.3437946000000007,[ 0.82698935  0.42628559 -1.30939162],[-0.9148494   0.20066121 -1.06912351]
3.3539434000000004,[ 0.82711178  0.42616478 -1.30944836],[-0.91509497  0.20027551 -1.06890476]
3.3621750000000006,[ 0.82726789  0.42615813 -1.3094126 ],[-0.91526139  0.20001221 -1.0687412 ]
3.3708144000000004,[ 0.82732838  0.42604718 -1.30946529],[-0.91543955  0.19976065 -1.06857491]
3.378658700000001,[ 0.82749343  0.42602822 -1.30942631],[-0.91561598  0.19950764 -1.06841934]
3.386852599999999,[ 0.82762355  0.42594287 -1.30942106],[-0.91579783  0.19924441 -1.06826878]
3.3959756999999993,[ 0.82777286  0.42586035 -1.30941057],[-0.91598618  0.19897175 -1.06811965]
3.4037264999999994,[ 0.82792783  0.42577806 -1.30941188],[-0.91618127  0.19869262 -1.06796563]
3.4134826999999994,[ 0.82809484  0.42568409 -1.309425  ],[-0.91638261  0.19845295 -1.06781495]
3.4229450000000003,[ 0.82828122  0.42561391 -1.30945492],[-0.91657692  0.19820544 -1.06764543]
3.4326802,[ 0.82858747  0.42549801 -1.30953598],[-0.91689414  0.19786999 -1.06738937]
3.4430063000000004,[ 0.82880235  0.4254306  -1.30960119],[-0.91711813  0.19763912 -1.06723762]
3.4514426999999994,[ 0.82901299  0.42537054 -1.30967283],[-0.91732252  0.19738941 -1.06708622]
3.4603918999999994,[ 0.82922697  0.42531434 -1.30975294],[-0.91750717  0.1971496  -1.06693625]
3.4686400000000006,[ 0.82944417  0.42525637 -1.30982661],[-0.91769117  0.19692236 -1.06680298]
3.4783732999999994,[ 0.82976288  0.42519346 -1.30994594],[-0.91796046  0.19658439 -1.06659186]
3.4854435000000006,[ 0.82985336  0.42517081 -1.30999029],[-0.91805303  0.19647154 -1.06652582]
3.4958241,[ 0.83007765  0.42503589 -1.31015599],[-0.91834658  0.19611904 -1.06633222]
3.503945399999999,[ 0.8302896   0.42503291 -1.31016743],[-0.91853249  0.19587964 -1.06619883]
3.5119983,[ 0.83045137  0.42496222 -1.31020975],[-0.91871363  0.19563019 -1.06606424]
3.5209019999999995,[ 0.83060139  0.4248887  -1.31026053],[-0.91889626  0.19539197 -1.06592894]
3.5293323,[ 0.83075082  0.42480326 -1.31029618],[-0.91905928  0.19515608 -1.06578648]
3.5384363000000008,[ 0.83084458  0.42467171 -1.31037903],[-0.91923338  0.19494164 -1.06564534]
3.5477071999999996,[ 0.83097798  0.42460698 -1.31041551],[-0.91941381  0.19471635 -1.06549931]
3.5564096999999997,[ 0.8310765   0.42456818 -1.31043935],[-0.91959995  0.1945174  -1.06536436]
3.5660506000000005,[ 0.83122498  0.42451644 -1.31047368],[-0.91986865  0.19420128 -1.06516349]
3.5745395999999996,[ 0.83130354  0.4244867  -1.31048179],[-0.92007023  0.19399405 -1.06502843]
3.5826955,[ 0.83138466  0.42445531 -1.31047404],[-0.92026007  0.19375348 -1.06489491]
3.5911668999999993,[ 0.83144259  0.42441916 -1.31045592],[-0.92045105  0.19351463 -1.06475091]
3.6006145000000007,[ 0.83149236  0.42438427 -1.31044102],[-0.92065001  0.19326878 -1.06461382]
3.609289800000001,[ 0.83152252  0.42434597 -1.31041086],[-0.92082918  0.19300935 -1.06456089]
3.6180921,[ 0.83154517  0.42431623 -1.31037986],[-0.92102206  0.19277075 -1.06442428]
3.6271258,[ 0.83156943  0.42427927 -1.31034422],[-0.92123049  0.19255164 -1.06421602]
3.6367027000000007,[ 0.83160043  0.42422971 -1.31030452],[-0.92154747  0.19217668 -1.06403291]
3.6466718999999994,[ 0.83161664  0.42420337 -1.31028283],[-0.92176509  0.19190712 -1.0639137 ]
3.6553278999999996,[ 0.83164656  0.42418164 -1.31026125],[-0.92197168  0.19161715 -1.06380606]
3.664105599999999,[ 0.83165902  0.42416972 -1.31023836],[-0.92216063  0.1913079  -1.06366408]
3.6722181000000003,[ 0.83166414  0.42415822 -1.31021392],[-0.92235601  0.19100949 -1.06353164]
3.6794072999999994,[ 0.83164644  0.42416075 -1.31019998],[-0.92255217  0.19070856 -1.06340098]
3.6876160999999996,[ 0.83162802  0.42416167 -1.31018269],[-0.92277443  0.19042304 -1.06327641]
3.6958900000000003,[ 0.83161372  0.42415515 -1.31015599],[-0.92299384  0.19010177 -1.06316245]
3.7041246,[ 0.83159864  0.42413083 -1.31012988],[-0.92319065  0.18976948 -1.06304145]
3.7120300999999998,[ 0.83159256  0.42411134 -1.31009626],[-0.92338914  0.18940993 -1.06289959]
3.7201565,[ 0.83157891  0.42409101 -1.31007516],[-0.92358959  0.18904984 -1.06277978]
3.7285470000000007,[ 0.83156765  0.42407346 -1.31004536],[-0.92379659  0.18870153 -1.06265581]
3.7382796000000003,[ 0.8315388   0.42406911 -1.31001174],[-0.92403024  0.18835965 -1.0625453 ]
3.7463675999999992,[ 0.83149529  0.42406848 -1.30997527],[-0.92427003  0.18800883 -1.06242764]
3.7554972000000006,[ 0.83145064  0.42408901 -1.30994499],[-0.92447579  0.18768632 -1.06231296]
3.7649264999999996,[ 0.83141148  0.42408234 -1.30990934],[-0.92466652  0.18733045 -1.06218946]
3.774923899999999,[ 0.83138341  0.42411944 -1.30979168],[-0.92495924  0.18675625 -1.0619911 ]
3.7847431999999994,[ 0.83134389  0.42407635 -1.30973089],[-0.925161    0.18638073 -1.06186163]
3.7922069,[ 0.83129585  0.42403698 -1.30967009],[-0.92535609  0.18601634 -1.06174481]
3.8018047999999993,[ 0.83123636  0.42399916 -1.30961871],[-0.92555815  0.18567047 -1.06162894]
3.8119131999999993,[ 0.83112347  0.42394334 -1.30952406],[-0.92587233  0.18512732 -1.06144011]
3.8199363999999996,[ 0.83104426  0.42390859 -1.30945599],[-0.92606598  0.18475275 -1.06130588]
3.828429399999999,[ 0.83095598  0.42386928 -1.30938125],[-0.92625725  0.18441044 -1.06117964]
3.8368476000000005,[ 0.83085918  0.42383245 -1.30932128],[-0.92643601  0.18405953 -1.06106448]
3.8454905000000004,[ 0.83075094  0.42379603 -1.30925119],[-0.92661327  0.18371566 -1.06095886]
3.8537497999999992,[ 0.8306393   0.42375475 -1.30917346],[-0.92679656  0.18334447 -1.06083274]
3.862923200000001,[ 0.83051538  0.42373848 -1.3091054 ],[-0.92697877  0.18298139 -1.06072104]
3.870478500000001,[ 0.83036906  0.42373401 -1.30903947],[-0.92715001  0.1826438  -1.06059575]
3.8792442000000005,[ 0.83023131  0.42372963 -1.30897832],[-0.9273091   0.18231997 -1.06047833]
3.8876253,[ 0.83010638  0.423713   -1.30891359],[-0.92746973  0.18199497 -1.06034577]
3.8959027000000006,[ 0.82993865  0.42361367 -1.30888581],[-0.9276064   0.18165305 -1.06021678]
3.9049645,[ 0.82981765  0.42357475 -1.3088237 ],[-0.92775446  0.18131043 -1.06008923]
3.9127867,[ 0.8297084   0.42354062 -1.30875945],[-0.92790079  0.18097535 -1.0599612 ]
3.9205068999999995,[ 0.82958806  0.42350653 -1.30869865],[-0.92801899  0.18064751 -1.05990028]
3.9285765999999995,[ 0.82946771  0.42348346 -1.30863023],[-0.92816389  0.18035994 -1.05978298]
3.937612400000001,[ 0.82934517  0.42346451 -1.30856526],[-0.92831028  0.18008929 -1.05967546]
3.9459725,[ 0.82927179  0.42352718 -1.30844915],[-0.92846841  0.17983069 -1.05956709]
3.9546699000000007,[ 0.82915032  0.42352074 -1.30838668],[-0.92859769  0.17958468 -1.0594703 ]
3.962788400000001,[ 0.8289786   0.42346442 -1.30836105],[-0.92873335  0.1793315  -1.05936944]
3.970786200000001,[ 0.82887     0.42344943 -1.30827701],[-0.9288711   0.17908792 -1.05926216]
3.9803397,[ 0.82875556  0.42344856 -1.30819333],[-0.92901498  0.17884865 -1.05909216]
3.9883059000000003,[ 0.82864887  0.42346072 -1.30811059],[-0.92914641  0.17862928 -1.05898154]
3.9954690999999993,[ 0.82854497  0.42346922 -1.30802906],[-0.92927456  0.17841956 -1.05888093]
4.003572699999999,[ 0.82845604  0.42348528 -1.30794883],[-0.92941129  0.17826268 -1.05879092]
4.013683,[ 0.82837248  0.42348087 -1.3078686 ],[-0.92954063  0.17810288 -1.05869293]
4.0217455,[ 0.82829028  0.42348549 -1.30778992],[-0.92965972  0.17793435 -1.0586096 ]
4.0323023,[ 0.82822657  0.42354321 -1.30763924],[-0.92983913  0.17772853 -1.0584811 ]
4.0412897,[ 0.82815939  0.42353278 -1.30756176],[-0.92994827  0.17758295 -1.058393  ]
4.0500086,[ 0.82809108  0.42352304 -1.30747926],[-0.93006772  0.17746043 -1.0582962 ]
4.059681299999999,[ 0.82802039  0.42352408 -1.30739975],[-0.93020231  0.17735289 -1.05820799]
4.068555399999999,[ 0.82795143  0.42352989 -1.30732024],[-0.93034154  0.17725182 -1.05812192]
4.079258899999999,[ 0.82785511  0.42354545 -1.3071965 ],[-0.9305281   0.17709562 -1.05799186]
4.087326600000001,[ 0.82775849  0.42348218 -1.30715227],[-0.93064779  0.17699111 -1.05789781]
4.095865399999999,[ 0.82770199  0.42348796 -1.3070612 ],[-0.93076622  0.17688122 -1.05781603]
4.105158899999999,[ 0.82765025  0.42350429 -1.30698323],[-0.93089747  0.17677836 -1.05773211]
4.1146425,[ 0.82759792  0.4235172  -1.30690861],[-0.93102622  0.17668088 -1.05765629]
4.124375000000001,[ 0.82751799  0.42355284 -1.30679393],[-0.93121338  0.17654513 -1.05753124]
4.133226499999999,[ 0.8274563   0.42359275 -1.30672073],[-0.93132037  0.17645808 -1.05745959]
4.141901900000001,[ 0.82739824  0.42363766 -1.30664432],[-0.93144011  0.17635959 -1.05739594]
4.149803500000001,[ 0.82733923  0.42368191 -1.30657113],[-0.93155652  0.17625982 -1.05734527]
4.158941199999999,[ 0.82729232  0.42371279 -1.30649233],[-0.93164963  0.17613134 -1.05728972]
4.1664402,[ 0.82723993  0.42374966 -1.30641282],[-0.93174917  0.17600127 -1.05724573]
4.174897700000001,[ 0.82722765  0.42386284 -1.30630493],[-0.93184376  0.17588326 -1.05720937]
4.183654799999999,[ 0.82716262  0.42393732 -1.30622423],[-0.93195128  0.17574908 -1.05719006]
4.1920257,[ 0.82707793  0.42400628 -1.30615079],[-0.93206     0.1756139  -1.05717123]
4.200720499999999,[ 0.82701087  0.42407593 -1.30607426],[-0.93216419  0.17546389 -1.05713773]
4.210125600000001,[ 0.82693821  0.42412502 -1.30599403],[-0.93226349  0.17529815 -1.05711246]
4.218914300000002,[ 0.82687593  0.42417699 -1.30592263],[-0.93233997  0.17511933 -1.05709207]
4.2284209,[ 0.82678509  0.42426071 -1.30582726],[-0.93244308  0.17488247 -1.05707669]
4.236800599999999,[ 0.82668036  0.42426443 -1.30580425],[-0.9325074   0.17471386 -1.05706322]
4.247653499999998,[ 0.8266167   0.42432758 -1.30572927],[-0.9325732   0.17456709 -1.05705118]
4.257672400000001,[ 0.82651305  0.42443216 -1.30563104],[-0.93267435  0.17438251 -1.05705416]
4.266534,[ 0.82644236  0.42450395 -1.30556846],[-0.9327423   0.17427514 -1.05707502]
4.2743894000000004,[ 0.82638109  0.42454702 -1.3055079 ],[-0.9328078   0.17414884 -1.05709851]
4.283087300000002,[ 0.82632565  0.42458841 -1.30544674],[-0.93285501  0.17400108 -1.05712223]
4.292139299999999,[ 0.82626456  0.42461848 -1.30540049],[-0.93292069  0.1738883  -1.05715168]
4.3011821999999995,[ 0.82620102  0.4246549  -1.30535543],[-0.93296689  0.17376485 -1.05718291]
4.310214800000001,[ 0.82613581  0.4246912  -1.30531061],[-0.93302232  0.17365602 -1.05720246]
4.318902000000001,[ 0.82606655  0.42472422 -1.30526519],[-0.93307859  0.1735432  -1.05722415]
4.328543199999999,[ 0.82595855  0.42477319 -1.30519354],[-0.93316334  0.17340656 -1.05724478]
4.337316999999999,[ 0.82588375  0.42479703 -1.30516016],[-0.93323028  0.17330985 -1.05726433]
4.3453014,[ 0.82585967  0.4248552  -1.30507982],[-0.93328947  0.17319418 -1.05727875]
4.353763900000001,[ 0.82579315  0.42484924 -1.30502737],[-0.93336302  0.17307591 -1.05728257]
4.362568800000002,[ 0.8257193   0.4248437  -1.30498028],[-0.93341607  0.17295446 -1.05729246]
4.370811700000001,[ 0.82563269  0.42484811 -1.30495226],[-0.93348974  0.17286314 -1.05731618]
4.3786679,[ 0.82554656  0.4248426  -1.30492258],[-0.9335593   0.17278102 -1.05734313]
4.3868341000000015,[ 0.82545108  0.42483607 -1.3048842 ],[-0.93362135  0.17268348 -1.05736947]
4.395362200000001,[ 0.82535857  0.42482653 -1.30484474],[-0.9336738   0.17257172 -1.05740297]
4.429527199999999,[ 0.8252362   0.42480645 -1.30479884],[-0.93375731  0.17240712 -1.05744982]
4.4435749000000015,[ 0.82495457  0.42466238 -1.30467463],[-0.93398857  0.17194192 -1.0575614 ]
4.453238299999999,[ 0.82484061  0.42460763 -1.30464387],[-0.93408293  0.17181043 -1.05760193]
4.4625254000000005,[ 0.8247785   0.42456263 -1.3046211 ],[-0.93414372  0.17171037 -1.05761957]
4.472369400000002,[ 0.82472336  0.42450845 -1.30459726],[-0.93418825  0.17160307 -1.05764616]
4.480943400000001,[ 0.82468265  0.4244518  -1.30457187],[-0.93422252  0.17149341 -1.05767918]
4.492198999999999,[ 0.82461894  0.42435604 -1.30454874],[-0.93429983  0.17135644 -1.05772722]
4.5009665000000005,[ 0.82458317  0.42430481 -1.30453932],[-0.93434238  0.17126772 -1.05776966]
4.508878599999999,[ 0.82454801  0.42424533 -1.3045212 ],[-0.93439299  0.1711691  -1.05782104]
4.516327100000002,[ 0.82450694  0.42419896 -1.30450737],[-0.93442267  0.17108715 -1.05789256]
4.5246555000000015,[ 0.8244701   0.42413697 -1.30450022],[-0.93443829  0.17098258 -1.05797219]
4.533578800000001,[ 0.82444543  0.42408103 -1.30448425],[-0.93442458  0.17088129 -1.05811334]
4.542088799999998,[ 0.82442981  0.42401621 -1.30447149],[-0.93440324  0.17077562 -1.05818498]
4.550778900000001,[ 0.82437801  0.42389488 -1.30449617],[-0.93436515  0.17065735 -1.05825257]
4.558595499999999,[ 0.82435256  0.42385241 -1.30448544],[-0.93432575  0.17053388 -1.05832672]
4.567733700000002,[ 0.82433355  0.42380878 -1.30447316],[-0.93429631  0.17042561 -1.05840421]
4.578743599999999,[ 0.82429284  0.42377925 -1.30443966],[-0.93423772  0.17025848 -1.05851984]
4.587462800000001,[ 0.82426667  0.42375392 -1.30441666],[-0.93418211  0.17015414 -1.05858696]
4.5965487,[ 0.82424402  0.42371929 -1.30439711],[-0.93412817  0.1700235  -1.05858624]
4.6068012,[ 0.82427806  0.42375144 -1.3043437 ],[-0.93406218  0.16991514 -1.05865121]
4.617315000000001,[ 0.82427198  0.42372087 -1.30430317],[-0.93392771  0.16977042 -1.05875134]
4.627100299999999,[ 0.82425624  0.42368197 -1.30427504],[-0.93384242  0.16968626 -1.058792  ]
4.636854,[ 0.82417887  0.42360654 -1.30427539],[-0.93372405  0.16959834 -1.0588541 ]
4.6478702,[ 0.82419413  0.42363113 -1.30421937],[-0.93362677  0.16954699 -1.0588876 ]
4.658532399999999,[ 0.82416362  0.42359811 -1.30417228],[-0.93349707  0.16946541 -1.05891323]
4.6672170999999985,[ 0.82415557  0.42356357 -1.30413759],[-0.93341792  0.16942243 -1.0589211 ]
4.678566100000001,[ 0.82413965  0.42353067 -1.30410218],[-0.93330616  0.1693828  -1.05892944]
4.687794100000001,[ 0.8241204   0.42349744 -1.30407822],[-0.9332335   0.16937284 -1.05892622]
4.696463999999999,[ 0.82412189  0.42346632 -1.30405557],[-0.93316942  0.16937746 -1.05891776]
4.704804899999999,[ 0.8241207   0.42343503 -1.30403399],[-0.93310869  0.16937514 -1.05890024]
4.714624499999999,[ 0.82411128  0.42341387 -1.30401921],[-0.93305624  0.16939729 -1.05888832]
4.725521499999999,[ 0.82410246  0.42337143 -1.30398345],[-0.93297058  0.16944754 -1.05886197]
4.733595699999999,[ 0.82410663  0.4233377  -1.30395889],[-0.93290484  0.16947849 -1.05883908]
4.742129500000001,[ 0.82411098  0.42329752 -1.30393171],[-0.93283588  0.16951044 -1.05880249]
4.7510173999999985,[ 0.82410932  0.42326966 -1.30390668],[-0.93278176  0.16955179 -1.05877316]
4.759704500000002,[ 0.82410687  0.42324203 -1.30388916],[-0.93273014  0.16961525 -1.05873954]
4.7701996000000015,[ 0.82409412  0.42321831 -1.30384552],[-0.93265826  0.16969335 -1.05868089]
4.780031399999999,[ 0.82408148  0.42319745 -1.30381107],[-0.93261206  0.16977568 -1.0586431 ]
4.7900563,[ 0.82406682  0.42317423 -1.3037765 ],[-0.93255681  0.16983807 -1.05860031]
4.800940000000001,[ 0.82405025  0.4231264  -1.30372453],[-0.93247396  0.16993864 -1.05854177]
4.810501200000001,[ 0.82404649  0.42308611 -1.3036828 ],[-0.93242079  0.1699973  -1.05850172]
4.820103400000001,[ 0.82402533  0.42304212 -1.3036381 ],[-0.93236101  0.17011717 -1.05842531]
4.8286087,[ 0.82396448  0.42296189 -1.30365086],[-0.93233466  0.17021222 -1.05838895]
4.8363133000000005,[ 0.8239525   0.42292842 -1.30363381],[-0.9323048   0.17029148 -1.05833876]
4.845506400000001,[ 0.82395071  0.42289793 -1.30360699],[-0.93226904  0.17036089 -1.05830109]
4.853964699999999,[ 0.82394534  0.42287162 -1.30358064],[-0.9322474   0.1704479  -1.05825293]
4.862632600000001,[ 0.82394558  0.42285442 -1.30356562],[-0.93221259  0.17052731 -1.05822647]
4.870912100000002,[ 0.82394385  0.42283428 -1.30355167],[-0.93221051  0.17062044 -1.05818319]
4.8792787,[ 0.82393879  0.42281616 -1.30353391],[-0.93221253  0.17070982 -1.05813563]
4.887148700000001,[ 0.82393682  0.42279091 -1.30351043],[-0.9322142   0.17078102 -1.05809724]
4.895240900000001,[ 0.82394338  0.42275685 -1.30350006],[-0.93220943  0.17083459 -1.0580616 ]
4.905102899999999,[ 0.82396281  0.4227235  -1.30348623],[-0.93221211  0.17087828 -1.05803764]
4.914437899999999,[ 0.82397646  0.42269617 -1.3034724 ],[-0.93221521  0.17090434 -1.05801296]
4.923057799999999,[ 0.82400054  0.42265192 -1.30345869],[-0.93220907  0.17091559 -1.05800307]
4.9314623,[ 0.82402664  0.42261845 -1.30343747],[-0.93218511  0.17091195 -1.05799854]
4.941864599999999,[ 0.82404411  0.42258218 -1.30340612],[-0.93215996  0.17091265 -1.05799115]
4.950092600000001,[ 0.82405114  0.42257559 -1.3033911 ],[-0.93211365  0.1709125  -1.05799294]
4.957747000000001,[ 0.8240577   0.42257017 -1.30336249],[-0.93207598  0.17089982 -1.05801058]
4.966543300000001,[ 0.82406449  0.42255524 -1.30334389],[-0.93202806  0.17087387 -1.05802   ]
4.975213799999999,[ 0.82407308  0.42254725 -1.30332422],[-0.9319768   0.17082323 -1.05802846]
4.984062999999999,[ 0.82407779  0.4225401  -1.30329847],[-0.93191379  0.17076297 -1.05805469]
4.991551999999999,[ 0.8240782   0.42254272 -1.30328107],[-0.93186176  0.17070556 -1.058074  ]
5.000572099999999,[ 0.82407492  0.42255515 -1.30325425],[-0.93181705  0.17065682 -1.05808926]
5.0086984,[ 0.82407242  0.42256376 -1.30322671],[-0.93177617  0.17062616 -1.05810571]
5.016561800000002,[ 0.82405597  0.42257953 -1.30320168],[-0.93174034  0.17061326 -1.05811548]
5.025030399999999,[ 0.8240484   0.42260191 -1.30318117],[-0.9317047   0.17059803 -1.05813932]
5.033176600000001,[ 0.82404268  0.42261845 -1.30315542],[-0.93167841  0.17058784 -1.05815148]
5.0416558999999985,[ 0.8240487   0.42262536 -1.30313599],[-0.93164247  0.17056069 -1.05815351]
5.050037799999998,[ 0.82405829  0.42262149 -1.30311143],[-0.93161577  0.17054534 -1.05816078]
5.058514299999999,[ 0.82405668  0.42263165 -1.30308712],[-0.93159473  0.17054075 -1.05816698]
5.0660406999999985,[ 0.82404983  0.42265001 -1.30306756],[-0.93159145  0.17054424 -1.05816889]
5.0746182,[ 0.82404333  0.42266378 -1.30303621],[-0.9315896   0.17055139 -1.05816817]
5.082706900000002,[ 0.82404208  0.42267212 -1.30301178],[-0.93159211  0.17057969 -1.05817556]
5.092184100000001,[ 0.82403523  0.42268926 -1.30298626],[-0.93158722  0.17062037 -1.05818832]
5.101438099999999,[ 0.82402152  0.42271399 -1.30297482],[-0.93159539  0.17067847 -1.05819917]
5.110519700000001,[ 0.82403117  0.42271027 -1.30295134],[-0.93158799  0.17069921 -1.05820942]
5.119818500000001,[ 0.82403785  0.42268434 -1.30290294],[-0.93159693  0.1707641  -1.05820608]
5.127193800000001,[ 0.82404107  0.42266917 -1.30288768],[-0.93160015  0.17077295 -1.05820525]
5.1375060999999995,[ 0.8240369   0.42264211 -1.30284262],[-0.93164939  0.17088628 -1.05821276]
5.1453506,[ 0.82403481  0.42261538 -1.30281889],[-0.93167651  0.17095415 -1.05822003]
5.153896499999998,[ 0.82404155  0.42257819 -1.30278528],[-0.9317137   0.17102762 -1.05821812]
5.162637100000001,[ 0.82405424  0.42253822 -1.30274928],[-0.93175298  0.17109132 -1.05820262]
5.170857000000002,[ 0.82406557  0.4225086  -1.30272484],[-0.93178338  0.17116818 -1.05819106]
5.179037900000001,[ 0.82408261  0.42248428 -1.30270636],[-0.93181425  0.17125805 -1.05817831]
5.1876225,[ 0.82409382  0.42244813 -1.30267239],[-0.93185848  0.17134771 -1.05816174]
5.196645199999999,[ 0.82410049  0.42241406 -1.30264533],[-0.93191433  0.17144841 -1.0581516 ]
5.204455299999999,[ 0.82409644  0.42240372 -1.30262101],[-0.93197238  0.17155463 -1.05812573]
5.212359500000002,[ 0.82410413  0.42239627 -1.30259991],[-0.93204439  0.17167294 -1.05811763]
5.220117699999999,[ 0.82410878  0.42238402 -1.30258179],[-0.93210083  0.17179376 -1.05810165]
5.229071600000001,[ 0.82411957  0.42236611 -1.30256212],[-0.93215895  0.17189722 -1.05808306]
5.2368182999999995,[ 0.82413799  0.42235211 -1.30254674],[-0.93221551  0.1719882  -1.05805337]
5.246473000000002,[ 0.82415676  0.42235515 -1.30253136],[-0.932271    0.1720943  -1.05802786]
5.253366400000001,[ 0.82417291  0.42236564 -1.30252552],[-0.93232411  0.17220515 -1.058002  ]
5.2625603000000005,[ 0.82418638  0.42238018 -1.30251729],[-0.93239236  0.17232537 -1.05798721]
5.270357700000002,[ 0.82418656  0.42239836 -1.30251098],[-0.9324488   0.17243645 -1.05795634]
5.278537100000001,[ 0.8241927   0.42242837 -1.30250072],[-0.93251079  0.17255269 -1.05793548]
5.286967700000002,[ 0.82420003  0.42245495 -1.30249643],[-0.93255663  0.17266266 -1.05793214]
5.295165000000001,[ 0.82420439  0.42247486 -1.3024863 ],[-0.9326002   0.17276073 -1.05792248]
5.3036542,[ 0.82420552  0.4224942  -1.30247211],[-0.93263829  0.17284386 -1.05790532]
5.3127946,[ 0.82424802  0.42257428 -1.30241787],[-0.93267536  0.17293124 -1.05788577]
5.3219064,[ 0.82423908  0.42261142 -1.30241156],[-0.93270946  0.17302227 -1.05787838]
5.331467799999999,[ 0.82422918  0.42265171 -1.30240023],[-0.93275028  0.1731209  -1.05786908]
5.3412364,[ 0.82420695  0.42272317 -1.30239248],[-0.93280965  0.17324951 -1.05784154]
5.350582200000002,[ 0.8241905   0.42275453 -1.30237877],[-0.93283546  0.17332327 -1.05781817]
5.358279700000001,[ 0.82418323  0.42278981 -1.30237293],[-0.93286383  0.17339918 -1.05780268]
5.3681217,[ 0.82416403  0.42282447 -1.30236161],[-0.93289828  0.17347802 -1.05778551]
5.3773336,[ 0.82414037  0.42285842 -1.30234194],[-0.93293619  0.17355567 -1.05776322]
5.387772300000002,[ 0.82410258  0.42290089 -1.30231404],[-0.93298954  0.17365588 -1.05773163]
5.396930999999999,[ 0.82407594  0.42293802 -1.30229115],[-0.93303126  0.17374022 -1.05771625]
5.406474299999999,[ 0.82405609  0.42298579 -1.30227482],[-0.93306202  0.17379393 -1.057706  ]
5.417443500000001,[ 0.82397318  0.42297751 -1.3022809 ],[-0.93309361  0.17383909 -1.0576719 ]
5.428909600000001,[ 0.82395589  0.42300043 -1.30223978],[-0.93311018  0.1738531  -1.05764151]
5.438318899999999,[ 0.82394785  0.42303476 -1.30221939],[-0.93312633  0.17386837 -1.05762553]
5.449569700000001,[ 0.82391697  0.42308298 -1.30218506],[-0.9331488   0.17391396 -1.0575949 ]
5.459263799999999,[ 0.82389438  0.42310768 -1.30215144],[-0.93317735  0.17395225 -1.05757833]
5.4685369,[ 0.82387769  0.42313495 -1.30213118],[-0.93318522  0.17397541 -1.05756104]
5.4790694,[ 0.82386667  0.42318788 -1.30210054],[-0.93320501  0.17397644 -1.05754912]
5.4896259,[ 0.82385916  0.423206   -1.30206943],[-0.93320858  0.17396826 -1.05752516]
5.500571099999998,[ 0.82384795  0.42322785 -1.30201292],[-0.933218    0.17393845 -1.05749786]
5.509267600000001,[ 0.82382536  0.42325154 -1.30198419],[-0.93322557  0.17393582 -1.05748522]
5.5208999,[ 0.82380259  0.42329222 -1.30193079],[-0.93322134  0.17392848 -1.05746853]
5.529640700000002,[ 0.82378566  0.42330864 -1.3018831 ],[-0.93322641  0.17391567 -1.0574584 ]
5.538056099999999,[ 0.82377309  0.42331707 -1.30183852],[-0.93321455  0.17389944 -1.05744743]
5.547464399999999,[ 0.82377648  0.42332721 -1.30178785],[-0.93320191  0.17388776 -1.05743527]
5.556397400000002,[ 0.82378495  0.4233363  -1.30174291],[-0.93317574  0.17386957 -1.0574255 ]
5.565974300000001,[ 0.8238073   0.42333254 -1.30167639],[-0.93314862  0.17383127 -1.057392  ]
5.574496,[ 0.82382721  0.4233439  -1.30164611],[-0.93312562  0.17380571 -1.05736899]
5.5830986,[ 0.82384342  0.42335933 -1.30162489],[-0.93311155  0.1737868  -1.05733442]
5.591457900000002,[ 0.82385367  0.42337599 -1.3015939 ],[-0.93309796  0.17378154 -1.05729532]
5.600121300000001,[ 0.82388079  0.42339069 -1.30156708],[-0.93307024  0.17376241 -1.05725253]
5.608386200000002,[ 0.82391441  0.42338139 -1.30154109],[-0.93303102  0.17374498 -1.05721402]
5.616589999999999,[ 0.82394052  0.42338318 -1.30152416],[-0.93299681  0.17373767 -1.05717337]
5.6259181,[ 0.82396132  0.42339051 -1.3015039 ],[-0.93295622  0.17374235 -1.05713594]
5.6356746000000015,[ 0.82398379  0.42339894 -1.30149055],[-0.9329111   0.17375617 -1.05710006]
5.6478258,[ 0.82399392  0.42339045 -1.30144227],[-0.93285275  0.1737977  -1.0570333 ]
5.6582042,[ 0.82400143  0.42338714 -1.30140352],[-0.93278337  0.17383948 -1.05695486]
5.666718299999999,[ 0.82399356  0.42338714 -1.3013761 ],[-0.93274158  0.17388819 -1.05690014]
5.6757706,[ 0.82398891  0.42337418 -1.30134332],[-0.93270266  0.17392652 -1.05683184]
5.6857475000000015,[ 0.82402539  0.42341965 -1.30125833],[-0.93264455  0.17394623 -1.05682743]
5.695879300000001,[ 0.82399464  0.42340329 -1.30120373],[-0.93260306  0.17402013 -1.05674064]
5.704639400000001,[ 0.82397926  0.42339393 -1.30117559],[-0.93257165  0.17406826 -1.05668628]
5.713341700000001,[ 0.82395691  0.42338583 -1.30114233],[-0.93254882  0.17411947 -1.0566293 ]
5.724692099999999,[ 0.82391924  0.42335674 -1.30110443],[-0.93251842  0.17422053 -1.05654836]
5.732839899999998,[ 0.82389003  0.42335588 -1.3010875 ],[-0.93249774  0.17426829 -1.05650222]
5.741973099999999,[ 0.82387209  0.42334172 -1.30107522],[-0.93246841  0.17430957 -1.05645764]
5.7508795,[ 0.82384682  0.42331332 -1.30104625],[-0.932446    0.17435366 -1.05641365]
5.759366700000001,[ 0.8238194   0.42328379 -1.30102777],[-0.93241495  0.17438123 -1.05637026]
5.768969899999998,[ 0.82379043  0.42326522 -1.30101514],[-0.93237263  0.17439625 -1.05633914]
5.7773349,[ 0.82376951  0.42324939 -1.3009963 ],[-0.93232805  0.17440876 -1.05630445]
5.7875926,[ 0.82372558  0.42321807 -1.30097556],[-0.93226814  0.17442966 -1.05627096]
5.796090800000002,[ 0.82369983  0.42319342 -1.30095243],[-0.93220097  0.17442755 -1.05624354]
5.804404600000002,[ 0.82367092  0.42317179 -1.30092871],[-0.93214214  0.17442682 -1.05620098]
5.813759600000001,[ 0.82363427  0.42317152 -1.30090594],[-0.93208957  0.17443469 -1.05617034]
5.821300699999998,[ 0.82359588  0.42317998 -1.30089188],[-0.93203342  0.1744356  -1.05613935]
5.829898499999999,[ 0.82355195  0.42317504 -1.30087113],[-0.93199092  0.17444146 -1.05610108]
5.8385916999999985,[ 0.82352799  0.42317456 -1.30085444],[-0.93195969  0.17443308 -1.05606353]
5.847734899999999,[ 0.82350963  0.42317456 -1.30084133],[-0.93193108  0.17443906 -1.05603015]
5.8560345,[ 0.82348812  0.4231855  -1.30083454],[-0.93190354  0.17445545 -1.05600154]
5.8644345000000015,[ 0.82347083  0.42320356 -1.30082524],[-0.93187767  0.17447154 -1.05595374]
5.872673599999999,[ 0.82345468  0.42321765 -1.30080867],[-0.93185157  0.17448586 -1.05591559]
5.880981899999998,[ 0.82338864  0.42317939 -1.30083084],[-0.93183678  0.17450429 -1.0558759 ]
5.891156500000001,[ 0.8233487   0.42321533 -1.30080676],[-0.93186778  0.17462328 -1.0557611 ]
5.899555100000001,[ 0.82331127  0.42322993 -1.30079579],[-0.93188334  0.17468005 -1.05572534]
5.908449000000001,[ 0.82329452  0.42322594 -1.30077446],[-0.93190151  0.17473328 -1.05570424]
5.917734800000002,[ 0.82327014  0.42322505 -1.30073929],[-0.93191648  0.17477651 -1.05567074]
5.9254049,[ 0.82324773  0.42321599 -1.3007139 ],[-0.9319306   0.17482221 -1.05563855]
5.933313000000002,[ 0.82323533  0.42320919 -1.30069208],[-0.93194157  0.17487593 -1.05561054]
5.9411168,[ 0.8232199   0.42320752 -1.3006705 ],[-0.93194693  0.17493473 -1.05557513]
5.950701599999999,[ 0.82319403  0.42320055 -1.30064511],[-0.93196994  0.17502658 -1.05554318]
5.958608600000002,[ 0.82316703  0.42318901 -1.30061436],[-0.93197745  0.17510819 -1.05552113]
5.967898099999999,[ 0.82315224  0.42318016 -1.30058908],[-0.9319849   0.17518701 -1.05549824]
5.975518900000001,[ 0.8231172   0.42316979 -1.30057371],[-0.93199658  0.17527202 -1.05548787]
5.984033700000001,[ 0.82309848  0.4231433  -1.30055618],[-0.93198866  0.17534164 -1.05548465]
5.992005800000001,[ 0.82308453  0.423114   -1.30053699],[-0.93198097  0.1754026  -1.05548513]
6.001601900000001,[ 0.82306921  0.42309433 -1.30052459],[-0.93198037  0.17546858 -1.05548799]
6.009612499999999,[ 0.82304555  0.42309853 -1.30052674],[-0.93197942  0.17554004 -1.0554924 ]
6.017243000000001,[ 0.82301676  0.42309698 -1.3005265 ],[-0.93198717  0.17561896 -1.05550385]
6.0255303,[ 0.82300162  0.42309672 -1.30052769],[-0.93199509  0.17568764 -1.05550313]
6.033701499999999,[ 0.8229959   0.42308897 -1.30053163],[-0.93199706  0.17573762 -1.05550921]
6.043121200000002,[ 0.82298428  0.42307895 -1.30054498],[-0.93201327  0.17579341 -1.05551839]
6.051501999999999,[ 0.82297295  0.42306954 -1.30055892],[-0.9320159   0.17581999 -1.05553055]
6.060920200000002,[ 0.82296288  0.42304856 -1.3005724 ],[-0.93202323  0.17585808 -1.05552912]
6.070961700000002,[ 0.82294279  0.42304158 -1.30058002],[-0.93205649  0.17592779 -1.05552053]
6.111113100000001,[ 0.82281196  0.42309558 -1.30062604],[-0.93217802  0.1760769  -1.05551076]
6.123251400000001,[ 0.8227517   0.42310447 -1.30065262],[-0.93223357  0.17605737 -1.05552149]
6.134463100000001,[ 0.8226983   0.42313522 -1.30066884],[-0.93226606  0.17604491 -1.05553198]
6.1597262000000015,[ 0.82265741  0.42315197 -1.30066264],[-0.93228883  0.17605752 -1.05554318]
6.171913100000001,[ 0.82254982  0.4232232  -1.30063629],[-0.93232477  0.17603898 -1.0556159 ]
6.1815131,[ 0.82251728  0.42320082 -1.30063236],[-0.93230432  0.17600629 -1.0556376 ]
6.191471499999999,[ 0.82246435  0.4231956  -1.3006258 ],[-0.9322933   0.17598873 -1.05569017]
6.200606499999999,[ 0.8224169   0.42321843 -1.30063093],[-0.93229735  0.17598996 -1.05572748]
6.2127695,[ 0.82234859  0.42325068 -1.30063057],[-0.93230712  0.17599992 -1.05579782]
6.221788100000001,[ 0.82230932  0.4232606  -1.30062389],[-0.93231416  0.17599984 -1.0558455 ]
6.231676499999999,[ 0.82228243  0.42327049 -1.30062973],[-0.93229914  0.17597854 -1.0558995 ]
6.2424441,[ 0.82224852  0.42328587 -1.30064225],[-0.93226695  0.17593712 -1.0560019 ]
6.250620900000001,[ 0.82222986  0.4232918  -1.30065048],[-0.93223506  0.17589776 -1.05606604]
6.2597062,[ 0.82221121  0.42330378 -1.30064774],[-0.93220973  0.17587253 -1.05612087]
6.2691276999999985,[ 0.82218057  0.42334053 -1.30066442],[-0.93218488  0.17586297 -1.05619049]
6.279628899999999,[ 0.8221215   0.42341876 -1.30069304],[-0.93213522  0.17584752 -1.05627942]
6.288714899999999,[ 0.82210124  0.42345199 -1.30070662],[-0.9321034   0.17582919 -1.05635142]
6.2980564,[ 0.82207817  0.42348099 -1.30072284],[-0.93206149  0.17578043 -1.05640697]
6.3084676,[ 0.82205743  0.42352778 -1.30075443],[-0.93198109  0.17571828 -1.05649698]
6.3166242,[ 0.82204145  0.42357293 -1.30078113],[-0.93194044  0.17567748 -1.05656087]
6.325298100000001,[ 0.82202983  0.42358714 -1.30080831],[-0.93190122  0.17565194 -1.05661988]
6.333679100000001,[ 0.82202673  0.4236109  -1.30084169],[-0.93187666  0.17563374 -1.05667996]
6.342070700000001,[ 0.82200587  0.42363989 -1.3008709 ],[-0.93185085  0.17563727 -1.05673265]
6.349736199999999,[ 0.82199436  0.42367435 -1.30092275],[-0.93183184  0.17565259 -1.05678642]
6.3578703999999995,[ 0.82199407  0.42369157 -1.30097103],[-0.93181789  0.17562628 -1.05691361]
6.3675122,[ 0.82199997  0.42369285 -1.30100954],[-0.93178147  0.1756597  -1.05689979]
6.3753624,[ 0.82200277  0.42368862 -1.30104566],[-0.93173957  0.1756448  -1.0569104 ]
6.383724999999998,[ 0.82200843  0.42369545 -1.30109358],[-0.93171704  0.17565234 -1.05693638]
6.391493100000002,[ 0.82200879  0.42369971 -1.30114949],[-0.93169099  0.17566837 -1.05694878]
6.400343800000002,[ 0.82199574  0.42373013 -1.3011992 ],[-0.93169284  0.17567189 -1.05702984]
6.408769500000002,[ 0.82197797  0.42374411 -1.30125439],[-0.93168795  0.17572333 -1.0569762 ]
6.4182287,[ 0.82195318  0.42375264 -1.30130088],[-0.9316783   0.17575723 -1.05698347]
6.427311899999999,[ 0.82193023  0.42377162 -1.3013469 ],[-0.93167448  0.17576775 -1.05697739]
6.437137400000001,[ 0.82188785  0.42378628 -1.3014096 ],[-0.93165261  0.17578149 -1.05697572]
6.446599500000001,[ 0.82185423  0.42380843 -1.30144346],[-0.9316529   0.17579718 -1.05697453]
6.453991599999998,[ 0.82182205  0.4238283  -1.30147827],[-0.93164229  0.17579477 -1.05697334]
6.462639299999999,[ 0.82178038  0.42385954 -1.30151665],[-0.93164164  0.17581329 -1.0569669 ]
6.471126099999999,[ 0.82173532  0.42389715 -1.30156517],[-0.93164533  0.17585018 -1.05696166]
6.480777400000001,[ 0.82169545  0.42393681 -1.30161238],[-0.9316504   0.17586848 -1.05695665]
6.4911642,[ 0.82164973  0.42397663 -1.30167413],[-0.93165618  0.17587513 -1.05693579]
6.499783900000001,[ 0.82162499  0.42400303 -1.30172384],[-0.93163711  0.17585385 -1.05691624]
6.509138700000001,[ 0.82159507  0.42404315 -1.30178118],[-0.9316349   0.17583539 -1.05690217]
6.5185856000000015,[ 0.82156295  0.42408964 -1.3018378 ],[-0.93161571  0.17581978 -1.0568825 ]
6.527543099999999,[ 0.82153398  0.42413568 -1.30188775],[-0.93161958  0.17580436 -1.05687284]
6.5379456000000005,[ 0.82146943  0.42421687 -1.30196977],[-0.93163568  0.17581049 -1.05686557]
6.546087400000001,[ 0.82143891  0.42426857 -1.30203009],[-0.93163735  0.17580444 -1.05686736]
6.5543040999999995,[ 0.82141566  0.42430782 -1.30208731],[-0.93163407  0.17578724 -1.05687356]
6.562046299999999,[ 0.82140207  0.42432526 -1.30214465],[-0.9316296   0.17574978 -1.0568701 ]
6.5700907000000015,[ 0.82139266  0.42434689 -1.30220032],[-0.93162352  0.17568438 -1.05695343]
6.5787005,[ 0.82137841  0.42437762 -1.30225933],[-0.93161851  0.1756624  -1.05696428]
6.586846399999999,[ 0.82134622  0.42440754 -1.30232346],[-0.9316113   0.17563505 -1.05697298]
6.5940446,[ 0.82133663  0.42442372 -1.30235422],[-0.93161809  0.17563464 -1.05698872]
6.604195300000001,[ 0.82129019  0.42446411 -1.30244339],[-0.93162018  0.17560343 -1.05699325]
6.614086799999999,[ 0.82125765  0.42448816 -1.30250406],[-0.93162531  0.17556903 -1.05699456]
6.621623400000001,[ 0.82122684  0.42450824 -1.30257094],[-0.93161255  0.17552108 -1.05700481]
6.631444600000002,[ 0.82121116  0.42450878 -1.30263364],[-0.93159604  0.17545262 -1.05699277]
6.642316000000001,[ 0.82118189  0.42451119 -1.30272126],[-0.93157792  0.17534842 -1.05696523]
6.6520402999999995,[ 0.82115972  0.42452523 -1.30278683],[-0.9315753  0.1753168 -1.0569669]
6.663142700000002,[ 0.82111216  0.42454821 -1.30289638],[-0.93157625  0.17524356 -1.0569427 ]
6.6713576,[ 0.82108819  0.42455202 -1.30297089],[-0.93158525  0.17521589 -1.05693328]
6.6808069,[ 0.82107145  0.42454898 -1.30304158],[-0.93158197  0.17515467 -1.05690777]
6.691806,[ 0.82105577  0.42452607 -1.30315053],[-0.93155247  0.1750306  -1.05686808]
6.6996775,[ 0.82104594  0.42451176 -1.30322671],[-0.93153763  0.17495687 -1.05685341]
6.7078691,[ 0.82103485  0.4244872  -1.30330539],[-0.93152946  0.17489894 -1.05684173]
6.7173462000000015,[ 0.8210178   0.42447495 -1.30338275],[-0.93152988  0.17487305 -1.05682659]
6.726202400000002,[ 0.8209936   0.42446029 -1.30345976],[-0.93153393  0.17483345 -1.05681634]
6.737417300000001,[ 0.82095361  0.42443359 -1.30357873],[-0.9315303   0.17478888 -1.05679655]
6.745808499999999,[ 0.82094854  0.42440966 -1.3036437 ],[-0.93152261  0.17474338 -1.0567838 ]
6.754005899999999,[ 0.82094288  0.42436892 -1.30370831],[-0.93149191  0.17468235 -1.05677342]
6.7627883,[ 0.82093763  0.42432827 -1.30377054],[-0.93145621  0.17462559 -1.05676627]
6.771118900000001,[ 0.82092214  0.42429468 -1.3038466 ],[-0.93142027  0.17458118 -1.05675924]
6.780136899999999,[ 0.82091582  0.4242672  -1.3039254 ],[-0.9313885   0.17454377 -1.05675173]
6.787382300000001,[ 0.82090491  0.42423245 -1.30399585],[-0.93136632  0.17452979 -1.05674326]
6.7965351,[ 0.82090014  0.4242031  -1.30406892],[-0.93134826  0.17451772 -1.05674374]
6.804077500000002,[ 0.82089818  0.42417055 -1.30414462],[-0.9313252   0.17449161 -1.05673814]
6.812885600000001,[ 0.82090503  0.42414144 -1.30423284],[-0.93130594  0.17445877 -1.05673373]
6.820173400000002,[ 0.8209281   0.42411506 -1.30432069],[-0.93127638  0.1744256  -1.0567168 ]
6.8297598000000015,[ 0.82094485  0.42408082 -1.30439734],[-0.93124217  0.17440023 -1.05663073]
6.837580299999999,[ 0.82091379  0.42399609 -1.30452144],[-0.93122667  0.17436673 -1.05661261]
6.847724899999999,[ 0.82092226  0.4239907  -1.30460608],[-0.93121314  0.1743378  -1.05659997]
6.857641600000001,[ 0.8209787   0.42405847 -1.30470133],[-0.93121117  0.17435576 -1.05658543]
6.8661393,[ 0.82093322  0.42401206 -1.30480742],[-0.93121672  0.17432311 -1.05656958]
6.8757372,[ 0.82094163  0.42401218 -1.30487621],[-0.93122143  0.17431356 -1.0565449 ]
6.882962899999999,[ 0.82099974  0.42408347 -1.30491412],[-0.93121731  0.17427212 -1.05652165]
6.8921934,[ 0.82099766  0.42409953 -1.30498958],[-0.93120819  0.17423837 -1.05650187]
6.899589800000001,[ 0.82098407  0.42411017 -1.30504954],[-0.93121254  0.17419507 -1.05646586]
6.907947199999999,[ 0.82098073  0.42412871 -1.30511546],[-0.93122607  0.17417803 -1.05643463]
6.916444800000001,[ 0.82096076  0.42415059 -1.30518043],[-0.931238    0.17412998 -1.0563972 ]
6.9253444,[ 0.82093793  0.424182   -1.3052547 ],[-0.93127114  0.17411526 -1.05636585]
6.934215300000002,[ 0.8209303   0.4242126  -1.30532134],[-0.93129617  0.17407474 -1.05633593]
6.941948700000001,[ 0.82093155  0.42421725 -1.30538332],[-0.9313162   0.17403348 -1.05630457]
6.949829300000001,[ 0.82094038  0.42423531 -1.30544734],[-0.93134266  0.17397746 -1.05626273]
6.9579901,[ 0.82095248  0.42423192 -1.30551112],[-0.93136513  0.17393485 -1.05622911]
6.9669968,[ 0.8209163   0.42418689 -1.30562901],[-0.93139064  0.17391399 -1.05620527]
6.9746737,[ 0.82092673  0.42419317 -1.30569863],[-0.93142331  0.17388715 -1.05616832]
6.983363799999999,[ 0.82093203  0.42420211 -1.30576503],[-0.93145084  0.17388383 -1.05613625]
6.991082299999999,[ 0.82093388  0.42421797 -1.30582929],[-0.93148184  0.17389645 -1.05611289]
7.000011799999999,[ 0.82093143  0.42421907 -1.30588889],[-0.9315033   0.17387885 -1.05608106]
7.008174,[ 0.82094002  0.42421636 -1.30594575],[-0.93151349  0.17385918 -1.05606425]
7.016552699999998,[ 0.82094926  0.42420796 -1.3059957 ],[-0.93151683  0.17383407 -1.05604374]
7.024445499999999,[ 0.82096553  0.42419481 -1.30604851],[-0.93151897  0.17380935 -1.05600369]
7.0326868000000005,[ 0.82097685  0.42417195 -1.30609548],[-0.93151689  0.1737926  -1.05599463]
7.041651999999999,[ 0.82097542  0.42415759 -1.30615914],[-0.93151772  0.17380314 -1.05599427]
7.050028300000001,[ 0.82097816  0.42414704 -1.30620909],[-0.93152803  0.17381191 -1.05599105]
7.058949299999998,[ 0.82098758  0.4241308  -1.30625582],[-0.9315064   0.17382008 -1.05599213]
7.066941199999999,[ 0.82104605  0.42415714 -1.30627358],[-0.93148619  0.17381519 -1.05599713]
7.075071699999999,[ 0.82105851  0.42413923 -1.30631971],[-0.93147039  0.17380698 -1.05599558]
7.082775000000002,[ 0.82107943  0.42412183 -1.30637574],[-0.93144548  0.17380501 -1.05600297]
7.0926431,[ 0.82110375  0.42410418 -1.30642784],[-0.93141514  0.17378187 -1.05599999]
7.1013114,[ 0.82113183  0.42408597 -1.30648112],[-0.93139088  0.17377022 -1.05599844]
7.1100265,[ 0.8211543   0.42407352 -1.30653107],[-0.93136752  0.17376342 -1.0560056 ]
7.1191101,[ 0.82117116  0.42407897 -1.30659699],[-0.9313578   0.17377776 -1.05600631]
7.1287756999999985,[ 0.82119954  0.42410573 -1.30668318],[-0.93132913  0.17377806 -1.05601382]
7.1366938,[ 0.82123035  0.42410463 -1.30673385],[-0.93129909  0.17376629 -1.05601859]
7.145257399999998,[ 0.82125378  0.42410818 -1.30679083],[-0.9312793   0.17374939 -1.05603158]
7.153348399999999,[ 0.82128596  0.42411822 -1.30685163],[-0.9312548   0.17372008 -1.05604827]
7.160682000000001,[ 0.82129991  0.42413342 -1.30688667],[-0.93123883  0.17371765 -1.0560658 ]
7.170184299999999,[ 0.82133561  0.42417753 -1.30698001],[-0.93119454  0.17371798 -1.05610514]
7.179276999999999,[ 0.82134742  0.42419475 -1.30704641],[-0.93116659  0.17371424 -1.05614042]
7.188234999999999,[ 0.82135952  0.42423671 -1.30711305],[-0.9311282   0.17368999 -1.05617344]
7.1956866999999995,[ 0.82138097  0.42426628 -1.3071804 ],[-0.93107915  0.17367578 -1.05621517]
7.203512100000001,[ 0.82135618  0.42423981 -1.30728006],[-0.93102902  0.17366074 -1.05625379]
7.213815799999999,[ 0.82137436  0.42426583 -1.30733967],[-0.93097472  0.17362443 -1.05628598]
7.2228134,[ 0.82138449  0.42428806 -1.3074007 ],[-0.9309268   0.17360069 -1.056319  ]
7.231398299999999,[ 0.82138944  0.42433271 -1.30746961],[-0.93088245  0.17360662 -1.05635107]
7.2413946,[ 0.82138711  0.42439276 -1.30756533],[-0.93085158  0.17361814 -1.05641329]
7.249383600000002,[ 0.82137638  0.42442676 -1.30762661],[-0.93083799  0.17362693 -1.05643952]
7.257974399999998,[ 0.82136601  0.42445317 -1.30768657],[-0.9308219   0.17361681 -1.05646098]
7.266095700000001,[ 0.82134998  0.42448062 -1.30775273],[-0.93080878  0.17362016 -1.05648875]
7.275583399999999,[ 0.82133192  0.42450929 -1.30781245],[-0.93079549  0.17362238 -1.05652082]
7.283007300000001,[ 0.82131487  0.42452404 -1.30787659],[-0.93079025  0.17362459 -1.05654979]
7.291302900000002,[ 0.82128787  0.42455044 -1.30793655],[-0.93079132  0.17362577 -1.05657208]
7.2996132,[ 0.8212598   0.42456874 -1.30801177],[-0.93079996  0.17362778 -1.05662382]
7.307917,[ 0.82121974  0.42461631 -1.30808473],[-0.93080485  0.17363317 -1.05665731]
7.316894699999999,[ 0.82118416  0.42464626 -1.30815637],[-0.93064195  0.17362311 -1.05664814]
7.327053800000002,[ 0.82119739  0.42471749 -1.30817938],[-0.93080306  0.17358352 -1.05675316]
7.337396399999999,[ 0.82113147  0.42474371 -1.30828071],[-0.93077552  0.17354125 -1.05680788]
7.3455142,[ 0.82108337  0.42476588 -1.30835378],[-0.93074489  0.17351335 -1.05684876]
7.353618000000001,[ 0.82103086  0.42478195 -1.30843091],[-0.93071461  0.17348951 -1.05688477]
7.3624343,[ 0.82096696  0.42479631 -1.30850911],[-0.93067533  0.1734561  -1.05691564]
7.3709375,[ 0.8209005   0.42481256 -1.30858862],[-0.93066639  0.17339493 -1.05703044]
7.380008199999999,[ 0.82078016  0.42478052 -1.3087045 ],[-0.93052804  0.17329293 -1.05697858]
7.387758699999999,[ 0.82071465  0.42479718 -1.30880332],[-0.93048054  0.17318261 -1.05702317]
7.395642200000001,[ 0.8206473   0.42480716 -1.30889416],[-0.93045002  0.17306319 -1.05707657]
7.4036057,[ 0.82058352  0.42481887 -1.30897093],[-0.93044448  0.17294471 -1.05715287]
7.413511,[ 0.82051057  0.42483631 -1.30906343],[-0.93047744  0.17289156 -1.05720711]
7.421253400000001,[ 0.82048404  0.42490432 -1.3091228 ],[-0.9304899   0.17280389 -1.05728567]
7.430695700000001,[ 0.82041723  0.42495432 -1.30920875],[-0.93049741  0.17271563 -1.0573802 ]
7.4395178999999985,[ 0.82034689  0.42497787 -1.30930972],[-0.9304899   0.17265944 -1.05747879]
7.4500338,[ 0.82025415  0.42499238 -1.30945218],[-0.93051988  0.17259499 -1.05761373]
7.458971699999999,[ 0.82019842  0.42500135 -1.30955172],[-0.93046492  0.17254813 -1.05770707]
7.4666312999999995,[ 0.8201369   0.42500079 -1.30965376],[-0.93042034  0.17250529 -1.05780065]
7.475426500000001,[ 0.82007635  0.42500564 -1.30976033],[-0.93039459  0.1724581  -1.05788589]
7.483800500000001,[ 0.82003015  0.42500401 -1.30986333],[-0.93037319  0.172419   -1.05798388]
7.4954819000000015,[ 0.81996042  0.42502668 -1.31002975],[-0.93036658  0.17235807 -1.05815697]
7.504742799999999,[ 0.81992412  0.42503351 -1.31013834],[-0.93036735  0.17233235 -1.05825925]
7.514850800000001,[ 0.81989306  0.42502859 -1.31024158],[-0.93035978  0.17229137 -1.05835807]
7.525929999999999,[ 0.8198452   0.42500383 -1.31038618],[-0.93036002  0.17225841 -1.05850732]
7.535763599999999,[ 0.81977546  0.42495397 -1.31050897],[-0.93035311  0.17225097 -1.05861032]
7.5455293999999995,[ 0.81972104  0.42496455 -1.31063795],[-0.93036759  0.17224741 -1.05877638]
7.5535736,[ 0.81968886  0.42497215 -1.31072021],[-0.93037635  0.17224975 -1.05888247]
7.5646041,[ 0.81966221  0.42497593 -1.31078625],[-0.93038964  0.1722548  -1.05900764]
7.572836899999999,[ 0.81967789  0.42503801 -1.31082308],[-0.93038708  0.17220835 -1.05917048]
7.582787700000001,[ 0.81963915  0.42505997 -1.31093299],[-0.9303906   0.17216367 -1.05934441]
7.591781300000001,[ 0.81961322  0.42505744 -1.31100178],[-0.93040442  0.17212528 -1.05946648]
7.600065300000001,[ 0.81959319  0.42506006 -1.31106579],[-0.93041819  0.17209387 -1.05957806]
7.607900099999998,[ 0.81957889  0.42507011 -1.31112885],[-0.93042827  0.17207025 -1.05969858]
7.6165588,[ 0.81957662  0.42507097 -1.31120121],[-0.93043381  0.17206225 -1.05982065]
7.624465400000002,[ 0.81957853  0.42505744 -1.31127739],[-0.93045992  0.17207736 -1.05991411]
7.632765800000001,[ 0.81961787  0.42503276 -1.31135857],[-0.93046826  0.17202041 -1.06003594]
7.642409600000001,[ 0.81966341  0.42498919 -1.31143665],[-0.93046331  0.17198738 -1.06017482]
7.650422200000001,[ 0.81971705  0.42495844 -1.31151998],[-0.93053758  0.17193304 -1.06034935]
7.659969,[ 0.81977361  0.42492619 -1.31160128],[-0.93055338  0.17193303 -1.06049585]
7.668614399999999,[ 0.81981939  0.4248943  -1.31167638],[-0.93056124  0.17189805 -1.06062949]
7.678621499999998,[ 0.81987101  0.42482555 -1.31177843],[-0.93051362  0.1718532  -1.06079507]
7.6883816,[ 0.81990558  0.42479813 -1.31184375],[-0.93048924  0.17182331 -1.06091309]
7.696718400000002,[ 0.81988049  0.42471123 -1.31194377],[-0.93045741  0.1717767  -1.06101394]
7.706716499999999,[ 0.81990767  0.42466041 -1.31200409],[-0.93043816  0.17172654 -1.06113172]
7.716671000000002,[ 0.81999886  0.42464614 -1.31204093],[-0.93040055  0.17167215 -1.06130958]
7.7246196000000005,[ 0.82002759  0.42460439 -1.31209755],[-0.93040144  0.17164391 -1.06144381]
7.7340579,[ 0.82004917  0.4245649  -1.31215632],[-0.93039006  0.17163572 -1.06158543]
7.742230899999999,[ 0.82007372  0.42452759 -1.31220984],[-0.93037617  0.17162631 -1.06170905]
7.7509109999999986,[ 0.82010567  0.42449737 -1.31226552],[-0.93038434  0.17160328 -1.06186259]
7.758999200000002,[ 0.82014108  0.42446062 -1.31232715],[-0.93037134  0.17155655 -1.06202614]
7.767102699999999,[ 0.82016748  0.4244332  -1.31238687],[-0.93034947  0.17155376 -1.06218147]
7.7756218,[ 0.82019317  0.42442742 -1.31245327],[-0.93032211  0.17155845 -1.06232584]
7.785280700000001,[ 0.82021618  0.42441931 -1.31251311],[-0.93029523  0.17157517 -1.06245708]
7.793991299999998,[ 0.82023644  0.42442709 -1.31257486],[-0.93024528  0.17158058 -1.06259501]
7.8036691000000005,[ 0.82023811  0.42447627 -1.31267548],[-0.9301874   0.17160872 -1.06283128]
7.812635700000001,[ 0.82023168  0.42451397 -1.31274116],[-0.93016702  0.17164092 -1.06300366]
7.820451200000001,[ 0.82023263  0.42454609 -1.31279671],[-0.93012846  0.17167376 -1.06317186]
7.828700999999999,[ 0.82023937  0.42458451 -1.31284857],[-0.93008673  0.1717044  -1.06331801]
7.858122399999999,[ 0.8202191   0.42458427 -1.31298852],[-0.9299832   0.17179696 -1.06362605]
7.871434000000001,[ 0.82024157  0.42471233 -1.31314003],[-0.92986459  0.17201786 -1.06407201]
7.880388199999999,[ 0.82024413  0.42475879 -1.31320345],[-0.92983383  0.17209643 -1.06422389]
7.889875400000001,[ 0.82024843  0.42480671 -1.31327164],[-0.92979634  0.17218155 -1.06437027]
7.900244400000002,[ 0.82027119  0.42486247 -1.31336594],[-0.9297269   0.17226161 -1.06457794]
7.9087231,[ 0.82029128  0.42489356 -1.31343114],[-0.92969179  0.17231627 -1.06470406]
7.916505699999998,[ 0.82029384  0.42493057 -1.31350505],[-0.92966139  0.1724133  -1.06485128]
7.9244138,[ 0.82029235  0.42498395 -1.31356001],[-0.92964381  0.17253476 -1.06499696]
7.934041400000002,[ 0.8202951   0.42504176 -1.31360304],[-0.92962444  0.17267211 -1.06514394]
7.941397599999998,[ 0.82031292  0.4250862  -1.31363475],[-0.92961001  0.17283496 -1.06528282]
7.950775199999999,[ 0.8203699   0.4251895  -1.31363726],[-0.92960447  0.17299724 -1.06541181]
7.957930300000001,[ 0.82038814  0.42522174 -1.31369233],[-0.92959434  0.1731638  -1.06555974]
7.9670483999999995,[ 0.82040137  0.42522535 -1.3137567 ],[-0.92959273  0.17334233 -1.06568468]
7.974687200000002,[ 0.82042837  0.42523062 -1.31381881],[-0.9295938   0.17353512 -1.06581497]
7.983535700000001,[ 0.82045722  0.42522895 -1.31388867],[-0.9296118   0.17373735 -1.06592202]
7.9918499999999995,[ 0.82047975  0.42522544 -1.31398451],[-0.92963409  0.17394207 -1.06605697]
7.999942699999998,[ 0.820499    0.42523712 -1.31408906],[-0.92970234  0.17418242 -1.06618488]
8.008410000000001,[ 0.82052463  0.42525026 -1.3141861 ],[-0.92976934  0.17443413 -1.06629872]
8.016594000000001,[ 0.82054234  0.4252542  -1.31428409],[-0.92984313  0.17468272 -1.06642485]
8.0262076,[ 0.82051599  0.42520997 -1.31441259],[-0.92991173  0.17491439 -1.0665462 ]
8.0334626,[ 0.82052732  0.42520699 -1.31450093],[-0.92996311  0.1751492  -1.0666672 ]
8.042314099999999,[ 0.82057452  0.42527017 -1.31455588],[-0.93002486  0.17540516 -1.06678593]
8.0500005,[ 0.82052314  0.4252255  -1.31465471],[-0.93005532  0.17568888 -1.06689763]
8.0599524,[ 0.82051033  0.42523357 -1.31470728],[-0.93011922  0.17600194 -1.06701934]
8.068553099999999,[ 0.82048327  0.42523608 -1.31476331],[-0.93017632  0.17633305 -1.06715047]
8.0772555,[ 0.82046103  0.4252331  -1.31483591],[-0.93023759  0.17669179 -1.06733942]
8.085564300000001,[ 0.82042992  0.42521149 -1.31490493],[-0.930291    0.17704189 -1.06746018]
8.0936801,[ 0.82040936  0.42517146 -1.31497693],[-0.93033874  0.17736265 -1.06748986]
8.1024144,[ 0.82040066  0.42513612 -1.31501627],[-0.9304021   0.17769521 -1.06758177]
8.1103327,[ 0.82037151  0.42509377 -1.31510127],[-0.93048704  0.17806959 -1.06770039]
8.1199039,[ 0.82036626  0.42508858 -1.31520033],[-0.93063992  0.17867595 -1.06788981]
8.127163800000002,[ 0.82035178  0.42508477 -1.31524086],[-0.93069339  0.1789024  -1.06796539]
8.1374158,[ 0.82030451  0.42503697 -1.3154031 ],[-0.93082309  0.17953172 -1.06813622]
8.1454199,[ 0.82027018  0.42501891 -1.3154844 ],[-0.93090755  0.18000594 -1.06827557]
8.153511600000002,[ 0.82023406  0.42500889 -1.31555796],[-0.9309814   0.18048835 -1.06840777]
8.161823000000002,[ 0.82018739  0.42498481 -1.31562746],[-0.93104416  0.18093893 -1.06852126]
8.170100900000001,[ 0.82014519  0.42495379 -1.31568575],[-0.93111163  0.18143456 -1.06862581]
8.1783842,[ 0.82009935  0.42491728 -1.3157531 ],[-0.93118578  0.18197384 -1.068748  ]
8.186827699999998,[ 0.82004261  0.42488429 -1.31582797],[-0.93126577  0.18253781 -1.06887341]
8.1952742,[ 0.81997514  0.42486244 -1.31590545],[-0.93134409  0.18312104 -1.06897998]
8.201891,[ 0.81994414  0.4248378  -1.31593978],[-0.93137509  0.18339731 -1.06902659]
8.210645,[ 0.81987464  0.42477939 -1.31601703],[-0.93146712  0.18399191 -1.06914282]
8.2185916,[ 0.81980389  0.42471996 -1.31609654],[-0.93157303  0.18460096 -1.06926417]
8.227161899999999,[ 0.81974584  0.42468661 -1.31613839],[-0.93171465  0.18524691 -1.06947505]
8.2354777,[ 0.8196854   0.42463341 -1.31624961],[-0.93180281  0.18588792 -1.06952178]
8.246166500000001,[ 0.81959432  0.42461884 -1.31632173],[-0.93194008  0.18693057 -1.06967723]
8.2542738,[ 0.81953061  0.42460877 -1.31638002],[-0.93207669  0.1876377  -1.06987095]
8.262664399999998,[ 0.81946665  0.42461348 -1.31644797],[-0.93217307  0.1883969  -1.06991923]
8.270877899999999,[ 0.81939477  0.42463285 -1.31650889],[-0.93228978  0.1891602  -1.07003963]
