0.0006317000000013451,[-1.01880562  0.35577419 -0.99912006],[ 0.84267557 -0.02681522 -1.33465672]
0.008893200000001045,[-1.01883125  0.35585579 -0.99910033],[ 0.84268665 -0.02666985 -1.3346293 ]
0.016543800000000886,[-1.01887047  0.35592657 -0.99910986],[ 0.84266955 -0.0265812  -1.33457637]
0.024785600000001295,[-1.01889908  0.35599557 -0.99909985],[ 0.84264523 -0.02648981 -1.33453786]
0.032918900000000306,[-1.01892304  0.35608852 -0.99909472],[ 0.8426134  -0.02640301 -1.33449852]
0.041836300000001714,[-1.01894188  0.35615405 -0.99908364],[ 0.84257734 -0.0262783  -1.33446002]
0.0496641000000011,[-1.01896119  0.35623506 -0.99905223],[ 0.84253824 -0.02613327 -1.33442616]
0.057888500000000676,[-1.01896906  0.35630697 -0.99902213],[ 0.84256071 -0.02589147 -1.33433557]
0.06681720000000091,[-1.01896715  0.35636789 -0.99901265],[ 0.84253091 -0.02574404 -1.33431602]
0.07461160000000078,[-1.01895726  0.35641539 -0.99899799],[ 0.84251326 -0.02562151 -1.33428371]
0.08288910000000094,[-1.01892543  0.35643798 -0.99896777],[ 0.8425045  -0.02550417 -1.33424664]
0.09145820000000171,[-1.0188936   0.35647982 -0.99895203],[ 0.84248847 -0.02537002 -1.3342216 ]
0.10071130000000039,[-1.01886797  0.35653615 -0.9989537 ],[ 0.84246212 -0.02524932 -1.33420253]
0.10826830000000065,[-1.01885509  0.35656694 -0.9989441 ],[ 0.8424409  -0.02513741 -1.3341738 ]
0.11626630000000127,[-1.01884258  0.35660565 -0.99893087],[ 0.84238285 -0.02504159 -1.33417189]
0.12467770000000122,[-1.01883221  0.35664201 -0.99891442],[ 0.84237629 -0.02491085 -1.33413947]
0.13292650000000172,[-1.01881349  0.35668257 -0.99891222],[ 0.84234548 -0.02480743 -1.3341254 ]
0.1412146000000014,[-1.01881146  0.35671267 -0.99891692],[ 0.84231925 -0.02471753 -1.33411896]
0.14944070000000131,[-1.01879334  0.35671425 -0.99891037],[ 0.84229606 -0.02464086 -1.33411443]
0.15739460000000172,[-1.01877272  0.35671648 -0.99891645],[ 0.84227163 -0.02454617 -1.33411062]
0.1645884000000013,[-1.0187664   0.35672656 -0.99891853],[ 0.84226292 -0.02450275 -1.33411264]
0.17299600000000126,[-1.01875806  0.35674495 -0.99894595],[ 0.84222364 -0.02440692 -1.33411872]
0.1811896000000015,[-1.01873207  0.35674584 -0.99897158],[ 0.84216839 -0.02436911 -1.3341583 ]
0.19016070000000163,[-1.01871085  0.35675058 -0.99897504],[ 0.84214628 -0.02420879 -1.33410692]
0.19956460000000042,[-1.01867938  0.35674736 -0.99900556],[ 0.84204727 -0.02420115 -1.33415031]
0.2078066000000014,[-1.01865852  0.35674071 -0.99903226],[ 0.84202647 -0.02409643 -1.33413613]
0.21617190000000086,[-1.01863325  0.35671374 -0.99904388],[ 0.84201181 -0.02402678 -1.33412898]
0.22458390000000072,[-1.01863301  0.3566933  -0.99905109],[ 0.84199131 -0.02393688 -1.33411956]
0.23363820000000146,[-1.01861417  0.35668537 -0.99907577],[ 0.84196407 -0.02385839 -1.3341105 ]
0.24278180000000127,[-1.01860774  0.35668892 -0.99909973],[ 0.84192717 -0.02377714 -1.3341018 ]
0.25376960000000004,[-1.01859033  0.35664192 -0.99911475],[ 0.84186125 -0.02367208 -1.33406579]
0.26316510000000015,[-1.01857769  0.35660657 -0.99913424],[ 0.8418119  -0.02363596 -1.33405089]
0.27163030000000177,[-1.01855922  0.35656932 -0.99915457],[ 0.8417753  -0.02358473 -1.33402741]
0.2796208,[-1.01853216  0.3565248  -0.99917418],[ 0.84172904 -0.02352314 -1.33399951]
0.2879075000000011,[-1.01852     0.35648295 -0.99920237],[ 0.84168577 -0.02346771 -1.33397901]
0.29625630000000136,[-1.0184958   0.35642505 -0.99921066],[ 0.841654   -0.02341166 -1.33395267]
0.3036131000000015,[-1.01848364  0.35638565 -0.9992373 ],[ 0.84162658 -0.02332387 -1.33392942]
0.31196109999999955,[-1.01846743  0.35636663 -0.99926651],[ 0.84159827 -0.02324618 -1.33391809]
0.3203346000000007,[-1.0184505   0.35632575 -0.9992786 ],[ 0.84157938 -0.02316297 -1.3339057 ]
0.32852890000000023,[-1.01844287  0.35628432 -0.9993012 ],[ 0.84156257 -0.0231066  -1.33389306]
0.3352155999999997,[-1.01842523  0.35625139 -0.99931264],[ 0.84155875 -0.02307642 -1.33389008]
0.3459070000000022,[-1.01839125  0.35617471 -0.99933439],[ 0.84154516 -0.02301401 -1.33386004]
0.35390869999999985,[-1.0183568   0.35611612 -0.9993394 ],[ 0.84153664 -0.02296203 -1.33384752]
0.36225790000000124,[-1.01833618  0.35607514 -0.99935687],[ 0.84152514 -0.02292305 -1.33382463]
0.3704352000000011,[-1.01832068  0.35604152 -0.99937224],[ 0.8415044  -0.02289533 -1.33381522]
0.3796887000000009,[-1.01828575  0.35599717 -0.99938792],[ 0.8415044  -0.02289165 -1.3337971 ]
0.3874624999999998,[-1.01824605  0.3559525  -0.99940252],[ 0.8414973  -0.02289419 -1.33377421]
0.3954020000000025,[-1.01821208  0.35590282 -0.99941206],[ 0.84151018 -0.02290485 -1.33375263]
0.4036539000000001,[-1.01816654  0.35585141 -0.99940717],[ 0.84152246 -0.02295059 -1.3337357 ]
0.41211520000000057,[-1.01813209  0.35581115 -0.99941248],[ 0.84153795 -0.02302544 -1.33371794]
0.42076789999999953,[-1.01810205  0.35577738 -0.99941415],[ 0.84155887 -0.02308496 -1.33372021]
0.42877700000000196,[-1.01807833  0.35572955 -0.99941182],[ 0.84158623 -0.02314599 -1.33373237]
0.43726239999999983,[-1.01804984  0.35568151 -0.99940258],[ 0.84162277 -0.02322849 -1.33374548]
0.4462148000000017,[-1.01803219  0.35562098 -0.99939638],[ 0.84166336 -0.02335041 -1.33375609]
0.45431439999999945,[-1.01799881  0.35555384 -0.99939311],[ 0.84171826 -0.02349933 -1.33376646]
0.46202199999999927,[-1.01793826  0.35547781 -0.99933553],[ 0.84177238 -0.02369385 -1.33377957]
0.4702397999999999,[-1.01788723  0.35535505 -0.99926949],[ 0.84182882 -0.02391862 -1.3338052 ]
0.4789633999999996,[-1.01793301  0.35520071 -0.99932832],[ 0.8418982  -0.02416649 -1.33382118]
0.48695520000000236,[-1.01795781  0.35507926 -0.9994204 ],[ 0.84197146 -0.0244258  -1.33385158]
0.4954222000000019,[-1.01794422  0.35496178 -0.99937046],[ 0.84202909 -0.02471316 -1.33387756]
0.5037129999999994,[-1.0179199   0.35483593 -0.9992944 ],[ 0.84207517 -0.02502254 -1.33391047]
0.5120802999999992,[-1.01791739  0.35469314 -0.99924165],[ 0.84212035 -0.02539042 -1.33393645]
0.5191792999999993,[-1.01790714  0.35461375 -0.99921548],[ 0.84214133 -0.02558677 -1.33393931]
0.5285781000000025,[-1.01787448  0.354357   -0.99911666],[ 0.84223133 -0.02624121 -1.33395338]
0.5358321000000021,[-1.0178622   0.35426694 -0.99907649],[ 0.84225738 -0.02648144 -1.33395314]
0.5458535999999992,[-1.01783633  0.35398665 -0.99895984],[ 0.84231246 -0.02727497 -1.33394969]
0.5537889000000025,[-1.01782382  0.35380593 -0.99889636],[ 0.84235877 -0.02778757 -1.33396065]
0.5621360000000006,[-1.01781428  0.35361019 -0.99882448],[ 0.84241128 -0.02834326 -1.33397269]
0.5706401000000003,[-1.01767623  0.3534252  -0.9986763 ],[ 0.84247583 -0.0288927  -1.33399868]
0.5786916000000009,[-1.01776528  0.35316429 -0.99867171],[ 0.84254354 -0.02947714 -1.33400524]
0.5871650000000006,[-1.01777935  0.35293248 -0.99863243],[ 0.84266621 -0.03013374 -1.33396113]
0.5960339000000001,[-1.01776361  0.35269591 -0.99855936],[ 0.84274244 -0.03079845 -1.33394074]
0.6035592000000012,[-1.01766908  0.35247907 -0.99844879],[ 0.84279209 -0.03144004 -1.33392882]
0.6106677000000023,[-1.01763391  0.35237789 -0.99840122],[ 0.84281743 -0.031789   -1.33391953]
0.6187723999999992,[-1.01763475  0.35217279 -0.99837363],[ 0.84285301 -0.03251711 -1.3339076 ]
0.6269119000000014,[-1.01761103  0.3519859  -0.99832803],[ 0.84287304 -0.03326319 -1.33389258]
0.6366446000000021,[-1.0175277   0.35170346 -0.99824148],[ 0.84287202 -0.03445356 -1.33382261]
0.6438940000000013,[-1.01750505  0.3516027  -0.99819946],[ 0.84288937 -0.03483063 -1.33379233]
0.6543132000000025,[-1.0173825   0.35131764 -0.99813116],[ 0.84292513 -0.0359585  -1.33371198]
0.6628506000000005,[-1.01730955  0.35112977 -0.99808645],[ 0.84296513 -0.03677418 -1.33363485]
0.6710667000000026,[-1.01724267  0.35094452 -0.99803483],[ 0.84298575 -0.03760377 -1.33355403]
0.6788834999999995,[-1.01717532  0.35074863 -0.99798954],[ 0.8429991  -0.0383584  -1.33349586]
0.6871015000000025,[-1.01709318  0.35057747 -0.99794608],[ 0.84301955 -0.0390971  -1.33344436]
0.6955888000000012,[-1.01701331  0.35041106 -0.99790114],[ 0.84299499 -0.0398864  -1.33340812]
0.7038550000000026,[-1.01693892  0.35022631 -0.99784184],[ 0.84303176 -0.04068043 -1.33335054]
0.7136915000000013,[-1.01686096  0.35003614 -0.99776226],[ 0.8430829  -0.04140474 -1.33327246]
0.7212493999999996,[-1.01677036  0.34982166 -0.9976967 ],[ 0.84305757 -0.0421545  -1.33322668]
0.728811600000002,[-1.01669323  0.34962052 -0.99764568],[ 0.84307301 -0.04283461 -1.33316636]
0.7369719999999997,[-1.0166235   0.34940457 -0.99756551],[ 0.84295541 -0.04375566 -1.33322108]
0.7461958000000006,[-1.01656318  0.34917524 -0.99746847],[ 0.84295738 -0.04446043 -1.33314919]
0.7540414000000002,[-1.01650786  0.34895286 -0.99737638],[ 0.84294206 -0.04512354 -1.33309817]
0.7620304999999998,[-1.01645601  0.34874207 -0.99726969],[ 0.84309685 -0.0455146  -1.33294666]
0.7704467000000026,[-1.0164088   0.3485148  -0.99715447],[ 0.84310436 -0.04620068 -1.33291042]
0.7788312000000008,[-1.01637208  0.34823415 -0.99703193],[ 0.84296519 -0.04706006 -1.33296299]
0.7872208000000018,[-1.01633394  0.34793678 -0.99692243],[ 0.84292448 -0.04765495 -1.33293819]
0.7961183999999992,[-1.0163126   0.3476527  -0.99680316],[ 0.84299135 -0.04835564 -1.33287203]
0.8037158000000009,[-1.0162971   0.34737846 -0.99669182],[ 0.84299254 -0.04891364 -1.33282638]
0.8110766000000016,[-1.01630795  0.34724465 -0.99661851],[ 0.84311956 -0.04901277 -1.33272088]
0.8201356999999998,[-1.01632154  0.3468107  -0.99640942],[ 0.84313953 -0.04984625 -1.33266294]
0.8272580000000023,[-1.01632333  0.34668675 -0.99634016],[ 0.84313297 -0.0501331  -1.33264399]
0.8358937000000015,[-1.01633704  0.34641612 -0.99621421],[ 0.84314567 -0.05071881 -1.33259463]
0.8438680999999999,[-1.01635206  0.3461445  -0.99610156],[ 0.84301764 -0.05149927 -1.3326534 ]
0.8544797000000006,[-1.01637495  0.34574848 -0.99593943],[ 0.84304976 -0.05234065 -1.33258307]
0.8624960000000019,[-1.01638722  0.34552774 -0.99584752],[ 0.8430565 -0.0528823 -1.3325392]
0.8708943999999992,[-1.01639485  0.34532601 -0.99577218],[ 0.84321952 -0.05322424 -1.33239496]
0.8788041000000018,[-1.01639652  0.34515232 -0.99567866],[ 0.84316009 -0.05385512 -1.33238006]
0.8869568999999995,[-1.01639283  0.34499696 -0.99559462],[ 0.84322655 -0.05435672 -1.33232009]
0.8955323000000011,[-1.01639235  0.34484246 -0.99552536],[ 0.84325916 -0.05491732 -1.33227038]
0.9037193000000006,[-1.01638067  0.34470496 -0.99545866],[ 0.84329683 -0.05545646 -1.33221424]
0.9117067999999993,[-1.01636481  0.34458697 -0.99539483],[ 0.84333956 -0.05597122 -1.33215582]
0.9187682000000006,[-1.01635742  0.34453577 -0.99535716],[ 0.84319144 -0.05642806 -1.33223689]
0.9284711000000012,[-1.01632667  0.34436646 -0.99524516],[ 0.84325802 -0.05724946 -1.3321861 ]
0.9353710000000017,[-1.01631713  0.34431225 -0.99521393],[ 0.84329301 -0.05754796 -1.33216703]
0.9434614999999997,[-1.01629388  0.34423164 -0.99514621],[ 0.84335667 -0.05812764 -1.33212376]
0.9517570000000024,[-1.01626396  0.34416649 -0.99507684],[ 0.84359783 -0.05847047 -1.33197761]
0.9604234999999992,[-1.01622546  0.3440901  -0.99501169],[ 0.84359318 -0.05902567 -1.33196461]
0.9688282000000026,[-1.01619148  0.34400722 -0.99494851],[ 0.8435384  -0.05966366 -1.33200657]
0.9775275000000025,[-1.01615214  0.34393203 -0.99488437],[ 0.84379613 -0.0599487  -1.33187032]
0.9859302000000003,[-1.01612365  0.34385592 -0.99483013],[ 0.84387916 -0.06048651 -1.33184409]
0.9962797000000005,[-1.01607788  0.34374684 -0.99470735],[ 0.84401423 -0.06133156 -1.33180356]
1.0047520999999993,[-1.01604903  0.34368545 -0.99463701],[ 0.84409851 -0.06187174 -1.33175993]
1.0122982000000018,[-1.01602626  0.34361732 -0.99456388],[ 0.84416777 -0.06238471 -1.33172202]
1.020420800000002,[-1.01600873  0.34354165 -0.99447572],[ 0.84423971 -0.06287666 -1.33169627]
1.0286887000000018,[-1.01597953  0.34346011 -0.99436766],[ 0.84415203 -0.06353255 -1.33177698]
1.0379295000000024,[-1.01595783  0.34336454 -0.99427682],[ 0.84438413 -0.06385771 -1.33165765]
1.047328300000002,[-1.01594067  0.34325391 -0.99419296],[ 0.84432817 -0.06457691 -1.33171332]
1.0552858000000018,[-1.01592255  0.34313768 -0.99409693],[ 0.84440184 -0.06517617 -1.33165705]
1.0629805,[-1.01590693  0.34302685 -0.99399495],[ 0.84457809 -0.06555622 -1.33152258]
1.0709820000000025,[-1.01589286  0.34292993 -0.99389273],[ 0.84450513 -0.06628133 -1.33155942]
1.0794010000000025,[-1.01588857  0.34283102 -0.99379188],[ 0.8447212  -0.06658721 -1.33144128]
1.087019500000002,[-1.01587164  0.34273663 -0.99370062],[ 0.84477228 -0.06713132 -1.3314147 ]
1.095497,[-1.01585555  0.3426502  -0.99360436],[ 0.84484416 -0.06766578 -1.33138454]
1.1037336,[-1.01583934  0.34254721 -0.9935208 ],[ 0.84492707 -0.06828442 -1.33133376]
1.1123221999999995,[-1.01584065  0.34245178 -0.99340838],[ 0.84484017 -0.06910703 -1.33139706]
1.1203486999999992,[-1.01584589  0.34235507 -0.9933157 ],[ 0.84487873 -0.06967475 -1.33137381]
1.1290393000000005,[-1.01584995  0.34226182 -0.99322736],[ 0.84491199 -0.07020895 -1.33136702]
1.1369526000000025,[-1.01586354  0.34218889 -0.9931221 ],[ 0.84515935 -0.07055191 -1.33123457]
1.1462201000000025,[-1.01586711  0.34211057 -0.99303263],[ 0.84521449 -0.07109436 -1.33122206]
1.1533245000000019,[-1.01586759  0.34208032 -0.99300021],[ 0.84525818 -0.0713587  -1.33122063]
1.1637907999999992,[-1.01585472  0.3419947  -0.99289221],[ 0.84537643 -0.07215705 -1.33120346]
1.1735143000000026,[-1.01584685  0.34194145 -0.99283624],[ 0.84539652 -0.07271174 -1.33121502]
1.1830981000000005,[-1.01580751  0.34188488 -0.99277246],[ 0.84555525 -0.07334915 -1.33120728]
1.1917915000000026,[-1.01578653  0.34185925 -0.99271595],[ 0.84563327 -0.0737965  -1.33121216]
1.1998520000000017,[-1.01575994  0.34182781 -0.99264675],[ 0.84573936 -0.07424986 -1.33120894]
1.2085474999999999,[-1.01573467  0.34180373 -0.99258   ],[ 0.84583068 -0.07465061 -1.33121967]
1.2164915999999995,[-1.0157057   0.34179026 -0.99249679],[ 0.84592509 -0.07503842 -1.33122301]
1.2246174000000014,[-1.01568913  0.34176025 -0.9924106 ],[ 0.84603995 -0.075425   -1.33122575]
1.2326394000000018,[-1.01567292  0.3417052  -0.99230409],[ 0.84614772 -0.0757774  -1.33122206]
1.2412763000000009,[-1.01564705  0.34164655 -0.99218172],[ 0.84624642 -0.07609177 -1.33121884]
1.2508899000000024,[-1.01561987  0.3416056  -0.99205786],[ 0.84634268 -0.07640468 -1.33122909]
1.2578955000000018,[-1.01559353  0.34155834 -0.99194765],[ 0.84627867 -0.07687805 -1.33133912]
1.2665109999999995,[-1.01555562  0.34150472 -0.9918136 ],[ 0.84654206 -0.07693902 -1.33123493]
1.274632800000001,[-1.01552927  0.3414478  -0.99170589],[ 0.84664476 -0.07723986 -1.33124161]
1.2833714999999994,[-1.0155015   0.34139889 -0.99161774],[ 0.84674591 -0.0775148  -1.33122838]
1.2914356000000016,[-1.0154829   0.34135765 -0.99153012],[ 0.84686238 -0.07784037 -1.33120704]
1.3001023000000007,[-1.01546752  0.34130558 -0.99142349],[ 0.84696263 -0.07813869 -1.33119237]
1.3079877,[-1.01546216  0.34125444 -0.99130809],[ 0.84706169 -0.07841442 -1.33117211]
1.3167628000000011,[-1.01546681  0.34120342 -0.9912045 ],[ 0.84716833 -0.07870164 -1.33116007]
1.3249735000000005,[-1.0154835   0.34115154 -0.99110657],[ 0.84725952 -0.07899042 -1.33113527]
1.3336051000000015,[-1.01551211  0.3410852  -0.99099141],[ 0.84734166 -0.07925358 -1.33112609]
1.3418153000000022,[-1.0155412   0.34100729 -0.99087191],[ 0.84742957 -0.07953474 -1.33111656]
1.3501698999999991,[-1.01558399  0.34092572 -0.99076372],[ 0.84751314 -0.0798127  -1.33110797]
1.3584745999999992,[-1.01562738  0.34084418 -0.99065793],[ 0.84742761 -0.08026462 -1.33120668]
1.3668139999999998,[-1.01566827  0.34075448 -0.99057066],[ 0.84768331 -0.08034263 -1.33111501]
1.3752300000000002,[-1.01570857  0.34065762 -0.99046862],[ 0.84760672 -0.08079362 -1.33120131]
1.3829051000000003,[-1.01574886  0.3405689  -0.99037272],[ 0.84770113 -0.08107264 -1.33119202]
1.3918383999999993,[-1.01579201  0.3404783  -0.9902904 ],[ 0.8477869  -0.08131104 -1.33119965]
1.4004287000000009,[-1.01584566  0.34037387 -0.99019611],[ 0.84800953 -0.08140632 -1.33111477]
1.437559000000002,[-1.01620531  0.33973405 -0.98969275],[ 0.84820813 -0.08272507 -1.33124638]
1.447084600000002,[-1.01626229  0.33964607 -0.98961902],[ 0.84823483 -0.08285406 -1.33125687]
1.4567438,[-1.01648128  0.33936498 -0.98940134],[ 0.84834415 -0.08321662 -1.33126986]
1.4660702000000025,[-1.01674628  0.33905214 -0.98917204],[ 0.84841722 -0.08357849 -1.33128536]
1.4749213,[-1.0169121   0.33883852 -0.98899722],[ 0.84846967 -0.08382544 -1.33129132]
1.4840981000000024,[-1.01707888  0.33859736 -0.9888339 ],[ 0.84851116 -0.08410408 -1.3312943 ]
1.4916512000000015,[-1.01724482  0.33834574 -0.98869288],[ 0.84855402 -0.08438423 -1.33129013]
1.5001630000000024,[-1.01742089  0.33808103 -0.98856425],[ 0.84859359 -0.08469242 -1.33128774]
1.5084129999999991,[-1.0175997   0.33781794 -0.98844242],[ 0.84861624 -0.08498789 -1.33129418]
1.5168714000000012,[-1.01774621  0.33757213 -0.988316  ],[ 0.84862876 -0.08526471 -1.33130312]
1.5253175999999993,[-1.01788211  0.3373355  -0.98819542],[ 0.84863681 -0.08557006 -1.33131289]
1.5334790000000016,[-1.01802027  0.33712298 -0.98809636],[ 0.84882146 -0.0856523  -1.33122277]
1.5418421999999996,[-1.01815343  0.33691207 -0.98800224],[ 0.84881395 -0.08596108 -1.33123517]
1.550509700000001,[-1.01829088  0.33669415 -0.9879123 ],[ 0.84864032 -0.08642612 -1.33135235]
1.558581300000002,[-1.01843512  0.33649224 -0.98781949],[ 0.84863257 -0.08674768 -1.33136535]
1.5670228999999996,[-1.0185678   0.33631763 -0.98774636],[ 0.84862721 -0.08706931 -1.33138072]
1.5757367999999996,[-1.01868844  0.33615524 -0.98768246],[ 0.84861338 -0.08738864 -1.3314054 ]
1.5829934000000012,[-1.01880252  0.33602232 -0.98763031],[ 0.84876633 -0.08751379 -1.33134913]
1.5919962000000023,[-1.01889837  0.33591184 -0.98758292],[ 0.84875947 -0.08781208 -1.33138514]
1.5997576999999996,[-1.01899028  0.33580753 -0.98754269],[ 0.84863091 -0.0882711  -1.3315022 ]
1.6082487000000025,[-1.01906908  0.33571443 -0.98752034],[ 0.84867024 -0.08856445 -1.33155966]
1.6163046000000012,[-1.01913404  0.33564392 -0.98747581],[ 0.84870464 -0.08883246 -1.33161294]
1.6246258999999998,[-1.01919782  0.33556497 -0.98743141],[ 0.84874016 -0.08908726 -1.33166397]
1.6327858000000024,[-1.01925695  0.33549213 -0.98738867],[ 0.84875953 -0.08933488 -1.33173633]
1.6414580000000019,[-1.01933062  0.33542907 -0.98732054],[ 0.84879005 -0.0895607  -1.33180869]
1.6510102,[-1.01941955  0.33534721 -0.9872579 ],[ 0.84898108 -0.08958574 -1.33177745]
1.6585753000000008,[-1.01952124  0.33525234 -0.98717201],[ 0.8490054  -0.08980338 -1.33186269]
1.667485300000001,[-1.01964116  0.33516273 -0.98707998],[ 0.84888804 -0.09019246 -1.33203006]
1.6752798000000002,[-1.01978528  0.33506182 -0.98698008],[ 0.84891611 -0.09040309 -1.33209169]
1.6838444,[-1.0199306   0.33494595 -0.98687851],[ 0.84896767 -0.09059348 -1.33214688]
1.6915558999999991,[-1.02008259  0.33483011 -0.98673975],[ 0.84900647 -0.09077831 -1.3321954 ]
1.6993764000000002,[-1.02023304  0.33470431 -0.98660082],[ 0.84903502 -0.09094383 -1.33223546]
1.7077232999999996,[-1.02040243  0.33458382 -0.98647451],[ 0.84906632 -0.09109777 -1.33228552]
1.7169077999999995,[-1.02056754  0.33446193 -0.98634213],[ 0.84907937 -0.09124802 -1.33232844]
1.7252470000000013,[-1.02072358  0.33432791 -0.98619843],[ 0.84908205 -0.09142288 -1.3323642 ]
1.7330340999999994,[-1.02087152  0.33419836 -0.98604912],[ 0.84908271 -0.09162177 -1.33239901]
1.7413095999999992,[-1.02100813  0.33403847 -0.98591447],[ 0.84909666 -0.09179924 -1.33243036]
1.750239200000001,[-1.0211786   0.3338801  -0.98577845],[ 0.84910816 -0.09197386 -1.33244252]
1.7582296999999993,[-1.0213536   0.33370972 -0.98561263],[ 0.84909695 -0.09212371 -1.33247066]
1.7662691000000006,[-1.02153516  0.33353543 -0.98544526],[ 0.8490932  -0.09228098 -1.3324976 ]
1.774655700000002,[-1.02172041  0.33337805 -0.98527801],[ 0.84908605 -0.09243906 -1.33251846]
1.783051200000001,[-1.02190852  0.33322936 -0.98511231],[ 0.84906417 -0.09259232 -1.33255076]
1.791902900000002,[-1.0221163   0.33308432 -0.98495251],[ 0.84904379 -0.09274106 -1.33258247]
1.8000687000000024,[-1.02233434  0.33293107 -0.98480952],[ 0.84901977 -0.09290262 -1.33261561]
1.8086880999999995,[-1.02256978  0.3327603  -0.98464483],[ 0.84900123 -0.09305928 -1.33265066]
1.8180966000000023,[-1.02280235  0.33260286 -0.98447627],[ 0.8489871  -0.09317375 -1.33269083]
1.8271439000000012,[-1.023031    0.33246461 -0.98430693],[ 0.8490606  -0.09312199 -1.33265185]
1.8368658,[-1.02333951  0.33227116 -0.98404437],[ 0.84904325 -0.09321851 -1.33273292]
1.8451305999999992,[-1.02352738  0.33214167 -0.98389423],[ 0.84901649 -0.09329189 -1.33278251]
1.853607300000002,[-1.02372587  0.33201814 -0.98376381],[ 0.8489998  -0.09337023 -1.33285081]
1.860502000000002,[-1.02382219  0.33195436 -0.98369837],[ 0.84898847 -0.09340468 -1.33287561]
1.8691692,[-1.02400935  0.33182222 -0.9835788 ],[ 0.84896892 -0.09347887 -1.33294427]
1.877504,[-1.02418435  0.33170238 -0.9834739 ],[ 0.84894258 -0.09357492 -1.33300245]
1.8871669999999998,[-1.02441669  0.3315618  -0.98332912],[ 0.84884793 -0.09383384 -1.3331517 ]
1.8954033,[-1.02455664  0.33147982 -0.98323166],[ 0.84882128 -0.09387334 -1.33319819]
1.9035823000000018,[-1.02468097  0.33139575 -0.98314047],[ 0.84880745 -0.09390061 -1.33324218]
1.912060600000002,[-1.02480459  0.33133301 -0.98304522],[ 0.84877825 -0.09394316 -1.33328474]
1.9188249000000024,[-1.02486598  0.33130908 -0.98299795],[ 0.84877431 -0.09395503 -1.33330393]
1.9276493000000006,[-1.02499044  0.33126229 -0.98289579],[ 0.848746   -0.09401067 -1.33334041]
1.9355250000000002,[-1.02511036  0.33120733 -0.98278451],[ 0.84871268 -0.09404328 -1.33337581]
1.9469159000000023,[-1.02528977  0.33115256 -0.98261344],[ 0.84866911 -0.09410641 -1.33341479]
1.9568276999999998,[-1.02538979  0.33113739 -0.9825052 ],[ 0.84863108 -0.09412653 -1.33344483]
1.9676537000000014,[-1.02554429  0.33109963 -0.98233777],[ 0.84859288 -0.09418815 -1.33349228]
1.9775585000000024,[-1.02562737  0.33106983 -0.98222291],[ 0.848571   -0.09419454 -1.33352661]
1.9872175999999993,[-1.02576184  0.33104461 -0.9820441 ],[ 0.8485381  -0.0942393  -1.33356452]
1.9964858000000003,[-1.02586269  0.33101514 -0.98190892],[ 0.84851623 -0.09426909 -1.33359349]
2.0047937000000022,[-1.02595747  0.33097634 -0.98174745],[ 0.84849131 -0.09430248 -1.33361936]
2.0121170999999993,[-1.02606809  0.33092523 -0.98159677],[ 0.84845597 -0.09431375 -1.3336513 ]
2.0222616999999996,[-1.02617824  0.33089432 -0.98143774],[ 0.84844536 -0.09435668 -1.33367288]
2.0296366000000017,[-1.02628517  0.33084279 -0.98129696],[ 0.8484236  -0.09439328 -1.3337028 ]
2.036939500000001,[-1.02642798  0.3307744  -0.98123676],[ 0.84839123 -0.09440509 -1.33372831]
2.0455507000000015,[-1.0264926   0.33074209 -0.9810099 ],[ 0.84838295 -0.09441029 -1.33375013]
2.054487800000002,[-1.02658844  0.33070159 -0.98086214],[ 0.84837186 -0.09441386 -1.33377135]
2.062332100000001,[-1.02670062  0.33067027 -0.9807322 ],[ 0.84835404 -0.09440804 -1.33378196]
2.0703806999999994,[-1.0268116   0.33063188 -0.98059815],[ 0.84833574 -0.0943763  -1.33380163]
2.0790170999999997,[-1.02692223  0.33059111 -0.98044765],[ 0.84833264 -0.09436086 -1.33380091]
2.0877234,[-1.02702713  0.33054519 -0.98030144],[ 0.84832174 -0.09435049 -1.33381808]
2.0959564000000004,[-1.02713001  0.3304944  -0.98017812],[ 0.84830701 -0.09430052 -1.33382511]
2.1044056000000015,[-1.02723455  0.33045295 -0.98003978],[ 0.84830666 -0.0942552  -1.33381927]
2.1133944000000024,[-1.02733672  0.33040896 -0.97989148],[ 0.84830862 -0.09417187 -1.33381796]
2.1203088999999995,[-1.02743721  0.33035508 -0.97975343],[ 0.84832376 -0.09409593 -1.33380437]
2.1291094000000026,[-1.0275234   0.33032027 -0.97963041],[ 0.84834135 -0.09400526 -1.33378851]
2.1371534000000008,[-1.02761006  0.33028209 -0.9795053 ],[ 0.84834731 -0.09385654 -1.33376873]
2.146313000000001,[-1.02771187  0.33024257 -0.97937804],[ 0.84834683 -0.09371836 -1.33374894]
2.1540266,[-1.02781773  0.3301869  -0.9792459 ],[ 0.84836632 -0.09357067 -1.33372474]
2.1629144,[-1.02792764  0.33013287 -0.97912216],[ 0.84838337 -0.09342962 -1.33369553]
2.1708768000000003,[-1.02804053  0.33006677 -0.97900879],[ 0.84839922 -0.09331913 -1.3336488 ]
2.1794989000000005,[-1.02815282  0.33000046 -0.97887933],[ 0.84841728 -0.09317488 -1.33360696]
2.1887370000000015,[-1.02826607  0.32992679 -0.97875983],[ 0.84843546 -0.09306188 -1.33355033]
2.1969344000000017,[-1.02837133  0.32985634 -0.97864509],[ 0.84855592 -0.09274188 -1.33342183]
2.2056742000000025,[-1.02846611  0.32980701 -0.97855192],[ 0.84857643 -0.09259113 -1.33335447]
2.2129704000000014,[-1.02856791  0.32973236 -0.97846431],[ 0.84860194 -0.09246741 -1.33329737]
2.2223517000000026,[-1.02866161  0.3296423  -0.97837418],[ 0.84861821 -0.09234576 -1.33322871]
2.2295914999999997,[-1.02875566  0.3295444  -0.97828436],[ 0.84851193 -0.09245837 -1.33325648]
2.2380733000000017,[-1.02883768  0.32946384 -0.97819567],[ 0.84853733 -0.09241184 -1.33317411]
2.2463850999999995,[-1.02892232  0.32936451 -0.97811586],[ 0.84855407 -0.09233265 -1.33309412]
2.254280800000002,[-1.02900648  0.32927403 -0.97803324],[ 0.84855872 -0.09229108 -1.33302641]
2.2623826000000005,[-1.02909517  0.32919401 -0.9779377 ],[ 0.84855884 -0.09222955 -1.33296478]
2.270316899999999,[-1.02917731  0.32913175 -0.97783953],[ 0.84855884 -0.09215539 -1.33290124]
2.2787550999999997,[-1.02925491  0.32906765 -0.97775573],[ 0.8485806  -0.09208436 -1.33285236]
2.2858906,[-1.02929091  0.329032   -0.97770745],[ 0.84859127 -0.09205554 -1.33282363]
2.2954337999999996,[-1.02940714  0.32892144 -0.97758085],[ 0.84863776 -0.09195666 -1.33275771]
2.3036768,[-1.02948976  0.32884338 -0.97749722],[ 0.8486771  -0.09190939 -1.33271968]
2.3122459000000024,[-1.02955961  0.32875833 -0.97740275],[ 0.84870839 -0.09187055 -1.3326906 ]
2.3202681000000016,[-1.02963161  0.3286806  -0.97732311],[ 0.84873992 -0.0918119  -1.33265769]
2.3291714999999993,[-1.029719    0.3286204  -0.97722954],[ 0.84876543 -0.09174418 -1.33263254]
2.337041400000002,[-1.0298171   0.32857454 -0.97714311],[ 0.8487922  -0.09167978 -1.33261049]
2.345370100000002,[-1.02990866  0.32855079 -0.97705263],[ 0.84882528 -0.09162212 -1.33258152]
2.3540077999999998,[-1.02999604  0.32851174 -0.97697008],[ 0.84886366 -0.09154513 -1.33256567]
2.3620072000000025,[-1.03008699  0.32846841 -0.97688299],[ 0.84892541 -0.09151748 -1.33254886]
2.3707759,[-1.03016675  0.32842165 -0.97680813],[ 0.8489849  -0.09149366 -1.33252215]
2.3789472000000007,[-1.03024912  0.32839125 -0.97672492],[ 0.84903187 -0.09145185 -1.33251488]
2.388464700000002,[-1.03031909  0.32835755 -0.97663778],[ 0.84907746 -0.09141741 -1.3324939 ]
2.3961772999999997,[-1.03038681  0.32832661 -0.97654361],[ 0.84913105 -0.09136003 -1.3324852 ]
2.4038897000000023,[-1.03044724  0.32829949 -0.97645491],[ 0.84917921 -0.09130581 -1.33247709]
2.4121348000000022,[-1.03051412  0.32826504 -0.97635251],[ 0.8492192  -0.09126437 -1.33246875]
2.420879900000001,[-1.03056705  0.32822201 -0.97626525],[ 0.84927815 -0.09122739 -1.33246195]
2.4289702,[-1.03061891  0.32818127 -0.97615188],[ 0.8493275  -0.09119865 -1.33244145]
2.4381622000000025,[-1.03066885  0.32812941 -0.97604805],[ 0.84938622 -0.09118703 -1.33242702]
2.4461359,[-1.0307287   0.32808399 -0.97595853],[ 0.84942406 -0.09117929 -1.33240902]
2.4544253000000023,[-1.03078985  0.32805982 -0.97585434],[ 0.84957683 -0.09097137 -1.33230901]
2.462510400000001,[-1.03085232  0.32804245 -0.97573549],[ 0.8495928  -0.0909546  -1.33229816]
2.4708786000000007,[-1.03091013  0.32803181 -0.97560906],[ 0.84962231 -0.09092816 -1.33228219]
2.478895200000002,[-1.03096056  0.32802454 -0.9755218 ],[ 0.84966195 -0.09092138 -1.33226597]
2.4869532000000003,[-1.03101552  0.32801697 -0.97543144],[ 0.84970391 -0.09092867 -1.33224022]
2.4954070999999995,[-1.03106058  0.32800561 -0.97534418],[ 0.84975284 -0.090939   -1.33222628]
2.5036761999999992,[-1.03108835  0.32800055 -0.97524756],[ 0.84980047 -0.09094253 -1.33220243]
2.512277299999999,[-1.03112125  0.32802001 -0.97515446],[ 0.84983909 -0.09094878 -1.33218789]
2.5203123000000023,[-1.03115666  0.32805815 -0.97508162],[ 0.84986287 -0.09093511 -1.3321774 ]
2.5289094999999993,[-1.03118825  0.3281152  -0.97498935],[ 0.84988213 -0.09092791 -1.33217561]
2.5372024,[-1.03120565  0.32819474 -0.97490317],[ 0.84990305 -0.09091873 -1.33216929]
2.545462500000001,[-1.03120983  0.32829255 -0.9748171 ],[ 0.84993225 -0.09091276 -1.33215702]
2.5538609999999995,[-1.03121078  0.32839727 -0.97476208],[ 0.84996015 -0.09091683 -1.33214509]
2.5620457000000005,[-1.03120852  0.32851666 -0.97472352],[ 0.84998822 -0.09093022 -1.33213377]
2.570710700000001,[-1.03120077  0.32866156 -0.97467524],[ 0.85000902 -0.09093966 -1.33212698]
2.5788933000000025,[-1.03117502  0.32883683 -0.97462672],[ 0.85001326 -0.09094294 -1.33212411]
2.5885699000000013,[-1.03114927  0.32904467 -0.97458607],[ 0.85001576 -0.09092785 -1.33211839]
2.596823500000001,[-1.03112066  0.3292827  -0.97456014],[ 0.85000759 -0.09091254 -1.33212137]
2.6057001000000017,[-1.03108776  0.32952312 -0.97453308],[ 0.85000056 -0.09089778 -1.33212924]
2.6131344000000016,[-1.03104448  0.3297931  -0.97450268],[ 0.85000169 -0.09088516 -1.33212471]
2.622637599999999,[-1.03099334  0.33008453 -0.97447062],[ 0.85001057 -0.09088024 -1.3321135 ]
2.630688700000002,[-1.0309509   0.33038643 -0.97444379],[ 0.85001487 -0.09088415 -1.33209872]
2.6391363000000023,[-1.0309037   0.33071113 -0.97442794],[ 0.85000688 -0.09087872 -1.33208477]
2.6476503000000005,[-1.03087306  0.33106148 -0.97441071],[ 0.84998447 -0.09085577 -1.33207762]
2.655633500000002,[-1.03086042  0.3314417  -0.97440165],[ 0.84996748 -0.09084257 -1.33207381]
2.6638710999999997,[-1.03083026  0.33182472 -0.97438961],[ 0.84994334 -0.09081062 -1.33205879]
2.6709248,[-1.03082228  0.33219823 -0.97437072],[ 0.84980118 -0.09097771 -1.33214474]
2.6793542000000006,[-1.03081846  0.33254296 -0.97436053],[ 0.84989494 -0.09078643 -1.33204055]
2.6876358000000007,[-1.03081906  0.3329249  -0.97431606],[ 0.84987301 -0.09079792 -1.33202434]
2.6969110999999995,[-1.03082836  0.33331344 -0.97428781],[ 0.8498612  -0.0908035  -1.33201146]
2.7043531000000005,[-1.03086531  0.33371612 -0.97424215],[ 0.84982526 -0.09084456 -1.33200788]
2.7121870999999995,[-1.0309099   0.33409145 -0.97419155],[ 0.84972388 -0.09100056 -1.33207476]
2.7204519000000023,[-1.03096533  0.33445427 -0.97416538],[ 0.84969908 -0.09098909 -1.3320713 ]
2.7295145000000023,[-1.03102505  0.33481732 -0.97411901],[ 0.84969157 -0.09098529 -1.33206391]
2.7378470000000004,[-1.03108263  0.33518994 -0.97403735],[ 0.84967887 -0.09097955 -1.33205068]
2.7466354000000006,[-1.03115809  0.3355549  -0.97396463],[ 0.84968722 -0.09099657 -1.33203256]
2.753960900000001,[-1.03123176  0.33590394 -0.97391802],[ 0.84979945 -0.09082691 -1.33193767]
2.7619452000000013,[-1.03130865  0.33626696 -0.97389376],[ 0.84968889 -0.09101449 -1.33200371]
2.7714450999999993,[-1.03139269  0.33663639 -0.97384828],[ 0.84980404 -0.0908157  -1.33189881]
2.779467900000002,[-1.03147912  0.33698589 -0.97379178],[ 0.84968585 -0.09098492 -1.33197355]
2.7878519000000015,[-1.03157461  0.33731419 -0.97375762],[ 0.84968221 -0.09095053 -1.33196497]
2.7961659,[-1.03166878  0.33764049 -0.9737277 ],[ 0.84968013 -0.09091666 -1.33195341]
2.8042622999999995,[-1.03176856  0.33796278 -0.97369748],[ 0.84969097 -0.09090905 -1.33193302]
2.811953400000002,[-1.03186643  0.3382698  -0.97364473],[ 0.84970939 -0.09090646 -1.33191133]
2.8208816999999993,[-1.03197443  0.33857605 -0.97360629],[ 0.84974062 -0.0908996  -1.33189666]
2.8288572,[-1.03208447  0.33889246 -0.97359604],[ 0.84978175 -0.09089465 -1.33187664]
2.837487300000001,[-1.03220952  0.33922654 -0.97358227],[ 0.84980571 -0.09085795 -1.33185899]
2.8456211000000007,[-1.03231037  0.3395443  -0.97357547],[ 0.8498491  -0.0908357  -1.33183622]
2.8541410000000003,[-1.03240705  0.33983189 -0.97357345],[ 0.84988236 -0.09082495 -1.33181429]
2.8621826000000024,[-1.03250766  0.34012452 -0.97357273],[ 0.84993863 -0.09082232 -1.3317976 ]
2.8702802999999992,[-1.03259289  0.34040755 -0.97359198],[ 0.84998947 -0.09082597 -1.33177876]
2.8773965000000015,[-1.03263509  0.34053937 -0.97360361],[ 0.85001254 -0.09079785 -1.33176982]
2.887780000000001,[-1.03275216  0.34093499 -0.97363585],[ 0.85007602 -0.09078052 -1.33172286]
2.895663100000002,[-1.03283739  0.34119758 -0.97366124],[ 0.85011578 -0.0907672  -1.33170462]
2.903398000000001,[-1.03291917  0.34146127 -0.97371793],[ 0.85015899 -0.09070332 -1.33169436]
2.9119426000000015,[-1.03299987  0.34172148 -0.97377181],[ 0.85020059 -0.09062901 -1.33166337]
2.9203170000000025,[-1.03306496  0.34195346 -0.97381514],[ 0.85026741 -0.09059752 -1.33163905]
2.929003100000001,[-1.0331279   0.34218144 -0.97385526],[ 0.85035902 -0.09057128 -1.33160591]
2.9371828000000004,[-1.03319287  0.3423889  -0.97393179],[ 0.85043246 -0.09053341 -1.3315804 ]
2.9453551000000022,[-1.03326321  0.34258521 -0.9740231 ],[ 0.85050702 -0.09052908 -1.33155799]
2.953836700000002,[-1.03331208  0.3427749  -0.97410834],[ 0.85058016 -0.09050439 -1.3315444 ]
2.9620685000000027,[-1.03335047  0.34294114 -0.97417295],[ 0.85064298 -0.09047811 -1.33152306]
2.971011800000001,[-1.03337479  0.34310594 -0.97424787],[ 0.85070604 -0.09044167 -1.33149552]
2.979445700000001,[-1.03340435  0.34325302 -0.9743318 ],[ 0.85086155 -0.09023052 -1.33139038]
2.9877623000000018,[-1.03341651  0.3433826  -0.97440428],[ 0.85091871 -0.09023106 -1.33137333]
2.995936600000002,[-1.03341687  0.3434912  -0.97445726],[ 0.85101396 -0.0902003  -1.33132553]
3.0037854,[-1.03340483  0.34359324 -0.97454041],[ 0.85107046 -0.09019676 -1.33129656]
3.012040700000002,[-1.03339899  0.34367615 -0.97461098],[ 0.8511287  -0.09018111 -1.33125794]
3.0208755000000007,[-1.03339136  0.34375888 -0.97469527],[ 0.85118341 -0.0901465  -1.33122694]
3.028965900000001,[-1.0333786   0.34383515 -0.97478265],[ 0.85122776 -0.09008513 -1.33120668]
3.0377364999999994,[-1.03336179  0.34391552 -0.97487545],[ 0.85128391 -0.0900562  -1.33117485]
3.0459130000000005,[-1.03334475  0.34397876 -0.97497469],[ 0.85133338 -0.09003332 -1.33114958]
3.054464000000001,[-1.03332496  0.34403992 -0.97507775],[ 0.85138047 -0.09000796 -1.33111429]
3.062285300000001,[-1.03330863  0.34409925 -0.97519559],[ 0.85143161 -0.08999071 -1.33108377]
3.0704127000000003,[-1.0332818   0.34414911 -0.9753018 ],[ 0.85148436 -0.08997758 -1.33104765]
3.0790843,[-1.03325224  0.34421328 -0.97539389],[ 0.85152888 -0.08995774 -1.33100867]
3.0876292000000003,[-1.03323019  0.34426618 -0.97547913],[ 0.85155326 -0.08992212 -1.33097851]
3.095459800000002,[-1.03320992  0.34432417 -0.97557139],[ 0.8515678  -0.08988552 -1.33096182]
3.1037365999999995,[-1.03317773  0.34439582 -0.97565591],[ 0.85158807 -0.08984433 -1.33094501]
3.1122952,[-1.03315675  0.34445044 -0.9757399 ],[ 0.85162616 -0.08984091 -1.33091116]
3.1203664,[-1.0331111   0.34449601 -0.97581768],[ 0.8516472  -0.0898345  -1.33088183]
3.1291858,[-1.03305697  0.34453604 -0.97589672],[ 0.85166317 -0.08982312 -1.33084214]
3.137462600000001,[-1.0330168   0.3445884  -0.97599238],[ 0.8516683  -0.08978063 -1.3308146 ]
3.146423199999999,[-1.03297341  0.34467518 -0.97608811],[ 0.8516587  -0.08973961 -1.33077705]
3.1539270000000013,[-1.03292775  0.34475765 -0.97616601],[ 0.85165709 -0.0897148  -1.33073759]
3.162188900000002,[-1.03288484  0.34483895 -0.97624099],[ 0.85164988 -0.089669   -1.33069384]
3.170344300000002,[-1.03285241  0.3449184  -0.9763208 ],[ 0.85163569 -0.08965572 -1.33065784]
3.1789245000000026,[-1.03282952  0.34501019 -0.97641301],[ 0.85165751 -0.08964189 -1.33061171]
3.1886410000000023,[-1.03280199  0.34511563 -0.9764995 ],[ 0.85155648 -0.08986241 -1.3306694 ]
3.1967166000000002,[-1.03277993  0.34521243 -0.97656572],[ 0.8515569  -0.08984534 -1.33061898]
3.2081216,[-1.03277493  0.34539217 -0.97665471],[ 0.85156262 -0.08982875 -1.33057082]
3.2170922000000015,[-1.03278637  0.34551591 -0.97670817],[ 0.85155177 -0.08980002 -1.33054221]
3.2254372,[-1.0327934   0.34564355 -0.97675931],[ 0.85155725 -0.08978497 -1.33050931]
3.2343709,[-1.03279877  0.34574816 -0.9768073 ],[ 0.85154647 -0.08976071 -1.33046985]
3.2835614000000017,[-1.03292537  0.34644228 -0.97711432],[ 0.85163355 -0.08950115 -1.33017159]
3.2921274,[-1.03296053  0.34657797 -0.97716242],[ 0.85164893 -0.08946104 -1.33014441]
3.3004292000000017,[-1.03300333  0.34668547 -0.97720551],[ 0.85162884 -0.08946971 -1.3301332 ]
3.3081916000000025,[-1.03304446  0.34677905 -0.97722155],[ 0.85155654 -0.08966799 -1.33017612]
3.3171380000000017,[-1.03308523  0.34687075 -0.97724217],[ 0.85169059 -0.0894651  -1.33005702]
3.326531600000001,[-1.03313351  0.34698969 -0.97730672],[ 0.85168457 -0.08946985 -1.33003592]
3.3354611000000016,[-1.03318036  0.34708497 -0.97736543],[ 0.85168296 -0.0894715  -1.33003044]
3.346921100000001,[-1.03324652  0.34721342 -0.9774226 ],[ 0.85168248 -0.08945092 -1.3300091 ]
3.3551759000000008,[-1.03328753  0.34730276 -0.97746491],[ 0.85168952 -0.08946926 -1.33000338]
3.3628690000000017,[-1.03332603  0.34741828 -0.97753304],[ 0.85170102 -0.08946893 -1.32999182]
3.3704070999999995,[-1.03336072  0.34752008 -0.97759944],[ 0.85171551 -0.08947884 -1.32996809]
3.3789662000000025,[-1.03338361  0.34761557 -0.97765207],[ 0.85172439 -0.0895027  -1.32995605]
3.3883074000000004,[-1.03340137  0.34770623 -0.97770131],[ 0.85173529 -0.08954307 -1.3299408 ]
3.3961963000000015,[-1.0334233   0.34781054 -0.97776693],[ 0.85174322 -0.08957367 -1.32992303]
3.4053635000000018,[-1.03344524  0.34792256 -0.9778161 ],[ 0.8517375  -0.08958389 -1.32991862]
3.4131145000000007,[-1.03345394  0.34801295 -0.97784966],[ 0.85172212 -0.08958542 -1.3299129 ]
3.4214848,[-1.03345466  0.3481077  -0.97788137],[ 0.85172343 -0.08959577 -1.32990181]
3.429048400000001,[-1.03345418  0.34819928 -0.97794211],[ 0.85173398 -0.08961513 -1.32988775]
3.437679300000001,[-1.03344131  0.34829023 -0.97800493],[ 0.85174245 -0.08963268 -1.32987905]
3.4457269999999998,[-1.03344119  0.34838137 -0.9780637 ],[ 0.85175115 -0.08963268 -1.32987368]
3.4536911999999997,[-1.0334357   0.34846908 -0.97811598],[ 0.85176915 -0.08963783 -1.32986772]
3.4625657000000007,[-1.03342974  0.34855667 -0.97817612],[ 0.85177106 -0.08964921 -1.32985401]
3.4711238000000026,[-1.03343034  0.34865165 -0.97821099],[ 0.85178232 -0.08964205 -1.3298527 ]
3.480319200000002,[-1.03343427  0.34872153 -0.97826242],[ 0.85179341 -0.08963554 -1.32984996]
3.487971,[-1.03344762  0.34876874 -0.97828126],[ 0.85180628 -0.08961667 -1.32983458]
3.4956417999999996,[-1.03345215  0.3488043  -0.97828358],[ 0.85182428 -0.08960763 -1.32982099]
3.5037725999999996,[-1.03345609  0.34882843 -0.97827435],[ 0.85185409 -0.08960199 -1.32980013]
3.5127631000000026,[-1.03346074  0.34882525 -0.9782576 ],[ 0.85187387 -0.08957656 -1.3297714 ]
3.520559499999999,[-1.03346825  0.34881938 -0.97823894],[ 0.85178828 -0.08975429 -1.3298353 ]
3.5296214000000017,[-1.03346944  0.34879273 -0.97821522],[ 0.8517974  -0.0897278  -1.32982075]
3.5371384000000017,[-1.03345454  0.34876364 -0.97818661],[ 0.85181344 -0.08973639 -1.32978737]
3.5463567000000022,[-1.03343427  0.34870657 -0.9781512 ],[ 0.85193098 -0.08951487 -1.32965505]
3.5545796999999997,[-1.0334245   0.34861982 -0.97811246],[ 0.85194325 -0.08950941 -1.32962596]
3.563128700000002,[-1.0334146   0.34853172 -0.97808868],[ 0.85196167 -0.08949128 -1.32957733]
3.5707009000000003,[-1.03339517  0.3484228  -0.97806728],[ 0.85198575 -0.08944858 -1.3295331 ]
3.5787349000000024,[-1.03339422  0.34831122 -0.97800535],[ 0.85201961 -0.08942232 -1.32948613]
3.587594600000001,[-1.03339386  0.34818691 -0.97793972],[ 0.85204864 -0.08937956 -1.32944167]
3.5960164999999993,[-1.03341174  0.34806606 -0.97788322],[ 0.85205436 -0.08932589 -1.3294071 ]
3.6047634000000013,[-1.03342509  0.34793565 -0.97787029],[ 0.85207719 -0.08928777 -1.32937443]
3.612147200000001,[-1.03342712  0.34777814 -0.97781783],[ 0.85210031 -0.08924096 -1.32933497]
3.621559500000002,[-1.0334177   0.34761649 -0.9777807 ],[ 0.85213113 -0.08920146 -1.32928944]
3.6290522999999997,[-1.03340614  0.34745711 -0.97777581],[ 0.8521632  -0.08917595 -1.32924592]
3.6375492000000005,[-1.03339994  0.34731612 -0.977777  ],[ 0.85219258 -0.08915945 -1.32920635]
3.6456424000000016,[-1.03338206  0.34717    -0.9777602 ],[ 0.85221732 -0.08911385 -1.32917237]
3.653695700000002,[-1.03335404  0.34703922 -0.97772044],[ 0.85225785 -0.08908152 -1.32912779]
3.6609891,[-1.0333432   0.34695983 -0.97770631],[ 0.85216266 -0.08925735 -1.329211  ]
3.670358200000001,[-1.03331769  0.34676096 -0.97769135],[ 0.85220665 -0.08917927 -1.32915103]
3.678873300000001,[-1.03330302  0.34660947 -0.97769547],[ 0.85226399 -0.08913426 -1.32911193]
3.6866661999999994,[-1.03327978  0.34647465 -0.97767371],[ 0.85232043 -0.08909437 -1.32905841]
3.6954131000000014,[-1.03326178  0.34632823 -0.97764057],[ 0.85236955 -0.08905563 -1.32901657]
3.7038405,[-1.03324759  0.34619263 -0.97763008],[ 0.85242164 -0.0890044  -1.32897663]
3.7126251999999997,[-1.03324425  0.34606436 -0.97764295],[ 0.8524828  -0.0889404  -1.32894433]
3.7202810999999993,[-1.03324032  0.34592983 -0.97761983],[ 0.85252666 -0.08889201 -1.32890785]
3.7298576000000008,[-1.03322208  0.34579232 -0.9775942 ],[ 0.85257971 -0.08883098 -1.32886791]
3.737737000000001,[-1.0332104   0.3456634  -0.97756505],[ 0.85261858 -0.08876321 -1.32882202]
3.7466449000000015,[-1.03319311  0.34554902 -0.97754848],[ 0.85275978 -0.08852655 -1.32869124]
3.754818300000002,[-1.03318477  0.34541598 -0.97753108],[ 0.85281372 -0.08848333 -1.32864344]
3.762811300000001,[-1.03317213  0.34528843 -0.97750241],[ 0.85285914 -0.08847322 -1.32859159]
3.770678600000002,[-1.03315699  0.34516886 -0.97747898],[ 0.85290259 -0.08844345 -1.32854366]
3.778801500000002,[-1.03314424  0.3450754  -0.97746074],[ 0.85293567 -0.08839534 -1.32850862]
3.7874286,[-1.03315127  0.34498525 -0.97745866],[ 0.85295796 -0.08832116 -1.32848132]
3.7955866999999994,[-1.03313398  0.34490338 -0.97744584],[ 0.85300684 -0.08826502 -1.32845116]
3.804359500000002,[-1.03311217  0.34484333 -0.97745067],[ 0.85306615 -0.08818711 -1.32842159]
3.813118600000001,[-1.03309381  0.3447943  -0.97746629],[ 0.85312688 -0.08810903 -1.32839859]
3.822130200000002,[-1.03307939  0.34475109 -0.97747976],[ 0.85320699 -0.08800689 -1.32837558]
3.8309993,[-1.03307247  0.34470651 -0.97749716],[ 0.85331029 -0.08788418 -1.32836676]
3.8395932000000013,[-1.03305805  0.3446888  -0.97750425],[ 0.85341609 -0.08773848 -1.32833624]
3.8495189000000014,[-1.03304219  0.34470513 -0.97750825],[ 0.85357016 -0.08745217 -1.32829511]
3.8578971000000006,[-1.03303182  0.34474316 -0.97751391],[ 0.85368258 -0.08718723 -1.32827711]
3.8673535999999995,[-1.03302777  0.34479287 -0.97754097],[ 0.85382938 -0.08692027 -1.32824445]
3.8754041000000026,[-1.03301728  0.34487641 -0.97754633],[ 0.85401964 -0.08665884 -1.32820976]
3.8855879000000026,[-1.03300071  0.34497914 -0.97755355],[ 0.85421342 -0.08629627 -1.32815933]
3.8941902000000024,[-1.03299332  0.34509537 -0.97755671],[ 0.85442531 -0.08587998 -1.32808244]
3.9037346000000017,[-1.03299415  0.34526673 -0.97762018],[ 0.85470754 -0.08523837 -1.32795644]
3.9125940000000003,[-1.03299057  0.34539804 -0.97764808],[ 0.8549875  -0.08475433 -1.32782435]
3.9204472,[-1.03298545  0.34551796 -0.97766566],[ 0.85524374 -0.08429614 -1.32770669]
3.9293809,[-1.03299069  0.3456386  -0.97766536],[ 0.85554075 -0.08378373 -1.32755435]
3.937013500000001,[-1.03300905  0.34575984 -0.97768313],[ 0.8558287  -0.08324842 -1.32738912]
3.9466343000000013,[-1.03302312  0.34589544 -0.97769135],[ 0.85615277 -0.08271358 -1.32718849]
3.9547738,[-1.03303266  0.34603983 -0.97767252],[ 0.85649228 -0.08217453 -1.32701445]
3.9629572,[-1.033041    0.34615809 -0.97768021],[ 0.8568294  -0.0816123  -1.32681513]
3.970688400000002,[-1.03305209  0.34628555 -0.97766256],[ 0.85719711 -0.08103756 -1.32659638]
3.9787383000000016,[-1.03308499  0.34641406 -0.97768235],[ 0.85758603 -0.0804228  -1.32636833]
3.9872069999999997,[-1.03311563  0.34655342 -0.9776898 ],[ 0.85783452 -0.07999987 -1.32625985]
3.9939417000000024,[-1.03312862  0.34661803 -0.97768748],[ 0.858123   -0.07951058 -1.32605302]
4.003339300000002,[-1.03318608  0.34679836 -0.97767723],[ 0.85875607 -0.0785308  -1.32574582]
4.010392700000002,[-1.03321266  0.34685829 -0.97767848],[ 0.85896659 -0.0781852  -1.32563925]
4.018608300000002,[-1.03326249  0.34696844 -0.97772121],[ 0.85939652 -0.07754788 -1.32542574]
4.0269253,[-1.03330755  0.34708443 -0.97774613],[ 0.85983443 -0.0769447  -1.32522738]
4.037611700000001,[-1.03335857  0.34723502 -0.97777319],[ 0.86050767 -0.07597376 -1.32489431]
4.045695700000001,[-1.03339505  0.34733298 -0.97779816],[ 0.86096102 -0.07534259 -1.32469213]
4.054477700000001,[-1.03343797  0.34744012 -0.97787058],[ 0.86142361 -0.07470132 -1.32447886]
4.062814600000001,[-1.03347123  0.34755516 -0.97792894],[ 0.86187762 -0.07408269 -1.32429242]
4.071300000000003,[-1.033494    0.34766072 -0.9779647 ],[ 0.86235559 -0.07346305 -1.32410479]
4.079466099999999,[-1.03352094  0.3477475  -0.97802007],[ 0.86280191 -0.0728318  -1.32391226]
4.0870283999999995,[-1.03354812  0.347844   -0.97807151],[ 0.86319226 -0.07220297 -1.3237294 ]
4.095519600000001,[-1.03356779  0.34793472 -0.97815192],[ 0.86360544 -0.071565   -1.32354712]
4.103674,[-1.03357637  0.34802389 -0.9782294 ],[ 0.86401832 -0.07096214 -1.32336211]
4.112382200000001,[-1.03355992  0.34811634 -0.97830635],[ 0.86441588 -0.07039486 -1.32319033]
4.120485800000003,[-1.03354335  0.34820044 -0.97839564],[ 0.86482984 -0.06983074 -1.32302654]
4.1288559,[-1.03354084  0.34829909 -0.97850364],[ 0.86522633 -0.0692345  -1.32285213]
4.136990500000001,[-1.03351605  0.34839588 -0.9785921 ],[ 0.86559743 -0.06865539 -1.32268703]
4.1460606,[-1.03347909  0.34848219 -0.97867119],[ 0.86595428 -0.06806305 -1.32252407]
4.1547941999999995,[-1.03344989  0.34853891 -0.97875977],[ 0.86628187 -0.06752153 -1.32238901]
4.163268,[-1.03342474  0.34859431 -0.97884148],[ 0.86659133 -0.06702481 -1.3222394 ]
4.172612800000001,[-1.03339779  0.348643   -0.97893012],[ 0.86690468 -0.06651987 -1.32207656]
4.181737100000001,[-1.03336203  0.34867346 -0.97900182],[ 0.86721426 -0.06603438 -1.32190621]
4.1918904,[-1.03331316  0.34868729 -0.97907305],[ 0.86765522 -0.06539663 -1.32167208]
4.2002247000000015,[-1.03328311  0.34868941 -0.97912908],[ 0.86793929 -0.06498694 -1.32152224]
4.209455,[-1.03326297  0.34867585 -0.97918105],[ 0.86819756 -0.06456336 -1.32138026]
4.2183753,[-1.03324449  0.34866336 -0.97920638],[ 0.86846554 -0.06415097 -1.32122087]
4.226113800000002,[-1.03319979  0.34864229 -0.97923648],[ 0.86871099 -0.06378486 -1.32107103]
4.235757900000001,[-1.03316689  0.34863871 -0.97926325],[ 0.86892736 -0.06345513 -1.32093334]
4.2439467,[-1.03313112  0.34863818 -0.97931761],[ 0.86913651 -0.06311444 -1.32081354]
4.253546099999999,[-1.03306079  0.34865272 -0.97939342],[ 0.86941862 -0.06268253 -1.32060254]
4.260590500000001,[-1.03303397  0.34866098 -0.97940999],[ 0.86950779 -0.06255611 -1.32051957]
4.2689866,[-1.03297949  0.34869561 -0.97945589],[ 0.86966038 -0.06231586 -1.32038534]
4.277733400000001,[-1.03294027  0.34876055 -0.979505  ],[ 0.86981559 -0.06206586 -1.32027435]
4.287073600000001,[-1.03290057  0.34888497 -0.9795903 ],[ 0.87002534 -0.06169227 -1.32010114]
4.295533600000001,[-1.03287351  0.34896335 -0.97962534],[ 0.87016028 -0.06149975 -1.32000124]
4.303473300000002,[-1.03286719  0.34906298 -0.97965086],[ 0.87028956 -0.06132362 -1.31990123]
4.312616,[-1.03284705  0.34916404 -0.97968769],[ 0.87042069 -0.06112811 -1.3198173 ]
4.320566700000002,[-1.03282547  0.34929293 -0.97973579],[ 0.87054682 -0.06092811 -1.31974745]
4.328956800000002,[-1.03280342  0.3494322  -0.97978061],[ 0.8706854  -0.06072548 -1.31968558]
4.337486,[-1.0327543   0.34957516 -0.97980809],[ 0.87082756 -0.0605331  -1.3196224 ]
4.3467152,[-1.03268588  0.349709   -0.97983342],[ 0.87097293 -0.06031011 -1.31956983]
4.354403700000001,[-1.03262866  0.34988511 -0.9798786 ],[ 0.87111223 -0.06006642 -1.31953025]
4.363011300000002,[-1.03257883  0.35005301 -0.97992837],[ 0.87125552 -0.05981154 -1.31948972]
4.372094200000001,[-1.03251266  0.35022762 -0.97995895],[ 0.87141621 -0.05957704 -1.31944227]
4.3802315000000025,[-1.03243852  0.35040802 -0.97997004],[ 0.87159246 -0.05936137 -1.3193953 ]
4.3900095,[-1.03237021  0.35060117 -0.97999454],[ 0.87175369 -0.05910968 -1.31934464]
4.399788600000003,[-1.03229892  0.35087737 -0.9800663 ],[ 0.87201244 -0.05871238 -1.31928575]
4.407908000000001,[-1.03224993  0.35104698 -0.98007798],[ 0.87218535 -0.0584497  -1.31925058]
4.416290600000002,[-1.0322026   0.35122135 -0.98007089],[ 0.87237215 -0.05818762 -1.3192116 ]
4.424580700000002,[-1.032161    0.35136408 -0.98006487],[ 0.87255573 -0.05790931 -1.3191731 ]
4.432950400000001,[-1.03212416  0.35149547 -0.98005712],[ 0.87274742 -0.05762202 -1.31912684]
4.441201700000002,[-1.03207684  0.35162118 -0.9800511 ],[ 0.87295312 -0.05732303 -1.31908703]
4.449509700000002,[-1.03202045  0.35176206 -0.98006099],[ 0.87314528 -0.05701743 -1.31902623]
4.4578413,[-1.03196681  0.3518973  -0.9800691 ],[ 0.8733629  -0.05669591 -1.31897974]
4.467276700000001,[-1.03190315  0.3520273  -0.98009014],[ 0.87356544 -0.05632946 -1.31893277]
4.4755263,[-1.03183615  0.35215038 -0.98012245],[ 0.87375236 -0.05595446 -1.3188889 ]
4.483776400000002,[-1.03176343  0.3522836  -0.98016167],[ 0.8739655  -0.05559035 -1.31883585]
4.491423299999999,[-1.03169346  0.35239172 -0.98018903],[ 0.87417692 -0.05524657 -1.31878161]
4.499458900000002,[-1.03162098  0.35248566 -0.98018992],[ 0.87437719 -0.05490247 -1.31871843]
4.50867,[-1.0315665   0.35257486 -0.98020571],[ 0.87457031 -0.05456446 -1.31867266]
4.518458100000002,[-1.03153348  0.35264727 -0.98023272],[ 0.87475663 -0.05421124 -1.31861961]
4.5286065,[-1.03148186  0.35273138 -0.98023486],[ 0.87502348 -0.05368723 -1.31852758]
4.537001900000002,[-1.03144383  0.35275674 -0.98021811],[ 0.87520665 -0.05332683 -1.31846607]
4.545870900000002,[-1.03141296  0.35276425 -0.9802084 ],[ 0.87538224 -0.05296926 -1.3184036 ]
4.554290800000002,[-1.03139281  0.35275578 -0.9802056 ],[ 0.87555474 -0.05259616 -1.31834757]
4.563023800000002,[-1.03135252  0.3527216  -0.98019767],[ 0.87572062 -0.05224114 -1.31828082]
4.571857700000001,[-1.03130984  0.35265189 -0.9801718 ],[ 0.87588865 -0.05191137 -1.31820643]
4.579243800000002,[-1.03128362  0.35256553 -0.98016596],[ 0.87604362 -0.05158163 -1.31813681]
4.587167000000003,[-1.03127015  0.35246214 -0.98015165],[ 0.87619144 -0.05127237 -1.31807303]
4.595496800000001,[-1.03126323  0.352339   -0.98014545],[ 0.87632316 -0.05099    -1.31800687]
4.6043161,[-1.03125215  0.35219359 -0.98011893],[ 0.87644434 -0.05072125 -1.31793702]
4.6122257000000015,[-1.03125739  0.35203958 -0.98008549],[ 0.87656724 -0.05046969 -1.3178606 ]
4.621072400000001,[-1.03127933  0.35187933 -0.98007572],[ 0.87667716 -0.05023297 -1.31779706]
4.628733200000001,[-1.03130376  0.35169905 -0.98006117],[ 0.87679064 -0.05000379 -1.31772244]
4.637588800000001,[-1.03132701  0.35148698 -0.98004591],[ 0.87693316 -0.04977555 -1.31764328]
4.645646000000001,[-1.03134739  0.35126191 -0.98001868],[ 0.87703222 -0.04956623 -1.31757629]
4.653694100000001,[-1.031376    0.35102594 -0.97999161],[ 0.87713027 -0.04941009 -1.31751144]
4.6606697000000015,[-1.03138661  0.35090902 -0.97999352],[ 0.87716776 -0.04934476 -1.3174721 ]
4.669875500000002,[-1.03145349  0.35051668 -0.97998971],[ 0.87728572 -0.04916862 -1.31736636]
4.678634000000001,[-1.03149652  0.35019019 -0.98005199],[ 0.87735707 -0.04904915 -1.31730735]
4.6869885,[-1.03152585  0.34984472 -0.98013854],[ 0.87742722 -0.04894497 -1.31725454]
4.696112300000001,[-1.03151035  0.34956017 -0.98013377],[ 0.87748855 -0.04888158 -1.31720316]
4.703845500000002,[-1.03149307  0.349334   -0.98006779],[ 0.87753898 -0.04881048 -1.31718016]
4.712674099999999,[-1.03147459  0.34909901 -0.9799962 ],[ 0.87758499 -0.0487521  -1.31716263]
4.7206849,[-1.03147936  0.34879446 -0.9800505 ],[ 0.87763304 -0.04869029 -1.31714809]
4.729360399999999,[-1.03146458  0.34852442 -0.98008811],[ 0.8776769  -0.04866934 -1.31714606]
4.737394100000001,[-1.03144705  0.34827298 -0.98013216],[ 0.87772417 -0.04864055 -1.31715024]
4.745449300000002,[-1.03141594  0.34802437 -0.98018932],[ 0.87777185 -0.04862114 -1.31715918]
4.754202400000002,[-1.0313772   0.34780371 -0.98024237],[ 0.87781256 -0.04859724 -1.31717813]
4.762232600000003,[-1.0313493   0.34756035 -0.98036695],[ 0.87784529 -0.04857647 -1.31721187]
4.771417900000001,[-1.03123629  0.3474313  -0.98030466],[ 0.87786537 -0.04856501 -1.31724787]
4.779462799999999,[-1.03126836  0.34712341 -0.98055547],[ 0.87789434 -0.04855035 -1.31727946]
4.787553700000002,[-1.03127515  0.34701347 -0.98070467],[ 0.87793273 -0.04855185 -1.31732512]
4.7955494000000005,[-1.03114939  0.34698692 -0.98068678],[ 0.87796599 -0.04854728 -1.31737566]
4.804192800000001,[-1.03111851  0.34687942 -0.98087478],[ 0.87799162 -0.04853149 -1.3174305 ]
4.812136100000002,[-1.03093886  0.3469626  -0.98086739],[ 0.87803161 -0.04851644 -1.31748199]
4.8213022,[-1.0309025   0.34698898 -0.9808861 ],[ 0.87806648 -0.04848763 -1.31754243]
4.828795400000002,[-1.03084075  0.34702656 -0.98097914],[ 0.87809503 -0.04847671 -1.31760049]
4.8377575,[-1.03078187  0.3471058  -0.98109168],[ 0.87812436 -0.04846042 -1.31766379]
4.8457478,[-1.03071964  0.34720916 -0.98117328],[ 0.87815315 -0.04844471 -1.31772327]
4.8544845,[-1.03073049  0.34726137 -0.98140639],[ 0.87817329 -0.04843785 -1.31778538]
4.861951899999999,[-1.03063321  0.34741363 -0.98142076],[ 0.87820148 -0.04843796 -1.31785095]
4.8703164999999995,[-1.03067064  0.34762397 -0.98157132],[ 0.87822509 -0.04844227 -1.31791806]
4.879458900000001,[-1.03044879  0.34799865 -0.98138458],[ 0.87823898 -0.0484598  -1.31798685]
4.887038500000001,[-1.03035605  0.34825796 -0.98136383],[ 0.87824905 -0.04847443 -1.31805933]
4.8955728999999994,[-1.03033268  0.34848371 -0.9814527 ],[ 0.87826276 -0.04850747 -1.31813025]
4.903822800000002,[-1.03030288  0.3487342  -0.98151278],[ 0.87827408 -0.04855432 -1.31820428]
4.912850199999999,[-1.0302583   0.34896421 -0.98154539],[ 0.87827563 -0.04863856 -1.31827152]
4.920492700000002,[-1.03024602  0.34918004 -0.98159486],[ 0.87828207 -0.04872763 -1.31834471]
4.929216600000002,[-1.03023601  0.34938681 -0.98162985],[ 0.8782776  -0.04881714 -1.31841564]
4.937153700000001,[-1.03023744  0.34959161 -0.98165566],[ 0.87826717 -0.04890013 -1.31849098]
4.945832900000001,[-1.0302676   0.34977859 -0.98170638],[ 0.87825149 -0.04898952 -1.31856847]
4.954720200000002,[-1.03029263  0.34994659 -0.98173445],[ 0.87822282 -0.04910383 -1.31865144]
4.964601,[-1.03033531  0.35010129 -0.98176408],[ 0.87818867 -0.04923093 -1.31873357]
4.9752835000000015,[-1.0303967   0.35025954 -0.98180068],[ 0.8781352  -0.04945985 -1.31885791]
4.983176500000001,[-1.03044879  0.35033149 -0.98184311],[ 0.87808561 -0.04964169 -1.31895339]
4.9916529,[-1.03049743  0.3503744  -0.98187447],[ 0.87802142 -0.0498346  -1.31906271]
4.9998436,[-1.03055286  0.35041443 -0.98190105],[ 0.87795252 -0.05004989 -1.31917465]
5.008659400000001,[-1.03061318  0.35042465 -0.981924  ],[ 0.87789088 -0.05026382 -1.31929886]
5.0178086,[-1.03067291  0.35040408 -0.98195595],[ 0.87781835 -0.05049643 -1.31942761]
5.025339600000001,[-1.03074479  0.35034794 -0.98199683],[ 0.87776053 -0.05071774 -1.31953931]
5.033257000000001,[-1.0308156   0.35027596 -0.98202914],[ 0.87769103 -0.0509355  -1.31965101]
5.0426535999999995,[-1.03099036  0.35020694 -0.98212725],[ 0.87762791 -0.05115985 -1.31976032]
5.0796133,[-1.03120875  0.34971878 -0.98236096],[ 0.87740695 -0.05196335 -1.32028437]
5.092250099999999,[-1.03133428  0.34950063 -0.98249763],[ 0.87733644 -0.05220243 -1.32047665]
5.105117699999999,[-1.03148603  0.34918532 -0.98270631],[ 0.87721854 -0.05244662 -1.32071686]
5.115052,[-1.03154492  0.34903851 -0.9828105 ],[ 0.87716043 -0.05254888 -1.32082498]
5.1251385,[-1.03173995  0.34868878 -0.983163  ],[ 0.87706727 -0.05266954 -1.32098126]
5.133954400000002,[-1.0318656   0.34840441 -0.98338485],[ 0.87700188 -0.05273568 -1.32107711]
5.1434964999999995,[-1.03174317  0.34850037 -0.98317665],[ 0.87694663 -0.05278538 -1.3211695 ]
5.152461499999999,[-1.03183842  0.34837154 -0.98333979],[ 0.87688547 -0.05280147 -1.32124865]
5.162959600000002,[-1.03178847  0.34823382 -0.9834066 ],[ 0.87678581 -0.05281134 -1.32136381]
5.171170999999999,[-1.03184688  0.34814429 -0.98343396],[ 0.87672263 -0.05280539 -1.3214283 ]
5.178763699999999,[-1.03184366  0.34808978 -0.98350978],[ 0.87666941 -0.05278806 -1.32147837]
5.187067600000001,[-1.03181982  0.34805417 -0.98356426],[ 0.87662119 -0.05276624 -1.32152629]
5.1954819000000025,[-1.03178179  0.34804937 -0.98362696],[ 0.87656552 -0.05274015 -1.32156873]
5.204114900000002,[-1.0317328   0.34806591 -0.98366916],[ 0.87651551 -0.05268578 -1.32160747]
5.212081500000002,[-1.03181112  0.34797606 -0.98392677],[ 0.87646192 -0.05263966 -1.32163453]
5.221405900000002,[-1.03158593  0.34815589 -0.98369396],[ 0.87640887 -0.0526022  -1.32165337]
5.229190400000002,[-1.03151369  0.34822103 -0.98373461],[ 0.87635016 -0.05256467 -1.3216579 ]
5.2370514,[-1.03142118  0.34830877 -0.98375219],[ 0.8762902  -0.05252506 -1.32166624]
5.2468660000000025,[-1.03130341  0.34843561 -0.98376232],[ 0.87623328 -0.05246877 -1.32167327]
5.2563096,[-1.03117836  0.34859067 -0.98378676],[ 0.87618518 -0.05241578 -1.32166708]
5.266479600000002,[-1.03099656  0.34887421 -0.98382705],[ 0.87611639 -0.05234263 -1.32164848]
5.275202800000001,[-1.030918    0.34915364 -0.98391086],[ 0.87606961 -0.05231139 -1.32164145]
5.283325100000001,[-1.03082097  0.34953552 -0.9840433 ],[ 0.8760165  -0.05226335 -1.32161856]
5.2916530999999996,[-1.03071547  0.34984568 -0.98406047],[ 0.87596065 -0.05223523 -1.32160676]
5.300085700000002,[-1.03060496  0.35020846 -0.98416549],[ 0.87591767 -0.05221223 -1.32158267]
5.3093395999999995,[-1.03050458  0.3506175  -0.98428398],[ 0.87587488 -0.0521953  -1.32156336]
5.316899400000002,[-1.03035378  0.35099855 -0.98438841],[ 0.87583941 -0.05215649 -1.3215481 ]
5.325419300000002,[-1.0302887   0.35138309 -0.98446906],[ 0.87579334 -0.05212589 -1.32152784]
5.3328729,[-1.03019834  0.35176596 -0.9845261 ],[ 0.87577194 -0.05210886 -1.32151031]
5.3414828,[-1.03003538  0.35213315 -0.98458272],[ 0.87573707 -0.05210704 -1.32149696]
5.349270000000002,[-1.02991176  0.3525849  -0.98463863],[ 0.87570655 -0.05208947 -1.32148445]
5.358174500000002,[-1.02980566  0.353073   -0.98474956],[ 0.87567711 -0.05205598 -1.3214829 ]
5.366464500000001,[-1.02969694  0.35357669 -0.98485762],[ 0.87565845 -0.05203941 -1.32147467]
5.375105400000001,[-1.02965283  0.3540765  -0.98509043],[ 0.87563312 -0.05202354 -1.32146168]
5.383196500000002,[-1.02962029  0.35455096 -0.98533696],[ 0.87561077 -0.05200258 -1.32145059]
5.3915442,[-1.02951193  0.35505024 -0.98554677],[ 0.8755936  -0.05198587 -1.32145309]
5.3999899,[-1.02940047  0.35559344 -0.98575157],[ 0.87556762 -0.05198545 -1.32145047]
5.408681700000001,[-1.02932918  0.35613179 -0.98594278],[ 0.87556052 -0.05200209 -1.32144141]
5.417759600000002,[-1.02923703  0.3566463  -0.98606592],[ 0.87553453 -0.05202031 -1.3214401 ]
5.425345200000001,[-1.02915049  0.35721505 -0.98620951],[ 0.8755191  -0.052047   -1.32142961]
5.433847900000002,[-1.02909911  0.35777095 -0.98642701],[ 0.87549514 -0.05206738 -1.32142687]
5.441928500000001,[-1.02902687  0.35829392 -0.98668224],[ 0.87547737 -0.05210321 -1.3214215 ]
5.450849800000002,[-1.02894247  0.35877088 -0.98694313],[ 0.87545979 -0.05212349 -1.32142293]
5.458715,[-1.0288738   0.35924152 -0.98719096],[ 0.87544936 -0.05217814 -1.32141829]
5.467369,[-1.02882218  0.35972098 -0.98746508],[ 0.8754428  -0.05222601 -1.32142162]
5.475407300000002,[-1.02877271  0.36023268 -0.98774487],[ 0.87543523 -0.05225579 -1.32143164]
5.48352,[-1.02870798  0.36071789 -0.98804367],[ 0.87543571 -0.05230471 -1.32144034]
5.4916525000000025,[-1.02863693  0.36116818 -0.98833925],[ 0.87542498 -0.0523331  -1.32146025]
5.500314600000001,[-1.02856123  0.36162466 -0.98865569],[ 0.8754158  -0.0523597  -1.32147288]
5.508064800000001,[-1.02851021  0.36205766 -0.98903126],[ 0.87541491 -0.05238883 -1.32149208]
5.517079600000001,[-1.02843964  0.36246374 -0.98937696],[ 0.87541342 -0.05241667 -1.32150757]
5.525645200000001,[-1.02838612  0.36286232 -0.98973155],[ 0.87541676 -0.052434   -1.32152534]
5.533849099999999,[-1.02836525  0.36329916 -0.9900648 ],[ 0.87541217 -0.05246348 -1.32154   ]
5.543385300000002,[-1.02835011  0.36366439 -0.99040198],[ 0.87541252 -0.0524739  -1.32155812]
5.552205500000001,[-1.02835584  0.36401126 -0.99073148],[ 0.87540579 -0.05249993 -1.3215735 ]
5.560725800000002,[-1.02836442  0.36433312 -0.99103659],[ 0.8754006  -0.05252604 -1.32157409]
5.5702096,[-1.0283649   0.36474776 -0.99146974],[ 0.87539506 -0.05255129 -1.3215884 ]
5.578722900000001,[-1.02839375  0.36498392 -0.99175853],[ 0.87539774 -0.05256243 -1.32161129]
5.596762500000002,[-1.02847219  0.36540872 -0.99233288],[ 0.87538618 -0.05259025 -1.32160199]
5.605340800000002,[-1.02850986  0.36556879 -0.99257296],[ 0.87537265 -0.05262589 -1.3215878 ]
5.6139797,[-1.0285511   0.36573318 -0.99282813],[ 0.87535518 -0.05264563 -1.32158482]
5.621717600000002,[-1.0286082   0.36590406 -0.99307758],[ 0.87532562 -0.05264276 -1.32158768]
5.629670500000001,[-1.02866542  0.36604622 -0.99332696],[ 0.87531221 -0.05263987 -1.3216002 ]
5.639408900000001,[-1.02871656  0.36618462 -0.99359095],[ 0.87530744 -0.0526277  -1.32160842]
5.6481183999999995,[-1.02877271  0.36631501 -0.99383289],[ 0.87529337 -0.05262854 -1.32161188]
5.658267800000003,[-1.02888656  0.36652318 -0.99418253],[ 0.87527174 -0.05260336 -1.3216244 ]
5.667702200000003,[-1.02895641  0.36668837 -0.99437582],[ 0.8752476  -0.05260493 -1.32162297]
5.6759626,[-1.02903402  0.3668409  -0.99455661],[ 0.87523168 -0.05261169 -1.32161713]
5.685344900000002,[-1.02910769  0.36700049 -0.99472094],[ 0.87520057 -0.05261986 -1.3216095 ]
5.694290400000002,[-1.02917922  0.36719105 -0.99490184],[ 0.87517285 -0.05261445 -1.32160974]
5.70397,[-1.02928054  0.36748734 -0.99520195],[ 0.87512469 -0.05260414 -1.32160366]
5.713210300000002,[-1.02932203  0.36766145 -0.99538183],[ 0.87509012 -0.0526217  -1.32159877]
5.721438400000002,[-1.02935112  0.36785752 -0.99555141],[ 0.87505335 -0.05262066 -1.32159257]
5.7295484000000005,[-1.0293684   0.36806116 -0.99571717],[ 0.87501597 -0.05262461 -1.32158732]
5.738962900000002,[-1.02938473  0.36827585 -0.99589986],[ 0.87496406 -0.05264273 -1.32158911]
5.748390000000002,[-1.02939641  0.36847091 -0.99607044],[ 0.87491715 -0.05266319 -1.32158637]
5.758481700000003,[-1.02939093  0.36873233 -0.9962908 ],[ 0.87484151 -0.05265245 -1.32159054]
5.7663831000000005,[-1.02936828  0.36890757 -0.99644727],[ 0.87479711 -0.05264391 -1.32158911]
5.7750857,[-1.02934599  0.36909288 -0.99656194],[ 0.87475073 -0.0526561  -1.32158732]
5.783104400000001,[-1.0293268   0.36926365 -0.99666715],[ 0.87470675 -0.0526777  -1.32158029]
5.7911497,[-1.02931011  0.36939511 -0.9967407 ],[ 0.87465364 -0.05268632 -1.32157552]
5.8006528,[-1.02929342  0.36953411 -0.99680001],[ 0.87460762 -0.05273518 -1.3215698 ]
5.808809500000001,[-1.0292846   0.36966115 -0.99685574],[ 0.87455273 -0.05272856 -1.32156587]
5.8179581,[-1.02927017  0.36977085 -0.99689192],[ 0.87451464 -0.05275095 -1.32155955]
5.826571500000002,[-1.02925408  0.36983374 -0.99690211],[ 0.87447965 -0.05275683 -1.32154763]
5.8373183000000015,[-1.02920461  0.3698644  -0.99690497],[ 0.87443966 -0.05280335 -1.32152879]
5.846614199999999,[-1.02916729  0.36984581 -0.9969002 ],[ 0.87441611 -0.05281735 -1.32151961]
5.855029500000002,[-1.02913475  0.36977842 -0.99687999],[ 0.87438744 -0.0528346  -1.32151723]
5.8647686,[-1.02908361  0.36969328 -0.99687165],[ 0.87437248 -0.05286501 -1.32150269]
5.8728921,[-1.02904308  0.36958566 -0.99684399],[ 0.87434864 -0.05289661 -1.32149291]
5.882998600000002,[-1.02900076  0.36940587 -0.99680203],[ 0.8743152  -0.05292765 -1.32147443]
5.891954,[-1.0289892   0.36926019 -0.99678606],[ 0.87429571 -0.05295236 -1.32144833]
5.900334500000001,[-1.02897847  0.36909312 -0.99675089],[ 0.87428939 -0.05298682 -1.32143939]
5.908600000000002,[-1.02896059  0.36889288 -0.99671906],[ 0.87429333 -0.05300876 -1.32142222]
5.9168632,[-1.02894151  0.36868083 -0.99669081],[ 0.87428987 -0.05303857 -1.32141089]
5.924638700000001,[-1.02891994  0.36846292 -0.99664772],[ 0.87430233 -0.05306919 -1.32139397]
5.9329965,[-1.0289011   0.3681981  -0.99661499],[ 0.874291   -0.05308849 -1.321383  ]
5.9416463,[-1.0288744   0.36791411 -0.99658287],[ 0.87429583 -0.05311041 -1.32137537]
5.950850600000001,[-1.02887487  0.36764067 -0.99663353],[ 0.87430334 -0.05313541 -1.32136405]
5.959785500000001,[-1.02882004  0.36737612 -0.99660856],[ 0.87432027 -0.05314766 -1.32135761]
5.969302600000001,[-1.02876496  0.36711299 -0.99660766],[ 0.87433773 -0.05317158 -1.32134533]
5.9798583999999995,[-1.02863026  0.3666918  -0.99653   ],[ 0.87438017 -0.05319635 -1.32133508]
5.9896521000000025,[-1.02857518  0.36648598 -0.9965077 ],[ 0.87440598 -0.05319199 -1.32133257]
5.9982652000000005,[-1.02851033  0.36629564 -0.99648756],[ 0.87442958 -0.05318305 -1.32133329]
6.008798199999999,[-1.0284065   0.36603856 -0.99650359],[ 0.87447119 -0.05316142 -1.32133591]
6.016785100000002,[-1.02831721  0.3658691  -0.99651772],[ 0.87450999 -0.05317658 -1.32133341]
6.024518900000002,[-1.02822471  0.36570343 -0.99654299],[ 0.87455249 -0.05318103 -1.32132733]
6.033048500000001,[-1.02812266  0.36555329 -0.99657542],[ 0.87459254 -0.05319519 -1.3213191 ]
6.0412394,[-1.02801907  0.36540461 -0.996611  ],[ 0.87462574 -0.05321091 -1.3213098 ]
6.049525400000002,[-1.02792156  0.3652578  -0.9966343 ],[ 0.87464893 -0.05321224 -1.32130516]
6.0579792,[-1.02782774  0.36511049 -0.99666589],[ 0.87467778 -0.05321962 -1.32128704]
6.066204100000002,[-1.0277437   0.36498347 -0.99668074],[ 0.8746919  -0.05321346 -1.32127357]
6.074732600000003,[-1.02766109  0.36483461 -0.99667811],[ 0.87471807 -0.05320466 -1.32125342]
6.082882200000002,[-1.02757657  0.36466807 -0.99667227],[ 0.87475789 -0.05320199 -1.32123947]
