0.0008073999999993475,[-1.06793249  0.44034073 -1.13265169],[ 0.68966037  0.28524083 -1.22724259]
0.0105335999999987,[-1.06797981  0.4403227  -1.13275254],[ 0.68949622  0.28520915 -1.22717464]
0.018923299999999088,[-1.0680151   0.44031999 -1.13282299],[ 0.68939418  0.28521165 -1.2271167 ]
0.027604999999999436,[-1.06805003  0.44034058 -1.13289785],[ 0.68928808  0.2852264  -1.22705495]
0.035359899999999556,[-1.06806064  0.44035715 -1.13297689],[ 0.68920994  0.28523377 -1.22696483]
0.04376539999999984,[-1.06806397  0.44036812 -1.13304818],[ 0.68913788  0.28524786 -1.22686923]
0.052074599999999194,[-1.06807649  0.44037005 -1.1331203 ],[ 0.6890797   0.28526685 -1.22678077]
0.06050129999999854,[-1.06808293  0.44038266 -1.13320243],[ 0.68906128  0.28528133 -1.2266717 ]
0.06874519999999862,[-1.06808949  0.44038969 -1.13328314],[ 0.68905461  0.28527352 -1.22657299]
0.07714809999999872,[-1.06811154  0.44041038 -1.13336301],[ 0.68906009  0.28527585 -1.22645724]
0.08544479999999943,[-1.06814468  0.44046178 -1.13342369],[ 0.68906385  0.28529146 -1.22635365]
0.0936325999999994,[-1.06817448  0.44054431 -1.13348329],[ 0.68909061  0.28532127 -1.22623181]
0.10211460000000017,[-1.06821179  0.44063827 -1.13353086],[ 0.68911791  0.28535232 -1.22611344]
0.11054940000000002,[-1.06825197  0.44072631 -1.13358915],[ 0.68915915  0.28537369 -1.22600174]
0.11890649999999958,[-1.06829917  0.44079074 -1.13365638],[ 0.68922228  0.28538004 -1.2258755 ]
0.1270473999999986,[-1.06833839  0.44084594 -1.13371599],[ 0.68930084  0.28537872 -1.2257576 ]
0.13548749999999998,[-1.06839406  0.44090408 -1.13377774],[ 0.68939734  0.28538176 -1.22564483]
0.1438442000000002,[-1.06844068  0.44094616 -1.13384652],[ 0.68950099  0.28538883 -1.22552812]
0.15207299999999968,[-1.06850135  0.44097218 -1.13391042],[ 0.68961287  0.28539869 -1.22539794]
0.16051669999999874,[-1.0685519   0.44099712 -1.13394797],[ 0.68975145  0.28541338 -1.22525394]
0.16959959999999974,[-1.06860769  0.44101334 -1.13400924],[ 0.68989474  0.28544381 -1.22511923]
0.17696160000000027,[-1.06864142  0.44102585 -1.13406575],[ 0.69003236  0.2854813  -1.22500265]
0.18539550000000027,[-1.06866562  0.44101357 -1.13411772],[ 0.69019437  0.28552848 -1.22485459]
0.19381499999999896,[-1.06869793  0.44099864 -1.13414443],[ 0.6903497   0.28555062 -1.22469795]
0.20205359999999928,[-1.06870306  0.44097897 -1.13417673],[ 0.69049382  0.28560716 -1.22454727]
0.21020749999999921,[-1.06871104  0.44097596 -1.13418949],[ 0.69060457  0.28566518 -1.22440958]
0.21882309999999983,[-1.06869936  0.44097173 -1.13417828],[ 0.69072634  0.28573531 -1.22426295]
0.22726769999999874,[-1.06869888  0.44098037 -1.13415444],[ 0.69088405  0.28577182 -1.22409832]
0.23541859999999915,[-1.06868291  0.44099829 -1.13414538],[ 0.69105643  0.28581899 -1.22394705]
0.24385959999999862,[-1.0686866   0.44101062 -1.13412774],[ 0.69122803  0.28585044 -1.22380292]
0.25193080000000023,[-1.06864178  0.44098616 -1.13412333],[ 0.69140136  0.28588387 -1.22364461]
0.258686599999999,[-1.06861424  0.4409664  -1.13411868],[ 0.69148654  0.28588745 -1.22355556]
0.2672005999999989,[-1.06854296  0.44089776 -1.13408732],[ 0.69167578  0.28589672 -1.2233839 ]
0.2757367999999989,[-1.06846189  0.44082779 -1.13405275],[ 0.69185716  0.28589982 -1.22320306]
0.2839203000000001,[-1.06835151  0.44076237 -1.13400459],[ 0.69203681  0.28589785 -1.223037  ]
0.2921005999999995,[-1.06823885  0.44067091 -1.13393986],[ 0.69222641  0.28587997 -1.2228657 ]
0.3002849999999988,[-1.06810284  0.44058079 -1.13386714],[ 0.69238049  0.28583395 -1.22268438]
0.3086453999999996,[-1.06794775  0.44047177 -1.1337831 ],[ 0.69250077  0.28576916 -1.2225039 ]
0.3172069999999998,[-1.06776452  0.44034746 -1.13369501],[ 0.69261104  0.28568733 -1.22232103]
0.32548639999999907,[-1.06756449  0.44023675 -1.13359392],[ 0.69269472  0.28559479 -1.22213614]
0.3340341000000002,[-1.06733906  0.44013155 -1.13347256],[ 0.69279134  0.2854929  -1.22192967]
0.3424414999999996,[-1.0670681   0.4400197  -1.13332593],[ 0.69289577  0.28536093 -1.22173035]
0.35058659999999975,[-1.06679595  0.43990904 -1.13316894],[ 0.69297749  0.28522176 -1.2214911 ]
0.3585390999999998,[-1.06649768  0.43976948 -1.13299727],[ 0.69302386  0.28507417 -1.22126067]
0.3675157999999996,[-1.06616318  0.43963882 -1.13279307],[ 0.69306141  0.284908   -1.22102785]
0.3755480999999996,[-1.06575751  0.4394767  -1.1325922 ],[ 0.69309819  0.28471622 -1.2207824 ]
0.3839227999999988,[-1.06529939  0.4392727  -1.13236499],[ 0.69313765  0.28450602 -1.22054291]
0.3921329999999994,[-1.06488442  0.43906108 -1.13217604],[ 0.69315988  0.28426963 -1.22030365]
0.40046109999999935,[-1.06433558  0.43883467 -1.13198447],[ 0.69316787  0.28400099 -1.22004914]
0.40857559999999893,[-1.06384015  0.43862855 -1.1317389 ],[ 0.69314128  0.28375056 -1.21979988]
0.4175679999999993,[-1.06332433  0.4384506  -1.1315161 ],[ 0.69307154  0.28349397 -1.2195344 ]
0.4253757999999994,[-1.06280231  0.43822992 -1.13126612],[ 0.69298798  0.2832275  -1.21927512]
0.43375269999999944,[-1.06228971  0.4379926  -1.13104272],[ 0.69289875  0.28294557 -1.21898329]
0.4420764999999989,[-1.06174433  0.43778154 -1.13080323],[ 0.69282365  0.28265139 -1.21869719]
0.4505184,[-1.06116188  0.43756232 -1.13053763],[ 0.69275856  0.28232732 -1.21844542]
0.45917669999999866,[-1.06052089  0.43729925 -1.13021576],[ 0.69267404  0.28200117 -1.21818483]
0.4672912999999994,[-1.05994451  0.43709689 -1.12998891],[ 0.69258285  0.28167886 -1.21792328]
0.4755333999999998,[-1.05925465  0.43683183 -1.12967718],[ 0.692478    0.28135669 -1.21768045]
0.48400659999999895,[-1.05860448  0.43660817 -1.12942338],[ 0.69235528  0.28101024 -1.21740925]
0.492095299999999,[-1.0579623   0.43633249 -1.12917471],[ 0.69221032  0.28067949 -1.21714592]
0.5004229999999996,[-1.05728972  0.43606481 -1.1288985 ],[ 0.69207728  0.28033805 -1.21688473]
0.5088321999999987,[-1.05663157  0.43577892 -1.12863255],[ 0.69192362  0.27994618 -1.21662092]
0.5173503999999998,[-1.05603731  0.4354836  -1.12839139],[ 0.69180185  0.27955952 -1.21640372]
0.5255369999999999,[-1.05540824  0.43521008 -1.12812507],[ 0.69168031  0.27920559 -1.21620071]
0.5338268999999993,[-1.05476606  0.43489245 -1.12786639],[ 0.69157696  0.27883184 -1.21600628]
0.5420287999999989,[-1.05414069  0.43459457 -1.12757993],[ 0.69147235  0.27840748 -1.21579552]
0.5505654,[-1.05353487  0.43432444 -1.12731409],[ 0.69138622  0.27799973 -1.21563351]
0.5587137999999996,[-1.05290508  0.43404394 -1.12704861],[ 0.69130635  0.27761474 -1.21548474]
0.5672236000000002,[-1.05228448  0.43378916 -1.12680387],[ 0.69123679  0.27719703 -1.21536851]
0.6111196999999997,[-1.04935801  0.43242034 -1.12559199],[ 0.69110912  0.27482167 -1.2148478 ]
0.6194816999999997,[-1.04879212  0.43219018 -1.1253742 ],[ 0.69109207  0.27433708 -1.21476471]
0.6404810999999988,[-1.04710412  0.43161318 -1.12476218],[ 0.69097513  0.27284354 -1.21457374]
0.6491595999999991,[-1.04655874  0.43137571 -1.12454462],[ 0.69094676  0.27234647 -1.21447217]
0.6574852999999994,[-1.0460155   0.4311364  -1.12433338],[ 0.69093317  0.27183419 -1.21441042]
0.6689217000000003,[-1.04529107  0.43085644 -1.12408733],[ 0.69087631  0.27108413 -1.21433306]
0.6773346999999994,[-1.04483867  0.43070197 -1.12391365],[ 0.69082952  0.27057919 -1.21430409]
0.6853936999999988,[-1.0444032   0.43052599 -1.12374973],[ 0.69075364  0.27002037 -1.21427214]
0.693792199999999,[-1.04397845  0.43039432 -1.12362075],[ 0.69068187  0.26946828 -1.21423578]
0.7023324999999989,[-1.04357553  0.43024063 -1.12349331],[ 0.6906116   0.26894173 -1.2142067 ]
0.7105907999999985,[-1.04321682  0.43009213 -1.12337351],[ 0.69056445  0.26841503 -1.21418166]
0.7191861999999993,[-1.04289365  0.42995864 -1.12327337],[ 0.69048786  0.26787478 -1.2141639 ]
0.7272172000000001,[-1.04255795  0.4298372  -1.12317085],[ 0.69038087  0.26731536 -1.21418679]
0.7353615999999992,[-1.04227042  0.42974812 -1.12306571],[ 0.69026875  0.26678902 -1.21418905]
0.7438322999999993,[-1.04197669  0.42965403 -1.12295556],[ 0.69012856  0.2662445  -1.21415985]
0.7520799,[-1.04172873  0.42957431 -1.1228559 ],[ 0.68999869  0.26570642 -1.21411502]
0.7604706999999991,[-1.04150927  0.42952707 -1.12278235],[ 0.68985903  0.26520413 -1.21407294]
0.7687219999999986,[-1.0413208   0.42946124 -1.12269628],[ 0.68969339  0.26469645 -1.21406007]
0.7771977999999997,[-1.04113209  0.42939147 -1.12260687],[ 0.68950373  0.26418075 -1.21403909]
0.7863568999999995,[-1.04097867  0.42931974 -1.12252295],[ 0.68930846  0.26364496 -1.214028  ]
0.7951369999999987,[-1.04083359  0.42924583 -1.12244189],[ 0.68907428  0.26310864 -1.21397829]
0.8036687999999987,[-1.0407294   0.42919114 -1.12238276],[ 0.68884122  0.26261628 -1.21394157]
0.8120581999999992,[-1.040622    0.42912537 -1.12232232],[ 0.68861324  0.26215056 -1.21393788]
0.8197007000000003,[-1.04052496  0.42905611 -1.12225127],[ 0.68834513  0.26163977 -1.21391249]
0.8278415999999993,[-1.04044819  0.4289571  -1.12220633],[ 0.68808073  0.26111093 -1.21388602]
0.8360845000000001,[-1.04037881  0.42887798 -1.12217069],[ 0.68786407  0.26057571 -1.21388221]
0.8440104999999996,[-1.04033041  0.42880496 -1.12215638],[ 0.68758565  0.26004699 -1.21387076]
0.8521132999999992,[-1.04028356  0.42871815 -1.12212718],[ 0.68730235  0.25957122 -1.21383691]
0.860108799999999,[-1.0402596   0.42864594 -1.12209177],[ 0.68700808  0.25908899 -1.21384037]
0.8683879000000001,[-1.04025495  0.42859775 -1.12208188],[ 0.68671966  0.25863123 -1.21382391]
0.8757564999999996,[-1.04024863  0.42857194 -1.12206507],[ 0.68657434  0.25840798 -1.21381271]
0.8853960999999995,[-1.04026353  0.4284699  -1.12205541],[ 0.68617147  0.25773028 -1.21378183]
0.8937936999999998,[-1.04029703  0.42836806 -1.12204218],[ 0.6858927   0.2572774  -1.21375382]
0.9022814999999991,[-1.04033005  0.42825717 -1.12203956],[ 0.685606    0.25682014 -1.21373904]
0.9104691999999996,[-1.04037225  0.42818588 -1.12203765],[ 0.68532139  0.2563771  -1.21371818]
0.9189087999999987,[-1.04043567  0.42809066 -1.12204075],[ 0.68503863  0.25593182 -1.21369421]
0.9272781999999999,[-1.04050303  0.42798507 -1.12204754],[ 0.68475837  0.2554732  -1.21369076]
0.9353800999999997,[-1.0406028   0.42786926 -1.12205398],[ 0.68450028  0.25502655 -1.21370971]
0.9433474999999998,[-1.04070187  0.42774448 -1.12207246],[ 0.68419939  0.2545771  -1.21372557]
0.9507504999999998,[-1.04075277  0.42770061 -1.12207985],[ 0.68405664  0.2543641  -1.21372831]
0.9588812999999998,[-1.04087567  0.42754635 -1.12208533],[ 0.68376821  0.25392103 -1.21372068]
0.9675361999999996,[-1.04100394  0.42738998 -1.12209666],[ 0.68344665  0.25342199 -1.21374059]
0.975386799999999,[-1.04114068  0.42720383 -1.12211847],[ 0.68315578  0.25299138 -1.21374774]
0.9839079000000002,[-1.04130995  0.42703742 -1.12214339],[ 0.68286347  0.25255743 -1.21375251]
0.9920773,[-1.04149246  0.42686138 -1.12215328],[ 0.68255025  0.25213864 -1.21371233]
1.0008926999999996,[-1.0416888   0.42664206 -1.12216055],[ 0.68226188  0.25169104 -1.213714  ]
1.0089898000000002,[-1.0418632   0.42640474 -1.12218404],[ 0.68195826  0.25125507 -1.21370256]
1.019136699999999,[-1.04215395  0.4259963  -1.1222086 ],[ 0.68147016  0.25063002 -1.2136811 ]
1.0277493,[-1.04237223  0.42575097 -1.12225389],[ 0.68117243  0.2501854  -1.21366394]
1.0362001000000003,[-1.04258883  0.42551881 -1.12228894],[ 0.68088126  0.24974516 -1.2136426 ]
1.0448861999999988,[-1.04279947  0.42528445 -1.12235188],[ 0.68056792  0.24930847 -1.21368611]
1.0527458000000003,[-1.04298067  0.42506114 -1.1223228 ],[ 0.68026781  0.24888796 -1.2137599 ]
1.060521099999999,[-1.04319441  0.42481169 -1.12232423],[ 0.67993104  0.24844685 -1.21379232]
1.0688078,[-1.04342902  0.4245576  -1.12230694],[ 0.67961985  0.24801643 -1.21382201]
1.0771724000000003,[-1.04365408  0.42430818 -1.12229013],[ 0.6793291   0.24756259 -1.21384871]
1.0854131999999996,[-1.04385543  0.42406243 -1.12226665],[ 0.67904121  0.24712819 -1.21393073]
1.0938511999999996,[-1.04404879  0.42380247 -1.1222527 ],[ 0.67877477  0.24670193 -1.21398473]
1.1021915,[-1.04423726  0.42351884 -1.12222624],[ 0.67852747  0.24631499 -1.21399736]
1.110578199999999,[-1.04441833  0.42324069 -1.12220418],[ 0.67824829  0.24589738 -1.21404743]
1.1188348000000001,[-1.04458976  0.42295647 -1.12217927],[ 0.67796117  0.24544193 -1.2141521 ]
1.1270928999999992,[-1.04473984  0.42264646 -1.12215054],[ 0.6776855   0.2450096  -1.21424615]
1.1355246,[-1.04487574  0.42230719 -1.12206542],[ 0.67740834  0.2445671  -1.21433246]
1.1440304999999995,[-1.04501069  0.42191845 -1.12199199],[ 0.67714733  0.24414195 -1.21440601]
1.1519639999999995,[-1.04512107  0.42154408 -1.12191844],[ 0.6768887   0.24371248 -1.21452475]
1.1590983000000001,[-1.04518473  0.42136148 -1.12189174],[ 0.67676222  0.2434925  -1.2145927 ]
1.1675224999999987,[-1.04527521  0.42099264 -1.12179255],[ 0.67647737  0.24303414 -1.21472216]
1.1755725999999989,[-1.04544044  0.42061087 -1.12173319],[ 0.67620313  0.24258161 -1.21481943]
1.1838318999999995,[-1.04558635  0.42020282 -1.12167776],[ 0.67598486  0.24215502 -1.21491086]
1.1926428999999992,[-1.045663    0.41980386 -1.12158442],[ 0.67576355  0.24171081 -1.21502912]
1.2033217999999994,[-1.04583037  0.41915107 -1.12145221],[ 0.67539889  0.24102768 -1.21523702]
1.211818899999999,[-1.04589558  0.41866964 -1.12130582],[ 0.67516279  0.24059221 -1.21534967]
1.2217255999999992,[-1.04593837  0.4183102  -1.12116396],[ 0.67493325  0.24018447 -1.21546888]
1.2324701999999998,[-1.04600704  0.41772327 -1.12099147],[ 0.67454886  0.23950076 -1.21568978]
1.2399367999999988,[-1.04607904  0.41735837 -1.12083995],[ 0.67426574  0.2390537  -1.21584284]
1.2491532999999997,[-1.04613042  0.41700613 -1.12067139],[ 0.67400426  0.23859635 -1.21600735]
1.2572431999999996,[-1.04618216  0.41661796 -1.1205169 ],[ 0.67376339  0.23820491 -1.21613705]
1.2652722999999995,[-1.0462029   0.41620758 -1.12035108],[ 0.67353415  0.23779836 -1.21626234]
1.2728792000000002,[-1.0462079   0.41582122 -1.12016654],[ 0.67325097  0.23739247 -1.21638799]
1.2812245999999998,[-1.04622293  0.41548869 -1.12000775],[ 0.67298543  0.23699379 -1.21651816]
1.2895126000000001,[-1.04622567  0.41512015 -1.11985278],[ 0.67279631  0.23658034 -1.21665239]
1.2966968999999988,[-1.04622829  0.41491616 -1.11975956],[ 0.67271823  0.23637235 -1.21672857]
1.3046074999999995,[-1.04622304  0.41451409 -1.11957037],[ 0.67256016  0.23600444 -1.21686733]
1.3126796999999986,[-1.04625976  0.41414499 -1.11939883],[ 0.67236173  0.23566166 -1.21701705]
1.3202213999999994,[-1.04629922  0.41379005 -1.11921668],[ 0.67212993  0.23533064 -1.21717787]
1.3277149000000001,[-1.04635084  0.41342816 -1.11905253],[ 0.67191011  0.23501058 -1.2173245 ]
1.3353637999999997,[-1.04638004  0.41300681 -1.11885202],[ 0.67173225  0.23469496 -1.21748984]
1.3438071999999988,[-1.046404    0.41262677 -1.11866021],[ 0.67159659  0.23436138 -1.21765363]
1.352020099999999,[-1.04641771  0.41223019 -1.11849666],[ 0.67147499  0.23402733 -1.21783602]
1.3605076999999994,[-1.04646611  0.41189754 -1.11832881],[ 0.67130482  0.23371539 -1.21799958]
1.369171699999999,[-1.04648674  0.41155049 -1.11815524],[ 0.67113942  0.23344783 -1.21816599]
1.3771107999999987,[-1.04646456  0.41118887 -1.11790013],[ 0.67101187  0.2332036  -1.21833193]
1.3853023999999987,[-1.0464282   0.41082376 -1.11768889],[ 0.67091036  0.23295805 -1.21848214]
1.3934743999999988,[-1.04637957  0.41045994 -1.1174854 ],[ 0.6708104   0.23270403 -1.2186377 ]
1.4018585999999988,[-1.04632902  0.41010845 -1.11730838],[ 0.67073131  0.23247994 -1.21876836]
1.4086973999999994,[-1.04630899  0.40993592 -1.11722231],[ 0.67070222  0.23236425 -1.21883619]
1.4174644999999995,[-1.04626071  0.40958562 -1.11702919],[ 0.67066389  0.23212822 -1.21896911]
1.4254859999999994,[-1.04620326  0.40924275 -1.11684573],[ 0.67062515  0.23190026 -1.21909046]
1.4338260999999992,[-1.04614532  0.40895608 -1.11665344],[ 0.67058671  0.23169106 -1.21920276]
1.4423046999999993,[-1.04607809  0.40869167 -1.11651862],[ 0.67055303  0.23148592 -1.21931124]
1.450585199999999,[-1.04598451  0.40844783 -1.11629784],[ 0.6705097   0.2312773  -1.21941984]
1.4587912999999997,[-1.04588485  0.40815139 -1.1161021 ],[ 0.67049623  0.23108897 -1.21951592]
1.4671829999999986,[-1.04575741  0.40785182 -1.11591184],[ 0.67045629  0.23092538 -1.21958458]
1.475384,[-1.04564536  0.40755895 -1.11573482],[ 0.67042363  0.2307847  -1.21962678]
1.4837305999999995,[-1.04552913  0.40725774 -1.1155678 ],[ 0.67043483  0.23065044 -1.21965873]
1.4918932999999992,[-1.04541969  0.406975   -1.11540842],[ 0.6704374   0.23055658 -1.21966946]
1.5001760999999991,[-1.04532695  0.40671805 -1.11527014],[ 0.67043132  0.23047955 -1.21965945]
1.508405699999999,[-1.04521501  0.40647599 -1.1151309 ],[ 0.67043573  0.23044604 -1.21962857]
1.516916199999999,[-1.04513931  0.406275   -1.11498833],[ 0.67043388  0.23043913 -1.21958017]
1.5249612999999993,[-1.04505432  0.40607113 -1.11483634],[ 0.67045593  0.23044232 -1.21951687]
1.532195399999999,[-1.04495955  0.40589303 -1.11467326],[ 0.67057848  0.23043421 -1.21951532]
1.540251099999999,[-1.0448643   0.40571749 -1.11453521],[ 0.67063785  0.23048393 -1.21947551]
1.548161799999999,[-1.04478204  0.40556848 -1.11438239],[ 0.67064917  0.23057359 -1.21938157]
1.5561597999999996,[-1.04470623  0.40540835 -1.11422813],[ 0.67066181  0.23067081 -1.21927488]
1.5634210999999993,[-1.04466259  0.4053297  -1.11414361],[ 0.67066139  0.2307442  -1.21921825]
1.5715874999999997,[-1.04457533  0.40517288 -1.11399174],[ 0.67065406  0.23090991 -1.21910608]
1.5797441999999986,[-1.04449797  0.40505978 -1.1138494 ],[ 0.67065752  0.23110475 -1.21900475]
1.5878183999999997,[-1.04445076  0.40495333 -1.1137116 ],[ 0.67065501  0.23129208 -1.21888483]
1.596290699999999,[-1.04440045  0.40485036 -1.11356413],[ 0.67067909  0.23149216 -1.21875596]
1.6046026999999992,[-1.04435587  0.40475568 -1.11342216],[ 0.67068368  0.23167747 -1.218647  ]
1.6126420999999986,[-1.04431045  0.40466088 -1.11329949],[ 0.67085534  0.23181753 -1.21859944]
1.6210971999999995,[-1.04428661  0.40459204 -1.11316442],[ 0.67109346  0.23188077 -1.21849179]
1.6294524999999993,[-1.0442673   0.4045161  -1.11303687],[ 0.67109042  0.23207858 -1.21839762]
1.6378098999999988,[-1.04426241  0.40447772 -1.11291194],[ 0.67113179  0.23227209 -1.21829104]
1.6460966,[-1.04425228  0.40444252 -1.11278045],[ 0.67118192  0.23247521 -1.21815979]
1.6542034999999995,[-1.04424846  0.40443838 -1.11265218],[ 0.67124969  0.23272307 -1.21804261]
1.6626341,[-1.04425931  0.40442187 -1.11252415],[ 0.67131948  0.23298599 -1.21790147]
1.6702774999999992,[-1.04426146  0.40441391 -1.11238635],[ 0.67139667  0.23324503 -1.21772742]
1.677868199999999,[-1.04426134  0.40443909 -1.1122638 ],[ 0.6714775   0.23355798 -1.2175529 ]
1.6860491,[-1.04426777  0.40447816 -1.1121453 ],[ 0.67158955  0.23386124 -1.21735609]
1.6938322999999986,[-1.04425955  0.40451697 -1.11200845],[ 0.67170256  0.23413545 -1.21716285]
1.7020565999999988,[-1.04425514  0.40457055 -1.11187971],[ 0.67185295  0.23437603 -1.21697462]
1.7107403999999988,[-1.04425848  0.40465939 -1.11174476],[ 0.67200887  0.23465107 -1.21678162]
1.7186976999999999,[-1.04426253  0.40478948 -1.11160386],[ 0.67213553  0.23495899 -1.21660841]
1.7270053999999995,[-1.04425132  0.40490609 -1.11147666],[ 0.67228764  0.23526005 -1.21641791]
1.7354367999999987,[-1.04424691  0.40501264 -1.11134398],[ 0.67244714  0.23553157 -1.21621621]
1.7437850000000008,[-1.04425645  0.40515482 -1.11123192],[ 0.67261708  0.23582405 -1.21601903]
1.7520210999999986,[-1.04426229  0.40532225 -1.11112595],[ 0.67279518  0.23614204 -1.21582711]
1.7604686000000012,[-1.04427052  0.40547273 -1.11101544],[ 0.67297697  0.23647061 -1.21565628]
1.769325199999999,[-1.04429233  0.40564662 -1.11089861],[ 0.67315185  0.23681438 -1.21547234]
1.7770273999999997,[-1.04430223  0.4058024  -1.11080325],[ 0.67333764  0.23713893 -1.21528304]
1.785388799999998,[-1.04432368  0.40597165 -1.11072624],[ 0.6735512   0.23748423 -1.21508682]
1.7941488000000003,[-1.04434431  0.40612805 -1.11064374],[ 0.67375678  0.23783907 -1.21486866]
1.8020708999999986,[-1.04435813  0.40626338 -1.11054254],[ 0.67396355  0.23814213 -1.21466458]
1.810803599999998,[-1.04437304  0.40640914 -1.11046255],[ 0.67419046  0.23846084 -1.21444893]
1.819041499999999,[-1.04439855  0.40654862 -1.110376  ],[ 0.67438251  0.23881769 -1.21425521]
1.8275673000000001,[-1.04442775  0.40671298 -1.1102829 ],[ 0.67457843  0.23915315 -1.21408057]
1.8354783999999977,[-1.0444628   0.40686321 -1.11016762],[ 0.67477024  0.23947251 -1.21392763]
1.8819636000000006,[-1.04482996  0.40756699 -1.10973489],[ 0.67600477  0.24100718 -1.21310353]
1.8895625999999996,[-1.04489934  0.40769455 -1.10968053],[ 0.67621171  0.24125971 -1.2129724 ]
1.8978859000000003,[-1.04496193  0.40781769 -1.10962141],[ 0.676449    0.24151544 -1.21284449]
1.9061882999999984,[-1.04505467  0.40795174 -1.10956168],[ 0.67668068  0.2417879  -1.21271062]
1.914616399999998,[-1.04511499  0.4080469  -1.10948706],[ 0.67690909  0.24204427 -1.21258259]
1.922546500000001,[-1.04519022  0.4081586  -1.10941732],[ 0.67712861  0.24228556 -1.21247303]
1.929657999999998,[-1.04522634  0.40820944 -1.10938275],[ 0.67724353  0.24240421 -1.21241856]
1.9376736999999995,[-1.04529727  0.40832466 -1.10933173],[ 0.67745697  0.24262044 -1.21233499]
1.946116899999998,[-1.045362    0.4084262  -1.10926795],[ 0.67769271  0.24281506 -1.21224833]
1.9547736999999987,[-1.04542887  0.40852571 -1.10920739],[ 0.67790365  0.24301049 -1.21216559]
1.962896800000001,[-1.04551446  0.40866891 -1.1091634 ],[ 0.67813087  0.24319227 -1.21208572]
1.971626200000001,[-1.04558206  0.40878788 -1.10912418],[ 0.67836696  0.24337865 -1.2120049 ]
1.9796047999999988,[-1.045645    0.40889013 -1.10906315],[ 0.67861497  0.24357744 -1.21192467]
1.9878921999999992,[-1.04570174  0.40900409 -1.10901046],[ 0.67886662  0.24378663 -1.21186161]
1.996572200000001,[-1.04575372  0.40910721 -1.10895944],[ 0.67912751  0.24399163 -1.21181154]
2.0044625999999983,[-1.04581439  0.40920153 -1.10892618],[ 0.67938375  0.24420555 -1.21175122]
2.0128924999999978,[-1.04586422  0.40927789 -1.10887098],[ 0.67963004  0.24443302 -1.21166933]
2.0210390999999976,[-1.0459193   0.40936929 -1.10881007],[ 0.67990357  0.24466972 -1.21158493]
2.0288176999999994,[-1.04597545  0.40945652 -1.10875094],[ 0.68017846  0.24492769 -1.21151066]
2.0369925999999996,[-1.04602349  0.40954787 -1.1086818 ],[ 0.68045765  0.24520044 -1.21145153]
2.0463553999999977,[-1.04609501  0.40964893 -1.10861874],[ 0.68073237  0.24550229 -1.21138537]
2.054798100000001,[-1.04583454  0.41109949 -1.10728872],[ 0.68034983  0.24745098 -1.21017575]
2.0631867999999987,[-1.04588926  0.4111608  -1.10727787],[ 0.68038946  0.24794181 -1.20987332]
2.0712607999999992,[-1.04597628  0.41119158 -1.10734189],[ 0.68072104  0.24825263 -1.20981896]
2.079771899999999,[-1.04600453  0.41126588 -1.10727489],[ 0.68102914  0.24858643 -1.20975161]
2.0892788999999983,[-1.0460037  0.411387  -1.1070689],[ 0.68152565  0.24900593 -1.20967305]
2.0979083999999997,[-1.0460484   0.41144717 -1.10700643],[ 0.68179882  0.24938555 -1.20959949]
2.105862499999999,[-1.04611039  0.41150424 -1.10694599],[ 0.68208498  0.24978849 -1.20949996]
2.1131063,[-1.04613626  0.41151103 -1.10691655],[ 0.68223572  0.24999443 -1.20943892]
2.1225252999999977,[-1.04616666  0.41149941 -1.10680628],[ 0.68267554  0.25067481 -1.20922279]
2.1296166000000003,[-1.04618919  0.41150397 -1.10676503],[ 0.68283236  0.25090969 -1.20915246]
2.139360599999998,[-1.0462451   0.41146281 -1.10668695],[ 0.68337989  0.25160071 -1.20899892]
2.148195799999998,[-1.04628849  0.4114168  -1.10662842],[ 0.68369222  0.25214148 -1.20879972]
2.1568224999999988,[-1.04632735  0.41136453 -1.1065563 ],[ 0.68403071  0.25261757 -1.20864844]
2.1645215999999987,[-1.04638255  0.41134107 -1.10649681],[ 0.68441403  0.25317058 -1.20848835]
2.172841700000001,[-1.04644382  0.41132373 -1.10645521],[ 0.68477952  0.25374842 -1.2083317 ]
2.1812419999999992,[-1.04649961  0.41129339 -1.10640419],[ 0.68515199  0.25434235 -1.20819116]
2.189639699999999,[-1.04654098  0.41123953 -1.10635042],[ 0.68556732  0.25492731 -1.20803511]
2.197860199999999,[-1.046574    0.41119286 -1.10629034],[ 0.68601012  0.25552306 -1.20786476]
2.2058187999999976,[-1.04661548  0.41116646 -1.10625052],[ 0.68646407  0.25616279 -1.20770621]
2.2145583999999996,[-1.0466572   0.4111349  -1.10619783],[ 0.68692684  0.25682983 -1.20752215]
2.222858999999998,[-1.04664195  0.41111144 -1.10609663],[ 0.68741482  0.25747699 -1.20734596]
2.2320791999999994,[-1.04666805  0.41108969 -1.10603225],[ 0.68793499  0.25818774 -1.20714176]
2.240402699999999,[-1.04668581  0.41106692 -1.10597479],[ 0.68845147  0.2588895  -1.20696056]
2.279752799999999,[-1.04672062  0.41093794 -1.10575831],[ 0.69101536  0.26219186 -1.20595825]
2.2900355999999977,[-1.04676223  0.41094527 -1.10567403],[ 0.69198161  0.26332533 -1.20564187]
2.2992817,[-1.04679036  0.41096005 -1.1056155 ],[ 0.69265759  0.26409474 -1.20539546]
2.3078850999999982,[-1.04681551  0.41095516 -1.1055609 ],[ 0.69331712  0.26484397 -1.20518625]
2.3180292,[-1.04684854  0.4109599  -1.10551596],[ 0.69403434  0.26560673 -1.20499742]
2.3283001999999993,[-1.04691434  0.41096309 -1.10546207],[ 0.69521791  0.26672885 -1.20469785]
2.3358337000000002,[-1.04695463  0.4109703  -1.10543275],[ 0.69601679  0.26745811 -1.20450556]
2.3445693999999992,[-1.04699254  0.41099232 -1.10539508],[ 0.69687092  0.2682592  -1.20432162]
2.3523644999999984,[-1.04703999  0.41102171 -1.10537207],[ 0.69768429  0.26905313 -1.20415425]
2.360604099999998,[-1.04709077  0.41105512 -1.10534954],[ 0.69858861  0.26986659 -1.20397604]
2.3692832,[-1.04712903  0.41108072 -1.10533392],[ 0.6995073   0.27063736 -1.20380294]
2.3771869,[-1.0471617   0.41111457 -1.10530949],[ 0.70046407  0.27147025 -1.20361614]
2.3864344000000006,[-1.04720616  0.41117138 -1.105299  ],[ 0.70140433  0.27225599 -1.20349598]
2.394923099999998,[-1.0472368   0.41122067 -1.1052916 ],[ 0.70243251  0.27301189 -1.20334506]
2.402812599999999,[-1.04727864  0.41129655 -1.10526645],[ 0.70345098  0.27375031 -1.20320463]
2.4106201999999985,[-1.04732585  0.4114027  -1.1052444 ],[ 0.70448321  0.27455544 -1.20305371]
2.419690000000001,[-1.04737985  0.41152316 -1.10521543],[ 0.70554769  0.27530199 -1.20296228]
2.4282765999999985,[-1.04742146  0.41164467 -1.10518646],[ 0.70662123  0.27604055 -1.20282924]
2.4374993999999983,[-1.04745543  0.4117732  -1.10516369],[ 0.7077201   0.27678052 -1.20271289]
2.4477053999999985,[-1.04750907  0.41196057 -1.10515475],[ 0.70945883  0.27782238 -1.20254898]
2.456463600000001,[-1.04753458  0.41207874 -1.10514128],[ 0.71060389  0.2785013  -1.20246089]
2.4652741000000002,[-1.04755521  0.41218925 -1.10514462],[ 0.71178216  0.2791535  -1.20236707]
2.4734992999999985,[-1.04757512  0.41231233 -1.10514224],[ 0.71298212  0.2798259  -1.20223641]
2.4817769999999992,[-1.04759002  0.41245431 -1.10514557],[ 0.71414274  0.28048086 -1.20213008]
2.4902707999999993,[-1.0476234   0.41259125 -1.10513878],[ 0.71536225  0.28111553 -1.20205247]
2.4979481000000003,[-1.04765368  0.41272995 -1.10513723],[ 0.71654558  0.28174463 -1.20194888]
2.506345099999999,[-1.04766881  0.41285765 -1.10513806],[ 0.71774882  0.28232148 -1.20184135]
2.5146166999999995,[-1.04769111  0.41300222 -1.10514104],[ 0.7190752   0.28285548 -1.20174766]
2.5235006,[-1.04771578  0.41314977 -1.1051445 ],[ 0.72027773  0.28344664 -1.201635  ]
2.531258199999998,[-1.04773736  0.41329756 -1.10515344],[ 0.72153878  0.28393108 -1.20155346]
2.5404107000000007,[-1.0477612   0.41345832 -1.10515738],[ 0.7227447   0.2844353  -1.20146513]
2.548021099999998,[-1.04779589  0.41362521 -1.10516632],[ 0.72399598  0.28488898 -1.2013706 ]
2.556109900000001,[-1.0478183   0.41379762 -1.10518098],[ 0.72520339  0.28535968 -1.20127952]
2.564798399999999,[-1.04783332  0.41396567 -1.10519862],[ 0.72643143  0.28580821 -1.2012012 ]
2.5727199999999986,[-1.0478394   0.41412234 -1.10522079],[ 0.72765422  0.28621599 -1.20113969]
2.5797684000000007,[-1.04782891  0.41419303 -1.10523558],[ 0.72828436  0.28639424 -1.20109117]
2.5883477999999993,[-1.04781985  0.41436219 -1.10525322],[ 0.72951096  0.2867589  -1.20101118]
2.5980331000000003,[-1.04781091  0.4146415  -1.10529101],[ 0.73150718  0.28737542 -1.20093977]
2.6062531999999994,[-1.04780519  0.4148469  -1.10531712],[ 0.73276138  0.28772864 -1.20085156]
2.6151672999999978,[-1.04780412  0.41507813 -1.10534525],[ 0.73418689  0.28803658 -1.20077705]
2.6239600999999997,[-1.04780185  0.41533655 -1.10536849],[ 0.73555923  0.28834063 -1.200688  ]
2.6325363,[-1.04780757  0.41558433 -1.10540318],[ 0.73691458  0.28864262 -1.20058453]
2.6406709999999993,[-1.04779923  0.415831   -1.10543871],[ 0.73836207  0.28888717 -1.20053256]
2.6501478999999986,[-1.04778445  0.41608253 -1.10547471],[ 0.7397514   0.28909028 -1.20043623]
2.6579175999999993,[-1.04777944  0.41635948 -1.10550714],[ 0.74115068  0.28927952 -1.2003355 ]
2.666863300000001,[-1.0477581   0.41664875 -1.10554135],[ 0.74251646  0.28943795 -1.20024645]
2.6775806000000006,[-1.04775167  0.41710284 -1.10558832],[ 0.74451005  0.28965858 -1.20010293]
2.6855668999999995,[-1.04775655  0.41742224 -1.10561514],[ 0.74593085  0.2897428  -1.20006347]
2.6943575999999982,[-1.04776323  0.41775429 -1.10566306],[ 0.74721342  0.28980595 -1.19997978]
2.704725599999998,[-1.04776597  0.41809535 -1.10569239],[ 0.74851161  0.28984571 -1.19984066]
2.713423099999998,[-1.04775786  0.41845703 -1.10573494],[ 0.74987441  0.28984788 -1.19979572]
2.7240807999999976,[-1.047755    0.41903895 -1.10577703],[ 0.75181121  0.2898787  -1.19961822]
2.733917400000001,[-1.04774439  0.41947329 -1.10580158],[ 0.75313115  0.28987277 -1.19956875]
2.7438370999999986,[-1.0477494   0.42013913 -1.10584199],[ 0.75502586  0.28983346 -1.19936621]
2.7532315999999977,[-1.04775465  0.42057806 -1.10588133],[ 0.75635004  0.28979883 -1.19922543]
2.7618825000000005,[-1.04774177  0.42098361 -1.10591066],[ 0.75761855  0.2897487  -1.19918811]
2.7713766999999994,[-1.04772413  0.42139545 -1.10596287],[ 0.75889742  0.28967628 -1.19896185]
2.7812277000000005,[-1.04771221  0.42202273 -1.10604429],[ 0.76075345  0.28954867 -1.19878149]
2.789640799999999,[-1.04771483  0.42250529 -1.10611022],[ 0.76200962  0.28942698 -1.19867897]
2.7985315999999987,[-1.04771531  0.42301199 -1.10616767],[ 0.76312798  0.2893959  -1.19851005]
2.8061193999999983,[-1.0477128   0.42349476 -1.10620952],[ 0.76427323  0.28931969 -1.19838715]
2.8148321999999997,[-1.04769659  0.42399079 -1.10625291],[ 0.76542497  0.28927642 -1.1982553 ]
2.8228191999999996,[-1.04768658  0.42449734 -1.10629761],[ 0.76655149  0.2892141  -1.19808054]
2.8324660999999995,[-1.04767382  0.42500308 -1.10636818],[ 0.76758856  0.28925338 -1.19778407]
2.8396264999999996,[-1.04764271  0.42550373 -1.10644078],[ 0.76869988  0.2891959  -1.19759274]
2.848411499999999,[-1.04758775  0.42601648 -1.10649812],[ 0.76976925  0.28914121 -1.19752872]
2.8565518999999977,[-1.04754913  0.42656329 -1.10655141],[ 0.77079153  0.28915375 -1.19720948]
2.8651976999999977,[-1.04748511  0.42712691 -1.1066128 ],[ 0.77177811  0.28926268 -1.19685686]
2.873025199999999,[-1.04743171  0.42769134 -1.1066761 ],[ 0.77283674  0.28917035 -1.1968025 ]
2.881230999999998,[-1.04735148  0.42822433 -1.10674715],[ 0.77379578  0.289161   -1.19659734]
2.889733299999998,[-1.04724097  0.42874458 -1.10681152],[ 0.77472681  0.28921843 -1.19626093]
2.898543599999998,[-1.04712796  0.4292773  -1.10687065],[ 0.77570963  0.28919107 -1.19603193]
2.9063231,[-1.04702246  0.42984498 -1.10693002],[ 0.77668178  0.28916726 -1.19589412]
2.9146181,[-1.04690588  0.43040553 -1.10699224],[ 0.77762765  0.28914872 -1.19567657]
2.9231390999999984,[-1.04674816  0.43095475 -1.10704064],[ 0.77846277  0.28916991 -1.19539046]
2.9311179999999997,[-1.04658294  0.43148041 -1.10709035],[ 0.77938151  0.28917024 -1.19517171]
2.9404436999999977,[-1.04644966  0.43201804 -1.10713911],[ 0.7802586   0.28916234 -1.19495356]
2.9482972000000007,[-1.04628229  0.43254775 -1.10718119],[ 0.7811026   0.28909436 -1.19483125]
2.956778599999998,[-1.04604995  0.43305466 -1.10719955],[ 0.78193873  0.28908619 -1.19454813]
2.9650783999999977,[-1.04582536  0.43356588 -1.10722709],[ 0.7827487   0.28904921 -1.19434321]
2.9736817999999996,[-1.04558849  0.43406162 -1.10725605],[ 0.78355157  0.28896978 -1.19416928]
2.9818522000000005,[-1.04531598  0.4345952  -1.10728252],[ 0.78433406  0.28888607 -1.19399464]
2.9894127999999984,[-1.04502881  0.43507445 -1.10730052],[ 0.78511709  0.28879589 -1.19386399]
2.996880899999999,[-1.04487395  0.43532041 -1.1072948 ],[ 0.78549087  0.28875646 -1.1937865 ]
3.006287800000001,[-1.04435647  0.43600771 -1.10727561],[ 0.78657639  0.28865263 -1.19342422]
3.0150409999999983,[-1.0439893   0.4364582  -1.10725355],[ 0.78732306  0.28854656 -1.193241  ]
3.0228546000000005,[-1.04357815  0.43689629 -1.10723603],[ 0.7880677   0.28840372 -1.19302714]
3.0318518999999977,[-1.04313302  0.4372853  -1.10721779],[ 0.78879648  0.28826234 -1.1928376 ]
3.0395850999999983,[-1.04264987  0.43765557 -1.10719013],[ 0.78951925  0.28809828 -1.19269478]
3.0486208999999977,[-1.04214418  0.43803924 -1.10711765],[ 0.79025751  0.28794873 -1.19256473]
3.0564586999999985,[-1.04162335  0.43839911 -1.10706675],[ 0.79107755  0.28771839 -1.19254494]
3.06452,[-1.04106891  0.43875846 -1.10700285],[ 0.79181737  0.28757086 -1.19239914]
3.0729480999999996,[-1.04050994  0.43910092 -1.10694325],[ 0.79247481  0.28756648 -1.19209921]
3.081219499999998,[-1.03990734  0.43943322 -1.10686612],[ 0.79322582  0.2874456  -1.1919589 ]
3.0897869999999994,[-1.03928685  0.43974891 -1.10678136],[ 0.79399884  0.28730461 -1.19186115]
3.098537800000001,[-1.03861809  0.44001001 -1.10669827],[ 0.79481751  0.2871187  -1.19181168]
3.1071596999999986,[-1.03795636  0.44027701 -1.1066184 ],[ 0.79556525  0.28700686 -1.19168687]
3.115370699999998,[-1.03726745  0.44053566 -1.1065371 ],[ 0.79635042  0.2869252  -1.19156468]
3.1233755,[-1.03657818  0.44077715 -1.10642946],[ 0.79711896  0.28681645 -1.19153035]
3.131365399999998,[-1.03583574  0.44095922 -1.10632765],[ 0.79789495  0.28678268 -1.19132793]
3.139597199999999,[-1.03508031  0.44113895 -1.10621631],[ 0.79869962  0.28667071 -1.19125557]
3.1483283999999987,[-1.03430605  0.44128609 -1.1061213 ],[ 0.79953533  0.28657764 -1.19119859]
3.156623099999999,[-1.03356159  0.44147503 -1.10599864],[ 0.80035853  0.28640902 -1.19125402]
3.1649259999999995,[-1.03274953  0.44160512 -1.10589373],[ 0.80121136  0.28626963 -1.19116378]
3.1735810000000004,[-1.03194559  0.44172871 -1.10576558],[ 0.80207187  0.28605875 -1.19132423]
3.1814228999999994,[-1.03115714  0.4418672  -1.10566652],[ 0.80294043  0.28598335 -1.19128585]
3.1894399999999994,[-1.03033471  0.44200516 -1.10554886],[ 0.80375695  0.28585947 -1.19133139]
3.198034699999999,[-1.02950585  0.44211531 -1.10542345],[ 0.80457079  0.28575194 -1.19129729]
3.2062316999999982,[-1.02865899  0.44225231 -1.10528314],[ 0.80545455  0.28563446 -1.19130194]
3.215228699999999,[-1.02785659  0.44235212 -1.10514832],[ 0.8063454   0.2854678  -1.19144559]
3.2228221999999977,[-1.02698135  0.44245365 -1.10498488],[ 0.80720371  0.28535309 -1.19144452]
3.2315918999999997,[-1.02610219  0.44254711 -1.10482645],[ 0.80813432  0.28511247 -1.19173861]
3.2395405999999998,[-1.02523911  0.44263035 -1.10470855],[ 0.80899829  0.28498849 -1.19182158]
3.248455299999998,[-1.02439463  0.4427014  -1.10460007],[ 0.80983794  0.28482467 -1.19192886]
3.2563201999999993,[-1.02348959  0.44280052 -1.10449982],[ 0.81072628  0.28470844 -1.19205761]
3.264408900000001,[-1.02259576  0.44288188 -1.10439599],[ 0.81159985  0.28458434 -1.19217741]
3.273030699999998,[-1.0216912   0.44292912 -1.10428023],[ 0.81243491  0.28438333 -1.19229007]
3.2811947999999997,[-1.02080905  0.44300342 -1.10416412],[ 0.8133021   0.28419891 -1.19241214]
3.2902573999999998,[-1.01990223  0.4431057  -1.1040318 ],[ 0.8141824   0.2839883  -1.19257462]
3.2978194,[-1.01903915  0.44319177 -1.10392261],[ 0.81494886  0.28380302 -1.19266665]
3.306176800000001,[-1.01818633  0.4433046  -1.10380375],[ 0.81572247  0.2836318  -1.19267583]
3.3145802,[-1.01729774  0.44341174 -1.10366178],[ 0.81652677  0.28334394 -1.19294775]
3.323849000000001,[-1.01641822  0.44356966 -1.10351062],[ 0.81724679  0.2830832  -1.19308376]
3.3330964000000005,[-1.0155617   0.44372118 -1.10338414],[ 0.81792623  0.28282759 -1.19321752]
3.3419158999999983,[-1.01465333  0.44385967 -1.10325921],[ 0.81862265  0.28252947 -1.19335496]
3.3505228999999996,[-1.01375329  0.44396758 -1.10312521],[ 0.81931555  0.28220853 -1.19347882]
3.358748499999999,[-1.01287377  0.44409269 -1.10302281],[ 0.81997186  0.2818751  -1.19365644]
3.3669002999999993,[-1.01200688  0.44420964 -1.10294187],[ 0.82057428  0.28158179 -1.19378853]
3.377665500000001,[-1.01070964  0.44444019 -1.10280573],[ 0.82146817  0.28111205 -1.1940335 ]
3.3864231,[-1.00986314  0.44461438 -1.10268641],[ 0.82205504  0.28079042 -1.19416654]
3.3949055999999995,[-1.0090642   0.44478717 -1.10257041],[ 0.82260257  0.28047943 -1.19431138]
3.4027322999999985,[-1.0082289   0.44497243 -1.1024406 ],[ 0.82313919  0.28012544 -1.19447792]
3.410232800000001,[-1.00734794  0.44513121 -1.10232627],[ 0.82363063  0.27975175 -1.19466555]
3.419394800000001,[-1.006531    0.44528583 -1.1022383 ],[ 0.82411379  0.27936956 -1.1948266 ]
3.4272200999999978,[-1.0056771   0.44544873 -1.10217619],[ 0.82457608  0.27896652 -1.19499373]
3.4352867000000007,[-1.0048573   0.44556412 -1.10211968],[ 0.82501513  0.27857503 -1.1951654 ]
3.443799399999998,[-1.00404227  0.44570097 -1.10209382],[ 0.82543665  0.27817041 -1.19534302]
3.452021399999998,[-1.00326562  0.44582987 -1.10207856],[ 0.82582039  0.27779379 -1.19550943]
3.4611393999999986,[-1.00248373  0.44594595 -1.10206568],[ 0.82621485  0.27740231 -1.19564915]
3.4686505999999984,[-1.00176442  0.4460977  -1.10206151],[ 0.82660449  0.27703172 -1.19579315]
3.4782405999999977,[-1.00101519  0.44623804 -1.10202968],[ 0.82697773  0.27666414 -1.19594312]
3.486313300000001,[-1.00029826  0.44636855 -1.10203326],[ 0.82733345  0.27627397 -1.19606948]
3.4937549000000008,[-0.99959916  0.44651553 -1.10204637],[ 0.82768738  0.27585223 -1.19621754]
3.502347500000001,[-0.99890906  0.44666567 -1.1020633 ],[ 0.82797718  0.27547306 -1.1963619 ]
3.5105211,[-0.99823838  0.44681957 -1.10209215],[ 0.82825911  0.2751092  -1.19651473]
3.5187289999999987,[-0.99757504  0.44695961 -1.10210872],[ 0.82851726  0.27474076 -1.19665158]
3.5270983000000005,[-0.99690276  0.44702968 -1.1021378 ],[ 0.82876015  0.27436763 -1.19678438]
3.5361949,[-0.99622393  0.4470976  -1.10220373],[ 0.82900041  0.27400094 -1.19690251]
3.5444276000000006,[-0.99558616  0.44713351 -1.10228217],[ 0.82925248  0.27360535 -1.19702911]
3.553015199999999,[-0.99494898  0.44713801 -1.10236812],[ 0.8294369   0.27320877 -1.19716072]
3.5605111999999988,[-0.9943108   0.44714475 -1.10246181],[ 0.82957011  0.27283466 -1.19726849]
3.5695162999999983,[-0.99368793  0.44714126 -1.10255194],[ 0.82967502  0.27248135 -1.19732153]
3.5773278999999985,[-0.99311215  0.4471319  -1.10264587],[ 0.82976085  0.27212855 -1.19743621]
3.585915299999998,[-0.99251521  0.4471187  -1.10273898],[ 0.82982785  0.27176568 -1.19754839]
3.5940895999999984,[-0.99195969  0.44709221 -1.10283697],[ 0.82988274  0.27141279 -1.19763935]
3.6027031999999988,[-0.99142981  0.44706553 -1.10294676],[ 0.82992345  0.27104515 -1.19783688]
3.6111774999999984,[-0.99088812  0.44703749 -1.1030364 ],[ 0.82991463  0.27069908 -1.19792163]
3.619781599999998,[-0.99034661  0.44699597 -1.10313857],[ 0.82985026  0.27033231 -1.19800556]
3.6283471999999986,[-0.98984998  0.44698372 -1.10322368],[ 0.82974583  0.26997477 -1.19806337]
3.6360790000000005,[-0.98938507  0.44695863 -1.10334313],[ 0.82961297  0.26967099 -1.19805956]
3.644167399999999,[-0.98896617  0.44697577 -1.1034404 ],[ 0.82946354  0.26936337 -1.19822049]
3.652011100000001,[-0.98852789  0.44697002 -1.10354161],[ 0.82925528  0.26904196 -1.1982832 ]
3.661253399999998,[-0.9881354   0.44693485 -1.10364246],[ 0.82903683  0.26871499 -1.19833457]
3.6693534000000003,[-0.98775762  0.44687688 -1.10377216],[ 0.82879394  0.26837343 -1.19838297]
3.6776874999999993,[-0.98740757  0.44683158 -1.10390639],[ 0.82851297  0.26801336 -1.19844091]
3.6853794000000004,[-0.98705596  0.44680345 -1.10403752],[ 0.82824945  0.26769719 -1.19849658]
3.6944280000000003,[-0.98670429  0.44678119 -1.10416126],[ 0.82788241  0.26737049 -1.19841588]
3.7021622999999995,[-0.98638946  0.4467653  -1.10429168],[ 0.82761848  0.26701087 -1.19857204]
3.7105739999999994,[-0.98611885  0.44676587 -1.10443079],[ 0.82724935  0.26671091 -1.19851804]
3.7189686999999996,[-0.98587281  0.44678867 -1.10458684],[ 0.82689738  0.26638269 -1.19865227]
3.727079399999999,[-0.98564178  0.44679213 -1.10471785],[ 0.82653016  0.26603696 -1.19864714]
3.7368611000000005,[-0.98541379  0.44679669 -1.10484564],[ 0.82622743  0.26568884 -1.19863641]
3.7451956999999982,[-0.98521477  0.44680285 -1.10498631],[ 0.82590014  0.26535466 -1.1987319 ]
3.754936800000001,[-0.98505265  0.44685209 -1.10515225],[ 0.82554048  0.26506224 -1.19869769]
3.7634080999999977,[-0.98489499  0.44691291 -1.10531187],[ 0.82524651  0.26475397 -1.1987505 ]
3.7735797999999985,[-0.98469818  0.44700095 -1.10556412],[ 0.82485127  0.2643407  -1.19881737]
3.781827899999998,[-0.98456854  0.44706157 -1.10573614],[ 0.8246181   0.26409319 -1.19887483]
3.789558399999999,[-0.98446816  0.44712853 -1.10593748],[ 0.8244583   0.26389793 -1.1989702 ]
3.798080399999998,[-0.98436296  0.44717735 -1.1061368 ],[ 0.82427162  0.26370835 -1.19897962]
3.8066350999999994,[-0.98424935  0.44717997 -1.10633802],[ 0.82412654  0.26348758 -1.19901085]
3.815706399999998,[-0.98414004  0.44718263 -1.10654306],[ 0.82400936  0.26327074 -1.19905651]
3.8235978,[-0.9840582   0.44720486 -1.10676146],[ 0.82389659  0.26307207 -1.19909906]
3.832029199999999,[-0.98400801  0.44726324 -1.10697448],[ 0.82378203  0.26290777 -1.19915283]
3.8395642,[-0.98396999  0.44734126 -1.10719335],[ 0.82370162  0.262734   -1.19917166]
3.848565299999999,[-0.98394126  0.44740987 -1.10740554],[ 0.82365352  0.26252028 -1.19924009]
3.856983699999999,[-0.98391467  0.4474788  -1.1076237 ],[ 0.82357597  0.26231372 -1.19926417]
3.865228799999999,[-0.98390853  0.44755882 -1.10785508],[ 0.82349932  0.26211646 -1.199301  ]
3.873641000000001,[-0.98390186  0.44762173 -1.10809505],[ 0.82342142  0.26187965 -1.19932294]
3.8820469999999982,[-0.98392433  0.44768646 -1.10834014],[ 0.82334983  0.26165232 -1.19935691]
3.8900360000000003,[-0.98394382  0.44774064 -1.10857022],[ 0.82328057  0.26143259 -1.19938993]
3.898161,[-0.9839682   0.44778839 -1.10882604],[ 0.82315469  0.26121891 -1.19940293]
3.9073382,[-0.98399591  0.4478018  -1.10909307],[ 0.82306594  0.26098189 -1.19946325]
3.9154040000000006,[-0.98402345  0.44778979 -1.10938537],[ 0.8229776   0.26070741 -1.1995374 ]
3.924010000000001,[-0.98405081  0.44776228 -1.10966802],[ 0.82289088  0.26043832 -1.19960737]
3.9319903000000007,[-0.9840917   0.44774294 -1.10995555],[ 0.82283497  0.26014689 -1.19970977]
3.9404103999999993,[-0.98414576  0.44770515 -1.11026239],[ 0.82273012  0.25986809 -1.19978595]
3.9482280999999997,[-0.98419827  0.44767398 -1.11059499],[ 0.82261533  0.25959679 -1.19987357]
3.9568449999999995,[-0.9842844   0.44765481 -1.11093676],[ 0.82244879  0.25934392 -1.1999054 ]
3.965085,[-0.98434687  0.4476203  -1.11125398],[ 0.82227546  0.2590698  -1.20000672]
3.973572299999999,[-0.98441613  0.44756559 -1.11157298],[ 0.82209915  0.25880638 -1.20010483]
3.9814856999999986,[-0.98445743  0.44749388 -1.11191642],[ 0.82190245  0.25854075 -1.20021415]
3.989779499999999,[-0.9845165   0.44739833 -1.11227083],[ 0.82173908  0.25826377 -1.20033991]
3.9985318000000003,[-0.98454976  0.44729555 -1.11260366],[ 0.82155126  0.25802556 -1.20042264]
4.006140099999998,[-0.98459309  0.44718948 -1.11294603],[ 0.82130986  0.25779009 -1.20049715]
4.014932100000001,[-0.98466301  0.4470914  -1.11329651],[ 0.82101291  0.25755814 -1.20055091]
4.0227021999999995,[-0.98475617  0.44702199 -1.11364985],[ 0.82072556  0.25734514 -1.20063472]
4.0312277000000005,[-0.98486376  0.44695368 -1.11399519],[ 0.82040113  0.25713664 -1.20070982]
4.039746799999998,[-0.98494095  0.44687125 -1.11432004],[ 0.82006657  0.2569105  -1.20077455]
4.048532700000001,[-0.9849959   0.44675598 -1.11467063],[ 0.81972986  0.25667432 -1.20083916]
4.056805199999998,[-0.9850691   0.44660342 -1.11504436],[ 0.81942534  0.25645441 -1.20090628]
4.065345500000001,[-0.98512203  0.4464232  -1.11543989],[ 0.81910861  0.25624385 -1.20099747]
4.0744661,[-0.98516613  0.44623765 -1.11583519],[ 0.81867957  0.25601283 -1.2010051 ]
4.081799899999998,[-0.98519444  0.44605276 -1.11622918],[ 0.81828493  0.25578102 -1.20105612]
4.0899439,[-0.98523152  0.44587505 -1.11660707],[ 0.81787395  0.25555691 -1.20109391]
4.0979855999999995,[-0.9852941   0.44572493 -1.11700225],[ 0.81744939  0.25537401 -1.20113325]
4.1066041,[-0.9853422   0.44557673 -1.11737335],[ 0.81701767  0.25518066 -1.20118034]
4.114391799999998,[-0.98536426  0.44548699 -1.11755383],[ 0.81681162  0.25508547 -1.20119727]
4.130981099999998,[-0.9854666   0.44524977 -1.11810923],[ 0.81618696  0.25478506 -1.20124578]
4.1523734,[-0.98573869  0.44493276 -1.11907041],[ 0.81502438  0.2542195  -1.20131516]
4.161825200000001,[-0.985883    0.44471315 -1.11980736],[ 0.81408721  0.25377673 -1.20135331]
4.172999499999998,[-0.98602593  0.44454601 -1.12040854],[ 0.81337577  0.25342995 -1.20141172]
4.183018500000001,[-0.98612094  0.44445524 -1.12077701],[ 0.81290883  0.2531836  -1.20146692]
4.192141099999999,[-0.98620909  0.44434315 -1.12116063],[ 0.81245422  0.25292888 -1.20147729]
4.202401099999998,[-0.98633593  0.444222   -1.12170517],[ 0.81178391  0.25254327 -1.20154142]
4.2116861,[-0.9864338   0.44417903 -1.12206793],[ 0.81132531  0.25227952 -1.20161331]
4.221459399999999,[-0.9865281   0.4441222  -1.12245524],[ 0.81086606  0.25204942 -1.20167601]
4.231098600000001,[-0.98666906  0.44405183 -1.12302661],[ 0.81020594  0.25165978 -1.20173728]
4.239882799999998,[-0.98676974  0.44400388 -1.12340403],[ 0.80977225  0.25140601 -1.20178056]
4.248629899999999,[-0.98688316  0.44396517 -1.12378693],[ 0.80935985  0.25114784 -1.20183945]
4.256624699999998,[-0.98695368  0.44389787 -1.12417698],[ 0.80896205  0.2508646  -1.20192432]
4.265245899999998,[-0.98703319  0.44384491 -1.12454545],[ 0.80856466  0.25052586 -1.20199716]
4.274233499999999,[-0.98710233  0.4437952  -1.12490201],[ 0.80816227  0.25023165 -1.20205009]
4.281828199999998,[-0.98716909  0.44379079 -1.12525499],[ 0.80772257  0.24995513 -1.20211148]
4.2895756999999985,[-0.98726207  0.44380009 -1.12560105],[ 0.80729842  0.24965835 -1.20219004]
4.297707600000001,[-0.98732919  0.44379961 -1.1259433 ],[ 0.80687875  0.24933968 -1.20226324]
4.306947299999999,[-0.98737735  0.44381085 -1.12627137],[ 0.80648947  0.24898776 -1.20232236]
4.314525699999999,[-0.98743278  0.44380453 -1.12660921],[ 0.80610085  0.24864691 -1.20239532]
4.3238509999999994,[-0.98749012  0.44380558 -1.1269623 ],[ 0.8057192   0.24834721 -1.20246625]
4.332051999999999,[-0.98753142  0.44383776 -1.12729955],[ 0.80531836  0.2480202  -1.20254898]
4.340302499999998,[-0.98755962  0.4438656  -1.12762821],[ 0.80492473  0.24771358 -1.20260227]
4.348030799999998,[-0.987611    0.44390205 -1.12795377],[ 0.80452436  0.24743181 -1.20267403]
4.356167300000001,[-0.98766023  0.44393077 -1.12830293],[ 0.80411369  0.24712197 -1.20275259]
4.364574899999999,[-0.98770785  0.44394657 -1.12863111],[ 0.80368978  0.24681248 -1.20282328]
4.373522899999999,[-0.98772657  0.44392684 -1.12896562],[ 0.80325991  0.24647756 -1.20286024]
4.382146499999999,[-0.98773843  0.44389567 -1.1293    ],[ 0.80282569  0.24611679 -1.20289171]
4.3896619999999995,[-0.98774225  0.4438743  -1.1296227 ],[ 0.80240548  0.24579649 -1.20292318]
4.398330799999998,[-0.9877466   0.44385788 -1.1299597 ],[ 0.80198514  0.24547584 -1.20297778]
4.406947699999998,[-0.98777807  0.4438566  -1.1302557 ],[ 0.80152494  0.24513562 -1.20304263]
4.415729300000001,[-0.98782766  0.44385305 -1.13054574],[ 0.80108094  0.24482636 -1.20309091]
4.424592500000001,[-0.98789155  0.44384849 -1.13083196],[ 0.8006478   0.24449044 -1.20313489]
4.432732700000001,[-0.98795646  0.44379097 -1.13112879],[ 0.80019462  0.24415776 -1.20318067]
4.442662199999999,[-0.98801225  0.44369832 -1.13143158],[ 0.79975319  0.24383396 -1.20323598]
4.453436999999999,[-0.9880904   0.44352186 -1.13185775],[ 0.79911274  0.24338186 -1.20330024]
4.465047499999999,[-0.98820049  0.4433735  -1.13225377],[ 0.79852104  0.24298225 -1.20340288]
4.474356599999998,[-0.98829627  0.44330925 -1.13251197],[ 0.79805636  0.24273808 -1.20338225]
4.484488699999998,[-0.98840487  0.44324288 -1.13276148],[ 0.79759407  0.24250567 -1.20341742]
4.495174199999999,[-0.98858893  0.44311279 -1.13313019],[ 0.79695708  0.24214092 -1.20346391]
4.505139899999998,[-0.98870075  0.44297838 -1.13336217],[ 0.79655939  0.24185815 -1.20350993]
4.514648599999999,[-0.98884469  0.44280759 -1.13369131],[ 0.79596031  0.24147591 -1.20356667]
4.522806000000001,[-0.98893285  0.4426986  -1.13389063],[ 0.79555452  0.24124444 -1.20359743]
4.531257899999998,[-0.98901427  0.44261476 -1.13408577],[ 0.79516232  0.24101536 -1.2036159 ]
4.540321499999999,[-0.98909968  0.44254309 -1.1342696 ],[ 0.794783    0.24078563 -1.20364773]
4.548203499999998,[-0.98917043  0.44250447 -1.13444483],[ 0.79440409  0.24059294 -1.20368278]
4.5568235999999995,[-0.98925585  0.44248274 -1.13461769],[ 0.79403782  0.24038149 -1.20371389]
4.565168999999999,[-0.98933852  0.4424389  -1.13478291],[ 0.79367441  0.24015559 -1.20376968]
4.5734288,[-0.98942012  0.44236758 -1.1349504 ],[ 0.79332292  0.23992649 -1.20378411]
4.5817648,[-0.98949289  0.44229802 -1.13510716],[ 0.79298544  0.23969249 -1.20379627]
4.589547599999998,[-0.98957837  0.44224137 -1.13524508],[ 0.79265267  0.23946755 -1.20382977]
4.598038300000001,[-0.98967052  0.442202   -1.13537788],[ 0.79231828  0.23925138 -1.20387232]
4.606125199999999,[-0.98975968  0.44213843 -1.13550198],[ 0.79199302  0.23905946 -1.20390582]
4.615316999999999,[-0.98984647  0.44207823 -1.13561332],[ 0.79167306  0.23885591 -1.20392656]
4.623232700000001,[-0.98994285  0.44200921 -1.13573647],[ 0.79137236  0.23865674 -1.20394886]
4.6320611,[-0.99002981  0.44191188 -1.13586497],[ 0.79106706  0.23845696 -1.20396399]
4.6403382,[-0.99011821  0.44181022 -1.13599026],[ 0.79076588  0.23829125 -1.20397496]
4.648971299999998,[-0.99019098  0.44168657 -1.13610339],[ 0.79049438  0.2381119  -1.20396471]
4.656477099999998,[-0.99027318  0.44157159 -1.13621533],[ 0.79021525  0.23793009 -1.20395947]
4.6645959,[-0.99037588  0.44146094 -1.13632882],[ 0.78995281  0.2377637  -1.20395708]
4.673692600000001,[-0.99046594  0.44134584 -1.13643956],[ 0.78970909  0.23760174 -1.20397103]
4.681999299999999,[-0.9905532   0.44122386 -1.13653553],[ 0.78947324  0.23745027 -1.20397079]
4.689871999999999,[-0.99061549  0.4410848  -1.13662386],[ 0.78927016  0.23728593 -1.20397615]
4.6981684999999995,[-0.99066418  0.44092536 -1.13671148],[ 0.78908062  0.23710422 -1.20397747]
4.706404699999998,[-0.9907248   0.44076002 -1.13680816],[ 0.78888655  0.23692232 -1.20398116]
4.714765399999999,[-0.99076676  0.44059423 -1.13690031],[ 0.78868508  0.23673657 -1.20396268]
4.723835299999999,[-0.99080604  0.44038862 -1.13697159],[ 0.78851688  0.23659331 -1.20394146]
4.7317175,[-0.99085265  0.440171   -1.13702583],[ 0.78833437  0.23647189 -1.2039119 ]
4.740303599999999,[-0.99091023  0.43992981 -1.13709974],[ 0.78815812  0.23634735 -1.20388615]
4.748747,[-0.990982    0.43967882 -1.13718307],[ 0.78799307  0.23620532 -1.20386136]
4.756887099999998,[-0.99102747  0.43940079 -1.13725615],[ 0.78785032  0.23606558 -1.20382321]
4.765110999999999,[-0.99107331  0.4391048  -1.13732302],[ 0.78772503  0.23592825 -1.20377016]
4.773595800000001,[-0.991117    0.43882698 -1.13737917],[ 0.78760076  0.23579298 -1.2037282 ]
4.781827599999998,[-0.99117219  0.43856445 -1.1374352 ],[ 0.78746372  0.23567216 -1.20370054]
4.7894399,[-0.99123162  0.43830606 -1.13748455],[ 0.78732789  0.23555526 -1.20366168]
4.797742099999999,[-0.99128246  0.43805543 -1.13753176],[ 0.78721046  0.23544015 -1.2036382 ]
4.806051500000001,[-0.9913286   0.43780348 -1.13756537],[ 0.78710169  0.23531935 -1.20361602]
4.815285399999999,[-0.9913674   0.43754721 -1.13761258],[ 0.78700095  0.23518093 -1.20358312]
4.823555600000001,[-0.99139822  0.43729746 -1.13765252],[ 0.78691143  0.23505154 -1.20354545]
4.831897799999998,[-0.99140215  0.43704939 -1.13770843],[ 0.78685755  0.23486505 -1.20350933]
4.840232599999998,[-0.99139035  0.43680188 -1.13774335],[ 0.78677475  0.23474848 -1.20347822]
4.849089099999999,[-0.99139208  0.43657646 -1.13776696],[ 0.78669274  0.23464052 -1.2034409 ]
4.856882399999998,[-0.99139118  0.43635926 -1.13780642],[ 0.78661877  0.23453809 -1.20340455]
4.8653680999999995,[-0.99130362  0.43610659 -1.13784897],[ 0.78653735  0.23443621 -1.20337939]
4.873829800000001,[-0.99130678  0.43587884 -1.13788426],[ 0.78646541  0.23433487 -1.20335352]
4.881978200000001,[-0.99128819  0.43562123 -1.13792324],[ 0.78641731  0.23420389 -1.20331264]
4.8913341,[-0.99129468  0.4353717  -1.13796771],[ 0.78637356  0.23406716 -1.20327473]
4.8994067999999995,[-0.99129462  0.43512738 -1.13801849],[ 0.78632498  0.23393354 -1.20323217]
4.907690999999998,[-0.99128342  0.43489531 -1.13806367],[ 0.78628308  0.2338195  -1.20320165]
4.916490399999999,[-0.99127918  0.43468308 -1.13808489],[ 0.78622621  0.23370366 -1.20316494]
4.925172899999998,[-0.99126953  0.43447644 -1.13812101],[ 0.7861824   0.23359616 -1.20311594]
4.933921,[-0.9912737   0.43427345 -1.13816094],[ 0.78613305  0.23349676 -1.20307922]
4.943899700000001,[-0.9912706   0.43398786 -1.138219  ],[ 0.78607768  0.23332627 -1.20301449]
4.952571399999998,[-0.99126744  0.43380782 -1.13824058],[ 0.78606117  0.23319685 -1.20296288]
4.960872499999999,[-0.99126279  0.43364474 -1.13827372],[ 0.78602797  0.23306099 -1.2028985 ]
4.970662799999998,[-0.99125469  0.43352264 -1.13830447],[ 0.78597468  0.23295376 -1.20283079]
4.978371099999999,[-0.99125457  0.43345541 -1.13832152],[ 0.7859081   0.23284829 -1.20277858]
4.986300399999999,[-0.99125439  0.43341383 -1.13832855],[ 0.78584933  0.2327228  -1.20270514]
4.994614699999998,[-0.99122673  0.433393   -1.13833535],[ 0.78577131  0.23258905 -1.2026242 ]
5.0027597,[-0.99120015  0.43337595 -1.13834405],[ 0.78566968  0.23243923 -1.20253921]
5.011052900000001,[-0.99115908  0.43336499 -1.13836396],[ 0.78556937  0.23226719 -1.20246482]
5.019898400000001,[-0.9911074   0.43336096 -1.13838923],[ 0.78546566  0.23206224 -1.20238018]
5.0282395,[-0.99105412  0.43334484 -1.13838542],[ 0.78536642  0.23183911 -1.20229971]
5.0368175,[-0.99100077  0.43334368 -1.13839662],[ 0.7852453   0.23164214 -1.20220673]
5.046689800000001,[-0.99095535  0.43336475 -1.1384027 ],[ 0.78511751  0.23145382 -1.2021029 ]
5.054726399999998,[-0.99091828  0.43339664 -1.13839805],[ 0.78495634  0.23127215 -1.20199895]
5.063318499999999,[-0.9908725   0.4334029  -1.13839793],[ 0.78480917  0.23105025 -1.2018944 ]
5.0729664,[-0.99080759  0.43339524 -1.1383934 ],[ 0.78460622  0.23071426 -1.20175481]
5.0812103,[-0.99076051  0.43338287 -1.13839459],[ 0.7844786   0.23049001 -1.20167434]
5.0895034,[-0.9907167   0.43336797 -1.13839209],[ 0.78433633  0.23028012 -1.20159185]
5.097940599999999,[-0.99067771  0.43334705 -1.13838375],[ 0.78418511  0.23006403 -1.2015084 ]
5.1064977,[-0.99062884  0.43331686 -1.1383791 ],[ 0.78403664  0.22986579 -1.20144498]
5.114674799999998,[-0.99061161  0.43330163 -1.13836575],[ 0.78387451  0.22967178 -1.20139813]
5.123093499999998,[-0.99057484  0.43325597 -1.13836372],[ 0.78372681  0.22947557 -1.20134354]
5.131328699999999,[-0.99052721  0.43319407 -1.13836479],[ 0.78359151  0.22927687 -1.20129442]
5.140322799999998,[-0.99047738  0.43311045 -1.13837433],[ 0.78345358  0.22907999 -1.20123506]
5.148165799999999,[-0.99042106  0.43302509 -1.13838696],[ 0.78333628  0.22887644 -1.20119226]
5.156207199999999,[-0.99036735  0.43292665 -1.13838768],[ 0.78321129  0.22867912 -1.20114601]
5.1650993,[-0.9903186   0.43283713 -1.13839602],[ 0.78308839  0.22848646 -1.20108724]
5.173595199999999,[-0.9902848   0.43275514 -1.13840401],[ 0.78296131  0.22831644 -1.20103633]
5.181340799999999,[-0.99025083  0.4326714  -1.13839555],[ 0.78283912  0.22816013 -1.20099223]
5.1896512999999995,[-0.99020779  0.43257737 -1.13839173],[ 0.78273427  0.22799003 -1.20095003]
5.198638000000001,[-0.99014771  0.43246782 -1.13840616],[ 0.78262746  0.22781929 -1.20091844]
5.2062384999999995,[-0.99008191  0.43236229 -1.13841975],[ 0.782534    0.22762743 -1.20088422]
5.215026700000001,[-0.99000877  0.43225792 -1.13842893],[ 0.78244495  0.22744521 -1.20084941]
5.223053999999999,[-0.98992318  0.43219042 -1.13842833],[ 0.78236592  0.22724688 -1.20080543]
5.2319078,[-0.98983824  0.43216071 -1.13843262],[ 0.78226966  0.22708444 -1.20077026]
5.239654100000001,[-0.98976207  0.43215641 -1.13843548],[ 0.78216255  0.22693247 -1.20074439]
5.248070099999998,[-0.98967177  0.43215781 -1.13847101],[ 0.78206211  0.22678176 -1.20072758]
5.257019999999999,[-0.98954928  0.43215883 -1.13847017],[ 0.781982    0.22661905 -1.20070338]
5.266970500000001,[-0.98941666  0.43217021 -1.13848913],[ 0.781892    0.22644486 -1.20065975]
5.277772499999999,[-0.98922706  0.43218577 -1.13853359],[ 0.78176874  0.2261541  -1.2006259 ]
5.285745499999999,[-0.98911804  0.43222433 -1.13856637],[ 0.78168732  0.22596997 -1.20060098]
5.293677300000001,[-0.9890188   0.43227884 -1.13856864],[ 0.78162545  0.22578755 -1.20058596]
5.302759199999999,[-0.98892593  0.43234465 -1.13857102],[ 0.78155309  0.22562329 -1.20058024]
5.310475599999998,[-0.98884165  0.43241552 -1.13856316],[ 0.7814759   0.22544368 -1.2005583 ]
5.3200609,[-0.98877817  0.43248048 -1.13856316],[ 0.78140354  0.2252721  -1.20055044]
5.327854099999998,[-0.98871851  0.43255487 -1.13857651],[ 0.78135639  0.22508961 -1.20055687]
5.337308800000001,[-0.9886536   0.43259883 -1.1385709 ],[ 0.78130645  0.22488183 -1.20054221]
5.3477446,[-0.98859143  0.43267566 -1.13856101],[ 0.78121519  0.2245972  -1.20052803]
5.356896300000001,[-0.98858076  0.43272814 -1.13854229],[ 0.7811569   0.22443809 -1.20052242]
5.3660461,[-0.98857254  0.43278787 -1.1385175 ],[ 0.7810989  0.224314  -1.2005111]
5.3734975999999985,[-0.98857993  0.43282157 -1.13849854],[ 0.78105116  0.22418787 -1.20049453]
5.3811941,[-0.98858052  0.43283436 -1.13846922],[ 0.78099805  0.22404186 -1.20047128]
5.3882776,[-0.98859483  0.43283421 -1.13846815],[ 0.78097391  0.22397982 -1.20046091]
5.3977004,[-0.98860812  0.4327825  -1.13846874],[ 0.78093523  0.22377926 -1.20044553]
5.406158199999998,[-0.98862034  0.43272203 -1.1384747 ],[ 0.78090316  0.22363485 -1.20043671]
5.415831899999999,[-0.9886331   0.4326489  -1.13846648],[ 0.78087032  0.22349127 -1.20040309]
5.423687199999998,[-0.98867011  0.43256265 -1.13846576],[ 0.78083909  0.22336698 -1.20038414]
5.431946399999999,[-0.98872286  0.43246761 -1.13847888],[ 0.78079867  0.22325476 -1.20036125]
5.439785899999999,[-0.98879939  0.43236327 -1.13847733],[ 0.78075898  0.22315824 -1.2003392 ]
5.447993200000001,[-0.98886418  0.4322283  -1.138484  ],[ 0.78073364  0.22304904 -1.20032465]
5.456475799999998,[-0.9889487   0.43208277 -1.13848603],[ 0.78072387  0.2229286  -1.20029771]
5.4643180000000005,[-0.98904735  0.43193072 -1.13848603],[ 0.78070587  0.22281264 -1.20026588]
5.4728151,[-0.98913723  0.43176556 -1.1384877 ],[ 0.78070122  0.2227017  -1.20023465]
5.481206200000001,[-0.98924088  0.43159971 -1.13849986],[ 0.78071016  0.22259127 -1.20019794]
5.489542800000001,[-0.98935199  0.43146014 -1.13850045],[ 0.78068382  0.22248602 -1.20016623]
5.4976115,[-0.98946279  0.43132624 -1.138502  ],[ 0.78065807  0.22241788 -1.20012999]
5.506603,[-0.98955578  0.43116775 -1.13851273],[ 0.78063565  0.22235154 -1.20010769]
5.5148153,[-0.98964942  0.4310149  -1.13853431],[ 0.7806229   0.22227094 -1.20007753]
5.523514199999999,[-0.98972982  0.43085527 -1.13855338],[ 0.78060812  0.22218922 -1.20003808]
5.531345,[-0.98981124  0.43069643 -1.13857698],[ 0.78061533  0.2220858  -1.1999979 ]
5.5395162,[-0.98990327  0.43055916 -1.1386081 ],[ 0.78061885  0.22200094 -1.1999625 ]
5.546780199999999,[-0.98994958  0.43049175 -1.13862443],[ 0.78061223  0.221966   -1.19994545]
5.5569831999999995,[-0.99009526  0.43031317 -1.13867712],[ 0.78057307  0.22187196 -1.19990528]
5.5660197,[-0.99017769  0.43020725 -1.13870203],[ 0.78053814  0.2218186  -1.19987154]
5.575048000000001,[-0.99025422  0.43007195 -1.13872278],[ 0.78051209  0.22175419 -1.19984055]
5.584237499999999,[-0.99032629  0.42994484 -1.13875008],[ 0.78049111  0.22166845 -1.19981599]
5.592648800000001,[-0.99038696  0.42980635 -1.13878059],[ 0.78047085  0.22157884 -1.19977725]
5.602011599999999,[-0.99048442  0.42961413 -1.13881028],[ 0.78043795  0.22148919 -1.199718  ]
5.6103784,[-0.99055141  0.4295097  -1.13883626],[ 0.78040278  0.22144295 -1.19967473]
5.619450599999999,[-0.99063849  0.4294076  -1.1388607 ],[ 0.78036678  0.22139567 -1.19964325]
5.6293788,[-0.99071681  0.42931178 -1.13888133],[ 0.78032267  0.22135432 -1.19960606]
5.637677999999999,[-0.99080592  0.42921966 -1.13890493],[ 0.7802791   0.22131589 -1.1995728 ]
5.647475699999999,[-0.99089044  0.42905259 -1.13893735],[ 0.78021938  0.22125857 -1.19952047]
5.654942699999998,[-0.99091876  0.42899132 -1.1389451 ],[ 0.78019893  0.22124025 -1.19950283]
5.6654252,[-0.99097121  0.4287869  -1.13898563],[ 0.78012979  0.22115812 -1.19943738]
5.673264399999999,[-0.99101359  0.42867365 -1.13900876],[ 0.78007746  0.22112319 -1.19940352]
5.6812576,[-0.99106139  0.42857653 -1.13902998],[ 0.78002489  0.22109385 -1.19936383]
5.689502299999999,[-0.9911266   0.42850381 -1.13904989],[ 0.77995229  0.2210741  -1.19930899]
5.697944699999999,[-0.99118108  0.42843843 -1.1390599 ],[ 0.7798658   0.22106495 -1.19926465]
5.707375900000001,[-0.99123639  0.42839471 -1.13907933],[ 0.77980369  0.22102933 -1.19922996]
5.715607499999999,[-0.99128145  0.42834032 -1.13910484],[ 0.77973551  0.22100016 -1.19919026]
5.7239165,[-0.99131286  0.42828536 -1.1391145 ],[ 0.77967525  0.22095084 -1.19913638]
5.731412000000001,[-0.99134588  0.42823482 -1.13913786],[ 0.77960372  0.22090235 -1.19909978]
5.739838000000001,[-0.99137765  0.42818192 -1.13917589],[ 0.77952015  0.22087006 -1.19906974]
5.748569099999999,[-0.99139714  0.42816058 -1.13920796],[ 0.77944022  0.22084962 -1.19903517]
5.756146499999998,[-0.99141335  0.42815226 -1.13923872],[ 0.77936947  0.22083493 -1.19900525]
5.764574599999998,[-0.99142796  0.42816406 -1.13926446],[ 0.77929962  0.22080733 -1.19896233]
5.7739972999999996,[-0.99143845  0.42817867 -1.13929081],[ 0.77922285  0.22077492 -1.19893694]
5.783443499999999,[-0.99145281  0.42819816 -1.13932121],[ 0.77917343  0.22074538 -1.19891965]
5.790528799999999,[-0.99145025  0.42821574 -1.13935328],[ 0.77912605  0.2207001  -1.19890714]
5.7991051,[-0.99143201  0.42823908 -1.13937771],[ 0.7790758   0.22065018 -1.19889677]
5.8062315999999985,[-0.99144757  0.42829168 -1.13938105],[ 0.77902097  0.2206112  -1.19888854]
5.815236499999999,[-0.99146068  0.42834818 -1.13940775],[ 0.77894986  0.22057764 -1.19889259]
5.822870799999999,[-0.99148726  0.42841768 -1.13942778],[ 0.77888161  0.22054937 -1.19889247]
5.831845899999999,[-0.99149078  0.42847833 -1.13944805],[ 0.77883393  0.22051373 -1.19889641]
5.8399211,[-0.99149483  0.42853197 -1.13946319],[ 0.77879214  0.22045079 -1.19889247]
5.849219799999998,[-0.99149996  0.42858204 -1.13948643],[ 0.77874947  0.22040175 -1.19888794]
5.8582479,[-0.99150455  0.42863685 -1.13951433],[ 0.77870208  0.22035637 -1.19890714]
5.867093200000001,[-0.99152189  0.42871526 -1.1395371 ],[ 0.7786569   0.220318   -1.19890738]
5.877289899999999,[-0.99153179  0.42880544 -1.13955104],[ 0.77858937  0.22022538 -1.1989156 ]
5.885497299999999,[-0.99155891  0.42886668 -1.13956046],[ 0.77851671  0.22018158 -1.19892108]
5.8939784,[-0.99158651  0.42892939 -1.13958645],[ 0.77847028  0.2201298  -1.19895267]
5.9024211,[-0.99160457  0.42897788 -1.1395992 ],[ 0.77842379  0.22006875 -1.19896436]
5.9105048,[-0.99161148  0.42900276 -1.1396147 ],[ 0.77838081  0.21999195 -1.19897544]
5.920264999999999,[-0.99162585  0.42901844 -1.13964391],[ 0.77836281  0.21991764 -1.19899106]
5.9280653999999995,[-0.99165058  0.42903945 -1.13966775],[ 0.77831972  0.21986791 -1.19901872]
5.9373053,[-0.99168783  0.42906067 -1.13969505],[ 0.77827603  0.21982601 -1.19905794]
5.974693799999999,[-0.99187315  0.42919961 -1.13974679],[ 0.77819926  0.21962318 -1.19919968]
5.9865029,[-0.99189007  0.42922583 -1.13974726],[ 0.7781989   0.21956906 -1.19922042]
5.995996400000001,[-0.99189007  0.42922583 -1.13974726],[ 0.7781989   0.21956906 -1.19922042]
6.0075199,[-0.99202061  0.42939523 -1.13976026],[ 0.7781496   0.21945268 -1.1993171 ]
6.017750999999999,[-0.99205643  0.4294472  -1.1397475 ],[ 0.77814716  0.21942037 -1.19935048]
6.028086099999998,[-0.99209428  0.42952517 -1.13974166],[ 0.77813286  0.21939133 -1.19938302]
6.0378518,[-0.9921211   0.42958596 -1.13972688],[ 0.77810824  0.21938124 -1.19941449]
6.046495299999998,[-0.99213934  0.42966521 -1.1397202 ],[ 0.77810585  0.21936385 -1.19943678]
6.054894599999999,[-0.99213862  0.4297263  -1.13969731],[ 0.77810085  0.21934934 -1.19946551]
6.0646434,[-0.99213427  0.42982635 -1.13967264],[ 0.77808797  0.21933681 -1.19949639]
6.073079099999999,[-0.99213225  0.4298715  -1.13966131],[ 0.77807438  0.21933839 -1.19950485]
6.0817417,[-0.99212331  0.42991793 -1.13964105],[ 0.77804726  0.21932383 -1.19952273]
6.0910119,[-0.99210262  0.42996573 -1.13963854],[ 0.77803123  0.21932454 -1.19954157]
6.100508199999998,[-0.99207556  0.42999747 -1.13962996],[ 0.77801716  0.21932146 -1.19956124]
6.108803499999999,[-0.99204111  0.43001321 -1.13961458],[ 0.77799439  0.21930954 -1.19958162]
6.118593500000001,[-0.99197543  0.43007499 -1.13959372],[ 0.77796882  0.21926633 -1.19961572]
6.127383799999999,[-0.99196249  0.43015358 -1.1395638 ],[ 0.77795082  0.21925063 -1.19963646]
6.136442399999998,[-0.99194419  0.43023798 -1.13953817],[ 0.77792555  0.21925025 -1.19964981]
6.144087300000001,[-0.99192625  0.43032736 -1.13950717],[ 0.77792096  0.21922883 -1.19965816]
6.153203400000001,[-0.99190235  0.43040362 -1.13948715],[ 0.77789998  0.21921216 -1.19966829]
6.161584100000001,[-0.99186999  0.43047956 -1.13947403],[ 0.77789474  0.21920273 -1.1996882 ]
6.170491799999999,[-0.99183375  0.43056229 -1.13946486],[ 0.77789032  0.21918111 -1.19971156]
6.179148499999998,[-0.99179834  0.43063894 -1.13946414],[ 0.77788967  0.21916491 -1.1997242 ]
6.1875199,[-0.99176401  0.43071827 -1.13944244],[ 0.77789682  0.21915369 -1.19972801]
6.1963957999999995,[-0.99172503  0.43081161 -1.13944387],[ 0.7778877   0.21914817 -1.19973934]
6.204523700000001,[-0.99169904  0.4309276  -1.13942504],[ 0.77787876  0.21915923 -1.19975793]
6.2148348,[-0.99164754  0.43109804 -1.13939834],[ 0.77786821  0.21917242 -1.1997546 ]
6.223427599999999,[-0.99160582  0.43121076 -1.13937664],[ 0.77786082  0.21916224 -1.19974279]
6.2319394,[-0.99157047  0.4313221  -1.13936543],[ 0.77786011  0.21916309 -1.19974804]
6.240077600000001,[-0.99153256  0.43144023 -1.13935244],[ 0.77786553  0.21917316 -1.19975734]
6.248817999999998,[-0.99149561  0.43153355 -1.13933742],[ 0.77786326  0.21917239 -1.19975007]
6.257992199999999,[-0.99144977  0.43162242 -1.13932538],[ 0.77786893  0.21918197 -1.19973087]
6.2668096,[-0.99140412  0.43171316 -1.139305  ],[ 0.77785283  0.21920969 -1.19971919]
6.276845100000001,[-0.99136704  0.43188086 -1.13928437],[ 0.77782631  0.21923515 -1.19969237]
6.285538600000001,[-0.9913407   0.43198407 -1.13925564],[ 0.77781379  0.21924895 -1.19968283]
6.293797700000001,[-0.99132097  0.43206409 -1.13923848],[ 0.77781147  0.21925549 -1.19966602]
6.302628499999999,[-0.99130052  0.43214875 -1.13922036],[ 0.77782637  0.21925981 -1.19966948]
6.310778999999998,[-0.99128413  0.43220288 -1.13922489],[ 0.77782613  0.21925707 -1.19966888]
6.3205608999999985,[-0.99124622  0.43224737 -1.13923275],[ 0.77783072  0.21926686 -1.19967687]
6.328731799999998,[-0.99123293  0.43228287 -1.13923275],[ 0.77783448  0.21926217 -1.19968402]
6.3387048,[-0.99120724  0.43230122 -1.13923311],[ 0.77784002  0.21926261 -1.19967318]
6.346568899999999,[-0.99120814  0.43232924 -1.13923168],[ 0.77783501  0.21928678 -1.19968092]
6.354587799999999,[-0.9912129   0.43234774 -1.13923001],[ 0.77783972  0.21930429 -1.19967699]
6.3652335,[-0.99122775  0.43232548 -1.13922763],[ 0.7778492   0.21931177 -1.19968235]
6.3741579999999995,[-0.99124688  0.43230563 -1.13922679],[ 0.77786011  0.21931733 -1.19967604]
6.382570199999998,[-0.99126941  0.43227094 -1.13923717],[ 0.77787519  0.21933089 -1.19967711]
6.390785799999998,[-0.99130219  0.43223095 -1.13925362],[ 0.77787495  0.21934398 -1.19968629]
6.399235299999999,[-0.99133605  0.43219671 -1.13926208],[ 0.77787846  0.21936961 -1.19969177]
6.4074519,[-0.99137527  0.43215039 -1.13926077],[ 0.77788162  0.21939583 -1.19969511]
6.417109999999999,[-0.99142206  0.43210733 -1.13926363],[ 0.7778796   0.21942681 -1.1996882 ]
6.4269266,[-0.99149346  0.43200532 -1.13929629],[ 0.77786082  0.21948063 -1.19968081]
6.435318799999999,[-0.99152184  0.4319194  -1.13932264],[ 0.77786946  0.21950464 -1.19966805]
6.444485800000001,[-0.99154854  0.43183038 -1.13933611],[ 0.77787226  0.21953052 -1.19964206]
6.452112699999999,[-0.99158043  0.4317477  -1.13936114],[ 0.77787822  0.21955124 -1.19962609]
6.4611079,[-0.99162924  0.43166801 -1.13938999],[ 0.77786154  0.21958752 -1.19961655]
6.4691183,[-0.99167395  0.43156958 -1.13943231],[ 0.77784592  0.21963173 -1.19959509]
6.477815699999999,[-0.99172449  0.43146524 -1.13945234],[ 0.77783823  0.21966566 -1.19957376]
6.486139,[-0.99178177  0.4313632  -1.13946533],[ 0.77784103  0.2197063  -1.19954371]
6.494684900000001,[-0.99182916  0.43125662 -1.1394881 ],[ 0.7778424   0.21973886 -1.19953537]
6.503129899999999,[-0.99189788  0.43115532 -1.13951468],[ 0.77784169  0.21976756 -1.19951928]
6.512927599999999,[-0.99195403  0.43105265 -1.13953257],[ 0.7778458   0.21979246 -1.19950187]
6.522484999999998,[-0.99204475  0.43090767 -1.13954604],[ 0.77785212  0.2198272  -1.19947493]
6.5317946,[-0.99211323  0.43082201 -1.13957548],[ 0.77784812  0.21986283 -1.19946992]
6.5404409999999995,[-0.99218231  0.43076152 -1.13959193],[ 0.77784306  0.2199094  -1.19945991]
6.549000999999999,[-0.99225569  0.43067724 -1.13960874],[ 0.77783078  0.2199433  -1.19945419]
6.5585015,[-0.99231458  0.43059221 -1.13962507],[ 0.77783656  0.21996382 -1.19945478]
6.569455199999998,[-0.99242741  0.43048516 -1.1396277 ],[ 0.77785915  0.21998093 -1.19943178]
6.5772517,[-0.99251342  0.43042648 -1.13964856],[ 0.77787238  0.21999247 -1.19943559]
6.586193400000001,[-0.9925952   0.43039495 -1.13965797],[ 0.7778725   0.2200187  -1.19945133]
6.594282699999999,[-0.99267298  0.43036017 -1.13965333],[ 0.77788508  0.22004494 -1.19945598]
6.602784899999998,[-0.99273598  0.43032017 -1.13966858],[ 0.77789724  0.22005172 -1.19946992]
6.611501599999999,[-0.99281764  0.43029502 -1.13967276],[ 0.77789974  0.22006704 -1.1994803 ]
6.619660599999998,[-0.99290097  0.43027669 -1.13968241],[ 0.77789801  0.22008565 -1.19949746]
6.629258200000001,[-0.99297285  0.4302209  -1.13969684],[ 0.77790719  0.22009319 -1.19951892]
6.637027699999999,[-0.99305034  0.43015626 -1.1397047 ],[ 0.77791321  0.22008994 -1.19953001]
6.6479580999999985,[-0.9931488   0.43008062 -1.13972664],[ 0.77791953  0.22009259 -1.19955063]
6.657666099999998,[-0.99321675  0.43005618 -1.13973022],[ 0.7779237   0.22009605 -1.19957864]
6.6670058,[-0.99327105  0.43002591 -1.13973284],[ 0.77792859  0.22010288 -1.1995995 ]
6.676556799999998,[-0.99334466  0.42999181 -1.13973951],[ 0.77792555  0.22011353 -1.19964135]
6.684309300000001,[-0.99336016  0.42997694 -1.13973975],[ 0.77793294  0.22010177 -1.19965327]
6.694588099999999,[-0.99340308  0.42993516 -1.13975847],[ 0.77795172  0.22007777 -1.19969809]
6.7037472000000005,[-0.99342197  0.42989868 -1.13975739],[ 0.77795291  0.22005336 -1.1997329 ]
6.7111541,[-0.9934426   0.4298718  -1.13974428],[ 0.77796233  0.22003487 -1.19976652]
6.719682199999999,[-0.99346739  0.42985916 -1.13972521],[ 0.77796692  0.22002879 -1.1998018 ]
6.728925200000001,[-0.99349517  0.42985535 -1.13969934],[ 0.77797806  0.2200135  -1.19983912]
6.737623900000001,[-0.99353528  0.42984423 -1.1396687 ],[ 0.77799398  0.2199885  -1.19988406]
6.7462713999999995,[-0.99355513  0.42979899 -1.1396389 ],[ 0.77800131  0.21997456 -1.1999259 ]
6.754703300000001,[-0.9935649   0.42975613 -1.13961744],[ 0.77802175  0.21994053 -1.19998372]
6.7644712999999985,[-0.99354392  0.42964211 -1.13959217],[ 0.77806753  0.21990421 -1.20006442]
6.773593100000001,[-0.99352843  0.4295581  -1.1395824 ],[ 0.77809715  0.21986981 -1.20012355]
6.782869100000001,[-0.99350363  0.42945406 -1.13956738],[ 0.77812862  0.21984226 -1.20018339]
6.790433599999998,[-0.99348366  0.42937297 -1.13955438],[ 0.77816224  0.21981721 -1.20023382]
6.7991002,[-0.99347085  0.42930806 -1.1395334 ],[ 0.77818209  0.21982978 -1.20028567]
6.806956699999999,[-0.99344397  0.42925295 -1.13951182],[ 0.77821189  0.21982712 -1.20033062]
6.815477,[-0.99342531  0.42918873 -1.1394912 ],[ 0.77824038  0.21982178 -1.20038116]
6.8232342,[-0.99339306  0.42911303 -1.13946974],[ 0.7782706   0.21980873 -1.20044374]
6.831956,[-0.99334478  0.42904761 -1.13945603],[ 0.7783258   0.21977693 -1.20049202]
6.840295199999998,[-0.99328786  0.42896247 -1.13944149],[ 0.77837396  0.21976092 -1.20055997]
6.847940199999998,[-0.99324131  0.42888939 -1.13943219],[ 0.77840781  0.21975748 -1.20062411]
6.8577107,[-0.99318326  0.42882067 -1.13942051],[ 0.77844709  0.2197504  -1.20069098]
6.865409999999999,[-0.99312055  0.42874351 -1.13940299],[ 0.77846551  0.21976167 -1.20075953]
6.8747907,[-0.99305701  0.42868808 -1.13940144],[ 0.77849114  0.21976121 -1.20083678]
6.882171599999998,[-0.99299055  0.42860353 -1.13940442],[ 0.77851194  0.21976712 -1.20091498]
6.890788500000001,[-0.99291611  0.42849687 -1.13940585],[ 0.7785331   0.21976912 -1.20099199]
6.898686,[-0.9928292   0.42837906 -1.13940513],[ 0.77855664  0.21975099 -1.20106757]
6.907167599999999,[-0.99274451  0.42826757 -1.13940907],[ 0.77856362  0.21975248 -1.20114255]
6.9152498,[-0.99265808  0.42813924 -1.13942075],[ 0.77856338  0.21976139 -1.2012161 ]
6.923369299999999,[-0.99258101  0.42802906 -1.13943183],[ 0.77855831  0.21977934 -1.20129848]
6.931455099999999,[-0.99249405  0.42790866 -1.13943863],[ 0.77854645  0.21979578 -1.20137203]
6.939653999999999,[-0.99240261  0.4277876  -1.139449  ],[ 0.77853715  0.2198139  -1.20144796]
6.947994899999999,[-0.99229485  0.42766044 -1.13946319],[ 0.77852082  0.21981691 -1.20153344]
6.9549800999999984,[-0.99224168  0.42760891 -1.1394639 ],[ 0.77851897  0.2198126  -1.20155859]
6.963543700000001,[-0.9921397   0.42749563 -1.1394738 ],[ 0.7785067   0.21978882 -1.20164824]
6.973613899999998,[-0.99202216  0.42735773 -1.13947833],[ 0.77848905  0.21976216 -1.20175624]
6.9822802,[-0.99195319  0.42731485 -1.13947225],[ 0.77845901  0.21976702 -1.20182049]
6.989627699999998,[-0.99189502  0.42729262 -1.13945615],[ 0.77843916  0.21978669 -1.20188344]
6.999005500000001,[-0.99185163  0.42727879 -1.13945127],[ 0.77840596  0.21980429 -1.20195687]
7.0063572999999995,[-0.99179542  0.42723826 -1.13943923],[ 0.77838904  0.21980828 -1.20202577]
7.015096599999998,[-0.99173337  0.42719981 -1.13944054],[ 0.77837795  0.21980844 -1.20209241]
7.023080200000001,[-0.99167973  0.42717123 -1.13945484],[ 0.77838248  0.21981271 -1.20215988]
7.031256399999998,[-0.99160987  0.42716959 -1.13946366],[ 0.77837008  0.2198213  -1.20222223]
7.0402006,[-0.99156404  0.42718866 -1.13946509],[ 0.7783494   0.21983781 -1.20228553]
7.048681699999998,[-0.99153811  0.42723584 -1.13946319],[ 0.77832878  0.21986358 -1.20233989]
7.057213199999998,[-0.99151427  0.42731366 -1.13944721],[ 0.77830243  0.21990462 -1.20240164]
7.065348999999999,[-0.99147427  0.4273946  -1.13945305],[ 0.77829736  0.2199297  -1.20245612]
7.073123600000001,[-0.99143887  0.42746678 -1.13946497],[ 0.77830809  0.21994653 -1.20251942]
7.0812377999999985,[-0.99139422  0.42755094 -1.13946688],[ 0.77832365  0.21995811 -1.20258296]
7.090026799999999,[-0.99133986  0.42763415 -1.13948607],[ 0.77833509  0.21997596 -1.20264077]
7.098049899999998,[-0.99130905  0.42773357 -1.13949895],[ 0.77835292  0.2199921  -1.2026943 ]
7.1068573,[-0.99127793  0.42785126 -1.13951206],[ 0.77834618  0.2200316  -1.2027477 ]
7.115100499999999,[-0.99127156  0.42798179 -1.13951755],[ 0.77834082  0.22008432 -1.20279431]
7.123703399999998,[-0.99125516  0.42809063 -1.13952601],[ 0.77833694  0.22015411 -1.20283508]
7.1322563,[-0.9912473   0.42820597 -1.13954389],[ 0.7783345   0.22022177 -1.2028805 ]
7.1403273999999985,[-0.99123472  0.42828768 -1.13956881],[ 0.77834725  0.2202739  -1.20293236]
7.1482066,[-0.99120796  0.42834967 -1.13959873],[ 0.77835286  0.22033848 -1.20297134]
7.1562185,[-0.9911837   0.42841369 -1.1396333 ],[ 0.77837408  0.22040382 -1.20301771]
7.164528199999998,[-0.99116081  0.42848611 -1.13967514],[ 0.77838987  0.22050658 -1.2030319 ]
7.171650999999999,[-0.99115199  0.42852184 -1.1396873 ],[ 0.77839571  0.22056878 -1.20304322]
7.181037999999999,[-0.99117476  0.42864573 -1.1397227 ],[ 0.7783739   0.22079594 -1.20306766]
7.1878887,[-0.99118131  0.42868611 -1.13973737],[ 0.77836293  0.22087789 -1.20307338]
7.1979171,[-0.99119878  0.42879596 -1.13978004],[ 0.77831239  0.22115266 -1.20306647]
7.2066006,[-0.99118692  0.4288474  -1.13981891],[ 0.77827257  0.22135593 -1.20303655]
7.215307900000001,[-0.99117267  0.42888439 -1.13986242],[ 0.7782324   0.22156219 -1.20300031]
7.223052300000001,[-0.99116641  0.42891738 -1.13990235],[ 0.77816111  0.22181088 -1.20294249]
7.230777399999999,[-0.99117619  0.42896548 -1.13992321],[ 0.77806199  0.22210243 -1.20284986]
7.238084299999999,[-0.99118119  0.42899495 -1.13993216],[ 0.77799183  0.22227535 -1.20279503]
7.246728599999999,[-0.99118322  0.42904717 -1.13996136],[ 0.77781695  0.22266614 -1.20264471]
7.256249200000001,[-0.99119347  0.42911589 -1.14000523],[ 0.77753711  0.22329454 -1.20239937]
7.264470600000001,[-0.99119455  0.42913428 -1.14003646],[ 0.77731901  0.22376668 -1.20218921]
7.2729287,[-0.99119037  0.42913765 -1.14007664],[ 0.77708256  0.2242561  -1.20195365]
7.281250200000001,[-0.99118024  0.42914012 -1.14011014],[ 0.77681231  0.22477189 -1.20170903]
7.2900380999999985,[-0.99116719  0.42912504 -1.14016175],[ 0.77651286  0.22535765 -1.20144367]
7.2980575000000005,[-0.99117875  0.42912099 -1.14019084],[ 0.77617192  0.2260074  -1.20117593]
7.3068887,[-0.99117374  0.42912903 -1.14021993],[ 0.77581412  0.22669619 -1.20089757]
7.315040399999999,[-0.99118251  0.42914337 -1.14023888],[ 0.77542263  0.22744012 -1.20058048]
7.323473999999999,[-0.99118161  0.42913288 -1.14026701],[ 0.77501911  0.22820368 -1.20025682]
7.331444499999998,[-0.99119931  0.42911747 -1.14029706],[ 0.77460849  0.22902909 -1.19992375]
7.339495900000001,[-0.99118942  0.42909393 -1.1403321 ],[ 0.77413547  0.22992602 -1.19959068]
7.346698899999998,[-0.99118418  0.42908558 -1.140342  ],[ 0.7739023   0.23038268 -1.19942153]
7.356292099999999,[-0.99118251  0.42909306 -1.14038813],[ 0.77319854  0.23180237 -1.19889319]
7.364906899999999,[-0.99118298  0.42909819 -1.14040947],[ 0.77265757  0.23283781 -1.19856024]
7.3735838000000005,[-0.9911893   0.42912263 -1.14043081],[ 0.77213258  0.23390508 -1.19824123]
7.382123099999999,[-0.99118948  0.42915565 -1.14045227],[ 0.77158207  0.23505679 -1.19791651]
7.389474999999999,[-0.99119288  0.42917657 -1.14047647],[ 0.77095729  0.23623845 -1.19755578]
7.3988686999999995,[-0.99117804  0.42918864 -1.14051163],[ 0.77034736  0.23740524 -1.19722962]
7.406527500000001,[-0.99117607  0.42918083 -1.14053583],[ 0.76973981  0.23862267 -1.19692719]
7.415230799999998,[-0.99116492  0.42918816 -1.14055455],[ 0.76918083  0.23980899 -1.19666493]
7.423033599999998,[-0.99116522  0.42921871 -1.14057159],[ 0.76848787  0.24111931 -1.19636011]
7.431350499999999,[-0.99115741  0.42925009 -1.14058423],[ 0.7677868   0.2424835  -1.19611323]
7.439745199999999,[-0.99118263  0.42928869 -1.14058805],[ 0.76709312  0.24380337 -1.19586813]
7.448753699999999,[-0.99118257  0.42932174 -1.14059913],[ 0.76634139  0.24520078 -1.19558048]
7.457557100000001,[-0.99115247  0.4293274  -1.14061642],[ 0.76557124  0.24662408 -1.19531167]
7.4652507,[-0.99112523  0.42932078 -1.14061928],[ 0.76476979  0.24804251 -1.19501078]
7.4739464999999985,[-0.99108607  0.42928952 -1.14062917],[ 0.76390833  0.24948835 -1.19476092]
7.481227200000001,[-0.99106258  0.42927134 -1.14063084],[ 0.76303983  0.25095344 -1.19448829]
7.490095599999998,[-0.99104393  0.42925781 -1.14063323],[ 0.76215333  0.25245675 -1.19420898]
7.4980962999999985,[-0.99102718  0.4292621  -1.14063156],[ 0.76117712  0.25400561 -1.19396949]
7.506799799999998,[-0.99100226  0.42924356 -1.1406337 ],[ 0.7601468   0.25558382 -1.19371092]
7.5147782,[-0.99098051  0.42921212 -1.14063466],[ 0.75913298  0.25718039 -1.19348562]
7.522938899999998,[-0.99093819  0.42916921 -1.14064395],[ 0.75809532  0.25875598 -1.19326246]
7.5318556999999995,[-0.99086916  0.42911875 -1.14066672],[ 0.75698     0.26035061 -1.19309068]
7.5404049,[-0.99081707  0.42907232 -1.14068973],[ 0.75583339  0.26195112 -1.1929065 ]
7.549525300000001,[-0.99076825  0.42902073 -1.14068961],[ 0.75467086  0.26350385 -1.19274998]
7.556911600000001,[-0.99072737  0.42899486 -1.14068723],[ 0.75339133  0.2650305  -1.19259751]
7.565219099999998,[-0.99070138  0.42902091 -1.14067304],[ 0.75209612  0.26661155 -1.19248557]
7.5735449,[-0.99067682  0.42906097 -1.14066768],[ 0.75076687  0.26812875 -1.19239461]
7.581883599999999,[-0.99064356  0.42906135 -1.14066052],[ 0.74932557  0.26959497 -1.19233537]
7.589563199999999,[-0.99060434  0.42905265 -1.14065933],[ 0.74789578  0.27104434 -1.19225001]
7.598380699999998,[-0.9905448   0.42904225 -1.14067006],[ 0.7464118   0.27248701 -1.19219851]
7.606246999999998,[-0.99048245  0.42903736 -1.1406858 ],[ 0.74487156  0.27385047 -1.19216323]
7.6145984,[-0.99042803  0.42903808 -1.14069557],[ 0.74328798  0.27521574 -1.19216979]
7.6230256,[-0.99040335  0.42904836 -1.14070725],[ 0.741611    0.27659547 -1.19210398]
7.631222799999998,[-0.99038118  0.42908296 -1.14070737],[ 0.7399174   0.27794242 -1.19210529]
7.6397835999999995,[-0.99034959  0.4291319  -1.14071286],[ 0.7381838   0.27928919 -1.19210696]
7.648624199999999,[-0.99032015  0.42916426 -1.14071608],[ 0.73644507  0.28056079 -1.19198608]
7.658108,[-0.99028677  0.42918295 -1.14070523],[ 0.73461801  0.28175652 -1.19196153]
7.666844199999998,[-0.99026597  0.42919734 -1.1407032 ],[ 0.73283166  0.28290758 -1.1920985 ]
7.676641599999998,[-0.99022728  0.42925128 -1.1407156 ],[ 0.72993571  0.28460106 -1.19254589]
7.684051299999998,[-0.99021077  0.42928168 -1.14071333],[ 0.72902846  0.2851404  -1.19267607]
7.693945999999999,[-0.99020487  0.42936602 -1.1407038 ],[ 0.72611511  0.2866855  -1.19299889]
7.703118099999999,[-0.99020088  0.42942399 -1.14070058],[ 0.72414374  0.28767002 -1.19335854]
7.7113160999999995,[-0.99018729  0.42948318 -1.14070904],[ 0.72215617  0.28864866 -1.19366074]
7.7209199,[-0.99016505  0.42951062 -1.14071739],[ 0.7201699   0.28955436 -1.19399726]
7.7281835999999995,[-0.99013799  0.4295167  -1.14072895],[ 0.7181769   0.29037473 -1.19439983]
7.736531000000001,[-0.9901185   0.42952704 -1.14073718],[ 0.71615291  0.2911599  -1.19484246]
7.773814400000001,[-0.99008304  0.42964903 -1.14070749],[ 0.71192247  0.29268977 -1.19584286]
7.7857781,[-0.99005705  0.42982283 -1.14072251],[ 0.70654786  0.29427025 -1.19724762]
7.800835300000001,[-0.99005705  0.42982283 -1.14072251],[ 0.70654786  0.29427025 -1.19724762]
7.811915000000001,[-0.98974478  0.42999944 -1.14068365],[ 0.696706    0.29651618 -1.20025015]
7.821281399999998,[-0.98973256  0.43006259 -1.14069152],[ 0.69446588  0.29695591 -1.20100546]
7.8325321,[-0.98953736  0.43039855 -1.14069724],[ 0.69108295  0.2974571  -1.20215154]
7.842348100000001,[-0.98930424  0.4305687  -1.14063561],[ 0.68884772  0.29774606 -1.20293128]
7.854458599999999,[-0.98953193  0.43029952 -1.14068091],[ 0.68544686  0.29804328 -1.20421684]
7.8634538,[-0.9894954   0.4303391  -1.14068806],[ 0.68314111  0.29825759 -1.20504296]
7.872914799999998,[-0.98948061  0.43035829 -1.14068139],[ 0.67948723  0.29852998 -1.20630312]
7.881286600000001,[-0.98946488  0.43043077 -1.14069319],[ 0.67717355  0.29865032 -1.20720172]
7.890584200000001,[-0.98946273  0.43049762 -1.14070749],[ 0.67487818  0.29872268 -1.20813727]
7.8989615,[-0.98946249  0.430565   -1.14072561],[ 0.67259175  0.29873008 -1.20912683]
7.906950399999998,[-0.98945493  0.43061382 -1.14073277],[ 0.67030871  0.29868212 -1.21008956]
7.915072,[-0.98943478  0.43066818 -1.14075005],[ 0.66809499  0.29858774 -1.21110344]
7.923587499999998,[-0.98941439  0.43072176 -1.14076722],[ 0.66584182  0.29845077 -1.21212363]
7.931940199999998,[-0.98940808  0.43077484 -1.14076161],[ 0.66363454  0.29830292 -1.21321988]
7.939617499999999,[-0.98940068  0.4308362  -1.14075947],[ 0.66139346  0.29815727 -1.21418524]
7.948049199999998,[-0.9893828   0.43096131 -1.14076877],[ 0.65917987  0.29798707 -1.21524882]
7.956238999999998,[-0.98938918  0.4310939  -1.14077592],[ 0.65699154  0.29776725 -1.21631837]
7.9646512000000005,[-0.98939025  0.43120056 -1.14078784],[ 0.65491557  0.29749411 -1.21740305]
7.971756999999998,[-0.98938847  0.43124425 -1.14078033],[ 0.65386295  0.29734185 -1.21795809]
7.980230099999998,[-0.98949528  0.431297   -1.14082789],[ 0.65227103  0.29671928 -1.21946633]
7.9897118,[-0.98942459  0.43153322 -1.14081001],[ 0.64920938  0.29613268 -1.22124851]
7.998600099999999,[-0.98941892  0.43168893 -1.14081216],[ 0.64712107  0.295809   -1.22230411]
8.0064409,[-0.98957384  0.43181545 -1.14084101],[ 0.64489621  0.29541537 -1.22341728]
8.014745499999998,[-0.98957443  0.43200263 -1.14079583],[ 0.64299113  0.29501238 -1.22464275]
8.023207099999999,[-0.98970479  0.43216622 -1.14083385],[ 0.64113438  0.29454243 -1.22581005]
8.0312413,[-0.9896993   0.43235466 -1.14081311],[ 0.63931853  0.29410511 -1.2269243 ]
8.040088199999998,[-0.9897064   0.43253306 -1.14079297],[ 0.63746744  0.29360586 -1.22804451]
8.0480502,[-0.98969561  0.43272054 -1.14078808],[ 0.6356979   0.29312786 -1.22912562]
8.056267099999998,[-0.98968542  0.43294781 -1.14076519],[ 0.63399392  0.29256165 -1.23026979]
8.066186499999999,[-0.98969227  0.43318745 -1.14074409],[ 0.63224989  0.29209027 -1.23151028]
8.0764202,[-0.98971277  0.43345109 -1.14070213],[ 0.63053137  0.29155162 -1.232669  ]
8.0869324,[-0.98975188  0.43389192 -1.14063978],[ 0.62799633  0.29068267 -1.23445702]
8.0969019,[-0.98976612  0.43421069 -1.1406064 ],[ 0.62642348  0.29005906 -1.23572791]
8.106680899999999,[-0.98975635  0.43466118 -1.14056075],[ 0.62418932  0.28916684 -1.23744988]
8.1160065,[-0.98984987  0.43498632 -1.14053762],[ 0.62272978  0.28840435 -1.23861539]
8.125499,[-0.98985928  0.43528908 -1.14051807],[ 0.6213426   0.28765902 -1.2398268 ]
8.136088599999999,[-0.98989445  0.43583333 -1.14046288],[ 0.61927545  0.28672695 -1.24147582]
8.144244800000001,[-0.98992145  0.43619105 -1.14043772],[ 0.61798352  0.28599587 -1.24266112]
8.152835399999999,[-0.98997754  0.43654758 -1.14036572],[ 0.61675596  0.28523159 -1.24374509]
8.1606647,[-0.9900651   0.43694052 -1.14029682],[ 0.6155656   0.28452399 -1.24490249]
8.169309799999999,[-0.99007565  0.43730474 -1.14030015],[ 0.61449295  0.28372797 -1.24597347]
8.1782028,[-0.99008697  0.43765923 -1.1403029 ],[ 0.61340135  0.28290626 -1.24705398]
8.186033399999998,[-0.990098    0.43802801 -1.14027905],[ 0.61245775  0.28208613 -1.24804413]
8.194031699999998,[-0.9901529   0.43848148 -1.14023614],[ 0.61141878  0.28120941 -1.24911523]
8.202210799999998,[-0.99022573  0.43897748 -1.14019752],[ 0.61045116  0.2804338  -1.2500397 ]
8.210633199999998,[-0.99027318  0.43947142 -1.14018261],[ 0.60952288  0.2795786  -1.2509706 ]
8.2187574,[-0.99039114  0.43990245 -1.14012504],[ 0.60871214  0.27864322 -1.25189459]
8.227437199999999,[-0.99044853  0.44037178 -1.14008915],[ 0.60793144  0.27766871 -1.25284672]
8.2355811,[-0.99048036  0.44085589 -1.14005089],[ 0.60714197  0.27681577 -1.2536757 ]
8.2447621,[-0.99053437  0.44137689 -1.14003825],[ 0.606471    0.27587104 -1.25453842]
8.2528673,[-0.99062443  0.44192347 -1.14003396],[ 0.60581034  0.27482525 -1.25536537]
8.2611164,[-0.99067253  0.4424057  -1.1400007 ],[ 0.60519993  0.27377778 -1.25628555]
8.268977099999999,[-0.99074298  0.44292727 -1.13997877],[ 0.60457724  0.27280378 -1.25702667]
8.277228599999999,[-0.99083954  0.4434754  -1.13997936],[ 0.60398638  0.27178502 -1.25782192]
8.2859985,[-0.99093139  0.44401297 -1.13997889],[ 0.60338968  0.27072397 -1.25864506]
8.293891399999998,[-0.99097806  0.44454446 -1.13996828],[ 0.60293037  0.26959765 -1.25944507]
8.3024154,[-0.99104589  0.44506121 -1.13997889],[ 0.60246873  0.26849332 -1.26011181]
8.3104919,[-0.99111402  0.44560194 -1.13998568],[ 0.60197943  0.26735008 -1.26074088]
8.319498600000001,[-0.99117798  0.4461531  -1.14002168],[ 0.6015178   0.26622605 -1.26146376]
8.3273004,[-0.9913224   0.44677222 -1.14005136],[ 0.60106242  0.26510087 -1.26219356]
8.336591,[-0.99141729  0.44736236 -1.14007425],[ 0.60066074  0.26397344 -1.26277685]
8.345557300000001,[-0.99149525  0.44794631 -1.14010525],[ 0.60026693  0.26273707 -1.26337993]
8.354065999999998,[-0.99158782  0.44857615 -1.14016378],[ 0.59988511  0.26160541 -1.26398814]
8.3624345,[-0.99167514  0.4491877  -1.14023268],[ 0.59951675  0.26044884 -1.26460838]
8.370382699999999,[-0.99178964  0.44979203 -1.14029086],[ 0.59925222  0.25914934 -1.26513183]
8.378770399999999,[-0.99195778  0.45040894 -1.14035475],[ 0.59893054  0.25788742 -1.26566434]
8.386243599999998,[-0.99204302  0.45100433 -1.1403743 ],[ 0.59858829  0.25669831 -1.26621842]
8.3947138,[-0.99218851  0.45167226 -1.14042532],[ 0.59823555  0.25540751 -1.26685059]
8.4021499,[-0.99233365  0.45235455 -1.14052248],[ 0.5979467   0.25413141 -1.2673918 ]
8.4104862,[-0.99249154  0.45296839 -1.14058805],[ 0.59765387  0.25284389 -1.26793885]
8.418843099999998,[-0.99267113  0.45354563 -1.14069414],[ 0.59735918  0.25144219 -1.26848376]
8.427704999999998,[-0.99279773  0.45411977 -1.14080119],[ 0.59704512  0.25009301 -1.26905847]
8.435508399999998,[-0.99297166  0.45471567 -1.14089346],[ 0.59674358  0.24869995 -1.26964951]
8.4444152,[-0.99313307  0.45531881 -1.14097703],[ 0.59649938  0.24715498 -1.27025747]
8.4520453,[-0.99330771  0.45593145 -1.14107037],[ 0.59604794  0.24576591 -1.27071071]
8.4611723,[-0.99353063  0.45653629 -1.1411984 ],[ 0.59574479  0.24432614 -1.27126479]
8.468972199999998,[-0.99377966  0.45719513 -1.1413455 ],[ 0.59544176  0.24275979 -1.271878  ]
8.4772999,[-0.99401021  0.45780212 -1.14144981],[ 0.59512651  0.24140029 -1.27245367]
