0.0006098000000012149,[-0.95310813 -0.02504868 -1.32512999],[ 0.62288117  0.29502675 -1.06263781]
0.009118700000000146,[-0.95307326 -0.02509882 -1.32506561],[ 0.62308413  0.29469529 -1.06246543]
0.017296899999999837,[-0.95303822 -0.02513339 -1.32500982],[ 0.62327182  0.294424   -1.06233406]
0.025344200000001038,[-0.95301223 -0.02518347 -1.32495463],[ 0.62346631  0.29417345 -1.06220412]
0.033462300000000056,[-0.95298421 -0.02522798 -1.32490861],[ 0.62369055  0.29393819 -1.06208158]
0.041887900000000755,[-0.95294261 -0.02525407 -1.32484913],[ 0.6239031   0.29373246 -1.06196094]
0.04999180000000081,[-0.95291448 -0.02528872 -1.32481551],[ 0.62410951  0.29357806 -1.0618552 ]
0.05918869999999998,[-0.95288324 -0.0253234  -1.32478261],[ 0.62432283  0.2934449  -1.06175697]
0.06672750000000072,[-0.95284152 -0.02534546 -1.32473993],[ 0.62453347  0.29334059 -1.06165719]
0.07520039999999995,[-0.9527992  -0.02536558 -1.32471704],[ 0.62476295  0.29322737 -1.06156158]
0.08339810000000014,[-0.95274943 -0.02537347 -1.32468188],[ 0.62498671  0.29313019 -1.06147289]
0.09182490000000065,[-0.9526962  -0.02539464 -1.32467091],[ 0.62519181  0.29304314 -1.06139445]
0.09879369999999987,[-0.95266724 -0.02539952 -1.32466197],[ 0.62522525  0.29295412 -1.06142962]
0.10838890000000134,[-0.95258504 -0.02543216 -1.3246094 ],[ 0.62552702  0.29280466 -1.06130266]
0.11672770000000021,[-0.95252645 -0.02545126 -1.32458735],[ 0.62570781  0.29271606 -1.06121588]
0.12510430000000028,[-0.95249861 -0.02546406 -1.32456028],[ 0.62586635  0.29266021 -1.06113923]
0.13342650000000056,[-0.95244402 -0.02549491 -1.32452452],[ 0.62600929  0.2926127  -1.061059  ]
0.1417421000000001,[-0.95239609 -0.02552515 -1.3244946 ],[ 0.62614429  0.29255739 -1.06098843]
0.15071860000000115,[-0.95235044 -0.02553502 -1.32443213],[ 0.62626618  0.29252544 -1.06091082]
0.15844960000000086,[-0.95227814 -0.02555586 -1.32439148],[ 0.62637895  0.29250842 -1.06084561]
0.16729220000000034,[-0.95223176 -0.02556317 -1.32434356],[ 0.62647957  0.2924903  -1.06078446]
0.175157200000001,[-0.95219445 -0.02559672 -1.32427645],[ 0.62655818  0.29248518 -1.06072927]
0.18352940000000117,[-0.95215267 -0.02561497 -1.32420278],[ 0.62662309  0.2924785  -1.06068707]
0.19187120000000135,[-0.95209807 -0.02560892 -1.32414627],[ 0.62666333  0.29248834 -1.06064677]
0.201781200000001,[-0.95207304 -0.02561118 -1.3240428 ],[ 0.6267072   0.29250145 -1.06059372]
0.2104683000000005,[-0.95205271 -0.02561484 -1.32396293],[ 0.62672967  0.29249626 -1.06054544]
0.2179739999999999,[-0.95196587 -0.0256219  -1.32387805],[ 0.62673724  0.29248741 -1.06051183]
0.2256417000000006,[-0.95191294 -0.02561562 -1.32377684],[ 0.62673539  0.29247734 -1.0604701 ]
0.23378860000000046,[-0.95191252 -0.02559742 -1.32369494],[ 0.62682694  0.29253212 -1.06031799]
0.24199130000000046,[-0.95187616 -0.02559938 -1.32361853],[ 0.6267997   0.29251868 -1.06028068]
0.24996590000000118,[-0.95180452 -0.02558085 -1.32352722],[ 0.62677544  0.29250562 -1.06023932]
0.258389600000001,[-0.95183206 -0.02555609 -1.32343268],[ 0.62675178  0.29250512 -1.06019485]
0.2667942000000014,[-0.9518019  -0.02553543 -1.32334876],[ 0.62672156  0.29252291 -1.06015527]
0.27637220000000084,[-0.95177972 -0.02553163 -1.32326424],[ 0.62669379  0.29253751 -1.06011665]
0.2851972000000007,[-0.95174384 -0.02551452 -1.32317722],[ 0.62664789  0.29257905 -1.06008172]
0.29459320000000133,[-0.95171928 -0.02548943 -1.32308602],[ 0.62660027  0.29259989 -1.06005311]
0.3046755000000001,[-0.95174026 -0.02545367 -1.32296383],[ 0.62653834  0.29262614 -1.06001854]
0.3129641999999997,[-0.95170528 -0.02545645 -1.32288933],[ 0.62647521  0.29266238 -1.06000721]
0.3225271999999997,[-0.95164859 -0.02547421 -1.3228184 ],[ 0.62641495  0.29267788 -1.05999506]
0.3308030000000013,[-0.95163989 -0.02545926 -1.32273757],[ 0.62635058  0.292703   -1.05999732]
0.34003850000000035,[-0.95159256 -0.02544178 -1.32265198],[ 0.62629521  0.29270995 -1.05999041]
0.34827530000000095,[-0.95157933 -0.02546008 -1.32258713],[ 0.62622267  0.2927306  -1.05999434]
0.3563679000000004,[-0.95155805 -0.02549302 -1.32251203],[ 0.62615031  0.29275218 -1.06000817]
0.3644170000000013,[-0.95152056 -0.02552528 -1.32243729],[ 0.62608045  0.29275551 -1.06001425]
0.3733599999999999,[-0.95149744 -0.02557262 -1.3223927 ],[ 0.62601346  0.2927548  -1.06001592]
0.3812280000000001,[-0.95145071 -0.02563286 -1.32233775],[ 0.62593424  0.29274851 -1.06001973]
0.3897410000000008,[-0.95145667 -0.02569716 -1.32226968],[ 0.62585843  0.29273307 -1.06002355]
0.3984357999999997,[-0.9513737  -0.02578811 -1.32219541],[ 0.62578207  0.2926814  -1.06002891]
0.40680340000000115,[-0.95136505 -0.02587583 -1.32211936],[ 0.62568676  0.29261261 -1.06003046]
0.4150077000000003,[-0.95133996 -0.02599086 -1.32203484],[ 0.62559551  0.29251286 -1.06002843]
0.4233071000000006,[-0.95135045 -0.02615111 -1.32194161],[ 0.62549937  0.2924003  -1.06003237]
0.431772500000001,[-0.95130181 -0.02629536 -1.32183468],[ 0.62540996  0.2922546  -1.06001985]
0.4399991000000014,[-0.95126486 -0.02646525 -1.32173622],[ 0.62532043  0.29207367 -1.06000364]
0.4481327000000004,[-0.9512803  -0.02665973 -1.32165062],[ 0.62522542  0.29186878 -1.05998468]
0.4566806000000003,[-0.95126545 -0.02687735 -1.32154226],[ 0.62515253  0.2916272  -1.05995524]
0.4648874000000003,[-0.95123434 -0.02711758 -1.32139325],[ 0.62507492  0.29135489 -1.0599165 ]
0.4734922000000008,[-0.951258   -0.02733669 -1.32126069],[ 0.62501866  0.29106483 -1.05987298]
0.4811432,[-0.95126176 -0.02758915 -1.32114625],[ 0.62497258  0.29075307 -1.05981934]
0.4892916000000014,[-0.95121676 -0.02788102 -1.32099485],[ 0.62495023  0.29041436 -1.05974269]
0.4981401999999999,[-0.95115721 -0.02817485 -1.32086062],[ 0.62492788  0.29003617 -1.05965745]
0.5050874000000007,[-0.95108533 -0.0284679  -1.32071197],[ 0.62492359  0.28963566 -1.05957234]
0.5131759000000002,[-0.95094836 -0.02875052 -1.32055914],[ 0.6249153   0.2892313  -1.05946887]
0.5208329000000003,[-0.95084751 -0.02909825 -1.32039201],[ 0.6249252   0.28877598 -1.05936027]
0.5291801000000014,[-0.95077407 -0.02946335 -1.32020926],[ 0.62494498  0.28828862 -1.05923986]
0.5375469000000006,[-0.95078254 -0.02983183 -1.31999099],[ 0.62497258  0.28778437 -1.05912149]
0.5453897000000012,[-0.95073754 -0.03019482 -1.31976748],[ 0.62501764  0.28726834 -1.05898893]
0.5524865000000005,[-0.95070148 -0.03039412 -1.31967103],[ 0.62503749  0.28701794 -1.0589186 ]
0.5607962000000004,[-0.9506678  -0.03081672 -1.31944287],[ 0.62504035  0.28645512 -1.058882  ]
0.5692894000000006,[-0.95054972 -0.03131295 -1.31921101],[ 0.62513775  0.28590423 -1.05874264]
0.577758900000001,[-0.95043641 -0.0318253  -1.31895936],[ 0.62531358  0.28543818 -1.05851138]
0.585995800000001,[-0.95037961 -0.03232027 -1.31867623],[ 0.6254409   0.2849187  -1.05836427]
0.5939962000000012,[-0.95026726 -0.03285738 -1.3183651 ],[ 0.62559807  0.28439859 -1.05820501]
0.6023118000000007,[-0.95021462 -0.0334076  -1.31805897],[ 0.6257056   0.28381878 -1.05812526]
0.609819400000001,[-0.95003867 -0.03403971 -1.31775475],[ 0.62591207  0.28322673 -1.05790341]
0.6177714999999999,[-0.95010161 -0.03465943 -1.31744421],[ 0.6260975   0.28270197 -1.05772126]
0.6255100000000002,[-0.94995886 -0.03530747 -1.31710076],[ 0.62636036  0.28226811 -1.05745375]
0.6333216999999998,[-0.94978154 -0.03600556 -1.31673694],[ 0.62653184  0.2817609  -1.05727577]
0.6417745000000004,[-0.94968766 -0.03666037 -1.31636214],[ 0.62672031  0.28124326 -1.05706775]
0.649877,[-0.94958776 -0.03733343 -1.31598485],[ 0.62691212  0.28072885 -1.05685639]
0.6572899000000003,[-0.94956094 -0.0376924  -1.31579387],[ 0.62700093  0.2804817  -1.05675077]
0.6650764000000002,[-0.94944286 -0.03842437 -1.31545615],[ 0.62718445  0.27996522 -1.05653262]
0.6731550000000013,[-0.94934267 -0.03918884 -1.31509411],[ 0.62728512  0.27937853 -1.05637777]
0.6814258000000013,[-0.94923067 -0.03988008 -1.31476653],[ 0.62746918  0.27881944 -1.05613601]
0.6901820000000001,[-0.94902128 -0.04059697 -1.31443107],[ 0.62770545  0.27834547 -1.05583787]
0.6981689000000006,[-0.94887441 -0.04135285 -1.3140533 ],[ 0.62787288  0.27786064 -1.05560458]
0.7066699000000014,[-0.94877326 -0.04200756 -1.31373513],[ 0.62799907  0.27733535 -1.05538201]
0.7147204000000009,[-0.94852835 -0.04271325 -1.31342041],[ 0.62810928  0.27682    -1.05515051]
0.723130900000001,[-0.94825989 -0.0434105  -1.31311679],[ 0.62820953  0.27629724 -1.05492449]
0.731375700000001,[-0.94807953 -0.0440911  -1.31281173],[ 0.62819666  0.27573875 -1.05480647]
0.7402481000000005,[-0.94791627 -0.04472047 -1.31248915],[ 0.62823206  0.27523839 -1.05459595]
0.7485225,[-0.94767785 -0.04536336 -1.31220174],[ 0.62835455  0.27478161 -1.05432034]
0.7584292000000001,[-0.94728011 -0.04635236 -1.31173527],[ 0.62835312  0.27399853 -1.05405104]
0.7665302,[-0.94712394 -0.04699058 -1.31146371],[ 0.62826651  0.27340713 -1.0539546 ]
0.7747279000000002,[-0.94686973 -0.04761031 -1.3111732 ],[ 0.62815356  0.27295005 -1.05371809]
0.7817933999999997,[-0.94669384 -0.04793248 -1.31103361],[ 0.62813997  0.27269444 -1.05362236]
0.7899749000000007,[-0.94652104 -0.04854793 -1.31068981],[ 0.62815249  0.27228239 -1.05339706]
0.7987469000000011,[-0.9462527  -0.04912116 -1.31039238],[ 0.62808901  0.27177733 -1.05326378]
0.8068533000000002,[-0.946055   -0.04970775 -1.3100661 ],[ 0.62802422  0.27131191 -1.05313158]
0.8176424000000004,[-0.94561398 -0.05061939 -1.30959964],[ 0.62783635  0.27051967 -1.05300426]
0.8256361999999999,[-0.94538301 -0.05116688 -1.30927265],[ 0.62775832  0.27007842 -1.05288994]
0.8333237000000011,[-0.94522589 -0.05174499 -1.30898428],[ 0.62770563  0.26973867 -1.05271173]
0.8418448000000005,[-0.94489789 -0.05230322 -1.30870366],[ 0.62758458  0.26930124 -1.05260694]
0.8499572000000004,[-0.94471514 -0.05291888 -1.30841148],[ 0.62743801  0.26877797 -1.0525676 ]
0.8584296000000009,[-0.94467306 -0.05348398 -1.30810022],[ 0.62732828  0.26834193 -1.05247521]
0.8665982000000003,[-0.94443196 -0.05396093 -1.30777693],[ 0.62723237  0.2679235  -1.05237997]
0.875141300000001,[-0.94420081 -0.05444935 -1.30743277],[ 0.62718225  0.26763642 -1.05221987]
0.8832201000000008,[-0.94392836 -0.05494095 -1.30710852],[ 0.62705487  0.26727462 -1.05216336]
0.8921980000000005,[-0.94366175 -0.05539998 -1.30681539],[ 0.62693661  0.26691422 -1.05208826]
0.9000859999999999,[-0.9434768  -0.05587358 -1.30656374],[ 0.62677431  0.26652032 -1.05209661]
0.908425600000001,[-0.94330603 -0.05635234 -1.30629849],[ 0.62666345  0.26621991 -1.05204678]
0.9167164999999997,[-0.94315368 -0.05684325 -1.30600107],[ 0.62654638  0.26592878 -1.0519973 ]
0.9252365000000005,[-0.94304347 -0.0573169  -1.30566788],[ 0.62641567  0.26562247 -1.05195439]
0.9335760000000004,[-0.94291157 -0.05779644 -1.30535126],[ 0.6262902   0.2653302  -1.05191708]
0.9417109000000004,[-0.94277632 -0.05822709 -1.30504346],[ 0.62621212  0.26511076 -1.05180979]
0.9500211000000007,[-0.94258165 -0.05865319 -1.30474436],[ 0.62609166  0.26480055 -1.05177569]
0.9583446000000002,[-0.94244629 -0.05912247 -1.30444694],[ 0.62594438  0.26451045 -1.05174375]
0.9666173000000011,[-0.94236159 -0.05964721 -1.30417109],[ 0.62576729  0.26414442 -1.05178666]
0.9750250999999999,[-0.94231659 -0.06010371 -1.30384898],[ 0.62567014  0.26392496 -1.05168593]
0.9834256999999997,[-0.94228071 -0.06055385 -1.30354846],[ 0.62549543  0.26361352 -1.05172658]
0.9916782000000008,[-0.94219303 -0.06103117 -1.30329192],[ 0.62539625  0.26343876 -1.05163682]
1.0000076,[-0.94202155 -0.06151498 -1.30304945],[ 0.62524736  0.26323965 -1.05161643]
1.0087485000000012,[-0.94193906 -0.06197374 -1.30276489],[ 0.62506068  0.26296523 -1.05167186]
1.016751000000001,[-0.9418503  -0.06243495 -1.30252039],[ 0.62490755  0.26274425 -1.05164897]
1.0258719000000003,[-0.94182456 -0.06294047 -1.30226874],[ 0.6247642   0.26252228 -1.05162442]
1.0336373000000005,[-0.94185674 -0.06339329 -1.30201137],[ 0.62461561  0.26229408 -1.05160868]
1.042018800000001,[-0.94173193 -0.06387763 -1.30178833],[ 0.62447703  0.26206741 -1.05159104]
1.0501126999999997,[-0.94170237 -0.06434283 -1.30156124],[ 0.62433213  0.26182494 -1.05156887]
1.0591239000000012,[-0.94163507 -0.06476508 -1.30137575],[ 0.6242106   0.26165837 -1.05147624]
1.0666823,[-0.94159424 -0.06513404 -1.30117655],[ 0.62404937  0.26141894 -1.05146515]
1.0751618,[-0.94159228 -0.06550322 -1.30097055],[ 0.62388307  0.26121813 -1.05144215]
1.0834378999999998,[-0.94160104 -0.06588271 -1.30077696],[ 0.62370068  0.26093522 -1.0515244 ]
1.091898500000001,[-0.94153601 -0.06629421 -1.30059779],[ 0.62355977  0.2607173  -1.05151021]
1.1002039000000003,[-0.94152945 -0.06668323 -1.30040693],[ 0.62343293  0.26050681 -1.05149853]
1.1085381000000005,[-0.9415288  -0.06701337 -1.30023992],[ 0.62330079  0.26030591 -1.05148995]
1.1166607000000006,[-0.94153333 -0.06734639 -1.30007803],[ 0.62321997  0.26016256 -1.05140996]
1.1256665000000012,[-0.94155771 -0.06767433 -1.29989517],[ 0.62310511  0.25994393 -1.05141163]
1.1333080000000013,[-0.94160384 -0.06796775 -1.29971325],[ 0.6229769   0.25975165 -1.05138755]
1.1404813000000011,[-0.94162613 -0.06810788 -1.29962707],[ 0.62291509  0.25965559 -1.05139959]
1.1487175,[-0.9416694  -0.06837097 -1.29947543],[ 0.62279767  0.25944263 -1.05141127]
1.1572212000000004,[-0.94167757 -0.06866435 -1.29932487],[ 0.62267977  0.25923771 -1.05142188]
1.1665045999999997,[-0.94175678 -0.06903543 -1.29909694],[ 0.62251669  0.25889972 -1.05144215]
1.1749077999999997,[-0.94179845 -0.0692381  -1.29895699],[ 0.6223805   0.25860855 -1.0515573 ]
1.183868200000001,[-0.94184113 -0.06939522 -1.29880702],[ 0.62228751  0.25840721 -1.05158353]
1.1918389999999999,[-0.94190687 -0.06953403 -1.29866898],[ 0.62220681  0.25820768 -1.05160415]
1.1999488000000014,[-0.94191635 -0.06965184 -1.29855263],[ 0.62211841  0.25801009 -1.05163777]
1.2089332000000006,[-0.94193786 -0.06972559 -1.29841733],[ 0.62210637  0.25788528 -1.05155659]
1.2167355999999998,[-0.94197863 -0.06979176 -1.29832256],[ 0.62203372  0.25768393 -1.05163181]
1.2253121,[-0.94200701 -0.06982758 -1.29823828],[ 0.62197989  0.25750917 -1.05162776]
1.2343995999999997,[-0.94199938 -0.06984508 -1.29815733],[ 0.62189931  0.25732112 -1.05167365]
1.2425212000000005,[-0.94200498 -0.06986506 -1.29808128],[ 0.6218527   0.25712883 -1.05170333]
1.2498763000000004,[-0.94202548 -0.06983349 -1.29801321],[ 0.62178814  0.25696108 -1.05174196]
1.2582830999999999,[-0.94206774 -0.06980497 -1.29794049],[ 0.62173307  0.25678295 -1.0517751 ]
1.2665682,[-0.94207758 -0.06977215 -1.29787183],[ 0.62161762  0.25655627 -1.0519067 ]
1.2749336000000007,[-0.94212162 -0.06969288 -1.29778194],[ 0.62156957  0.25640014 -1.05195498]
1.2815673000000007,[-0.94214475 -0.06965305 -1.29775715],[ 0.62158954  0.25638467 -1.05188537]
1.290507400000001,[-0.94217658 -0.06957756 -1.29767692],[ 0.62150151  0.25620672 -1.05200756]
1.3008525000000013,[-0.94222176 -0.06948422 -1.29757369],[ 0.62147313  0.25602698 -1.05205536]
1.3084886999999998,[-0.94224799 -0.06942761 -1.29751301],[ 0.62143737  0.25589234 -1.0520891 ]
1.3169437000000013,[-0.94226748 -0.06934245 -1.29744017],[ 0.62142336  0.25577393 -1.05211461]
1.3251529000000009,[-0.94230938 -0.06926604 -1.29738116],[ 0.6214093   0.25565851 -1.05215001]
1.3338443000000009,[-0.94233859 -0.06917067 -1.29730368],[ 0.62141687  0.25560683 -1.05210161]
1.3419477999999998,[-0.94238275 -0.06910096 -1.29720449],[ 0.6214025   0.2555089  -1.05210662]
1.3500887000000006,[-0.94240767 -0.06903735 -1.29711854],[ 0.62139142  0.2554118  -1.05214989]
1.358443600000001,[-0.94248945 -0.06895898 -1.29703271],[ 0.6213752   0.25532314 -1.05216813]
1.3670038000000009,[-0.94253278 -0.0688851  -1.29692483],[ 0.62135631  0.2552335  -1.05220056]
1.3751770000000008,[-0.94258052 -0.06883603 -1.29682708],[ 0.62134737  0.25513327 -1.05222249]
1.3834277000000004,[-0.94264197 -0.06876999 -1.29673529],[ 0.62133843  0.25504708 -1.05224824]
1.3916757000000004,[-0.94268012 -0.06870937 -1.29664266],[ 0.6213221   0.25498307 -1.05226624]
1.399988500000001,[-0.94270968 -0.0686356  -1.29653919],[ 0.62126088  0.2548365  -1.05239236]
1.4086277000000003,[-0.94277358 -0.06859494 -1.29642284],[ 0.62123233  0.25477833 -1.05242109]
1.417738400000001,[-0.94280684 -0.06854803 -1.29632759],[ 0.62121344  0.25472906 -1.05245078]
1.4252804000000001,[-0.9428404  -0.06849001 -1.2962321 ],[ 0.62124342  0.2547546  -1.0523628 ]
1.4336903999999997,[-0.94284701 -0.06844722 -1.29614425],[ 0.62124562  0.25470394 -1.05238473]
1.441567000000001,[-0.94281578 -0.06842346 -1.29605734],[ 0.62124568  0.25465813 -1.05239499]
1.4499779000000004,[-0.94285876 -0.06837624 -1.29596281],[ 0.62123191  0.25462991 -1.05240071]
1.4583250999999997,[-0.9428615  -0.06830814 -1.29588354],[ 0.62121648  0.25458491 -1.05242205]
1.4667007000000005,[-0.94284582 -0.06826647 -1.29581499],[ 0.62121308  0.25454798 -1.0523901 ]
1.4755371000000004,[-0.94287872 -0.06822173 -1.29574168],[ 0.62115216  0.25441656 -1.05249166]
1.4830462000000004,[-0.94285041 -0.06818721 -1.29568577],[ 0.62117207  0.25439647 -1.0524137 ]
1.4900816,[-0.94287401 -0.0681534  -1.29564536],[ 0.62112695  0.25430146 -1.05248487]
1.4985071000000012,[-0.94286889 -0.06810953 -1.29558384],[ 0.62111652  0.25421631 -1.05246675]
1.5069262000000005,[-0.94287676 -0.06807488 -1.29551351],[ 0.62110209  0.25413069 -1.05245447]
1.5151325,[-0.94286215 -0.06803501 -1.29545701],[ 0.62107944  0.25404581 -1.05244255]
1.523787800000001,[-0.94283736 -0.06798625 -1.29540455],[ 0.6210556   0.25396395 -1.05242991]
1.5317360999999998,[-0.94284785 -0.06792164 -1.29535151],[ 0.62103647  0.2538828  -1.05242121]
1.5401553000000003,[-0.9428215  -0.06784276 -1.29529977],[ 0.62101132  0.25382054 -1.05241847]
1.5486893000000013,[-0.94281453 -0.06778558 -1.29526484],[ 0.62099928  0.25372431 -1.05240941]
1.5570143000000005,[-0.94279248 -0.06773021 -1.29523575],[ 0.62099332  0.25364491 -1.05240464]
1.5652127,[-0.94278997 -0.06769788 -1.29519415],[ 0.62098396  0.25356603 -1.05239749]
1.575546000000001,[-0.94278055 -0.06762196 -1.2951349 ],[ 0.62098187  0.25342718 -1.05239785]
1.6154448000000006,[-0.94274193 -0.06741311 -1.29490495],[ 0.62097126  0.25310829 -1.0524013 ]
1.6263117999999999,[-0.94269741 -0.06741983 -1.2948519 ],[ 0.62104023  0.25300851 -1.05237401]
1.6350460000000009,[-0.94266766 -0.06739473 -1.29481113],[ 0.62108743  0.25293812 -1.05236173]
1.6426879999999997,[-0.94265109 -0.06738888 -1.29476833],[ 0.62120366  0.25287873 -1.05232918]
1.6516039000000013,[-0.9426406  -0.06737743 -1.29470694],[ 0.62123036  0.25281093 -1.05233049]
1.6631680000000006,[-0.94258875 -0.06734516 -1.29467702],[ 0.62128675  0.25268993 -1.05234087]
1.6709136999999998,[-0.94259232 -0.06732673 -1.2946496 ],[ 0.62132442  0.25261119 -1.05233347]
1.6791672000000002,[-0.9425112  -0.06730941 -1.29461193],[ 0.62135029  0.25252739 -1.05233717]
1.6875908000000006,[-0.94251478 -0.06732683 -1.29457355],[ 0.62138778  0.25241855 -1.05231893]
1.6956444000000008,[-0.94248474 -0.06733458 -1.2945447 ],[ 0.62141055  0.2523143  -1.05231404]
1.7029322000000011,[-0.94249535 -0.06733385 -1.29451561],[ 0.62142384  0.25227001 -1.05231178]
1.7125282000000013,[-0.94249326 -0.06733238 -1.29446328],[ 0.62143874  0.25209835 -1.05230474]
1.7206862000000012,[-0.94248807 -0.06734514 -1.29442239],[ 0.62143254  0.25198966 -1.0523113 ]
1.7275959000000007,[-0.94245374 -0.06733558 -1.29440939],[ 0.6214323   0.25194696 -1.0523181 ]
1.7363774000000003,[-0.9424665  -0.06732304 -1.29436326],[ 0.62143409  0.25185317 -1.0523299 ]
1.746572800000001,[-0.9424786  -0.06730376 -1.29431999],[ 0.62142861  0.25171265 -1.0523423 ]
1.7542662,[-0.94239742 -0.06732012 -1.29430437],[ 0.62143135  0.25159758 -1.05233479]
1.7629540000000006,[-0.94240212 -0.06732041 -1.29427183],[ 0.62144065  0.25149974 -1.05233693]
1.7714214000000013,[-0.94237685 -0.06730082 -1.29426074],[ 0.62143773  0.25139278 -1.05235541]
1.779977500000001,[-0.94236869 -0.06726452 -1.29423189],[ 0.621427    0.25128046 -1.05237639]
1.7873118000000012,[-0.94237459 -0.06723023 -1.29419172],[ 0.62141484  0.2511307  -1.0524081 ]
1.794535100000001,[-0.94236398 -0.06721123 -1.2941699 ],[ 0.62140471  0.2510553  -1.05242336]
1.8028651,[-0.94235313 -0.06715588 -1.29414964],[ 0.62140059  0.25089318 -1.05243266]
1.811379800000001,[-0.94236302 -0.0671358  -1.29410684],[ 0.62138963  0.25072238 -1.05244303]
1.8207699000000002,[-0.94237828 -0.06709541 -1.29405177],[ 0.62138331  0.25045007 -1.052472  ]
1.8296550000000007,[-0.94241202 -0.06707896 -1.29400539],[ 0.62138045  0.2502774  -1.05249631]
1.8374702000000003,[-0.94240963 -0.06705451 -1.29395688],[ 0.6213941   0.25009942 -1.05252135]
1.8463985000000012,[-0.94242299 -0.06703041 -1.29392743],[ 0.62138951  0.24990676 -1.05255282]
1.8545698000000002,[-0.94242984 -0.0669978  -1.29388213],[ 0.62141341  0.24970929 -1.05258369]
1.8631443,[-0.94245732 -0.06696986 -1.29385495],[ 0.62142867  0.24952413 -1.05262935]
1.8710321000000008,[-0.94247073 -0.06695101 -1.29382944],[ 0.62144017  0.24934888 -1.05267298]
1.8791792000000012,[-0.94246852 -0.06693342 -1.29379284],[ 0.62146044  0.24915534 -1.05270815]
1.8875603000000005,[-0.94246519 -0.06691914 -1.29377425],[ 0.62150121  0.24896497 -1.05274761]
1.8954152999999998,[-0.9424783  -0.06688453 -1.29375291],[ 0.62153709  0.24876897 -1.05278409]
1.9039912,[-0.94249427 -0.0668465  -1.29373741],[ 0.62154675  0.24856095 -1.05284226]
1.9112562000000004,[-0.94249254 -0.06682418 -1.29372239],[ 0.62155551  0.24845561 -1.05288053]
1.9207447000000002,[-0.94252568 -0.06678043 -1.29369795],[ 0.62158793  0.24808925 -1.05301261]
1.9291280999999998,[-0.94252503 -0.06675795 -1.29368639],[ 0.62160009  0.24785033 -1.05309498]
1.9380559000000002,[-0.94252706 -0.0667313  -1.29366529],[ 0.62162602  0.24761111 -1.05315697]
1.9459487000000006,[-0.94250971 -0.06670814 -1.29365408],[ 0.62166315  0.24738446 -1.05320132]
1.9540748000000008,[-0.94248688 -0.06668843 -1.29362988],[ 0.62168372  0.24716464 -1.05325568]
1.962222500000001,[-0.94251573 -0.06666186 -1.2936095 ],[ 0.62172431  0.24695578 -1.0532937 ]
1.9712815,[-0.94254363 -0.06661724 -1.29359555],[ 0.6217407   0.24674213 -1.05334282]
1.9794312000000005,[-0.94249898 -0.06659023 -1.2935878 ],[ 0.62181878  0.24662302 -1.05332196]
1.9873682000000006,[-0.94251937 -0.06653877 -1.29357636],[ 0.62185407  0.24645618 -1.05334032]
1.9957820000000002,[-0.94247991 -0.06653631 -1.2935816 ],[ 0.62187815  0.24625218 -1.05343246]
2.0041983000000005,[-0.94249338 -0.06649354 -1.29358006],[ 0.62190229  0.24606919 -1.05352235]
2.0127892999999997,[-0.94246453 -0.0664903  -1.29358184],[ 0.62196374  0.24590249 -1.05359161]
2.0205721000000008,[-0.94247091 -0.06644477 -1.29358983],[ 0.62193006  0.24562477 -1.05375242]
2.0308793000000005,[-0.94244099 -0.06641653 -1.29358876],[ 0.62197506  0.24545765 -1.05382204]
2.040071300000001,[-0.94247544 -0.06638315 -1.29357362],[ 0.62200582  0.24531093 -1.05389977]
2.0506413000000006,[-0.94252437 -0.06634778 -1.29356265],[ 0.62204653  0.24510036 -1.05400336]
2.0610011999999998,[-0.94256413 -0.06632581 -1.29354656],[ 0.62208104  0.24494162 -1.05407381]
2.0713848000000006,[-0.94258833 -0.06628661 -1.29355216],[ 0.62215161  0.24468811 -1.05417204]
2.0803706,[-0.94260848 -0.0662436  -1.29355478],[ 0.62219268  0.24451406 -1.05424094]
2.0904095,[-0.94257879 -0.06619391 -1.29358268],[ 0.62223482  0.24432831 -1.05431581]
2.1004696000000003,[-0.94256413 -0.06608763 -1.29362404],[ 0.62227523  0.24409164 -1.05441427]
2.1097718000000008,[-0.94255996 -0.06601518 -1.29366851],[ 0.62232524  0.24396028 -1.05444157]
2.1193106000000004,[-0.94255793 -0.06595271 -1.29369676],[ 0.62236565  0.24384479 -1.05443728]
2.1290733,[-0.94257689 -0.06582106 -1.29375708],[ 0.62243408  0.24368364 -1.05441499]
2.1378584000000007,[-0.9425239  -0.06574937 -1.29379618],[ 0.62245584  0.24357337 -1.05442691]
2.1456801,[-0.94252646 -0.06565605 -1.29381859],[ 0.62248576  0.24343652 -1.05446517]
2.1542586999999997,[-0.94254136 -0.06556324 -1.29384851],[ 0.62250185  0.24331447 -1.05451167]
2.1631269,[-0.94256777 -0.06545317 -1.29387558],[ 0.62251234  0.24318999 -1.0545646 ]
2.1711861,[-0.94256777 -0.06532861 -1.29390264],[ 0.62250525  0.24305364 -1.05459666]
2.179764500000001,[-0.94255394 -0.06522134 -1.29392517],[ 0.62250257  0.24293597 -1.05464244]
2.1881664,[-0.94255793 -0.06510703 -1.29396558],[ 0.62248969  0.2428091  -1.05466878]
2.1973035000000003,[-0.94252563 -0.06496966 -1.29400909],[ 0.62248969  0.24269757 -1.0546844 ]
2.2047331000000003,[-0.94251406 -0.06481373 -1.29402006],[ 0.62254316  0.24272451 -1.05463624]
2.2129340000000006,[-0.94249952 -0.0646636  -1.29403126],[ 0.62253088  0.24264081 -1.05467224]
2.2207094000000005,[-0.94248927 -0.06448184 -1.29407167],[ 0.62250161  0.24255985 -1.05471444]
2.229745300000001,[-0.94246274 -0.06431308 -1.29408777],[ 0.62250745  0.24249008 -1.05472589]
2.2373934,[-0.94249195 -0.06412075 -1.29411793],[ 0.62250239  0.24243049 -1.05473316]
2.2468203000000013,[-0.94250524 -0.06391547 -1.29413331],[ 0.62250787  0.24238609 -1.05474448]
2.254984500000001,[-0.94250929 -0.06370236 -1.2941469 ],[ 0.62252975  0.24234819 -1.05473804]
2.263128,[-0.94248205 -0.06349718 -1.29417646],[ 0.62254435  0.24231938 -1.05473852]
2.2708849000000004,[-0.9424839  -0.06326413 -1.29420996],[ 0.62259352  0.24227916 -1.05472481]
2.2790708000000013,[-0.94244218 -0.06303912 -1.29424298],[ 0.62260562  0.24224687 -1.05472708]
2.2875753000000003,[-0.94244713 -0.06280686 -1.29428005],[ 0.62262148  0.24221592 -1.05475378]
2.295814100000001,[-0.94234896 -0.062557   -1.29431379],[ 0.62263697  0.2421843  -1.05478573]
2.305638400000001,[-0.94228685 -0.06225465 -1.2943511 ],[ 0.6226452   0.24217106 -1.05481994]
2.3131638,[-0.94222939 -0.06194343 -1.29439628],[ 0.62266463  0.24215887 -1.05485308]
2.3218009000000013,[-0.94216758 -0.06161861 -1.29443514],[ 0.62269318  0.24215759 -1.05487037]
2.3297714000000003,[-0.94208449 -0.06126545 -1.29445994],[ 0.62271726  0.24215254 -1.05487788]
2.338635100000001,[-0.94206077 -0.0609574  -1.29451478],[ 0.62265527  0.24204791 -1.05497515]
2.3476098000000007,[-0.94203502 -0.06060624 -1.29455268],[ 0.62266815  0.24206628 -1.05499494]
2.355487,[-0.94200075 -0.06026172 -1.29460478],[ 0.62268597  0.24207075 -1.05500257]
2.3626357000000002,[-0.94190335 -0.0598996  -1.29463124],[ 0.6226936  0.2420796 -1.0550139]
2.3709133,[-0.94180083 -0.0595427  -1.29469657],[ 0.62270379  0.24209771 -1.05503476]
2.3795876000000007,[-0.94175923 -0.0591754  -1.29477108],[ 0.62270123  0.24212432 -1.05505598]
2.3881829000000003,[-0.94165027 -0.05877958 -1.2948513 ],[ 0.6227178   0.24214156 -1.05506825]
2.397284300000001,[-0.9415704  -0.05833611 -1.29488587],[ 0.62271291  0.24216658 -1.05508935]
2.404693,[-0.94145679 -0.05793352 -1.29496205],[ 0.62271565  0.24220169 -1.05509722]
2.4125922000000006,[-0.94145906 -0.05750275 -1.29498661],[ 0.62271196  0.24222951 -1.05512166]
2.420641100000001,[-0.941396   -0.05711605 -1.29504621],[ 0.62269408  0.24223492 -1.05515754]
2.429435400000001,[-0.94137144 -0.05671058 -1.29507649],[ 0.62268043  0.24224469 -1.0552007 ]
2.4373237000000003,[-0.94129914 -0.0563     -1.29511976],[ 0.62266481  0.24224217 -1.05524409]
2.446116400000001,[-0.94122708 -0.05586861 -1.29515088],[ 0.62264776  0.24224666 -1.05529082]
2.454066000000001,[-0.94115722 -0.05538915 -1.29519439],[ 0.62263697  0.24225964 -1.05532396]
2.463178600000001,[-0.94110161 -0.05491326 -1.29523253],[ 0.62263447  0.24226479 -1.05536246]
2.470944300000001,[-0.94104326 -0.05445657 -1.2952615 ],[ 0.62265074  0.2422892  -1.05540216]
2.479840300000001,[-0.94093764 -0.05399984 -1.29528642],[ 0.62264913  0.24234413 -1.05544293]
2.487479800000001,[-0.94088322 -0.05351672 -1.29530346],[ 0.62266278  0.24242504 -1.05548024]
2.4958089,[-0.94078261 -0.05304048 -1.29531693],[ 0.62266809  0.24250415 -1.0555166 ]
2.505653200000001,[-0.94069576 -0.05256553 -1.2953589 ],[ 0.62270015  0.2425942  -1.05555499]
2.512996900000001,[-0.94062603 -0.05205363 -1.29538369],[ 0.62271482  0.24268228 -1.05559587]
2.5218989,[-0.94063777 -0.05158596 -1.29542744],[ 0.62272388  0.24276949 -1.05564415]
2.5297330000000002,[-0.94053531 -0.05109399 -1.29544365],[ 0.62272751  0.24286143 -1.05570126]
2.538225200000001,[-0.94051164 -0.05057601 -1.2954483 ],[ 0.62272596  0.24297141 -1.05576193]
2.5465728,[-0.94046336 -0.05005635 -1.29545557],[ 0.62271857  0.2431042  -1.05582106]
2.5566723000000007,[-0.94030511 -0.0495377  -1.29549229],[ 0.62272525  0.24324778 -1.05588615]
2.565323600000001,[-0.9402979  -0.04903101 -1.29550576],[ 0.62273276  0.24341553 -1.05594468]
2.575602400000001,[-0.94020259 -0.04825391 -1.29553986],[ 0.62274402  0.24373446 -1.05604482]
2.5847221000000005,[-0.94012505 -0.04774863 -1.29553962],[ 0.62276769  0.24396807 -1.05610418]
2.591996,[-0.94009936 -0.0472526  -1.29555595],[ 0.62279195  0.24423213 -1.05616295]
2.6006856000000003,[-0.94002527 -0.04675058 -1.29556978],[ 0.62282437  0.24452765 -1.05622959]
2.6087115,[-0.93993592 -0.04625526 -1.29557776],[ 0.6228438   0.24484062 -1.05630124]
2.616812300000001,[-0.93989658 -0.04574592 -1.29559851],[ 0.62287122  0.24515499 -1.05637538]
2.6256933,[-0.9398368  -0.04524518 -1.29563344],[ 0.62288159  0.24552223 -1.05646193]
2.6333032000000003,[-0.93964773 -0.04467538 -1.29555452],[ 0.62295717  0.24596892 -1.05647957]
2.6420911,[-0.93960202 -0.04424072 -1.29560196],[ 0.62289917  0.24621183 -1.05663443]
2.6498831000000003,[-0.93952775 -0.04376283 -1.29562318],[ 0.62289274  0.24655871 -1.05671608]
2.658259600000001,[-0.93945462 -0.04328824 -1.29566145],[ 0.62287974  0.24692598 -1.05679297]
2.6667471000000003,[-0.93938518 -0.04283598 -1.29569519],[ 0.6229443   0.24741924 -1.05681634]
2.6760801,[-0.9392994  -0.04235702 -1.29570413],[ 0.62294817  0.24788103 -1.05685318]
2.6833063,[-0.93921816 -0.04189132 -1.2957232 ],[ 0.62284929  0.24821147 -1.05702055]
2.692173800000001,[-0.93914133 -0.04144714 -1.29575312],[ 0.62284505  0.24869455 -1.057096  ]
2.7000899,[-0.9390859  -0.04102429 -1.29580271],[ 0.62284017  0.24919164 -1.05716157]
2.7083964,[-0.9390139  -0.04059149 -1.29584515],[ 0.62282389  0.24974202 -1.05723453]
2.716667300000001,[-0.9389379  -0.04016272 -1.29587519],[ 0.62282974  0.25030333 -1.05730116]
2.7251507000000004,[-0.93890715 -0.03973982 -1.29589522],[ 0.62282729  0.25086406 -1.05737901]
2.733288700000001,[-0.93884546 -0.03932502 -1.29591691],[ 0.62281543  0.25146216 -1.05747592]
2.741665000000001,[-0.93877244 -0.03889755 -1.29591429],[ 0.62279618  0.25208241 -1.0575701 ]
2.7497674000000014,[-0.93871427 -0.03848168 -1.29596353],[ 0.62277168  0.25272661 -1.05769372]
2.7584008000000004,[-0.9386217  -0.03804147 -1.29600883],[ 0.62273669  0.25335312 -1.05781186]
2.7666041000000003,[-0.93851686 -0.03760671 -1.29607105],[ 0.62273383  0.25399661 -1.05793083]
2.773522100000001,[-0.93848634 -0.03741536 -1.29609478],[ 0.62274748  0.25432417 -1.05798781]
2.7838828000000007,[-0.9384532  -0.03684978 -1.29618382],[ 0.62275136  0.25534895 -1.05815876]
2.7918735000000012,[-0.9383918  -0.03643565 -1.29621589],[ 0.62270516  0.25601205 -1.0582813 ]
2.8008059999999997,[-0.93837374 -0.03603961 -1.29623246],[ 0.62267166  0.25665784 -1.05838847]
2.808731400000001,[-0.9383384  -0.03566461 -1.29626858],[ 0.62264925  0.25732175 -1.05852246]
2.8169562,[-0.93825573 -0.0352684  -1.29630125],[ 0.62263155  0.25796673 -1.0586648 ]
2.825391400000001,[-0.93817019 -0.03484049 -1.29633522],[ 0.62258172  0.25855142 -1.05879641]
2.8341657,[-0.938097   -0.03443677 -1.29635274],[ 0.62257963  0.25926113 -1.05888999]
2.8420450000000006,[-0.93804419 -0.03403173 -1.29638398],[ 0.62253523  0.2599448  -1.05899465]
2.8498786000000003,[-0.93802738 -0.03364905 -1.29640067],[ 0.62237209  0.26041505 -1.05923831]
2.8584348000000013,[-0.93800861 -0.03328781 -1.29641581],[ 0.62233478  0.26098904 -1.05938053]
2.866484700000001,[-0.93798918 -0.03293803 -1.29639959],[ 0.6222589   0.26159695 -1.05955505]
2.874955,[-0.93796945 -0.03256606 -1.2963872 ],[ 0.62219191  0.26223305 -1.0597316 ]
2.883257200000001,[-0.93790793 -0.03217268 -1.29639482],[ 0.62214971  0.26289219 -1.05989432]
2.8925710000000002,[-0.93785387 -0.03181311 -1.29643047],[ 0.62213069  0.2635127  -1.06004989]
2.9001886,[-0.93780023 -0.03143115 -1.2964313 ],[ 0.62212062  0.26415333 -1.06021559]
2.9088755000000006,[-0.93764162 -0.03100138 -1.29634583],[ 0.62211251  0.26484489 -1.06037962]
2.9167479000000007,[-0.93724817 -0.03037973 -1.29594874],[ 0.62210643  0.26552993 -1.0605551 ]
2.9250062000000003,[-0.93732411 -0.03007953 -1.29604828],[ 0.62209165  0.26618049 -1.06074405]
2.933347300000001,[-0.9374795  -0.02989135 -1.29631746],[ 0.62209988  0.26686928 -1.06093705]
2.941661100000001,[-0.93737817 -0.02950852 -1.29628015],[ 0.62209541  0.26756632 -1.06114662]
2.9501045,[-0.93732911 -0.02915541 -1.29623044],[ 0.62209451  0.26826084 -1.06136334]
2.9584282,[-0.93730468 -0.02880129 -1.29620838],[ 0.6222735   0.26887712 -1.06159258]
2.966739200000001,[-0.93725967 -0.02841831 -1.29619813],[ 0.62225783  0.26954123 -1.06181347]
2.975181900000001,[-0.93720722 -0.02802758 -1.29618013],[ 0.62223923  0.2701588  -1.06203604]
2.9845598000000013,[-0.93713421 -0.02761451 -1.29614937],[ 0.62220848  0.27081522 -1.06226599]
2.9919192,[-0.93709922 -0.02721327 -1.2960881 ],[ 0.62220252  0.2714183  -1.06246781]
3.000316700000001,[-0.93706292 -0.02684997 -1.29605436],[ 0.62217551  0.27196175 -1.06265128]
3.0085862,[-0.93701577 -0.0264348  -1.29601216],[ 0.62212241  0.27252281 -1.06286466]
3.0164855,[-0.93693852 -0.02600504 -1.29594624],[ 0.62208879  0.27305984 -1.06305814]
3.0240360000000006,[-0.93692005 -0.02579851 -1.29591918],[ 0.62207937  0.27331284 -1.06314588]
3.0340618,[-0.93682325 -0.02511872 -1.29585922],[ 0.62201136  0.27401146 -1.06341171]
3.041773000000001,[-0.93675596 -0.02467395 -1.29580367],[ 0.62195116  0.27439612 -1.06356847]
3.049854,[-0.93665773 -0.02423515 -1.29574692],[ 0.62188709  0.27475131 -1.06372559]
3.0585060000000013,[-0.93640983 -0.02363754 -1.29549277],[ 0.62180328  0.27508995 -1.06387854]
3.0667142,[-0.93631923 -0.02322008 -1.29542053],[ 0.62169898  0.27538317 -1.06403339]
3.0754041,[-0.93625933 -0.02293081 -1.29544818],[ 0.62158161  0.27564406 -1.06418633]
3.0832709000000005,[-0.93626243 -0.02258649 -1.29544389],[ 0.62144804  0.27589226 -1.06434274]
3.0921544,[-0.93621558 -0.02224102 -1.29539919],[ 0.62131333  0.27611241 -1.06449902]
3.1000134,[-0.93612891 -0.02192062 -1.29532707],[ 0.62118596  0.27628967 -1.06464005]
3.109005700000001,[-0.93601829 -0.02164992 -1.29523742],[ 0.62107486  0.2764447  -1.06478524]
3.1168151,[-0.93590695 -0.0213993  -1.29515254],[ 0.62095135  0.27657914 -1.06493855]
3.1250481000000008,[-0.9358058  -0.02116584 -1.29507196],[ 0.62083822  0.27670813 -1.06508946]
3.1337483000000006,[-0.93569177 -0.02098222 -1.29498219],[ 0.62075633  0.2768181  -1.06522393]
3.1426488,[-0.935583   -0.02084486 -1.29488182],[ 0.62072837  0.27689314 -1.0653615 ]
3.185948,[-0.93492311 -0.02065339 -1.29439497],[ 0.62080908  0.27725643 -1.06616974]
3.1950156000000014,[-0.93492311 -0.02065339 -1.29439497],[ 0.62080908  0.27725643 -1.06616974]
3.2050701000000004,[-0.93469691 -0.02074624 -1.29426873],[ 0.62094826  0.2773622  -1.06642652]
3.214789100000001,[-0.93436074 -0.02095227 -1.29411578],[ 0.62113374  0.27761877 -1.06683278]
3.221961500000001,[-0.93418223 -0.02110998 -1.29405522],[ 0.62132823  0.27763999 -1.06699109]
3.2341523,[-0.93387842 -0.02139337 -1.2939955 ],[ 0.62164354  0.27772358 -1.06722641]
3.2426760000000012,[-0.93368435 -0.02159057 -1.29396248],[ 0.62189394  0.27778476 -1.06738889]
3.250596400000001,[-0.93346989 -0.02179711 -1.2939167 ],[ 0.62217408  0.27784714 -1.06755984]
3.2583792000000003,[-0.9332484  -0.02199497 -1.29388368],[ 0.62248617  0.27791485 -1.06772542]
3.2665880000000005,[-0.93301606 -0.02221244 -1.2938385 ],[ 0.62280768  0.2780315  -1.06789422]
3.2753352000000007,[-0.9327563  -0.0224497  -1.29382563],[ 0.62313324  0.27813777 -1.06803346]
3.2834206000000012,[-0.93249559 -0.02269655 -1.29381764],[ 0.62345624  0.27824485 -1.06819308]
3.292599600000001,[-0.9322291  -0.02297224 -1.29380465],[ 0.62382662  0.27831575 -1.06832349]
3.3001012000000003,[-0.93195283 -0.02328281 -1.29380298],[ 0.62420565  0.27840459 -1.06845748]
3.3092278999999998,[-0.93165469 -0.0235676  -1.29377472],[ 0.62458271  0.27849472 -1.06859899]
3.3185664,[-0.93138516 -0.02382639 -1.29376352],[ 0.62495571  0.27859676 -1.06874275]
3.3272806,[-0.93110001 -0.02408142 -1.29371965],[ 0.62534392  0.2787126  -1.0688566 ]
3.3358262000000014,[-0.9308179  -0.02435902 -1.29370475],[ 0.62572712  0.27883577 -1.06895733]
3.3440292000000014,[-0.93049055 -0.02468172 -1.2936902 ],[ 0.62610817  0.27896512 -1.06905651]
3.354762600000001,[-0.92996919 -0.02518925 -1.29367924],[ 0.62667972  0.27919483 -1.06920803]
3.362975800000001,[-0.92965382 -0.0254777  -1.29361522],[ 0.62706137  0.2793228  -1.06929386]
3.3716547000000006,[-0.92935854 -0.0258083  -1.2935555 ],[ 0.62744981  0.27947557 -1.06936038]
3.379441100000001,[-0.92906642 -0.02616997 -1.29346657],[ 0.62781674  0.27963156 -1.06941545]
3.3882039000000006,[-0.92876226 -0.02653101 -1.29341114],[ 0.62817776  0.2797946  -1.06948292]
3.3971544,[-0.92843944 -0.02686616 -1.29337192],[ 0.62852937  0.27996436 -1.06954217]
3.4047005000000006,[-0.92808706 -0.02721524 -1.29331124],[ 0.62889165  0.28011209 -1.06958473]
3.4141817999999997,[-0.92773432 -0.02754707 -1.29323912],[ 0.62926263  0.28023848 -1.0696255 ]
3.421863700000001,[-0.92738867 -0.02787258 -1.29314816],[ 0.62965101  0.2803942  -1.06965578]
3.4301525,[-0.92705965 -0.02820303 -1.29307556],[ 0.63005352  0.28055838 -1.06970692]
3.4376189999999998,[-0.92677146 -0.02861274 -1.29311037],[ 0.63044405  0.28073147 -1.06972933]
3.4469143000000013,[-0.92644739 -0.02895731 -1.29306221],[ 0.63082564  0.28093481 -1.06975341]
3.4544848000000012,[-0.9260636  -0.02925752 -1.29298711],[ 0.63122457  0.28117228 -1.06980109]
3.4631515000000004,[-0.92571807 -0.02950747 -1.29290259],[ 0.63166648  0.28140259 -1.06983364]
3.4716000000000005,[-0.9253372  -0.02979379 -1.29282916],[ 0.6321336   0.28163341 -1.06984472]
3.479700600000001,[-0.9249177  -0.03008596 -1.29273605],[ 0.63260758  0.28182048 -1.06986356]
3.4874673000000005,[-0.92447788 -0.0303687  -1.29266095],[ 0.63308173  0.28202057 -1.06984878]
3.4957393000000003,[-0.9240545  -0.03062493 -1.29258204],[ 0.63354641  0.28221881 -1.06986558]
3.504238300000001,[-0.92363572 -0.03085011 -1.29249871],[ 0.63404071  0.28244129 -1.06988168]
3.5111816000000005,[-0.92338383 -0.03095988 -1.29243469],[ 0.63429427  0.2825425  -1.06989038]
3.5196083,[-0.92291754 -0.03120425 -1.29235101],[ 0.63481057  0.28272879 -1.06990016]
3.5289681,[-0.92215943 -0.03153624 -1.29221582],[ 0.63560802  0.28299221 -1.06994009]
3.5384717000000006,[-0.92166585 -0.03174003 -1.29212618],[ 0.63612115  0.28314576 -1.06996822]
3.5466928000000006,[-0.92117602 -0.03195992 -1.29200435],[ 0.63666445  0.28328726 -1.06999195]
3.5547068,[-0.9206717  -0.03216035 -1.29187155],[ 0.63724256  0.28342348 -1.0700165 ]
3.562766,[-0.92012489 -0.03236474 -1.291749  ],[ 0.6378355   0.28351331 -1.07002819]
3.571286200000001,[-0.91957682 -0.03256403 -1.29163444],[ 0.63840908  0.28362179 -1.07004678]
3.579754900000001,[-0.91898131 -0.03276849 -1.29151642],[ 0.63898379  0.28371221 -1.07003665]
3.5874623000000003,[-0.91843122 -0.03294804 -1.29139733],[ 0.63955414  0.28381526 -1.07002008]
3.5970128,[-0.91786915 -0.03309298 -1.29125237],[ 0.64014149  0.28389761 -1.07001686]
3.605220900000001,[-0.91724968 -0.03326513 -1.29109824],[ 0.64073455  0.28397012 -1.06999409]
3.6145815,[-0.91658837 -0.03346916 -1.29099059],[ 0.6413033   0.28401604 -1.06996238]
3.621873000000001,[-0.91597271 -0.03368726 -1.29088962],[ 0.64186358  0.28403205 -1.06992197]
3.630244900000001,[-0.91537988 -0.03387725 -1.29074371],[ 0.6424045   0.28401977 -1.06989539]
3.638191000000001,[-0.91473508 -0.03405035 -1.29057074],[ 0.64294952  0.28400135 -1.06989336]
3.6467626000000006,[-0.9140588  -0.03419108 -1.29042494],[ 0.64351982  0.28396645 -1.06985474]
3.6544737000000005,[-0.9134137  -0.03435301 -1.29030013],[ 0.64407295  0.2839345  -1.0698092 ]
3.6626765,[-0.91273999 -0.03451648 -1.29015505],[ 0.64458734  0.28391537 -1.0697825 ]
3.6717695,[-0.91201276 -0.03470176 -1.29000938],[ 0.64511681  0.2838729  -1.06973064]
3.6813159000000013,[-0.91136652 -0.03489486 -1.28987193],[ 0.64565831  0.28383285 -1.06968081]
3.691312100000001,[-0.91037023 -0.03513964 -1.28964627],[ 0.64647073  0.28380355 -1.06963599]
3.6987592000000014,[-0.91005111 -0.03520965 -1.28958416],[ 0.64673001  0.2837885  -1.06960166]
3.7088655,[-0.90898722 -0.03541571 -1.28934574],[ 0.64750677  0.28373334 -1.0695504 ]
3.7174618000000006,[-0.90827656 -0.03557301 -1.28921342],[ 0.64801788  0.28370979 -1.06949854]
3.7256975000000008,[-0.9075352  -0.03570913 -1.28907073],[ 0.64854026  0.28368443 -1.06944096]
3.7340766,[-0.90683711 -0.03585261 -1.28891921],[ 0.64909351  0.28364754 -1.06936896]
3.7424397000000003,[-0.90615839 -0.03596892 -1.28874922],[ 0.64963704  0.28362149 -1.06929827]
3.7506456999999997,[-0.90547323 -0.03611521 -1.28860438],[ 0.65014917  0.28362557 -1.06923509]
3.7584028000000007,[-0.90476769 -0.03626519 -1.28846729],[ 0.65066057  0.28362256 -1.06918037]
3.767197600000001,[-0.90400839 -0.03638349 -1.28831744],[ 0.65115482  0.28363106 -1.0691191 ]
3.7758346000000014,[-0.90333116 -0.03652209 -1.28817904],[ 0.65164131  0.28367218 -1.06905758]
3.7843351,[-0.90262264 -0.03664955 -1.28801155],[ 0.65214902  0.2837036  -1.06899369]
3.791805400000001,[-0.90194005 -0.03678198 -1.28785706],[ 0.65266412  0.28373793 -1.06891322]
3.7997642000000003,[-0.90126753 -0.0369403  -1.28770113],[ 0.6531834   0.28376755 -1.06880188]
3.8071292000000003,[-0.90092885 -0.03700648 -1.28760564],[ 0.65343958  0.28380242 -1.06875765]
3.8184956000000003,[-0.89992607 -0.037189   -1.28734267],[ 0.654149    0.28391084 -1.06863523]
3.8281715,[-0.89925969 -0.03731099 -1.28717613],[ 0.65462399  0.28399837 -1.06854391]
3.8379156000000005,[-0.89826268 -0.03745899 -1.28694654],[ 0.65539223  0.28410256 -1.06834078]
3.8473594,[-0.89761847 -0.03754935 -1.28679979],[ 0.65585864  0.28422847 -1.06823206]
3.8572525000000013,[-0.89696193 -0.03769187 -1.2866739 ],[ 0.65633315  0.28433284 -1.06812024]
3.8667379000000004,[-0.89592248 -0.03791121 -1.28645813],[ 0.65701061  0.28448495 -1.06800842]
3.8765128000000004,[-0.89529145 -0.03802349 -1.28632987],[ 0.65747166  0.28460035 -1.06787789]
3.8872715000000007,[-0.89438736 -0.03817918 -1.2861172 ],[ 0.65814644  0.28476536 -1.06771159]
3.8964981000000005,[-0.89375287 -0.03829661 -1.28599155],[ 0.65858078  0.2849012  -1.06760669]
3.9044138000000004,[-0.89312142 -0.03840723 -1.28588831],[ 0.65903276  0.28504622 -1.06749904]
3.9124747000000006,[-0.89245367 -0.03848572 -1.2858094 ],[ 0.6594758   0.28519189 -1.06738722]
3.9210364,[-0.89179868 -0.0385811  -1.28571713],[ 0.65991759  0.28534123 -1.06727087]
3.929165300000001,[-0.89118201 -0.03872572 -1.2856456 ],[ 0.66034698  0.28550556 -1.06715477]
3.9374383,[-0.89058703 -0.03884867 -1.28553379],[ 0.66079342  0.28565329 -1.06704807]
3.9457252,[-0.89001936 -0.03892476 -1.28541374],[ 0.66121209  0.28581861 -1.06695187]
3.9546774000000013,[-0.8894642  -0.03903279 -1.28532064],[ 0.66163421  0.28598374 -1.06684577]
3.962741600000001,[-0.88888872 -0.03915375 -1.2852354 ],[ 0.66205746  0.28612053 -1.06672859]
3.9706793000000005,[-0.88832587 -0.03924452 -1.28514397],[ 0.66247934  0.28626105 -1.06663239]
3.9789423,[-0.88774437 -0.0393513  -1.28506565],[ 0.66287649  0.28641185 -1.06651676]
3.9873771,[-0.88717514 -0.03948163 -1.28500462],[ 0.66328061  0.28653863 -1.06640565]
3.9958381999999997,[-0.88661093 -0.03963994 -1.28491306],[ 0.66368622  0.28668097 -1.06627929]
4.0040637,[-0.88605434 -0.03980056 -1.28483868],[ 0.66409028  0.28679985 -1.0661577 ]
4.012514900000001,[-0.88552356 -0.03995188 -1.28478861],[ 0.66447103  0.28691202 -1.06604278]
4.020735700000001,[-0.88499272 -0.04011192 -1.28474891],[ 0.66484743  0.28703216 -1.06595767]
4.0296354,[-0.8844946  -0.04027794 -1.28470981],[ 0.66521227  0.28713617 -1.06588709]
4.037697700000001,[-0.88397187 -0.04042158 -1.28464818],[ 0.66558015  0.28724849 -1.06579256]
4.0463328,[-0.88347107 -0.0405086  -1.28459716],[ 0.66594648  0.28735721 -1.06569469]
4.054277900000001,[-0.8829537  -0.04064514 -1.28454792],[ 0.66632372  0.28746843 -1.06558895]
4.062452200000001,[-0.88251001 -0.04079994 -1.28452182],[ 0.66668552  0.28757036 -1.06548512]
4.0716134,[-0.88203955 -0.04097354 -1.284495  ],[ 0.66704863  0.287673   -1.06538892]
4.079702900000001,[-0.88156319 -0.04110447 -1.28447771],[ 0.66740531  0.28778028 -1.06529868]
4.0881904,[-0.88107657 -0.04119537 -1.28443658],[ 0.66782922  0.28784788 -1.06524563]
4.096488200000001,[-0.88061255 -0.04130564 -1.28442597],[ 0.66818172  0.28796577 -1.06518304]
4.1044739,[-0.88018554 -0.04143948 -1.28439546],[ 0.66856438  0.28807363 -1.06510377]
4.112370400000001,[-0.87973535 -0.04159063 -1.28438306],[ 0.66893363  0.28814104 -1.06500769]
4.1210775,[-0.87931734 -0.04174829 -1.2843641 ],[ 0.66930777  0.28821439 -1.06493795]
4.1291046,[-0.87887096 -0.04190375 -1.28435934],[ 0.66966867  0.28827149 -1.0648495 ]
4.1381236,[-0.87845707 -0.04204674 -1.28433919],[ 0.67000997  0.28830066 -1.06477618]
4.1456654,[-0.87802911 -0.04216099 -1.28432834],[ 0.67033631  0.2883195  -1.06471646]
4.154727300000001,[-0.87761128 -0.04231462 -1.28433323],[ 0.67067337  0.28837001 -1.06465912]
4.163015,[-0.8772257  -0.04245494 -1.28434861],[ 0.67101979  0.28839952 -1.06459641]
4.1712057,[-0.87685513 -0.04259599 -1.28433335],[ 0.67136973  0.28845772 -1.06452811]
4.1793277,[-0.87649918 -0.04278114 -1.28430414],[ 0.67173743  0.28847972 -1.06445992]
4.1870358,[-0.87615025 -0.04296146 -1.28428793],[ 0.6720708   0.28853285 -1.06440413]
4.194534800000001,[-0.87597799 -0.04307571 -1.28428161],[ 0.67223245  0.28855512 -1.06438684]
4.2024366,[-0.8756237  -0.04325863 -1.28429091],[ 0.67256349  0.28858358 -1.06433976]
4.2120359,[-0.87508732 -0.04352741 -1.28431177],[ 0.67307752  0.2886132  -1.06422091]
4.219512400000001,[-0.87491745 -0.04359713 -1.28432298],[ 0.67323697  0.28863013 -1.06418705]
4.2291164000000006,[-0.87438077 -0.04384059 -1.28436029],[ 0.67373526  0.28867289 -1.06407523]
4.2375279,[-0.8740474  -0.04402496 -1.28437603],[ 0.6740399   0.28870255 -1.06400776]
4.2457937,[-0.87373054 -0.04422708 -1.28438318],[ 0.67436457  0.28870755 -1.06393206]
4.2526654,[-0.8735956  -0.04432036 -1.28439724],[ 0.67452866  0.2887184  -1.06389511]
4.2619153,[-0.87316817 -0.04461584 -1.2844013 ],[ 0.67504996  0.28869379 -1.06377542]
4.269395300000001,[-0.87302113 -0.0447109  -1.28441775],[ 0.67521721  0.28868657 -1.06373394]
4.279742000000001,[-0.87262899 -0.04500989 -1.28445172],[ 0.67569381  0.28869054 -1.06364989]
4.288162,[-0.87236053 -0.04521301 -1.28447926],[ 0.67601615  0.28872126 -1.06359208]
4.2963734,[-0.87208599 -0.04541925 -1.2845124 ],[ 0.67633325  0.28876457 -1.06353462]
4.3041856,[-0.87184662 -0.04564232 -1.28453767],[ 0.67667133  0.28879741 -1.06347096]
4.3123465,[-0.8716265  -0.04585984 -1.28455126],[ 0.67702806  0.28881121 -1.06338477]
4.3216065,[-0.87142664 -0.04607429 -1.28456879],[ 0.67737764  0.28885859 -1.06330729]
4.3297437,[-0.87123179 -0.04628382 -1.28460026],[ 0.6777153   0.28892842 -1.06325006]
4.338539500000001,[-0.87104458 -0.04650176 -1.28463674],[ 0.67807126  0.28898147 -1.06319749]
4.347405400000001,[-0.87087101 -0.04672123 -1.2846638 ],[ 0.67842042  0.28902882 -1.0631417 ]
4.357166900000001,[-0.87069082 -0.04694582 -1.28469884],[ 0.67874897  0.28910044 -1.0631007 ]
4.367009300000001,[-0.8704232 -0.0472584 -1.2847718],[ 0.67927814  0.28921631 -1.06301105]
4.375104200000001,[-0.87026286 -0.04749304 -1.28482592],[ 0.67961943  0.28931105 -1.06295633]
4.3839384,[-0.87010849 -0.04772987 -1.28487742],[ 0.67996609  0.28938273 -1.06284916]
4.391874600000001,[-0.8699854  -0.04795542 -1.28494406],[ 0.68031472  0.28949621 -1.06277764]
4.4005212,[-0.86986268 -0.04818988 -1.28501952],[ 0.68065125  0.2896204  -1.06271791]
4.408453100000001,[-0.86975873 -0.04842205 -1.2850945 ],[ 0.68099821  0.28974545 -1.06264353]
4.4171963000000005,[-0.86967057 -0.04864267 -1.28516161],[ 0.68134797  0.28987953 -1.06256843]
4.425219,[-0.86960322 -0.04887266 -1.28521585],[ 0.68170285  0.29002595 -1.06248212]
4.433342900000001,[-0.86954176 -0.04910659 -1.28529346],[ 0.68203408  0.29017085 -1.06238389]
4.4424296000000005,[-0.86951548 -0.04933135 -1.2853632 ],[ 0.6824044   0.2903274  -1.06224799]
4.450460600000001,[-0.86949706 -0.04956864 -1.28542554],[ 0.68270099  0.29044032 -1.0621531 ]
4.459896500000001,[-0.8694846  -0.04980649 -1.28549016],[ 0.6830129   0.29054159 -1.06205904]
4.4677124,[-0.86948961 -0.05004081 -1.28555107],[ 0.68335134  0.29065302 -1.06193388]
4.475879600000001,[-0.86950487 -0.05028483 -1.28562891],[ 0.68368053  0.2907736  -1.06182683]
4.483355900000001,[-0.86953837 -0.05054344 -1.28569376],[ 0.68398911  0.29088104 -1.06171715]
4.4917011,[-0.8695727  -0.05079376 -1.28575671],[ 0.68430728  0.29097888 -1.06160498]
4.5000812,[-0.86962867 -0.05105442 -1.28582585],[ 0.684641    0.29106873 -1.06150901]
4.5083058000000005,[-0.86968809 -0.05131352 -1.28589475],[ 0.6849609   0.29116088 -1.06142914]
4.5174631000000005,[-0.86974591 -0.05158639 -1.28596103],[ 0.68529636  0.29123402 -1.06133687]
4.525751000000001,[-0.86982483 -0.05184574 -1.28601897],[ 0.68561453  0.29128975 -1.06124914]
4.533965100000001,[-0.86991227 -0.05211456 -1.28608739],[ 0.68595016  0.29134399 -1.06115794]
4.5415262,[-0.87000686 -0.05235662 -1.28616416],[ 0.68630415  0.29138175 -1.06106234]
4.549943900000001,[-0.87010616 -0.05259382 -1.28624737],[ 0.68664461  0.29142448 -1.06096709]
4.558255000000001,[-0.87019861 -0.0528498  -1.28633678],[ 0.68698722  0.29142374 -1.06087434]
4.5670847000000006,[-0.87031192 -0.05311196 -1.28640962],[ 0.6873098   0.29142898 -1.0607965 ]
4.575119800000001,[-0.87042993 -0.0533891  -1.28646398],[ 0.68766749  0.29140958 -1.06070781]
4.5836901,[-0.87057942 -0.05366605 -1.28652513],[ 0.68802994  0.29138118 -1.060637  ]
4.592071300000001,[-0.87070924 -0.05393016 -1.28659141],[ 0.6883803   0.29134518 -1.06055892]
4.6005757,[-0.87080145 -0.05421201 -1.2866931 ],[ 0.68874204  0.29129222 -1.06047964]
4.608541600000001,[-0.87086219 -0.05446903 -1.2867955 ],[ 0.68910271  0.29122534 -1.06040347]
4.6165369,[-0.87091315 -0.05473233 -1.28690696],[ 0.68944323  0.29114959 -1.06033444]
4.625161,[-0.87099296 -0.05500586 -1.28700364],[ 0.68977189  0.29103571 -1.06026065]
4.633228200000001,[-0.87106806 -0.0552914  -1.28709364],[ 0.6901083   0.29091012 -1.06018829]
4.643371800000001,[-0.87113392 -0.05559788 -1.28719485],[ 0.69043326  0.29075697 -1.06012046]
4.650792600000001,[-0.87122858 -0.05588291 -1.28730702],[ 0.69075763  0.29059729 -1.06007385]
4.6601465,[-0.8713451  -0.0561705  -1.28742695],[ 0.69108993  0.29042289 -1.06001401]
4.667613300000001,[-0.87144834 -0.05645036 -1.28752995],[ 0.69138324  0.29025093 -1.05996168]
4.676132500000001,[-0.87151659 -0.05672978 -1.28763509],[ 0.69167674  0.29004019 -1.05990613]
4.683790700000001,[-0.87159348 -0.05700017 -1.28777039],[ 0.69194996  0.28983524 -1.05986071]
4.6919906000000005,[-0.87166005 -0.05726802 -1.28790998],[ 0.69222206  0.2895872  -1.0598042 ]
4.700068,[-0.87173235 -0.05757814 -1.28805637],[ 0.6924749   0.28929144 -1.05972826]
4.708099200000001,[-0.87180424 -0.05789894 -1.28819609],[ 0.69271809  0.28898853 -1.0596602 ]
4.716482000000001,[-0.87186146 -0.05820312 -1.28833711],[ 0.69291419  0.288701   -1.0596056 ]
4.7255053,[-0.87192339 -0.05851112 -1.28850579],[ 0.6931178   0.28839126 -1.05954814]
4.7339702,[-0.87196159 -0.05879508 -1.28865826],[ 0.69330728  0.28806832 -1.05947721]
4.741680800000001,[-0.87200952 -0.05908259 -1.2888087 ],[ 0.69347787  0.28772897 -1.0594002 ]
4.749871300000001,[-0.87207872 -0.05937073 -1.28896749],[ 0.69366342  0.28739113 -1.0593251 ]
4.7583667,[-0.87215489 -0.059664   -1.28913426],[ 0.69382852  0.28704694 -1.05924129]
4.766863600000001,[-0.87224591 -0.05997251 -1.28929532],[ 0.69399565  0.28668997 -1.05916071]
4.7751047,[-0.87232256 -0.06027824 -1.28944278],[ 0.69414365  0.28634104 -1.05908704]
4.783978600000001,[-0.87241071 -0.06057264 -1.28959262],[ 0.69430208  0.28595552 -1.05900729]
4.791841400000001,[-0.87249118 -0.06088292 -1.28975308],[ 0.69444239  0.28560054 -1.05894291]
4.800613500000001,[-0.87259376 -0.06118022 -1.2899071 ],[ 0.69456792  0.28524718 -1.05887401]
4.8085226,[-0.87267816 -0.06146301 -1.29003811],[ 0.694682    0.28486755 -1.05880213]
4.8173545,[-0.8727811  -0.06175865 -1.29019129],[ 0.69478971  0.28448489 -1.05873489]
4.8259133,[-0.87287205 -0.06207566 -1.29033864],[ 0.69491076  0.28405771 -1.05864394]
4.8340289,[-0.87299126 -0.06241807 -1.29053688],[ 0.69502467  0.28363058 -1.05856156]
4.8422216,[-0.87307519 -0.06273115 -1.29067552],[ 0.69513726  0.283171   -1.05846894]
4.849918200000001,[-0.87315249 -0.06303213 -1.29080439],[ 0.69521433  0.28273115 -1.05839324]
4.8584157,[-0.87324977 -0.06333816 -1.29093862],[ 0.69530803  0.28227967 -1.05831957]
4.866638200000001,[-0.87333387 -0.06363882 -1.29106283],[ 0.69537872  0.28184551 -1.05825329]
4.876415,[-0.8734014  -0.06392701 -1.2911917 ],[ 0.69545442  0.28138429 -1.05816412]
4.883498900000001,[-0.87346154 -0.0642308  -1.29133654],[ 0.69553298  0.28091639 -1.05808449]
4.8923579,[-0.87353015 -0.06453856 -1.29148436],[ 0.6955964   0.28047812 -1.05800235]
4.9002829000000006,[-0.87359488 -0.06483475 -1.29162467],[ 0.69566143  0.28003192 -1.05791819]
4.908975400000001,[-0.87364751 -0.06514152 -1.29177511],[ 0.69573009  0.2795645  -1.05782771]
4.9167951,[-0.87369668 -0.06541798 -1.29191315],[ 0.6958133   0.27910537 -1.05770183]
4.925805,[-0.8737452  -0.06567466 -1.292068  ],[ 0.69588149  0.27864069 -1.05759919]
4.933946500000001,[-0.87379718 -0.06591722 -1.29220438],[ 0.695952    0.27817002 -1.0574851 ]
4.941659300000001,[-0.87385994 -0.06614681 -1.29233503],[ 0.69601721  0.27769682 -1.05736196]
4.9498643,[-0.8739019  -0.066377   -1.29247093],[ 0.69608176  0.27722082 -1.05721617]
4.958349400000001,[-0.87396854 -0.06661203 -1.29261327],[ 0.69616026  0.27671805 -1.05708253]
4.967221800000001,[-0.87401938 -0.06682967 -1.29275346],[ 0.69622535  0.27622974 -1.05693471]
4.9752113,[-0.87409449 -0.06706243 -1.29287791],[ 0.69629437  0.2757349  -1.05677724]
4.984771200000001,[-0.87416053 -0.06725526 -1.29297602],[ 0.69635212  0.27523589 -1.05663395]
4.9963257,[-0.87422615 -0.06742115 -1.29306734],[ 0.69640058  0.27474403 -1.05649638]
5.0210311,[-0.87433702 -0.06769685 -1.29322314],[ 0.69648492  0.27393124 -1.05627811]
5.033950500000001,[-0.87456036 -0.06819648 -1.29347217],[ 0.69655424  0.27238128 -1.05586672]
5.0458824,[-0.87470484 -0.06850406 -1.29363835],[ 0.69663769  0.27124691 -1.05559719]
5.056672500000001,[-0.87477851 -0.06865612 -1.29372287],[ 0.69667166  0.27066526 -1.05544877]
5.067833800000001,[-0.87490708 -0.06887467 -1.29383898],[ 0.6966964   0.26986521 -1.05528545]
5.0775217,[-0.87502885 -0.06903914 -1.29388154],[ 0.69671875  0.26931974 -1.05518222]
5.0873481,[-0.87520623 -0.06928881 -1.29395115],[ 0.69678771  0.26847219 -1.05502129]
5.0962581,[-0.87530267 -0.06944056 -1.29400659],[ 0.69682807  0.26792726 -1.05490541]
5.1051284,[-0.87539166 -0.06959292 -1.29407287],[ 0.69686693  0.26741511 -1.05480754]
5.112407900000001,[-0.87548405 -0.06972829 -1.29413366],[ 0.69689387  0.26692399 -1.05472028]
5.121904000000001,[-0.87557989 -0.06986976 -1.29418361],[ 0.69693404  0.26641113 -1.05462921]
5.128907700000001,[-0.87567246 -0.07000864 -1.29422927],[ 0.69700277  0.26589274 -1.05453885]
5.1374026,[-0.87577933 -0.07015079 -1.29426312],[ 0.69705617  0.26540494 -1.05446184]
5.146081500000001,[-0.87589121 -0.07028946 -1.29430342],[ 0.69710422  0.26489264 -1.05439663]
5.1542443,[-0.87599987 -0.07043787 -1.29435992],[ 0.69714272  0.26439553 -1.05434644]
5.1627951,[-0.87610906 -0.07056496 -1.29440558],[ 0.69718099  0.26393652 -1.05430746]
5.170749000000001,[-0.87620389 -0.07068629 -1.2944541 ],[ 0.69723141  0.26348221 -1.05424845]
5.180624300000002,[-0.87630844 -0.07079133 -1.29450011],[ 0.69728965  0.26302913 -1.05420542]
5.1882673,[-0.87641037 -0.07092082 -1.29455113],[ 0.6973446   0.26256323 -1.05415547]
5.197527700000002,[-0.87650996 -0.07102775 -1.29460597],[ 0.69739407  0.26212406 -1.05412483]
5.2050737,[-0.87660831 -0.07111591 -1.2946527 ],[ 0.69742537  0.26170513 -1.05408764]
5.213616999999999,[-0.87671566 -0.07122041 -1.29469669],[ 0.69746971  0.26128829 -1.05405855]
5.221515799999999,[-0.87682468 -0.07132008 -1.29472446],[ 0.6975022   0.26092806 -1.05403292]
5.2318614,[-0.87690598 -0.07140502 -1.29476392],[ 0.69754052  0.26058951 -1.0539999 ]
5.2403929,[-0.87698621 -0.07148286 -1.29481006],[ 0.69757283  0.2602669  -1.05397367]
5.249994700000002,[-0.87710977 -0.07157338 -1.2948494 ],[ 0.69761592  0.25984171 -1.05396056]
5.2588194,[-0.87719315 -0.07164694 -1.29486656],[ 0.69764006  0.25958645 -1.05395281]
5.266566000000001,[-0.87729704 -0.07171003 -1.29487526],[ 0.69766569  0.25935832 -1.05394065]
5.2758880999999995,[-0.87740582 -0.07177591 -1.29486346],[ 0.69767606  0.25916722 -1.05392373]
5.283552400000001,[-0.87753546 -0.07187081 -1.2948488 ],[ 0.69769228  0.25898209 -1.05391705]
5.292511900000001,[-0.87764782 -0.07196802 -1.29483092],[ 0.697703    0.25880876 -1.05390799]
5.300086700000001,[-0.87773728 -0.07204755 -1.29481339],[ 0.69769728  0.25865975 -1.05389881]
5.308400900000002,[-0.87783122 -0.07209447 -1.2947917 ],[ 0.69769084  0.25854585 -1.05388737]
5.3175116,[-0.87791401 -0.0721412  -1.2947799 ],[ 0.69767636  0.25846252 -1.05386889]
5.326422100000002,[-0.87801629 -0.07220422 -1.29475141],[ 0.69765681  0.2583755  -1.05383921]
5.3379598,[-0.8781603  -0.07230893 -1.29470837],[ 0.69762421  0.25825563 -1.05379057]
5.347710899999999,[-0.87824571 -0.07234974 -1.29468524],[ 0.69759661  0.25820446 -1.05376029]
5.3564896,[-0.87832385 -0.07238556 -1.29466653],[ 0.69756001  0.25814298 -1.05371165]
5.365830200000001,[-0.87838525 -0.07241159 -1.29463768],[ 0.69752431  0.25809297 -1.05364835]
5.375584200000002,[-0.87850732 -0.07242254 -1.29458845],[ 0.69745559  0.25805223 -1.05354786]
5.384371900000001,[-0.8785969  -0.07243183 -1.294554  ],[ 0.69740784  0.25802758 -1.05346727]
5.392083200000002,[-0.87869209 -0.07242533 -1.29451454],[ 0.69735086  0.25802451 -1.05339146]
5.399923300000001,[-0.87876481 -0.07241785 -1.29446578],[ 0.69730252  0.25802821 -1.05330539]
5.4093547000000015,[-0.87884682 -0.07239802 -1.2944175 ],[ 0.69726133  0.25803715 -1.05322921]
5.417498999999999,[-0.87892693 -0.07237825 -1.29435658],[ 0.69721186  0.25805295 -1.05314529]
5.4268316,[-0.87902445 -0.0723699  -1.294294  ],[ 0.69717336  0.25807589 -1.05306578]
5.434168400000001,[-0.87910503 -0.07233328 -1.29416931],[ 0.69712645  0.25810039 -1.05297554]
5.441820700000001,[-0.87921631 -0.07230226 -1.29408848],[ 0.69707417  0.25812775 -1.05288267]
5.449934500000001,[-0.87934846 -0.07227349 -1.2939986 ],[ 0.69702983  0.25814646 -1.05280149]
5.458678599999999,[-0.8794511  -0.07223102 -1.29391539],[ 0.69698489  0.25816247 -1.05272269]
5.466742400000001,[-0.87954557 -0.07218847 -1.29384398],[ 0.69694704  0.25815532 -1.05264127]
5.4759016,[-0.87963754 -0.07213669 -1.29377401],[ 0.69690722  0.2581532  -1.05255866]
5.483394499999999,[-0.87972194 -0.07209767 -1.29368997],[ 0.6968646   0.25814462 -1.05248559]
5.4921334,[-0.87983799 -0.07205872 -1.29359794],[ 0.6968348   0.25815833 -1.05241394]
5.500238200000002,[-0.87994355 -0.07202244 -1.29350138],[ 0.69681388  0.25814033 -1.05233717]
5.508884000000002,[-0.88003141 -0.07197449 -1.29341996],[ 0.69678742  0.25812933 -1.05227458]
5.519375499999999,[-0.88015026 -0.071936   -1.2933253 ],[ 0.69676071  0.25811091 -1.05221939]
5.527931600000002,[-0.88025701 -0.07189786 -1.29322481],[ 0.69673604  0.258084   -1.05215526]
5.539222900000002,[-0.88040733 -0.07185437 -1.29309309],[ 0.69672006  0.25800407 -1.05206299]
5.548890499999999,[-0.88050449 -0.07180145 -1.29300189],[ 0.69672054  0.25794134 -1.05201101]
5.558436799999999,[-0.88063002 -0.07174382 -1.29286337],[ 0.69671577  0.25783187 -1.05193079]
5.568237500000002,[-0.88073677 -0.0717254  -1.29276526],[ 0.69671077  0.25775605 -1.05188203]
5.579438,[-0.88091296 -0.07168005 -1.29261005],[ 0.69670147  0.25761679 -1.0518229 ]
5.587347700000002,[-0.88101584 -0.07164302 -1.29250669],[ 0.69669044  0.25750276 -1.05178845]
5.595777600000002,[-0.88111961 -0.07161045 -1.29240477],[ 0.69668281  0.25737879 -1.05176258]
5.603887400000001,[-0.88122332 -0.07159394 -1.29229712],[ 0.6966725   0.25724006 -1.05172253]
5.6129570000000015,[-0.88130754 -0.07155467 -1.29220998],[ 0.6966694   0.25708628 -1.05169809]
5.621003699999999,[-0.8813957  -0.0715279  -1.29212868],[ 0.69666541  0.2569257  -1.05167079]
5.6296535,[-0.88149554 -0.07150431 -1.2920481 ],[ 0.69665182  0.25676474 -1.05163515]
5.637907800000001,[-0.88160908 -0.07150056 -1.2919507 ],[ 0.69664359  0.25658885 -1.05161047]
5.6458993,[-0.88171786 -0.07146213 -1.29187167],[ 0.6966309   0.25642312 -1.05159163]
5.655370399999999,[-0.88180172 -0.07144599 -1.29179525],[ 0.69661629  0.25625139 -1.05158436]
5.6651849,[-0.88188475 -0.07142336 -1.29171395],[ 0.69659817  0.2560927  -1.05157745]
5.675675399999999,[-0.88202333 -0.07141475 -1.29158509],[ 0.69658202  0.2558423  -1.05157101]
5.6835156,[-0.88209629 -0.07141581 -1.2915051 ],[ 0.69656098  0.25567901 -1.0515691 ]
5.692904200000001,[-0.88218945 -0.07141164 -1.29143095],[ 0.69653863  0.25552166 -1.05157506]
5.701131400000001,[-0.88227701 -0.07140417 -1.29134476],[ 0.69651783  0.25536859 -1.05157447]
5.709494800000002,[-0.88235021 -0.07139216 -1.29127526],[ 0.69649428  0.25522    -1.05158401]
5.717086699999999,[-0.88243192 -0.07139905 -1.29121745],[ 0.69648087  0.25510064 -1.05160117]
5.725949800000002,[-0.88252461 -0.0713998  -1.29113972],[ 0.69647205  0.2549662  -1.05160701]
5.734386400000002,[-0.88258362 -0.07140762 -1.29108417],[ 0.69647211  0.25485063 -1.05162191]
5.742833900000001,[-0.88264537 -0.07140975 -1.29102802],[ 0.6964758   0.25476214 -1.05163991]
5.751887700000001,[-0.88272351 -0.07141536 -1.29097128],[ 0.69647962  0.25468725 -1.05164802]
5.761192700000002,[-0.88277149 -0.07143419 -1.29092073],[ 0.69649893  0.25463691 -1.05166161]
5.770845000000001,[-0.88285458 -0.07142867 -1.29086244],[ 0.69652396  0.25457853 -1.05166686]
5.7796132,[-0.88290179 -0.07143617 -1.29082   ],[ 0.69654232  0.25455227 -1.05166841]
5.7881164,[-0.88293821 -0.07145572 -1.29078043],[ 0.6965571   0.25452676 -1.05166185]
5.7976195,[-0.88295841 -0.0714762  -1.2907424 ],[ 0.69656676  0.25451654 -1.05165422]
5.805246,[-0.88296223 -0.07149275 -1.29072738],[ 0.69658941  0.2545343  -1.05163205]
5.813724700000002,[-0.88297737 -0.07151221 -1.29071522],[ 0.69661146  0.25455427 -1.05159879]
5.821063800000001,[-0.88298106 -0.07154761 -1.29069376],[ 0.69662565  0.25457734 -1.05155408]
5.8298594,[-0.8829664  -0.0715769  -1.29067814],[ 0.69664109  0.25461796 -1.0515008 ]
5.837874500000002,[-0.8829447  -0.07159664 -1.2906729 ],[ 0.69665176  0.25467408 -1.05145431]
5.845919000000002,[-0.88293552 -0.07161804 -1.29066551],[ 0.69665968  0.25475323 -1.05140531]
5.8552851,[-0.88292247 -0.07165971 -1.29066682],[ 0.69667256  0.25483236 -1.05133748]
5.8632487,[-0.88288641 -0.07169978 -1.29067552],[ 0.69668871  0.25490296 -1.05126595]
5.872551300000001,[-0.88285202 -0.07173143 -1.29068053],[ 0.69669688  0.25499234 -1.05121195]
5.881426400000002,[-0.88283211 -0.07173806 -1.29067957],[ 0.69670272  0.25509387 -1.05116248]
5.891859,[-0.88279694 -0.07175729 -1.29068005],[ 0.69670558  0.2552667  -1.05105436]
5.900377200000001,[-0.88277429 -0.07178422 -1.2906878 ],[ 0.69671977  0.25536862 -1.05096865]
5.909165099999999,[-0.88274646 -0.071808   -1.29068184],[ 0.69673026  0.25548735 -1.05088234]
5.917621499999999,[-0.88272333 -0.07184123 -1.29067826],[ 0.69673514  0.25561124 -1.05080438]
5.9257363000000005,[-0.88270968 -0.07185556 -1.29067075],[ 0.69673848  0.25571644 -1.05070448]
5.9337947,[-0.88270044 -0.07188174 -1.29066455],[ 0.69673413  0.25583613 -1.05061901]
5.941768800000002,[-0.88265175 -0.07191151 -1.29066324],[ 0.69672561  0.25594553 -1.05053926]
5.9498946,[-0.88261855 -0.07194109 -1.29065645],[ 0.69671315  0.25604412 -1.05045879]
5.958359999999999,[-0.88259357 -0.07195856 -1.2906431 ],[ 0.69669861  0.25613415 -1.0503993 ]
5.9674111,[-0.88258332 -0.07198075 -1.29062855],[ 0.69667423  0.25623527 -1.05032933]
5.975071100000001,[-0.88259739 -0.07201408 -1.29059875],[ 0.69665885  0.25632206 -1.05027735]
5.9834306999999995,[-0.88262302 -0.0720543  -1.29056156],[ 0.69664901  0.25640893 -1.05022085]
5.9919505000000015,[-0.88261795 -0.07209062 -1.29053116],[ 0.69662476  0.25649595 -1.05016506]
6.000678199999999,[-0.88258517 -0.07210148 -1.29052973],[ 0.69661981  0.25656858 -1.05010295]
6.0090249,[-0.88256705 -0.07210557 -1.29052341],[ 0.69661665  0.25663379 -1.05005133]
6.0195934000000015,[-0.88255304 -0.07210996 -1.29050374],[ 0.6965999   0.25671303 -1.05000448]
6.0300817,[-0.88254392 -0.07209463 -1.29045796],[ 0.69656974  0.25679678 -1.04994345]
6.0381657,[-0.88255954 -0.07210157 -1.29042614],[ 0.69654608  0.25683317 -1.04991472]
6.048071700000001,[-0.88256967 -0.07210026 -1.29040015],[ 0.69653207  0.25684056 -1.04988813]
6.0569059,[-0.88255566 -0.07208839 -1.29037297],[ 0.69650561  0.25682703 -1.04986   ]
6.0646366,[-0.88256174 -0.07208251 -1.29034221],[ 0.69648737  0.25680539 -1.04984295]
6.074890100000001,[-0.8825829  -0.07205337 -1.29027796],[ 0.69645756  0.25675148 -1.04981828]
6.081495799999999,[-0.88260138 -0.07203502 -1.29025018],[ 0.69644916  0.25673163 -1.04981136]
6.091459499999999,[-0.88261288 -0.07200699 -1.2901907 ],[ 0.69642252  0.25668457 -1.0498147 ]
6.100721100000001,[-0.8826316  -0.07198869 -1.29013622],[ 0.69641423  0.25665534 -1.04980671]
6.108444500000001,[-0.88265491 -0.0719764  -1.29008448],[ 0.69642735  0.25661907 -1.04980302]
6.116991800000001,[-0.88266653 -0.07194474 -1.29004323],[ 0.69643855  0.25660023 -1.04981017]
6.1250596,[-0.88267428 -0.07192451 -1.28998709],[ 0.69643825  0.2565791  -1.04982054]
6.1332919,[-0.88266641 -0.07191837 -1.28994858],[ 0.69644296  0.25653839 -1.04983354]
6.141680700000002,[-0.88266748 -0.07190493 -1.28989792],[ 0.6964457   0.25648478 -1.04984272]
6.150808900000001,[-0.88268107 -0.07186696 -1.28986216],[ 0.6964547   0.25642729 -1.04985523]
6.158336800000001,[-0.88266456 -0.07184781 -1.28983617],[ 0.69645554  0.25636405 -1.04988122]
6.1675526000000005,[-0.88268089 -0.07181486 -1.28979695],[ 0.69645339  0.25628921 -1.04991293]
6.1753961,[-0.88268894 -0.07180282 -1.28975248],[ 0.69646627  0.25619653 -1.04994023]
6.1841604,[-0.88267678 -0.07178571 -1.28973246],[ 0.69649953  0.25611544 -1.04996181]
6.191844800000002,[-0.88266546 -0.07174824 -1.28971255],[ 0.69653815  0.25604016 -1.049981  ]
6.199913200000001,[-0.88268805 -0.07173499 -1.28968084],[ 0.6965788   0.25597054 -1.04999733]
6.208959199999999,[-0.88267833 -0.07172541 -1.28963625],[ 0.69661683  0.25588611 -1.05000854]
6.217257100000001,[-0.88268793 -0.07171345 -1.2896173 ],[ 0.69664752  0.25583175 -1.05002367]
6.226592799999999,[-0.88269007 -0.07167038 -1.28959215],[ 0.69666916  0.25577489 -1.05004621]
6.234181100000001,[-0.88268125 -0.07164062 -1.28957582],[ 0.69668275  0.25570926 -1.05005574]
6.243645900000001,[-0.88267273 -0.07161179 -1.28955805],[ 0.69669724  0.25563696 -1.05006456]
6.250980000000002,[-0.88264751 -0.07160011 -1.28954959],[ 0.69671381  0.25554657 -1.05007696]
6.2595738999999995,[-0.88263106 -0.07156693 -1.28953707],[ 0.69672346  0.2554833  -1.050102  ]
6.2668082,[-0.88262129 -0.0715305  -1.28953063],[ 0.69672799  0.25540861 -1.05012357]
6.275326800000002,[-0.88259369 -0.07149653 -1.28951693],[ 0.69672573  0.25534457 -1.0501523 ]
6.2836547,[-0.88256854 -0.0714611  -1.28950596],[ 0.69672513  0.25530022 -1.05017364]
6.2917971,[-0.88255668 -0.07141942 -1.28949797],[ 0.69672048  0.25525376 -1.05020952]
6.300504,[-0.88254219 -0.07139699 -1.2894907 ],[ 0.69670999  0.25520936 -1.05024695]
6.3090671,[-0.88253927 -0.07136397 -1.28947055],[ 0.69671136  0.25515875 -1.05027711]
6.316685100000001,[-0.8824985  -0.07133194 -1.28945804],[ 0.69671333  0.25512111 -1.05030334]
6.325105100000002,[-0.88249767 -0.07128774 -1.28945208],[ 0.69671446  0.25509015 -1.05032969]
6.333645499999999,[-0.88246822 -0.07125255 -1.28944099],[ 0.69671416  0.25506657 -1.05035937]
6.3418584,[-0.88243818 -0.07122526 -1.28942323],[ 0.69671905  0.25505581 -1.05037653]
6.350436500000001,[-0.88242072 -0.07118919 -1.28942108],[ 0.69671565  0.25503448 -1.05040383]
6.3587299,[-0.88240933 -0.07115023 -1.28940618],[ 0.69671261  0.25503489 -1.05043209]
6.3683601,[-0.88239127 -0.07113463 -1.28938961],[ 0.69671625  0.2550377  -1.05046308]
6.377708500000001,[-0.8823843  -0.07111493 -1.28938138],[ 0.69672596  0.25504446 -1.05049324]
6.387674199999999,[-0.88235688 -0.07107395 -1.28938878],[ 0.69675076  0.25504196 -1.05051208]
6.397544100000001,[-0.88233721 -0.07104278 -1.28938639],[ 0.69677204  0.25504437 -1.05053174]
6.4060866999999995,[-0.88231337 -0.07101539 -1.28938198],[ 0.69678879  0.25504139 -1.05055106]
6.416812799999999,[-0.88230777 -0.070971   -1.28937221],[ 0.69681776  0.25504324 -1.05057192]
6.426648100000001,[-0.88229221 -0.07094373 -1.28938293],[ 0.69684666  0.25504762 -1.05057621]
6.435895200000001,[-0.88227034 -0.07092322 -1.28939998],[ 0.69688165  0.25504658 -1.05057347]
6.445323200000001,[-0.88224453 -0.07091092 -1.28940117],[ 0.69693524  0.25503698 -1.05056942]
6.452788000000002,[-0.88223386 -0.07090361 -1.28940547],[ 0.69695574  0.25504214 -1.0505724 ]
6.4610856000000005,[-0.88222826 -0.07088299 -1.28942358],[ 0.69698739  0.25505519 -1.05055928]
6.470966000000001,[-0.88220203 -0.07083892 -1.2894448 ],[ 0.69703209  0.25506976 -1.05054891]
6.479949900000001,[-0.88219059 -0.07083863 -1.28945601],[ 0.69706124  0.25506449 -1.05053282]
6.489918100000001,[-0.88217819 -0.07083312 -1.28948367],[ 0.69709069  0.25503841 -1.05051219]
6.499138600000002,[-0.88215792 -0.07084106 -1.28950906],[ 0.69711304  0.25500426 -1.05049646]
6.5097773,[-0.88212991 -0.07085004 -1.28954542],[ 0.69711792  0.25494581 -1.05047679]
6.517598400000001,[-0.88211542 -0.07085325 -1.2895751 ],[ 0.69710511  0.25489467 -1.05046237]
6.5257741,[-0.88209575 -0.07085332 -1.28961027],[ 0.6970889   0.25483784 -1.05046594]
6.534312400000001,[-0.88207513 -0.07084426 -1.28965056],[ 0.69706285  0.25479436 -1.05045962]
6.541748500000001,[-0.88205343 -0.0708119  -1.28968763],[ 0.69704086  0.25475481 -1.05046296]
6.5503474,[-0.88203782 -0.07081404 -1.28972137],[ 0.69702089  0.25471756 -1.05046308]
6.558508800000002,[-0.88202    -0.07083112 -1.28975952],[ 0.69700921  0.25469264 -1.05047274]
6.5676965,[-0.8820197  -0.07085442 -1.28979099],[ 0.69700778  0.25465143 -1.05049765]
6.575692499999999,[-0.88202757 -0.07086648 -1.28980947],[ 0.69700265  0.25460777 -1.05052781]
6.584066500000002,[-0.88203311 -0.07087927 -1.28982723],[ 0.69700253  0.25458238 -1.05056489]
6.592105499999999,[-0.88202691 -0.07087442 -1.28984272],[ 0.69701111  0.25455776 -1.05060709]
6.600660300000001,[-0.88202161 -0.07085474 -1.28986883],[ 0.6970166   0.25455198 -1.05064738]
6.6083649000000015,[-0.88200891 -0.0708538  -1.28989995],[ 0.69703263  0.25452751 -1.05068994]
6.616680300000002,[-0.88199884 -0.07085469 -1.28993237],[ 0.6970585   0.25449863 -1.05073404]
6.626570400000002,[-0.88199848 -0.07088077 -1.2899574 ],[ 0.69709355  0.25444672 -1.05076635]
6.634025700000002,[-0.88200152 -0.07090884 -1.28997684],[ 0.69712788  0.25437739 -1.05081189]
6.642875799999999,[-0.88198191 -0.07091791 -1.29000497],[ 0.6971609   0.25430024 -1.05086255]
6.6500068,[-0.88195735 -0.07090798 -1.29003251],[ 0.69719279  0.25423002 -1.05091941]
6.659523700000001,[-0.88193983 -0.07089143 -1.29007471],[ 0.69721532  0.25416124 -1.05096507]
6.6697162,[-0.88194138 -0.07088953 -1.29009283],[ 0.6972369   0.25408807 -1.05101418]
6.679479000000001,[-0.88195086 -0.07088589 -1.29013789],[ 0.69729114  0.2539708  -1.05108166]
6.687602399999999,[-0.88194358 -0.07088051 -1.29016089],[ 0.69732696  0.25389734 -1.05111945]
6.695920700000002,[-0.88193583 -0.07086869 -1.29017675],[ 0.69736212  0.25382623 -1.051157  ]
6.705697600000001,[-0.8819105  -0.07086952 -1.29019821],[ 0.6973936   0.25374192 -1.05118656]
6.7141822,[-0.88190627 -0.07086254 -1.29021502],[ 0.6974175   0.25366536 -1.05120587]
6.7221993,[-0.88190502 -0.07084799 -1.29022264],[ 0.69742405  0.25358668 -1.0512346 ]
6.731978099999999,[-0.88190418 -0.07083502 -1.29024005],[ 0.6974259   0.25350988 -1.05126286]
6.7635431,[-0.88188213 -0.07082043 -1.29025054],[ 0.69742566  0.25338018 -1.05128908]
6.774474999999999,[-0.88188124 -0.07086952 -1.29029226],[ 0.69741672  0.25305665 -1.05131221]
6.784595500000002,[-0.88188988 -0.07087493 -1.29030144],[ 0.69740695  0.25298133 -1.05130446]
6.795758299999999,[-0.88186252 -0.07088081 -1.29033172],[ 0.69740379  0.25293285 -1.05129492]
6.804558199999999,[-0.88185626 -0.07087363 -1.29035449],[ 0.69739521  0.25291434 -1.05129218]
6.813965200000002,[-0.88185966 -0.07089354 -1.29038143],[ 0.69738525  0.25289688 -1.05128527]
6.8239655,[-0.88185996 -0.07090067 -1.29038358],[ 0.69737923  0.2528736  -1.0512768 ]
6.833314399999999,[-0.88185889 -0.07090579 -1.29039788],[ 0.69736558  0.25284579 -1.05128372]
6.841724599999999,[-0.88184565 -0.07088888 -1.29040504],[ 0.69734502  0.25283274 -1.05127978]
6.849924300000001,[-0.88184565 -0.07087562 -1.29040813],[ 0.69731504  0.25279641 -1.05127978]
6.859411999999999,[-0.88187116 -0.07087701 -1.29039395],[ 0.69728112  0.25276881 -1.05128992]
6.8670285,[-0.88187391 -0.07089667 -1.29038453],[ 0.6972667   0.25274539 -1.05129385]
6.876302599999999,[-0.88189036 -0.0709188  -1.29037237],[ 0.69725668  0.25272048 -1.05130208]
6.8836490999999995,[-0.88189536 -0.07095589 -1.29037607],[ 0.69726235  0.25269642 -1.05129766]
6.892499700000002,[-0.88188046 -0.07098162 -1.29038751],[ 0.69726175  0.25266758 -1.05130935]
6.901093200000002,[-0.88185614 -0.07100229 -1.29039526],[ 0.69724882  0.25266361 -1.05131233]
6.9104837,[-0.88183874 -0.07099743 -1.29038882],[ 0.69724178  0.25265715 -1.05132639]
6.920525900000001,[-0.88184738 -0.07099028 -1.29039121],[ 0.69722849  0.25265801 -1.05132484]
6.929469900000001,[-0.88185042 -0.07100124 -1.29038346],[ 0.69722521  0.25262597 -1.05133021]
6.938121500000001,[-0.88183773 -0.07101513 -1.29037809],[ 0.69722086  0.25259236 -1.05134523]
6.946290600000001,[-0.88184363 -0.0710469  -1.29037642],[ 0.69721675  0.25253341 -1.05134308]
6.954654600000001,[-0.88183254 -0.07107133 -1.29039323],[ 0.69721895  0.2524713  -1.05134284]
6.963539100000002,[-0.88182735 -0.07106525 -1.29039538],[ 0.69721758  0.25241172 -1.051355  ]
6.971869099999999,[-0.88183516 -0.07106446 -1.29039991],[ 0.69720286  0.25236222 -1.05135715]
6.981135399999999,[-0.88183594 -0.07104962 -1.29039061],[ 0.69718957  0.25231293 -1.05135882]
6.9892129999999995,[-0.88183981 -0.07102951 -1.29037714],[ 0.69717652  0.2522696  -1.05135441]
6.9981747,[-0.88186276 -0.07102253 -1.29037607],[ 0.69717169  0.25222209 -1.05134666]
7.006986300000001,[-0.88185441 -0.07102619 -1.29037261],[ 0.69716817  0.25216588 -1.05134606]
7.0173445,[-0.88184142 -0.07104942 -1.29036224],[ 0.69717193  0.25207162 -1.05132306]
7.025645100000002,[-0.88184339 -0.07105678 -1.2903477 ],[ 0.69717789  0.25200275 -1.05131865]
7.033323899999999,[-0.88185894 -0.07103719 -1.29033577],[ 0.69717002  0.25194409 -1.0513196 ]
7.041674100000002,[-0.88188243 -0.07102061 -1.29032505],[ 0.6971544   0.25188357 -1.05132103]
7.049861500000002,[-0.88188493 -0.0709995  -1.2903136 ],[ 0.69713765  0.25181389 -1.05131781]
7.059390799999999,[-0.8819012  -0.07098509 -1.29028368],[ 0.69713312  0.2517269  -1.05131674]
7.067049600000001,[-0.88190973 -0.07097389 -1.29026651],[ 0.69713491  0.25165635 -1.05132258]
7.0760495,[-0.88193625 -0.07097984 -1.29024732],[ 0.69714332  0.25156522 -1.05131471]
7.084015300000001,[-0.88194269 -0.07100716 -1.29022634],[ 0.69715863  0.251486   -1.05128837]
7.092576100000002,[-0.8819195  -0.0710103  -1.29021561],[ 0.69716841  0.25140744 -1.05127263]
7.1006155,[-0.88191563 -0.07101126 -1.29020619],[ 0.69717538  0.2513465  -1.0512687 ]
7.109070800000001,[-0.88192749 -0.07100698 -1.29020202],[ 0.69716835  0.25128832 -1.05125773]
7.1171676999999995,[-0.88194716 -0.07099709 -1.29018164],[ 0.69717813  0.25123742 -1.0512377 ]
7.125627300000001,[-0.88194364 -0.07101123 -1.29016638],[ 0.69717795  0.25119087 -1.05121684]
7.1362536,[-0.88195306 -0.07102801 -1.2901603 ],[ 0.69719434  0.25114718 -1.05119705]
7.146406299999999,[-0.88194138 -0.07106575 -1.290151  ],[ 0.69721895  0.25107607 -1.05118108]
7.155517200000002,[-0.88197351 -0.07109584 -1.29015338],[ 0.6972242   0.25101748 -1.05116856]
7.164788099999999,[-0.88198227 -0.07111649 -1.29014468],[ 0.69721985  0.25097567 -1.05116272]
7.173681000000002,[-0.88196665 -0.07113353 -1.2901479 ],[ 0.69721681  0.25095698 -1.05115473]
7.1833217000000005,[-0.88198525 -0.07114524 -1.29016471],[ 0.69721824  0.25092009 -1.05112088]
7.192947499999999,[-0.88198441 -0.07117735 -1.2901783 ],[ 0.69722331  0.25088128 -1.05109489]
7.200490300000002,[-0.88199025 -0.07120716 -1.2901969 ],[ 0.69724351  0.25084046 -1.05107319]
7.208801000000001,[-0.88196945 -0.07123818 -1.29020274],[ 0.6972627   0.25079957 -1.05104458]
7.216641599999999,[-0.88196522 -0.07125316 -1.29021549],[ 0.69725865  0.2507841  -1.05101013]
7.2255167,[-0.88197887 -0.0712573  -1.29022753],[ 0.69725943  0.25077853 -1.0509845 ]
7.2332211000000015,[-0.88199681 -0.07127209 -1.29023242],[ 0.69725323  0.25078183 -1.05094481]
7.241595799999999,[-0.88199812 -0.07129965 -1.29023445],[ 0.69723833  0.25079522 -1.05091369]
7.2501189,[-0.88202059 -0.07134856 -1.29023051],[ 0.69722563  0.25079325 -1.05088127]
7.2597652,[-0.88203806 -0.07140138 -1.29024637],[ 0.69721144  0.25078163 -1.05085933]
7.2674989,[-0.88204068 -0.07146042 -1.29025698],[ 0.69720167  0.25078121 -1.05081308]
7.276335400000001,[-0.88202828 -0.07150181 -1.29026413],[ 0.69719905  0.25078729 -1.05077255]
7.283583799999999,[-0.88202173 -0.07154266 -1.29027176],[ 0.69718856  0.2507979  -1.05072963]
7.291905800000002,[-0.88201243 -0.07157701 -1.29027879],[ 0.69716442  0.25080571 -1.05068445]
7.299988800000001,[-0.88202339 -0.07162383 -1.29028368],[ 0.6971361   0.25083017 -1.05065441]
7.3084202000000005,[-0.88202417 -0.07165388 -1.29029465],[ 0.69711459  0.25084585 -1.05062723]
7.3174809,[-0.88200909 -0.07168717 -1.29031277],[ 0.69709015  0.25086841 -1.05059135]
7.325324800000001,[-0.88201326 -0.07173724 -1.29031146],[ 0.69707221  0.25086257 -1.05054951]
7.335010400000002,[-0.88199973 -0.0717901  -1.29031801],[ 0.69705576  0.25084543 -1.05050957]
7.3449276999999995,[-0.8820042  -0.07181669 -1.2903322 ],[ 0.69702721  0.25084338 -1.05047798]
7.355819499999999,[-0.88198477 -0.0718077  -1.2903527 ],[ 0.69697356  0.25084198 -1.05043197]
7.3671975,[-0.88195926 -0.07179022 -1.2903558 ],[ 0.69691044  0.25084308 -1.05036986]
7.3760759,[-0.88193727 -0.07175676 -1.2903645 ],[ 0.69687432  0.25084743 -1.05033243]
7.386004100000001,[-0.88191891 -0.07172389 -1.29037642],[ 0.6968348   0.2508525  -1.05029523]
7.3946918,[-0.88189197 -0.0717049  -1.29037666],[ 0.6968078   0.25083363 -1.05025041]
7.402452,[-0.88186407 -0.07168832 -1.29036796],[ 0.69678181  0.25081208 -1.0502162 ]
7.412884300000002,[-0.88183933 -0.07159898 -1.29034412],[ 0.6967209   0.25081012 -1.05017793]
7.420770900000001,[-0.88183439 -0.07154825 -1.29032576],[ 0.69668031  0.25080016 -1.0501492 ]
7.4298371,[-0.88183117 -0.07147613 -1.29030097],[ 0.69664478  0.25079724 -1.05011368]
7.439634000000002,[-0.88181967 -0.0714411  -1.29025924],[ 0.69663036  0.25079423 -1.05006444]
7.4481982,[-0.88181657 -0.07138892 -1.29022312],[ 0.69661444  0.25078356 -1.05003285]
7.458932000000001,[-0.88178706 -0.07132793 -1.29018033],[ 0.6965999   0.25078371 -1.04997885]
7.467835900000001,[-0.88176179 -0.07130072 -1.29015028],[ 0.69659233  0.25078109 -1.04994798]
7.476756600000002,[-0.8817324  -0.07127018 -1.29010844],[ 0.69658089  0.25078058 -1.049914  ]
7.4865885,[-0.88171792 -0.0712349  -1.29008353],[ 0.69656926  0.25079983 -1.04989254]
7.496957000000002,[-0.8817119  -0.07117928 -1.29004085],[ 0.69654781  0.2508018  -1.04987156]
7.5069514999999996,[-0.88171035 -0.07116627 -1.29001927],[ 0.6965341   0.25078648 -1.04985261]
7.517190500000002,[-0.88168412 -0.071143   -1.28996587],[ 0.69653183  0.25075075 -1.04982245]
7.526088600000001,[-0.8816821  -0.07113469 -1.28994489],[ 0.6965422   0.25072858 -1.04979825]
7.536101900000002,[-0.88166738 -0.07107966 -1.28992152],[ 0.69654602  0.25070018 -1.04977381]
7.5447147,[-0.88171846 -0.07109    -1.28992736],[ 0.69655424  0.25068012 -1.04975545]
7.5553214,[-0.88169962 -0.07105012 -1.28992057],[ 0.69656086  0.25063899 -1.04973662]
7.5670973,[-0.88168889 -0.07101449 -1.28990591],[ 0.69656932  0.25056347 -1.04972672]
7.5754473,[-0.88168824 -0.07101296 -1.28990114],[ 0.69657028  0.25051638 -1.04971468]
7.5846319000000015,[-0.88167942 -0.07099462 -1.28989983],[ 0.69658041  0.25045782 -1.04969358]
7.592966700000002,[-0.88167536 -0.07099181 -1.28989542],[ 0.69658172  0.25039607 -1.04967117]
7.601023000000001,[-0.8816331  -0.07095551 -1.28988147],[ 0.69657177  0.25033835 -1.04965329]
7.609877000000001,[-0.88181478 -0.07107413 -1.28993297],[ 0.69655812  0.25026652 -1.04963613]
7.617202599999999,[-0.88178724 -0.07105765 -1.28992808],[ 0.69653404  0.25020653 -1.04962254]
7.625821600000002,[-0.88179278 -0.07104482 -1.28992045],[ 0.69651175  0.25013715 -1.04960442]
7.6333722,[-0.88183039 -0.07107037 -1.28991139],[ 0.69648671  0.2500622  -1.04959667]
7.642198199999999,[-0.88181967 -0.07108704 -1.28990257],[ 0.69648379  0.24997419 -1.04958439]
7.6499436,[-0.88190341 -0.07115805 -1.28991854],[ 0.69646293  0.24990834 -1.04956734]
7.659323799999999,[-0.88191259 -0.07118949 -1.28990424],[ 0.69644237  0.2498707  -1.04955161]
7.6667308,[-0.88183117 -0.07112937 -1.2898854 ],[ 0.69642711  0.24983241 -1.04955423]
7.6752036,[-0.88183147 -0.07111509 -1.28988075],[ 0.69640821  0.2498008  -1.04953134]
7.683885,[-0.88187021 -0.07111058 -1.28988433],[ 0.69639504  0.24979529 -1.04952765]
7.6924536,[-0.88188922 -0.07111096 -1.28989506],[ 0.69638455  0.2497894  -1.04952109]
7.7008489,[-0.88189906 -0.07112363 -1.28989363],[ 0.69637448  0.24976741 -1.04949915]
7.709176500000002,[-0.88188583 -0.07116598 -1.28989589],[ 0.69637209  0.24974778 -1.0494796 ]
7.7178232000000015,[-0.88188094 -0.07117205 -1.28989422],[ 0.69635147  0.24973845 -1.04946232]
7.725793800000002,[-0.88183439 -0.0711705  -1.28987813],[ 0.69633824  0.24973062 -1.04945374]
7.735485799999999,[-0.88186526 -0.07118714 -1.28988671],[ 0.6963222   0.24972193 -1.04944205]
7.742916900000001,[-0.88193882 -0.07116589 -1.2899189 ],[ 0.69630688  0.24970464 -1.04942691]
7.7510729000000005,[-0.88193047 -0.07118779 -1.28991771],[ 0.69629806  0.24970469 -1.0493995 ]
7.7590428,[-0.88193113 -0.07116546 -1.28990698],[ 0.69629097  0.24971169 -1.04937482]
7.767244399999999,[-0.8819474  -0.07116888 -1.28990412],[ 0.69629276  0.24972638 -1.04935205]
7.7752088000000015,[-0.88193768 -0.07118126 -1.28989756],[ 0.69629753  0.24972452 -1.04932165]
7.783569800000002,[-0.88193619 -0.07118209 -1.28988588],[ 0.69629472  0.24972987 -1.04928339]
7.792612800000001,[-0.88195682 -0.07117818 -1.28988802],[ 0.69628751  0.249755   -1.04925299]
7.8006014000000015,[-0.8819257  -0.0711407  -1.28988969],[ 0.6962716   0.24976762 -1.04921651]
7.8091612999999995,[-0.88193053 -0.07111751 -1.28989613],[ 0.69625443  0.24979323 -1.04917562]
7.8165884000000005,[-0.88191569 -0.07110949 -1.28988624],[ 0.69622672  0.24981147 -1.04911125]
7.825180400000001,[-0.8819164  -0.07108957 -1.28988039],[ 0.69621241  0.24982011 -1.04904473]
7.8328503000000005,[-0.88189858 -0.07108723 -1.28988802],[ 0.69620663  0.24981487 -1.049016  ]
7.8414953999999994,[-0.88187772 -0.07109238 -1.28988051],[ 0.6962018   0.24981363 -1.04896498]
7.849974800000002,[-0.88185841 -0.07107208 -1.28986919],[ 0.69618726  0.24983595 -1.04890323]
7.858669299999999,[-0.88185525 -0.07105859 -1.28986335],[ 0.69618458  0.24986453 -1.0488354 ]
7.866721000000002,[-0.88185531 -0.07103714 -1.289855  ],[ 0.69618714  0.24989559 -1.04877508]
7.8759227,[-0.88184303 -0.07101291 -1.28984749],[ 0.69620603  0.24993576 -1.0487076 ]
7.883366800000001,[-0.88185781 -0.07101518 -1.28982997],[ 0.69621605  0.24996483 -1.04864514]
7.8917362,[-0.88184202 -0.07099392 -1.28980923],[ 0.69624591  0.24998385 -1.04857862]
7.900155999999999,[-0.88182348 -0.07099072 -1.28979135],[ 0.69627851  0.25001308 -1.04853082]
7.9090487,[-0.88182533 -0.07097416 -1.2897861 ],[ 0.69631201  0.25001729 -1.04847991]
7.917631199999999,[-0.88183248 -0.0709812  -1.28977597],[ 0.69634473  0.24999718 -1.0484345 ]
7.925812199999999,[-0.88182628 -0.07097453 -1.2897644 ],[ 0.69637889  0.24998565 -1.04839015]
7.935245500000001,[-0.88181233 -0.07094532 -1.28975272],[ 0.69640923  0.24998425 -1.04836011]
7.944273500000001,[-0.8818199  -0.07089178 -1.2897439 ],[ 0.69644082  0.24998558 -1.0483253 ]
7.952724,[-0.88179743 -0.07086593 -1.28973126],[ 0.69647145  0.2499734  -1.0482986 ]
7.962644100000002,[-0.88178337 -0.07087454 -1.28971183],[ 0.69653422  0.24995065 -1.04825032]
7.9707568,[-0.88179165 -0.07085553 -1.28969717],[ 0.69657743  0.24993101 -1.04822719]
7.979217200000001,[-0.88178408 -0.07082603 -1.28968215],[ 0.69661665  0.24991326 -1.04820514]
7.988157600000001,[-0.88178402 -0.07081865 -1.28966212],[ 0.69665051  0.24988729 -1.04817426]
7.9969660000000005,[-0.88177794 -0.07079405 -1.28964114],[ 0.69667572  0.24985616 -1.04815722]
8.004319900000002,[-0.88178217 -0.07077438 -1.28962255],[ 0.69669443  0.24983113 -1.04815185]
8.013039800000001,[-0.88176864 -0.0707633  -1.28960586],[ 0.69671369  0.24979043 -1.0481416 ]
8.021402000000002,[-0.88176507 -0.07075865 -1.28958857],[ 0.6967175   0.24974626 -1.04812372]
8.029747,[-0.88177371 -0.07075216 -1.28955328],[ 0.69673669  0.24967736 -1.04812002]
8.038110800000002,[-0.88177609 -0.07074514 -1.2895391 ],[ 0.69673234  0.24963911 -1.04811001]
8.046642600000002,[-0.88177949 -0.07072988 -1.28951192],[ 0.6967268   0.24960406 -1.04810464]
8.055909200000002,[-0.88177437 -0.07072751 -1.28949523],[ 0.69671863  0.24955684 -1.04810226]
8.0633895,[-0.88177186 -0.07070942 -1.28947115],[ 0.69670439  0.24950893 -1.0481019 ]
8.0710299,[-0.88176864 -0.07068276 -1.28945208],[ 0.69669431  0.24947174 -1.04809844]
8.079034800000002,[-0.881782   -0.07063212 -1.28944135],[ 0.69668937  0.2494386  -1.0480988 ]
8.0877509,[-0.88176483 -0.0706108  -1.28942835],[ 0.69668776  0.24939115 -1.04809046]
8.0957383,[-0.88176578 -0.0706121  -1.28940201],[ 0.69668669  0.2493251  -1.04807234]
8.1046969,[-0.88175929 -0.07059698 -1.28938746],[ 0.69666499  0.2492523  -1.04807627]
8.1130533,[-0.88174897 -0.0705562  -1.28937292],[ 0.69665051  0.24917583 -1.048087  ]
8.121368799999999,[-0.88175935 -0.07051759 -1.28935075],[ 0.69663757  0.24911958 -1.04809868]
8.1291778,[-0.88177145 -0.07050104 -1.28933764],[ 0.69662464  0.24906592 -1.04809082]
8.137418100000001,[-0.88176471 -0.0704472  -1.28932428],[ 0.69661319  0.24900897 -1.04809356]
8.1461923,[-0.88179338 -0.07041204 -1.28930509],[ 0.69660062  0.24896793 -1.04809308]
8.1541715,[-0.88177043 -0.07036595 -1.28929591],[ 0.69658828  0.24892403 -1.04809868]
8.1634164,[-0.8817609  -0.07029702 -1.28929353],[ 0.69656748  0.24888198 -1.04809773]
8.170708400000002,[-0.8817544  -0.07019422 -1.28928936],[ 0.69653815  0.24883187 -1.04809701]
8.179188400000001,[-0.88172233 -0.07009567 -1.28929079],[ 0.69650602  0.24879007 -1.04810643]
8.187424,[-0.88172668 -0.06996975 -1.28930128],[ 0.69647884  0.2487441  -1.04810703]
8.1961039,[-0.88170046 -0.06981829 -1.28932631],[ 0.69645017  0.24868828 -1.04811633]
8.2043718,[-0.88168699 -0.06965575 -1.28935993],[ 0.6964246   0.24863684 -1.04811311]
8.2131833,[-0.88165456 -0.0694658  -1.28938544],[ 0.69641429  0.24857619 -1.04811597]
8.221366800000002,[-0.88162184 -0.06924899 -1.28942299],[ 0.69640094  0.24853049 -1.0481267 ]
8.229033000000001,[-0.88158697 -0.06900944 -1.28947306],[ 0.6963886   0.24847569 -1.04813385]
8.236514500000002,[-0.88159537 -0.06888796 -1.2895031 ],[ 0.69638956  0.24843733 -1.04814661]
8.246676700000002,[-0.88158345 -0.06846213 -1.2895807 ],[ 0.69637007  0.24834599 -1.04815793]
8.254708400000002,[-0.88159549 -0.06809588 -1.28964019],[ 0.69634962  0.24830705 -1.04817557]
8.2626609,[-0.88157469 -0.06771411 -1.28970289],[ 0.69633681  0.24825506 -1.04819143]
8.2709546,[-0.8816179  -0.06735377 -1.28971958],[ 0.69631547  0.24821408 -1.04819667]
8.2791158,[-0.88165641 -0.06697533 -1.2897495 ],[ 0.69630933  0.24817021 -1.04819024]
8.288199000000002,[-0.88174868 -0.0665938  -1.28978217],[ 0.69629192  0.24812537 -1.0481869 ]
8.296562300000001,[-0.88184083 -0.06612021 -1.28982556],[ 0.6962775   0.24809086 -1.04818499]
8.304701399999999,[-0.88190728 -0.06563472 -1.28987193],[ 0.69624686  0.24803998 -1.04818392]
8.312774100000002,[-0.88200861 -0.06515302 -1.28990281],[ 0.69622171  0.24798906 -1.04820347]
8.3216648,[-0.88214558 -0.06466854 -1.28992295],[ 0.6961928   0.24795097 -1.04820895]
8.331269500000001,[-0.88230646 -0.06412    -1.28994644],[ 0.69616783  0.24792369 -1.04821801]
8.3401992,[-0.88250089 -0.06356405 -1.28992033],[ 0.69613051  0.24790427 -1.04822266]
8.3503066,[-0.88280702 -0.06273577 -1.28991163],[ 0.6960907   0.2478638  -1.04823434]
8.358693200000001,[-0.88311559 -0.06216662 -1.28993344],[ 0.69607478  0.24784225 -1.04823852]
8.368184800000002,[-0.88339812 -0.06154886 -1.28992867],[ 0.69604331  0.24781939 -1.04824662]
8.377565100000002,[-0.88367218 -0.0609148  -1.28991675],[ 0.69601262  0.24779876 -1.04824698]
8.386113300000002,[-0.88406086 -0.06030053 -1.28993499],[ 0.69597864  0.24776828 -1.0482316 ]
8.396239900000001,[-0.88460332 -0.05939391 -1.2899543 ],[ 0.69593406  0.24775186 -1.048226  ]
8.4043037,[-0.88491571 -0.05874271 -1.28995848],[ 0.69590437  0.24772483 -1.04821122]
8.4130566,[-0.88536155 -0.05807678 -1.28997219],[ 0.69587064  0.24769358 -1.04819858]
8.4214606,[-0.88587129 -0.05740026 -1.28997481],[ 0.69583857  0.24765204 -1.0481987 ]
8.429638400000002,[-0.88633502 -0.05673297 -1.28996503],[ 0.69580007  0.24762776 -1.04819095]
8.4384266,[-0.8868022  -0.05608706 -1.28996968],[ 0.69576883  0.24758731 -1.04817677]
8.446495900000002,[-0.88733786 -0.05542817 -1.28997731],[ 0.69573265  0.24753939 -1.04815638]
8.455653600000002,[-0.88783896 -0.05474207 -1.28995204],[ 0.6957069   0.24749537 -1.04814029]
8.463894500000002,[-0.88841385 -0.05409723 -1.28998876],[ 0.69567108  0.2474615  -1.04812014]
8.472921200000002,[-0.88906217 -0.05346811 -1.29001081],[ 0.69564247  0.24741489 -1.04810786]
8.480616399999999,[-0.88969553 -0.05279787 -1.28999615],[ 0.69560295  0.24735618 -1.04808879]
8.488557100000001,[-0.89022189 -0.05217634 -1.28999889],[ 0.69557488  0.24728531 -1.04808056]
8.496872500000002,[-0.89086229 -0.05159604 -1.29002821],[ 0.69554365  0.24721813 -1.04807651]
8.5062964,[-0.89157242 -0.050954   -1.29005861],[ 0.69551665  0.247141   -1.04807651]
8.5137268,[-0.89240593 -0.05036355 -1.29010451],[ 0.6954875   0.24706586 -1.04807246]
8.5217684,[-0.89308155 -0.04976675 -1.29014969],[ 0.69547248  0.24698597 -1.0480628 ]
8.5301021,[-0.89367527 -0.04921699 -1.29016936],[ 0.69545466  0.24692482 -1.04806709]
8.5380012,[-0.894454   -0.04862825 -1.2902143 ],[ 0.69544607  0.24685821 -1.04806757]
8.5460329,[-0.89504069 -0.04799575 -1.29019928],[ 0.69544166  0.24679638 -1.04806483]
8.554147100000002,[-0.89567041 -0.04735401 -1.29015458],[ 0.69544095  0.24675296 -1.04806304]
8.562583499999999,[-0.89652002 -0.04686177 -1.29019189],[ 0.69542152  0.24672601 -1.0480684 ]
8.5707178,[-0.89773959 -0.04652465 -1.29033756],[ 0.69541103  0.24673431 -1.04808295]
8.579159100000002,[-0.89856708 -0.04603991 -1.29038489],[ 0.69540572  0.24674591 -1.04809093]
8.597180600000002,[-0.89856708 -0.04603991 -1.29038489],[ 0.69540572  0.24674591 -1.04809093]
8.6252603,[-0.90383977 -0.04364273 -1.29075623],[ 0.69524592  0.24721631 -1.04810417]
8.633450100000001,[-0.90433854 -0.04346257 -1.2907865 ],[ 0.6952191   0.247308   -1.04810357]
8.6479122,[-0.90646613 -0.04253027 -1.29083991],[ 0.6950832   0.24778645 -1.04812741]
8.6556022,[-0.90747368 -0.04220512 -1.2909373 ],[ 0.69500476  0.24806416 -1.04812765]
8.6642492,[-0.90849954 -0.04187173 -1.29101193],[ 0.69491524  0.24838437 -1.04813075]
8.674641900000001,[-0.91016406 -0.04155671 -1.29119515],[ 0.69476151  0.24890092 -1.04813087]
8.68224,[-0.91070241 -0.04144637 -1.29124677],[ 0.69469076  0.24910152 -1.04814243]
8.6924435,[-0.9124136 -0.0411467 -1.2913959],[ 0.69448525  0.24975324 -1.0481658 ]
8.701329900000001,[-0.91351372 -0.04095306 -1.29149103],[ 0.69433284  0.25023907 -1.04818738]
8.7090983,[-0.91466862 -0.04080276 -1.2915858 ],[ 0.69417673  0.25078619 -1.04824018]
8.7172266,[-0.91580379 -0.04067189 -1.29164922],[ 0.69402391  0.25136736 -1.04829204]
8.7251425,[-0.91696453 -0.04061202 -1.29173338],[ 0.69386983  0.25196168 -1.04832053]
8.7336649,[-0.91814017 -0.04057233 -1.29179597],[ 0.69371498  0.25262499 -1.04836893]
8.7424031,[-0.91932976 -0.04052955 -1.29187846],[ 0.69355649  0.25335458 -1.0484277 ]
8.751060800000001,[-0.92056137 -0.04052619 -1.29199076],[ 0.6933862   0.25411266 -1.04850888]
8.759242799999999,[-0.92176819 -0.04050814 -1.29208791],[ 0.6931951   0.25487253 -1.04857993]
8.767321500000001,[-0.92269903 -0.04058996 -1.29211938],[ 0.69302285  0.25568819 -1.04865384]
8.775402,[-0.92418313 -0.04062063 -1.29214418],[ 0.69284248  0.25653401 -1.04875898]
8.7842561,[-0.92540997 -0.04074182 -1.29219687],[ 0.69263613  0.25742224 -1.04884875]
8.792461200000002,[-0.92661452 -0.04092684 -1.29226136],[ 0.69244295  0.25832701 -1.04896855]
8.8023171,[-0.92786956 -0.04112374 -1.29225993],[ 0.69225466  0.25922537 -1.04910421]
8.8233891,[-0.93094045 -0.04163255 -1.29226744],[ 0.69173574  0.2617012  -1.04944658]
8.831620700000002,[-0.93175352 -0.04177476 -1.29214108],[ 0.69148624  0.26272234 -1.04960883]
8.8414367,[-0.93299586 -0.04191407 -1.29177594],[ 0.69112068  0.26435053 -1.04990709]
8.8499348,[-0.9341377  -0.0422156  -1.29182291],[ 0.69084406  0.26541033 -1.05007052]
8.8583271,[-0.93525398 -0.04252602 -1.29181719],[ 0.69054401  0.26653647 -1.0502876 ]
8.8667284,[-0.93641114 -0.04283708 -1.29177248],[ 0.69023538  0.26763132 -1.05051625]
8.8751232,[-0.93750203 -0.0431842  -1.29175031],[ 0.68989307  0.26878589 -1.05074978]
8.883780300000002,[-0.93858582 -0.04352854 -1.29174197],[ 0.6895197   0.2699461  -1.05102384]
8.8924461,[-0.93964076 -0.04386784 -1.29175198],[ 0.68911445  0.27115098 -1.05130184]
8.9006824,[-0.94072735 -0.04421368 -1.29176784],[ 0.68868417  0.27230448 -1.051615  ]
8.908369700000002,[-0.94175899 -0.04457453 -1.29173696],[ 0.68820012  0.27353281 -1.05194139]
8.916968100000002,[-0.94277859 -0.04496798 -1.29170382],[ 0.68772095  0.27475628 -1.05229068]
8.925072799999999,[-0.94378096 -0.04540509 -1.29169154],[ 0.68718076  0.27602142 -1.05264699]
8.934601700000002,[-0.94475192 -0.04580736 -1.29166794],[ 0.68665278  0.27721566 -1.05301547]
8.941850500000001,[-0.94573206 -0.0462024  -1.29160702],[ 0.68605244  0.2785064  -1.05342066]
8.9506804,[-0.9466877  -0.04661219 -1.29156625],[ 0.68541032  0.27979326 -1.05384624]
8.9584802,[-0.94767642 -0.04700008 -1.29153728],[ 0.68475682  0.28106949 -1.05426741]
8.967298,[-0.94864738 -0.04742188 -1.29153049],[ 0.68406022  0.28234017 -1.05470121]
8.975123800000002,[-0.949606   -0.04786614 -1.29152036],[ 0.68334597  0.28360751 -1.05517066]
8.9832414,[-0.95050824 -0.04829041 -1.29147959],[ 0.68261182  0.28483918 -1.05561554]
8.991825900000002,[-0.95142168 -0.04872972 -1.29140925],[ 0.68185818  0.28601894 -1.05611825]
8.9999632,[-0.95229119 -0.04918227 -1.29136705],[ 0.68104452  0.28720832 -1.05664659]
9.009017100000001,[-0.95323831 -0.04963013 -1.29131794],[ 0.68027306  0.28834343 -1.05719614]
9.016557200000001,[-0.954126   -0.05001531 -1.29127014],[ 0.67937183  0.28946969 -1.0578146 ]
9.0251217,[-0.9550072  -0.05039681 -1.29120016],[ 0.67848063  0.29055941 -1.05837941]
9.033286,[-0.95582187 -0.0507494  -1.29113436],[ 0.6776315   0.29158926 -1.05893862]
9.0427997,[-0.95659709 -0.0510999  -1.29109609],[ 0.67681074  0.29259259 -1.0595504 ]
9.050117499999999,[-0.95735401 -0.05148785 -1.29108417],[ 0.67595142  0.29360175 -1.06015003]
9.0589947,[-0.95809722 -0.05185299 -1.29105687],[ 0.67504996  0.29468492 -1.06078613]
9.0668216,[-0.9588784  -0.05221935 -1.29099667],[ 0.67416364  0.29567537 -1.0613867 ]
9.0750749,[-0.9596445  -0.05258797 -1.29093564],[ 0.67318159  0.29674372 -1.06208146]
9.0841818,[-0.96032339 -0.05288735 -1.29090035],[ 0.67225343  0.2976602  -1.06271052]
9.092455000000001,[-0.96193856 -0.05352955 -1.29151571],[ 0.6712696   0.29860055 -1.06340504]
9.1007115,[-0.96258247 -0.05373007 -1.29142058],[ 0.67035908  0.29940018 -1.0640676 ]
9.1084243,[-0.96322256 -0.05406145 -1.29136503],[ 0.66937619  0.30033448 -1.06482983]
9.1166588,[-0.96386915 -0.05437829 -1.29130375],[ 0.668459    0.30108765 -1.06549311]
9.1250915,[-0.96450078 -0.05468214 -1.29122102],[ 0.66748518  0.30193645 -1.0661844 ]
9.1337704,[-0.96509957 -0.05499046 -1.29111564],[ 0.66655928  0.30266404 -1.06683886]
9.1418906,[-0.96577597 -0.05533897 -1.2909888 ],[ 0.6656304   0.30336589 -1.06749225]
9.150442300000002,[-0.96637082 -0.05566069 -1.29084015],[ 0.66473001  0.30399555 -1.06811595]
9.1588645,[-0.96704912 -0.05600667 -1.29070699],[ 0.66378653  0.3045975  -1.06883764]
9.167365700000001,[-0.96769917 -0.05640062 -1.29055452],[ 0.6628679   0.30521858 -1.0695256 ]
9.175237,[-0.96827221 -0.05677515 -1.29042768],[ 0.66193712  0.30581376 -1.07021797]
9.1833734,[-0.96883297 -0.05716938 -1.29029536],[ 0.66102052  0.30635351 -1.07085717]
9.1919371,[-0.96939856 -0.0575293  -1.29017723],[ 0.66018516  0.30683878 -1.07150078]
9.199956499999999,[-0.96997225 -0.05792212 -1.29004276],[ 0.65934891  0.30737913 -1.07217228]
9.208331300000001,[-0.97064811 -0.05826952 -1.28990471],[ 0.6584549   0.30785391 -1.07288527]
9.2166374,[-0.97132033 -0.05868362 -1.2898047 ],[ 0.65764719  0.30826473 -1.07346869]
9.2253927,[-0.97191292 -0.05901692 -1.28970635],[ 0.65680671  0.30869788 -1.07406819]
9.233316000000002,[-0.97242498 -0.05932356 -1.28959751],[ 0.6560275   0.30904454 -1.07464671]
9.243055600000002,[-0.97298759 -0.05970227 -1.28950989],[ 0.65526843  0.30932128 -1.07518661]
9.2503417,[-0.97349232 -0.06003818 -1.28945017],[ 0.65451366  0.3095955  -1.07574999]
9.258326100000001,[-0.97398084 -0.06035458 -1.28938174],[ 0.6538232   0.30983186 -1.0762831 ]
9.267127600000002,[-0.97441286 -0.06064073 -1.28930187],[ 0.6530968   0.31004512 -1.07681644]
9.2762769,[-0.97492725 -0.06093177 -1.28922546],[ 0.65239155  0.31019107 -1.07733381]
9.288327500000001,[-0.97560126 -0.06134035 -1.28914189],[ 0.65134114  0.31038588 -1.07815552]
