0.0005156999999940126,1,0
0.01012219999999786,1,0
0.02618370000000425,1,0
0.03011419999999987,1,0
0.040265899999994303,1,0
0.05017410000000666,1,0
0.06012049999999647,1,0
0.07030330000000617,1,0
0.08012309999999445,1,0
0.09024490000000185,1,0
0.10019909999999754,1,0
0.11011589999999671,1,0
0.12015230000000088,1,0
0.1301921999999962,1,0
0.14008130000000563,1,0
0.15025590000000477,1,0
0.16014789999999834,1,0
0.17009439999999643,1,0
0.1801119,1,0
0.19011519999999393,1,0
0.20015659999999968,1,0
0.21007459999999867,1,0
0.22023939999999698,1,0
0.23013790000000256,1,0
0.24035010000000057,1,0
0.2502534000000054,1,0
0.26032080000000235,1,0
0.2702998999999977,1,0
0.2802575999999988,1,0
0.29028839999999434,1,0
0.30026709999999923,1,0
0.3101293999999939,1,0
0.3200922999999989,1,0
0.3301540000000074,1,0
0.34008040000000506,1,0
0.35035460000000285,1,0
0.3600741999999997,1,0
0.3701209000000034,1,0
0.3800865999999985,1,0
0.3901115000000033,1,0
0.4002949000000058,1,0
0.410184000000001,1,0
0.42027799999999615,1,0
0.43016649999999856,1,0
0.44010710000000586,1,0
0.450292900000008,1,0
0.46016199999999685,1,0
0.4701979000000023,1,0
0.48010600000000636,1,0
0.49010230000000377,1,0
0.5003666000000067,1,0
0.5101587999999992,1,0
0.5200387999999947,1,0
0.5301733999999954,1,0
0.540143999999998,1,0
0.5503082999999975,1,0
0.560122199999995,1,0
0.5701958000000076,1,0
0.5801337000000046,1,0
0.5902216000000067,1,0
0.600195400000004,1,0
0.610301199999995,1,0
0.6204520999999943,1,0
0.6300755999999978,1,0
0.6401333000000022,1,0
0.6502571000000046,1,0
0.6601517999999942,1,0
0.6701259999999962,1,0
0.6801544000000064,1,0
0.690096600000004,1,0
0.7002396000000033,1,0
0.7101188999999977,1,0
0.7201270000000051,1,0
0.7300785000000047,1,0
0.740190400000003,1,0
0.7503229000000005,1,0
0.7600829999999945,1,0
0.7701246000000026,1,0
0.7801120999999966,1,0
0.7901492000000019,1,0
0.8001279000000068,1,0
0.8103207999999995,1,0
0.8204024000000061,1,0
0.8303236999999939,1,0
0.8402798999999987,1,0
0.8503024000000039,1,0
0.8602944999999949,1,0
0.8703296000000051,1,0
0.8801945000000018,1,0
0.8901029000000023,1,0
0.9003902000000039,1,0
0.9101191000000028,1,0
0.9200593999999995,1,0
0.9301296999999948,1,0
0.9400710000000032,1,0
0.9502681999999965,1,0
0.9601738000000068,1,0
0.970103199999997,1,0
0.9801085999999941,1,0
0.9902533000000062,1,0
1.0002984000000055,1,0
1.0148635000000041,1,0
1.0201411000000036,1,0
1.0303870000000046,1,0
1.040169000000006,1,0
1.0502635999999939,1,0
1.060147900000004,1,0
1.070124700000008,1,0
1.0801064000000054,1,0
1.090154499999997,1,0
1.1003206000000034,1,0
1.1102688999999941,1,0
1.1201089999999994,1,0
1.1300858000000034,1,0
1.140160899999998,1,0
1.1502777999999978,1,0
1.1601710999999995,1,0
1.1702255000000008,1,0
1.1803957999999994,1,0
1.1901057000000037,1,0
1.2002240000000057,1,0
1.2101047000000023,1,0
1.2201126000000073,1,0
1.2301513000000028,1,0
1.2401234000000017,1,0
1.2502398999999969,1,0
1.260152099999999,1,0
1.2701045999999963,1,0
1.2801124000000073,1,0
1.2901688999999976,1,0
1.3003973000000002,1,0
1.3101601999999986,1,0
1.320245600000007,1,0
1.3300937000000062,1,0
1.3401084999999995,1,0
1.3502447999999987,1,0
1.360172899999995,1,0
1.3704462999999976,1,0
1.3802438999999964,1,0
1.3901689000000061,1,0
1.400192000000004,1,0
1.4101292999999941,1,0
1.4204653999999977,1,0
1.4301470999999992,1,0
1.4401516000000072,1,0
1.4501829999999956,1,0
1.4601674000000031,1,0
1.4702318000000076,1,0
1.480156100000002,1,0
1.4901882000000057,1,0
1.5003667000000007,1,0
1.5101472999999999,1,0
1.5201124999999962,1,0
1.5301531000000068,1,0
1.540159200000005,1,0
1.5502052000000077,1,0
1.5601632999999993,1,0
1.5700700999999953,1,0
1.5801344999999998,1,0
1.590155100000004,1,0
1.6002565000000004,1,0
1.6100227999999959,1,0
1.620092299999996,1,0
1.6300628000000046,1,0
1.6402055000000075,1,0
1.650234299999994,1,0
1.660125100000002,1,0
1.6701261000000045,1,0
1.6801549999999992,1,0
1.6901631000000066,1,0
1.7004158999999959,1,0
1.7101073999999983,1,0
1.7200971000000038,1,0
1.730111000000008,1,0
1.7400884000000048,1,0
1.7501859000000053,1,0
1.7601164999999952,1,0
1.7700676000000044,1,0
1.7801637000000028,1,0
1.7902839000000057,1,0
1.8002441999999945,1,0
1.8101721999999967,1,0
1.8200984000000062,1,0
1.830077700000004,1,0
1.840166400000001,1,0
1.850247600000003,1,0
1.8601275999999984,1,0
1.870034799999999,1,0
1.8801392999999962,1,0
1.890231600000007,1,0
1.9003285999999946,1,0
1.910275200000001,1,0
1.9201639999999998,1,0
1.9301243999999969,1,0
1.940196499999999,1,0
1.950226200000003,1,0
1.9601253000000014,1,0
1.9704298000000051,1,0
1.980071499999994,1,0
1.9901004000000029,1,0
2.000177899999997,1,0
2.010054800000006,1,0
2.0200827000000032,1,0
2.030066099999999,1,0
2.0401138999999944,1,0
2.050230499999998,1,0
2.0601038000000074,1,0
2.0701415999999995,1,0
2.080128000000002,1,0
2.0901487999999944,1,0
2.100225100000003,1,0
2.110173500000002,1,0
2.1201554999999956,1,0
2.1301554000000067,1,0
2.140106099999997,1,0
2.150206400000002,1,0
2.1602139999999963,1,0
2.170148800000007,1,0
2.1802246999999966,1,0
2.190232100000003,1,0
2.2001252999999963,1,0
2.210077499999997,1,0
2.2202477000000016,1,0
2.230413999999996,1,0
2.240108300000003,1,0
2.2502065999999985,1,0
2.260119500000002,1,0
2.2700176000000027,1,0
2.2801663000000048,1,0
2.2901451999999978,1,0
2.3001581000000044,1,0
2.3102202999999975,1,0
2.320381999999995,1,0
2.3302838000000037,1,0
2.3401984000000056,1,0
2.350204000000005,1,0
2.360133899999994,1,0
2.3700792000000064,1,0
2.380190100000007,1,0
2.390089500000002,1,0
2.400143799999995,1,0
2.4102390999999983,1,0
2.4202379999999977,1,0
2.4303904000000074,1,0
2.4402879000000013,1,0
2.4501963000000018,1,0
2.4601056999999997,1,0
2.4703595999999948,1,0
2.4803375999999986,1,0
2.490321399999999,1,0
2.5002441999999974,1,0
2.5103275999999966,1,0
2.5201648999999975,1,0
2.5303425000000033,1,0
2.5401580999999993,1,0
2.5502077000000014,1,0
2.560138100000003,1,0
2.5704273000000057,1,0
2.580137899999997,1,0
2.590188699999999,1,0
2.6002095999999995,1,0
2.6101268000000033,1,0
2.6201625000000064,1,0
2.630121299999999,1,0
2.640095400000007,1,0
2.6503311000000025,1,0
2.6601097000000067,1,0
2.6701087,1,0
2.6802609000000075,1,0
2.690154700000008,1,0
2.7001927000000023,1,0
2.7101166000000063,1,0
2.720107999999996,1,0
2.7301053000000053,1,0
2.7402079999999955,1,0
2.750220100000007,1,0
2.760325800000004,1,0
2.770220800000004,1,0
2.780169000000001,1,0
2.79016,1,0
2.8000968000000057,1,0
2.810128899999995,1,0
2.8201298999999977,1,0
2.8300478000000027,1,0
2.8401422999999966,1,0
2.8502249999999947,1,0
2.860147299999994,1,0
2.870093600000004,1,0
2.8801243000000056,1,0
2.8901161999999943,1,0
2.900150199999999,1,0
2.910378399999999,1,0
2.920070300000006,1,0
2.9303019999999975,1,0
2.9405167999999975,1,0
2.950540700000005,1,0
2.9603050000000053,1,0
2.970075500000007,1,0
2.980114400000005,1,0
2.9901842000000016,1,0
3.0003023000000013,1,0
3.010146199999994,1,0
3.0202158000000026,1,0
3.030103199999999,1,0
3.0401760000000024,1,0
3.050245799999999,1,0
3.060164400000005,1,0
3.070163100000002,1,0
3.080212700000004,1,0
3.090119900000005,1,0
3.100152500000007,1,0
3.1101924000000025,1,0
3.120034000000004,1,0
3.1301554000000067,1,0
3.1401678999999945,1,0
3.150229699999997,1,0
3.160375099999996,1,0
3.1701273999999984,1,0
3.1801018000000028,1,0
3.190184599999995,1,0
3.200161500000007,1,0
3.2101016999999956,1,0
3.2201538000000056,1,0
3.230147500000001,1,0
3.240103099999999,1,0
3.250168599999995,1,0
3.2601377999999954,1,0
3.2700394999999958,1,0
3.2801589000000035,1,0
3.2901788000000067,1,0
3.3001694000000015,1,0
3.3100720000000052,1,0
3.3201255999999972,1,0
3.3301064000000054,1,0
3.340145899999996,1,0
3.3501990999999975,1,0
3.3601500000000044,1,0
3.370053900000002,1,0
3.3800839999999965,1,0
3.3901723000000032,1,0
3.4002253000000024,1,0
3.410160099999999,1,0
3.420117700000006,1,0
3.4300944999999956,1,0
3.440146900000002,1,0
3.450274300000004,1,0
3.4602047999999996,1,0
3.4700050000000005,1,0
3.480081900000002,1,0
3.4901710000000037,1,0
3.5001000999999974,1,0
3.510255000000001,1,0
3.5200188000000026,1,0
3.5300715999999994,1,0
3.540161100000006,1,0
3.5502208999999993,1,0
3.5602070999999995,1,0
3.5701415999999995,1,0
3.580243800000005,1,0
3.5901805000000024,1,0
3.600503500000002,1,0
3.610179400000007,1,0
3.6200919000000056,1,0
3.6301136000000014,1,0
3.640127100000001,1,0
3.650174899999996,1,0
3.660121399999994,1,0
3.670347899999996,1,0
3.680126400000006,1,0
3.6901880000000062,1,0
3.7001405000000034,1,0
3.710094600000005,1,0
3.7200930000000056,1,0
3.7301293999999956,1,0
3.7402390000000025,1,0
3.750123599999995,1,0
3.7602006999999986,1,0
3.770070599999997,1,0
3.7802575999999988,1,0
3.7901468999999963,1,0
3.800052899999997,1,0
3.8100624000000067,1,0
3.8202268999999944,1,0
3.8301012000000014,1,0
3.8401520999999974,1,0
3.850184900000002,1,0
3.860110899999995,1,0
3.8702518999999995,1,0
3.8801502000000028,1,0
3.8901486999999975,1,0
3.9003423999999995,1,0
3.9103104999999942,1,0
3.920294299999995,1,0
3.9301983000000007,1,0
3.940299799999991,1,0
3.950279800000004,1,0
3.9607817000000125,1,0
3.970313900000008,1,0
3.980170500000014,1,0
3.990095800000006,1,0
4.000077900000008,1,0
4.010060500000009,1,0
4.020163099999991,1,0
4.030121900000012,1,0
4.040153300000014,1,0
4.050197200000014,1,0
4.060317400000002,1,0
4.070152799999988,1,0
4.080112700000001,1,0
4.090128099999987,1,0
4.100132300000013,1,0
4.1100852000000145,1,0
4.12006310000001,1,0
4.13012359999999,1,0
4.140091000000012,1,0
4.150144100000006,1,0
4.160091800000004,1,0
4.170121200000011,1,0
4.1802629999999965,1,0
4.190241399999991,1,0
4.200184299999989,1,0
4.210282400000011,1,0
4.2204849999999965,1,0
4.230261100000007,1,0
4.240225400000014,1,0
4.2502198999999905,1,0
4.260359700000009,1,0
4.270261000000005,1,0
4.280182400000001,1,0
4.290215399999994,1,0
4.300154300000003,1,0
4.310385200000013,1,0
4.320062199999995,1,0
4.330083400000007,1,0
4.340251599999988,1,0
4.350136200000009,1,0
4.360305699999998,1,0
4.370118999999988,1,0
4.38018679999999,1,0
4.390142900000001,1,0
4.400186600000012,1,0
4.410145,1,0
4.4201559999999915,1,0
4.430129700000009,1,0
4.440190900000005,1,0
4.450288400000005,1,0
4.460109899999992,1,0
4.470142100000004,1,0
4.4801008999999965,1,0
4.490154200000006,1,0
4.500346199999996,1,0
4.510082699999998,1,0
4.5202290000000005,1,0
4.530174100000011,1,0
4.540099200000014,1,0
4.5502500000000055,1,0
4.560293900000005,1,0
4.570077300000008,1,0
4.580110499999989,1,0
4.590136400000006,1,0
4.600246800000008,1,0
4.610519299999993,1,0
4.620052700000002,1,0
4.630050000000011,1,0
4.640104699999995,1,0
4.650267799999995,1,0
4.660070399999995,1,0
4.6700693999999885,1,0
4.680089699999996,1,0
4.690106600000007,1,0
4.700305600000007,1,0
4.710136199999994,1,0
4.720061799999996,1,0
4.730114000000015,1,0
4.740236400000015,1,0
4.750134300000013,1,0
4.7600841,1,0
4.770050400000002,1,0
4.780090800000011,1,0
4.790093600000006,1,0
4.800101799999993,1,0
4.810071399999998,1,0
4.820114700000005,1,0
4.830107200000015,1,0
4.840182300000009,1,0
4.850145400000002,1,0
4.860118699999987,1,0
4.870211799999993,1,0
4.880178699999988,1,0
4.890144300000003,1,0
4.900289600000008,1,0
4.910049000000015,1,0
4.920192399999991,1,0
4.930240300000008,1,0
4.940141699999998,1,0
4.950163300000014,1,0
4.960100799999992,1,0
4.970131900000013,1,0
4.980138199999999,1,0
4.990130899999997,1,0
5.000188600000001,1,0
5.0100994999999955,1,0
5.020090900000014,1,0
5.030168300000014,1,0
5.040061900000012,1,0
5.050200100000012,1,0
5.0601938000000075,1,0
5.070145300000007,1,0
5.080208400000004,1,0
5.090368899999987,1,0
5.100226899999996,1,0
5.110062499999998,1,0
5.120079300000015,1,0
5.130145700000014,1,0
5.140101600000008,1,0
5.1501327,1,0
5.160131699999994,1,0
5.170282299999997,1,0
5.180097899999993,1,0
5.190258,1,0
5.200106199999993,1,0
5.2102093999999965,1,0
5.220238499999994,1,0
5.230074699999989,1,0
5.240123199999999,1,0
5.250143000000008,1,0
5.260107900000008,1,0
5.270127300000013,1,0
5.280211900000012,1,0
5.2901357000000075,1,0
5.300219499999997,1,0
5.310103499999997,1,0
5.320130799999987,1,0
5.3303715000000125,1,0
5.340109799999993,1,0
5.350138700000002,1,0
5.36004299999999,1,0
5.370102800000012,1,0
5.380074699999994,1,0
5.390253199999989,1,0
5.400153200000005,1,0
5.410099599999995,1,0
5.4200877000000105,1,0
5.430034599999999,1,0
5.440120900000011,1,0
5.45020439999999,1,0
5.460072099999991,1,0
5.4700922000000105,1,0
5.480082500000009,1,0
5.490144700000002,1,0
5.500291599999997,1,0
5.5100616,1,0
5.520114599999999,1,0
5.530181400000004,1,0
5.540548400000006,1,0
5.550526399999995,1,0
5.56041110000001,1,0
5.570413500000001,1,0
5.5804516000000035,2,0
5.593482800000004,2,0
5.600560800000011,2,0
5.610506399999991,2,0
5.620348400000012,2,0
5.630320000000012,3,0
5.64394519999999,3,0
5.650449900000012,3,0
5.660448099999996,4,0
5.674175300000002,4,0
5.680461400000013,4,0
5.6904268000000116,5,0
5.703531999999996,5,0
5.710418000000004,5,0
5.720539599999995,6,9.999999974752427e-07
5.736084900000009,6,0.015566400000011527
5.740384199999994,5,0
5.753724299999988,5,0
5.760339899999991,5,0
5.7703559999999925,4,0
5.784137500000014,5,0
5.800886200000008,6,1.4000000021496817e-06
5.8016188,6,0.0008516999999983454
5.8180859,7,0.017234699999988834
5.833036200000009,7,0.03218430000001149
5.833762000000007,7,0.03301550000000475
5.840613300000001,7,0.03970789999999624
5.850667500000014,7,0.04977750000000469
5.860347100000013,7,0.059537299999988136
5.870645300000007,7,0.06979960000001029
5.880679799999996,7,0.07980749999998693
5.890563000000014,7,0.08970170000000621
5.900775799999991,7,0.0998068000000103
5.910472999999996,8,0.10972150000000624
5.927476399999989,8,0.12663660000001187
5.930382900000012,8,0.1295893999999862
5.940432500000014,8,0.13962029999999004
5.9506035,8,0.14978869999998778
5.960393900000014,9,0.1596185999999875
5.9734148000000005,9,0.17261149999998793
5.98036590000001,9,0.17956760000001282
5.9904802000000075,9,0.18964990000000626
6.000564999999995,9,0.19971739999999727
6.010385200000002,9,0.209522800000002
6.020435800000001,8,0.2196386999999902
6.035102999999992,8,0.23430419999999685
6.040434199999993,9,0.23959099999999012
6.054193800000007,9,0.2533668000000091
6.060656899999998,10,0
6.0774246000000005,10,0
6.08053559999999,10,0
6.090692700000005,10,0
6.1005771000000095,10,0
6.110516999999987,10,0
6.121141899999998,10,0
6.130634299999997,10,0
6.140642000000014,10,0
6.150589599999989,10,0
6.160464499999989,10,0
6.170684999999992,10,0
6.1805363,10,0
6.190586999999994,10,0
6.200709200000006,10,0
6.210541599999999,10,0
6.2207071999999926,10,0
6.230578900000012,10,0
6.240634800000009,10,0
6.250685800000014,10,0
6.260463399999992,10,0
6.2704875000000015,10,0
6.28053349999999,10,0
6.290498000000014,10,0
6.300585500000011,10,0
6.310559899999987,10,0
6.3206850999999915,10,0
6.330441699999994,10,0
6.340792700000009,10,0
6.350582099999997,10,0
6.360567300000014,10,0
6.370589599999988,10,0
6.380493599999994,10,0
6.390597899999989,10,0
6.400812000000002,10,0
6.4106596999999965,10,0
6.4206993999999895,10,0
6.430518400000011,10,0
6.440665800000005,10,0
6.450680900000009,10,0
6.4607025999999905,10,0
6.470667899999995,10,0
6.4805504999999926,10,0
6.490591200000011,10,0
6.500540900000004,10,0
6.510507499999989,10,0
6.5206911999999875,10,0
6.530677400000002,10,0
6.540639199999987,10,0
6.550654900000012,10,0
6.560450599999996,10,0
6.570841599999994,10,0
6.580580400000002,10,0
6.590491100000008,10,0
6.600660099999999,10,0
6.610561799999999,10,0
6.620693799999998,10,0
6.630468100000002,10,0
6.6406100000000094,10,0
6.650674900000013,10,0
6.660519300000004,10,0
6.670411699999988,10,0
6.680538299999995,10,0
6.690543300000002,11,0
6.7039489,10,0
6.7189075,10,0
6.720475300000004,10,0
6.730479800000012,10,0
6.740679,10,0
6.750640900000008,10,0
6.760452600000008,10,0
6.770794800000004,10,0
6.780468500000012,10,0
6.790494499999994,10,0
6.80064680000001,10,0
6.810636299999999,10,0
6.820530999999988,10,0
6.830477599999995,10,0
6.840504199999998,10,0
6.850615699999992,10,0
6.860426700000005,9,2.1000000174353772e-06
6.874084199999999,9,0.013655300000010584
6.880411400000014,9,0.019952000000017733
6.890462799999995,9,0.029958899999996902
6.900524300000001,9,0.040086200000018835
6.910406899999998,9,0.050003900000007206
6.920465100000001,9,0.060019500000009884
6.93043320000001,9,0.07001710000000116
6.940395999999993,9,0.07996950000000425
6.950483899999995,8,0.09001560000001518
6.964289100000002,9,0.10382240000001275
6.980214100000012,8,0.11981439999999566
6.980810700000006,8,0.12046790000002261
6.996698900000013,8,0.13628640000001724
7.000458400000014,8,0.14003110000001584
7.010385000000014,8,0.14997110000001612
7.020510400000006,8,0.1601019000000008
7.030359900000008,8,0.16994420000000332
7.040965400000005,8,0.18049609999999916
7.050559399999997,8,0.19004760000001397
7.060410300000001,8,0.19997019999999566
7.0703935999999885,7,0.20996809999999755
7.084051700000003,7,0.22360610000001202
7.09042199999999,7,0.23001370000000065
7.100538900000004,7,0.24014329999999973
7.110451500000011,7,0.250051400000018
7.120365700000008,7,0.25996890000001827
7.130459599999995,7,0.2700106000000062
7.140464100000003,7,0.2800218000000143
7.150437799999992,7,0.29000100000001794
7.1604130000000055,7,0.29997149999999806
7.170496200000002,7,0.3099582000000112
7.180359500000009,7,0.3199480000000108
7.190386700000005,6,0.3299393000000066
7.203206300000005,6,0.34281870000000936
7.210472400000015,5,0
7.223625900000002,5,0
7.230372399999993,4,0
7.24372120000001,4,0
7.2505562000000054,4,0
7.260457000000002,4,0
7.270616100000012,4,0
7.280373099999991,4,0
7.290364100000005,4,0
7.300551500000012,4,0
7.310416199999992,4,0
7.320475899999991,4,0
7.330385799999988,4,0
7.3404283000000135,4,0
7.350559199999992,4,0
7.360589699999991,4,0
7.370684699999998,4,0
7.3804687999999885,3,0
7.3962603999999885,3,0
7.4004999,3,0
7.410560000000004,3,0
7.42073400000001,3,0
7.430418099999997,3,0
7.440391599999998,3,0
7.450764600000014,4,0
7.465874500000012,4,0
7.475453600000009,3,0
7.493760900000012,4,0
7.494354500000014,4,0
7.508391899999992,3,0
7.512184899999994,3,0
7.532379200000008,3,0
7.533043100000015,3,0
7.540578199999999,3,0
7.550490400000001,3,0
7.56041909999999,3,0
7.5704331000000025,3,0
7.580404799999997,3,0
7.590481299999993,3,0
7.600538199999988,3,0
7.610320400000006,3,0
7.6203821000000005,3,0
7.630468199999996,3,0
7.640416700000003,3,0
7.650455700000009,3,0
7.660469500000005,3,0
7.6704421000000025,3,0
7.6803792999999985,3,0
7.690336300000013,3,0
7.700440000000015,3,0
7.7103319,3,0
7.720333799999992,3,0
7.730385399999989,4,0
7.743462999999991,4,0
7.750439800000009,4,0
7.760423199999991,4,0
7.770429400000012,4,0
7.780425199999996,4,0
7.790386299999994,4,0
7.800530400000014,4,0
7.810429999999997,4,0
7.8205025999999975,4,0
7.830442500000004,4,0
7.840408499999995,4,0
7.850659900000011,5,0
7.863723999999991,5,0
7.870450800000015,5,0
7.880410600000005,5,0
7.890381200000007,5,0
7.900433700000008,5,0
7.910445600000003,5,0
7.920338299999997,4,0
7.934525600000001,4,0
7.940463700000009,4,0
7.950454500000006,4,0
7.960321499999992,4,0
7.970632999999992,4,0
7.9803388999999925,5,0
7.9933561,5,0
8.000553999999994,5,0
8.010460999999992,5,0
8.020464099999998,5,0
8.030407400000001,5,0
8.04052440000001,5,0
8.05053620000001,5,0
8.0604515,5,0
8.070476899999989,5,0
8.080365699999987,5,0
8.090398600000015,5,0
8.100428600000015,5,0
8.110347100000013,5,0
8.120320899999996,5,0
8.130430999999987,5,0
8.140398800000014,5,0
8.150558200000006,5,0
8.160350899999997,5,0
8.170559999999995,5,0
8.180322899999993,5,0
8.190439300000008,5,0
8.200409900000011,5,0
8.210403899999989,5,0
8.22031849999999,6,9.000000034120603e-07
8.234382699999998,5,0
8.247878000000014,5,0
8.250589899999994,5,0
8.260638099999994,5,0
8.27055759999999,5,0
8.280366799999996,5,0
8.29035970000001,5,0
8.300382500000012,5,0
8.310349500000001,6,9.000000034120603e-07
8.325548900000001,6,0.01517889999999511
8.330325700000003,6,0.019965399999989586
8.340414400000014,6,0.030048300000004247
8.350413900000007,6,0.04004240000000436
8.360295000000008,6,0.049941700000005085
8.370433399999996,5,0
8.3837245,5,0
8.390599100000003,5,0
8.40046240000001,5,0
8.41036059999999,5,0
8.420994199999996,5,0
8.430414000000013,5,0
8.440430899999996,5,0
8.45054429999999,5,0
8.460355800000002,5,0
8.470592600000003,5,0
8.480369300000007,5,0
8.490378499999991,5,0
8.500456100000008,5,0
8.510431799999992,5,0
8.520327900000012,5,0
8.530377200000004,5,0
8.540382599999987,5,0
8.550529399999988,5,0
8.560337500000003,5,0
8.570313999999996,5,0
8.580311300000005,5,0
8.59041590000001,5,0
8.600515300000012,5,0
8.610315200000002,5,0
8.620345200000003,5,0
8.630354600000004,5,0
8.640355900000003,5,0
8.65053739999999,5,0
8.660402099999999,5,0
8.670378800000009,5,0
8.680459299999995,5,0
8.69040849999999,5,0
8.7004613,5,0
8.710343999999992,6,7.999999809271685e-07
8.723227400000013,6,0.012848200000007637
8.730315499999989,6,0.019959400000004734
8.740422499999994,6,0.03005210000000602
8.75049229999999,6,0.04006540000000314
8.760295799999994,6,0.04994800000000055
8.770354200000014,6,0.06001399999999535
8.7803385,6,0.06998740000000225
8.790396299999998,6,0.07999580000000606
8.800534099999993,6,0.09009839999998803
8.810366899999991,6,0.10001610000000483
8.820354600000002,6,0.11000809999998751
8.830412899999999,6,0.12005949999999643
8.840409300000005,6,0.13001919999999245
8.85050369999999,6,0.14010640000000762
8.860465699999992,6,0.15005650000000514
8.870368899999988,6,0.15999030000000403
8.880407300000002,6,0.16999369999999203
8.89042889999999,6,0.18002549999999928
8.900499700000012,6,0.19008099999999217
8.91036410000001,6,0.19998759999998583
8.920297199999993,6,0.2099635999999805
8.93035979999999,6,0.21999199999999064
8.940476700000005,6,0.23005159999999591
8.950372799999997,6,0.23998779999999442
8.960401200000007,6,0.24997319999999945
8.970320500000014,6,0.2599883000000034
8.98030700000001,6,0.2699653999999896
8.990433800000005,6,0.28000280000000544
9.000487700000008,6,0.2900822000000005
9.010367400000007,6,0.2999994999999842
9.020320400000003,6,0.30998789999998166
9.030333299999995,6,0.31998930000000314
9.040354500000007,6,0.329996599999987
9.050453199999993,7,0.3400470999999925
9.063816099999997,6,0.3533943999999849
9.081186400000007,7,0.37073720000000776
9.081923399999994,7,0.37157669999999143
9.09805,7,0.38762909999999806
9.100502000000006,7,0.3900734000000057
9.110406799999993,7,0.40005069999998
9.1207091,7,0.4100538999999799
9.13055349999999,7,0.420098199999984
9.1406044,8,0.430187200000006
9.157334800000001,8,0.4469163999999921
9.161218100000013,8,0.45032889999998815
9.170743700000003,8,0.46026489999999853
9.180373800000012,8,0.47003189999998085
9.190717699999993,8,0.48028249999998707
9.20046450000001,8,0.49009419999998727
9.210341400000004,8,0.4999688000000049
9.22039509999999,8,0.5100099
9.23042430000001,8,0.520049599999993
9.24035219999999,8,0.5300187999999935
9.250397300000003,8,0.539996699999989
9.260344400000008,8,0.5499792999999897
9.27035330000001,9,0.5599655000000041
9.285742199999987,9,0.5753494999999873
9.2903527,9,0.580011600000006
9.300402300000002,9,0.5900508000000002
9.310323399999987,8,0.5999540999999908
9.32394339999999,8,0.6136012999999991
9.330405000000013,8,0.6200392000000079
9.340416299999987,8,0.6300785999999903
9.350473300000004,8,0.6400535999999875
9.360317900000013,8,0.6499504999999886
9.370403400000015,8,0.6600110999999913
9.380363700000004,8,0.6699681000000055
9.390582200000011,8,0.6802035999999987
9.40045409999999,8,0.6900679999999966
9.410326800000007,8,0.6999734000000046
9.420580000000001,8,0.7101231999999982
9.430396000000002,8,0.7200174999999831
9.4404021,8,0.7300544000000002
9.450678699999997,8,0.7403281999999933
9.460350199999993,8,0.7499952000000008
9.470324699999992,8,0.7599458999999911
9.480654200000004,8,0.7702107000000069
9.490480300000002,8,0.7800449000000071
9.500520999999992,8,0.7901005999999882
9.510371100000015,8,0.8000246999999945
9.520481399999994,8,0.8100364999999954
9.530367899999987,8,0.8199847999999861
9.540474799999998,8,0.8301375000000064
9.550462500000009,8,0.8400429999999801
9.560399200000006,8,0.8499559999999917
9.570381300000008,8,0.8600121000000058
9.580387800000011,8,0.8699888999999814
9.5903979,8,0.8800532999999859
9.600466000000011,8,0.8901175000000023
9.610365400000006,8,0.8999993999999845
9.620424600000007,8,0.9100399999999809
9.630479199999996,8,0.9200453999999922
9.64045920000001,8,0.9300359000000071
9.650417000000004,8,0.9400234000000012
9.660326999999995,8,0.9499789999999848
9.670483600000011,8,0.9600978999999938
9.68049830000001,8,0.9700559999999996
9.69042970000001,8,0.9800151000000028
9.700453900000014,8,0.9900805999999989
9.710418599999997,8,1.0000465999999903
9.720476200000007,8,1.0000465999999903
9.733098899999987,8,1.0000465999999903
9.748139699999996,7,1.0000465999999903
9.75050970000001,7,1.0000465999999903
9.760659099999998,7,1.0000465999999903
9.770852200000007,8,1.0000465999999903
9.780472500000002,8,1.0000465999999903
9.790557299999989,8,1.0000465999999903
9.800650399999995,8,1.0000465999999903
9.810485999999997,8,1.0000465999999903
9.820626300000015,7,1.0000465999999903
9.830512099999993,7,1.0000465999999903
9.84047670000001,7,1.0000465999999903
9.850664800000004,7,1.0000465999999903
9.860559899999998,8,1.0000465999999903
9.870385599999992,8,1.0000465999999903
9.880607300000008,8,1.0000465999999903
9.890560300000004,8,1.0000465999999903
9.900624600000015,8,1.0000465999999903
9.910547199999996,7,1.0000465999999903
9.920660400000003,7,1.0000465999999903
9.930479399999996,7,1.0000465999999903
9.9407688,7,1.0000465999999903
9.950584899999996,7,1.0000465999999903
9.960389800000002,8,1.0000465999999903
9.970508899999999,7,1.0000465999999903
9.9804101,8,1.0000465999999903
9.990548200000006,8,1.0000465999999903
10.00068139999999,8,1.0000465999999903
10.010548099999994,8,1.0000465999999903
10.020593899999994,8,1.0000465999999903
10.030490200000003,8,1.0000465999999903
10.040588600000007,8,1.0000465999999903
10.0506508,8,1.0000465999999903
10.06062270000001,8,1.0000465999999903
10.070483700000011,8,1.0000465999999903
10.080434499999996,8,1.0000465999999903
10.090654999999998,8,1.0000465999999903
10.100599799999998,8,1.0000465999999903
10.110688400000015,8,1.0000465999999903
10.120511700000009,8,1.0000465999999903
10.13047850000001,8,1.0000465999999903
10.140603800000008,8,1.0000465999999903
10.150663000000009,8,1.0000465999999903
10.160477100000008,8,1.0000465999999903
10.170454199999995,8,1.0000465999999903
10.1804937,8,1.0000465999999903
10.190481000000005,8,1.0000465999999903
10.2006418,8,1.0000465999999903
10.210520800000012,8,1.0000465999999903
10.220465899999994,8,1.0000465999999903
10.23050839999999,8,1.0000465999999903
10.240513399999998,8,1.0000465999999903
10.250517300000013,8,1.0000465999999903
10.260449300000005,9,1.0000465999999903
10.270433300000008,9,1.0000465999999903
10.280436900000012,9,1.0000465999999903
10.290579600000001,9,1.0000465999999903
10.300722500000006,9,1.0000465999999903
10.31067329999999,9,1.0000465999999903
10.320566000000014,9,1.0000465999999903
10.330480499999993,9,1.0000465999999903
10.340534899999994,8,1.0000465999999903
10.350514900000007,8,1.0000465999999903
10.36050259999999,8,1.0000465999999903
10.370551799999987,8,1.0000465999999903
10.380651900000004,8,1.0000465999999903
10.390431799999988,8,1.0000465999999903
10.400544200000013,8,1.0000465999999903
10.410442200000006,8,1.0000465999999903
10.42038260000001,8,1.0000465999999903
10.431074200000012,8,1.0000465999999903
10.440495999999996,8,1.0000465999999903
10.450494899999995,8,1.0000465999999903
10.46055849999999,8,1.0000465999999903
10.470778200000012,8,1.0000465999999903
10.480568199999993,8,1.0000465999999903
10.490683100000012,8,1.0000465999999903
10.500710099999992,8,1.0000465999999903
10.51059810000001,8,1.0000465999999903
10.520528200000001,7,1.0000465999999903
10.530464999999992,7,1.0000465999999903
10.540495600000014,7,1.0000465999999903
10.550561500000015,7,1.0000465999999903
10.560496999999998,7,1.0000465999999903
10.570548500000001,7,1.0000465999999903
10.580566299999987,7,1.0000465999999903
10.590510099999989,7,1.0000465999999903
10.600602600000002,7,1.0000465999999903
10.610649300000006,7,1.0000465999999903
10.62074770000001,7,1.0000465999999903
10.630843499999997,7,1.0000465999999903
10.640864099999988,7,1.0000465999999903
10.65061510000001,7,1.0000465999999903
10.660883600000005,7,1.0000465999999903
10.67070670000001,7,1.0000465999999903
10.680368399999992,7,1.0000465999999903
10.690442999999988,7,1.0000465999999903
10.700543500000009,7,1.0000465999999903
10.710508800000014,6,1.0000465999999903
10.720452999999992,6,1.0000465999999903
