0.0011349000000002718,[ 0.771797    0.24019802 -1.13178074],[-0.96533549  0.36769399 -1.16707194]
0.009249000000000507,[ 0.77189523  0.24010624 -1.13169968],[-0.96529913  0.36760986 -1.16693807]
0.017745000000001454,[ 0.771999    0.24001703 -1.13162279],[-0.9652698   0.36753702 -1.1668123 ]
0.02667380000000108,[ 0.77210474  0.23991559 -1.13154149],[-0.96521544  0.36748254 -1.16669226]
0.03434389999999965,[ 0.77221406  0.23981501 -1.13146341],[-0.96516418  0.36743435 -1.16658604]
0.04267850000000095,[ 0.77233595  0.23972481 -1.1313976 ],[-0.96509928  0.36736259 -1.16649699]
0.05172080000000179,[ 0.7724632   0.2396265  -1.13133359],[-0.96503747  0.36729714 -1.16640747]
0.05996340000000089,[ 0.77260482  0.23953338 -1.13126659],[-0.96495265  0.36721224 -1.1663332 ]
0.06762230000000002,[ 0.77273339  0.23943132 -1.13119948],[-0.96486449  0.36714542 -1.16628015]
0.0758749000000023,[ 0.77287018  0.23935302 -1.13114202],[-0.96476334  0.36708474 -1.16623926]
0.08422510000000116,[ 0.77300459  0.23925389 -1.1310848 ],[-0.96465343  0.36702287 -1.16619527]
0.09332470000000015,[ 0.77314878  0.23916841 -1.13104773],[-0.96453041  0.36696124 -1.16614759]
0.10165250000000015,[ 0.77328014  0.23908331 -1.13099861],[-0.96440482  0.36692187 -1.16612029]
0.10950109999999924,[ 0.77340972  0.23897903 -1.13094151],[-0.96427774  0.36686626 -1.166098  ]
0.11757060000000052,[ 0.77353877  0.23885536 -1.13088131],[-0.96414     0.36681336 -1.16607964]
0.12453860000000105,[ 0.77361286  0.23880246 -1.13085759],[-0.96406466  0.36678416 -1.16607642]
0.13279800000000108,[ 0.773745    0.23868743 -1.13080871],[-0.96393257  0.36674631 -1.16606009]
0.14099260000000058,[ 0.77386832  0.23857345 -1.13076293],[-0.96381354  0.36671373 -1.16604614]
0.14906620000000004,[ 0.77399039  0.23848164 -1.13072109],[-0.96368575  0.36669046 -1.16603339]
0.15763310000000175,[ 0.77410263  0.23838131 -1.13067925],[-0.96357828  0.36664441 -1.16602767]
0.1657794000000017,[ 0.77421552  0.23827463 -1.13063145],[-0.96347702  0.36659175 -1.16601932]
0.17445800000000133,[ 0.77431977  0.23817137 -1.13058102],[-0.96338379  0.36653796 -1.16602254]
0.18256399999999928,[ 0.77442443  0.23805371 -1.13051164],[-0.9632718   0.36648318 -1.16602218]
0.19069089999999989,[ 0.77453458  0.23794572 -1.13045526],[-0.96317309  0.36644077 -1.16602063]
0.19773550000000029,[ 0.77463466  0.23781392 -1.13038659],[-0.96307892  0.36639515 -1.16601467]
0.20651700000000162,[ 0.77472782  0.23770063 -1.13032734],[-0.96297348  0.36635745 -1.16601717]
0.21416570000000235,[ 0.77481097  0.23760557 -1.13028145],[-0.96286714  0.36630815 -1.1660198 ]
0.2221428000000003,[ 0.77490109  0.23749536 -1.13022637],[-0.96277136  0.36628202 -1.16602278]
0.25362679999999926,[ 0.7750448   0.23731567 -1.13013852],[-0.96263868  0.36619288 -1.16601908]
0.26445400000000063,[ 0.7754634   0.2368947  -1.12993801],[-0.96234483  0.36589071 -1.16602004]
0.27197969999999927,[ 0.7755971   0.23678443 -1.1299001 ],[-0.96228355  0.36582729 -1.16602135]
0.28071080000000137,[ 0.77572489  0.23667862 -1.12987268],[-0.96221954  0.36574417 -1.16601849]
0.28849500000000106,[ 0.77586418  0.23657112 -1.12984478],[-0.96215308  0.36566001 -1.16602731]
0.2975335000000001,[ 0.77601928  0.23644783 -1.12980115],[-0.96208304  0.36557123 -1.16603613]
0.3059636999999995,[ 0.77618384  0.23633584 -1.12977612],[-0.96200114  0.36546654 -1.16606367]
0.31397790000000114,[ 0.7763564   0.23620804 -1.12975383],[-0.96191823  0.36537185 -1.16609788]
0.32187860000000157,[ 0.77653182  0.23608898 -1.12972665],[-0.96183008  0.36526176 -1.1661309 ]
0.3309110000000004,[ 0.77671397  0.23598124 -1.12970948],[-0.96174383  0.36517602 -1.16616106]
0.3386172000000016,[ 0.77690339  0.23589301 -1.12970603],[-0.96166199  0.36510068 -1.16619897]
0.3468152999999994,[ 0.77709532  0.23580052 -1.12970936],[-0.96159232  0.36503315 -1.16624999]
0.354905500000001,[ 0.77729321  0.23571886 -1.12971699],[-0.96151179  0.36496449 -1.16630721]
0.36213169999999906,[ 0.77739275  0.2356737  -1.12971938],[-0.96146423  0.3649359  -1.16634047]
0.3701729,[ 0.77757752  0.23558934 -1.12971413],[-0.96137679  0.36486715 -1.16640019]
0.3781534000000022,[ 0.77778     0.23551996 -1.1297245 ],[-0.96128511  0.36479294 -1.16647136]
0.38597970000000004,[ 0.77797711  0.23545496 -1.12972391],[-0.96118999  0.36470568 -1.16653895]
0.3948826000000025,[ 0.77817887  0.23539686 -1.12971532],[-0.96110117  0.36463061 -1.16660535]
0.4025968000000013,[ 0.77837569  0.23535284 -1.12971103],[-0.96101809  0.36456484 -1.1666683 ]
0.4102376000000021,[ 0.77855802  0.23533194 -1.1297121 ],[-0.96093833  0.36449316 -1.16673613]
0.4176579999999994,[ 0.7787478   0.235313   -1.12971377],[-0.96088034  0.3644326  -1.16680598]
0.4255209999999998,[ 0.77893096  0.235284   -1.12968707],[-0.96081847  0.36436793 -1.16687453]
0.4327487000000012,[ 0.77902365  0.23527667 -1.12967038],[-0.96079206  0.36434329 -1.16690624]
0.4408266000000012,[ 0.77919555  0.23523648 -1.12963247],[-0.96074069  0.36427093 -1.16697204]
0.44898150000000214,[ 0.77937722  0.23519653 -1.12958121],[-0.96069992  0.36420798 -1.16703022]
0.45660000000000167,[ 0.77954793  0.23515771 -1.12953675],[-0.96067572  0.36415571 -1.16710246]
0.4640866999999993,[ 0.77970093  0.23512441 -1.12949479],[-0.96067303  0.36411133 -1.16716254]
0.4725397000000022,[ 0.77985138  0.23507959 -1.12943816],[-0.96067828  0.36408606 -1.16722393]
0.48135170000000116,[ 0.77999026  0.23503353 -1.12939215],[-0.96069211  0.36405337 -1.16728389]
0.49136610000000047,[ 0.78013116  0.23496199 -1.12933636],[-0.96071404  0.36400723 -1.16734552]
0.5010005,[ 0.78033912  0.23481521 -1.12921917],[-0.96075058  0.36392429 -1.16744149]
0.5106333999999997,[ 0.78047651  0.23469248 -1.12913823],[-0.9607833   0.36390111 -1.1675055 ]
0.5184324000000018,[ 0.78059971  0.23456426 -1.1290462 ],[-0.96081173  0.36384717 -1.16757286]
0.5273111000000021,[ 0.78069431  0.23440272 -1.12894201],[-0.96085691  0.36381263 -1.16764569]
0.5352196000000013,[ 0.78076553  0.23423526 -1.12881625],[-0.96091843  0.36378303 -1.16770947]
0.5432912999999999,[ 0.78082579  0.23403645 -1.12868428],[-0.96098369  0.36377037 -1.16777968]
0.5509435000000025,[ 0.78088146  0.23381175 -1.12854838],[-0.96105146  0.36375523 -1.16785491]
0.5592933000000002,[ 0.78093028  0.23353282 -1.12838924],[-0.96112972  0.36373553 -1.16791511]
0.567548900000002,[ 0.78098178  0.23322056 -1.12821853],[-0.9612174   0.36372837 -1.16796613]
0.5760363999999996,[ 0.78103215  0.23287728 -1.12803924],[-0.96131492  0.3637259  -1.16802835]
0.5843167999999999,[ 0.78107607  0.23252229 -1.12787116],[-0.96141309  0.36373365 -1.16808712]
0.5925846000000021,[ 0.78108454  0.23214155 -1.12768245],[-0.96151501  0.36375248 -1.1681447 ]
0.6012132000000001,[ 0.78107947  0.23175986 -1.12748873],[-0.9616276   0.36377692 -1.168208  ]
0.6092539000000023,[ 0.78104877  0.23134537 -1.127285  ],[-0.96176147  0.36382106 -1.16826808]
0.618209199999999,[ 0.78102273  0.23088624 -1.1270715 ],[-0.96188599  0.36387154 -1.16834188]
0.626768000000002,[ 0.78099906  0.2303703  -1.12684977],[-0.9620142   0.36391777 -1.16841567]
0.6352571000000005,[ 0.78097838  0.22981668 -1.12661541],[-0.962143    0.36395037 -1.16849124]
0.6439686000000009,[ 0.78095084  0.22926274 -1.12638307],[-0.96230477  0.36398709 -1.16854048]
0.6523959000000019,[ 0.78090602  0.22867732 -1.12616313],[-0.96246427  0.36402437 -1.16860437]
0.6634074000000005,[ 0.78085238  0.2277507  -1.1258384 ],[-0.96270984  0.36408338 -1.16869164]
0.6718267000000004,[ 0.78081852  0.22711708 -1.12563479],[-0.96288365  0.36410967 -1.16874194]
0.6804401999999996,[ 0.780761    0.22649683 -1.12545109],[-0.96304911  0.36412174 -1.16879582]
0.6885480000000008,[ 0.78069574  0.22584191 -1.12523162],[-0.9632405   0.3641459  -1.16883874]
0.696715300000001,[ 0.78063291  0.22518285 -1.1250428 ],[-0.96343899  0.36418679 -1.16889465]
0.705230499999999,[ 0.78059304  0.22450766 -1.12485754],[-0.9636454   0.36422193 -1.16893244]
0.713519999999999,[ 0.78047705  0.22371563 -1.12468302],[-0.96385193  0.36428556 -1.16896081]
0.7222718000000015,[ 0.78046429  0.22304548 -1.12446427],[-0.9640578   0.36434832 -1.16899097]
0.7300319000000002,[ 0.78036398  0.22237001 -1.12432623],[-0.96425235  0.36443216 -1.169029  ]
0.7387110000000021,[ 0.7802887   0.22166328 -1.12414777],[-0.96443981  0.36451858 -1.1690551 ]
0.7474543000000011,[ 0.78010637  0.22084448 -1.12397814],[-0.9646197   0.36458361 -1.16908932]
0.7551015999999997,[ 0.78009361  0.22021392 -1.1238054 ],[-0.96482277  0.36464974 -1.16912746]
0.7633302999999998,[ 0.7799902   0.21949698 -1.12366045],[-0.96501797  0.36470851 -1.16918051]
0.7722255000000011,[ 0.77980679  0.21867193 -1.12353075],[-0.96521664  0.3647778  -1.16922832]
0.7800966000000003,[ 0.77969974  0.21795468 -1.12336802],[-0.96540463  0.36485419 -1.16927004]
0.7885714000000021,[ 0.77964145  0.21728693 -1.1231755 ],[-0.96559238  0.36493051 -1.16930354]
0.7967760000000013,[ 0.77943909  0.21648836 -1.12304282],[-0.96579254  0.36501905 -1.16935098]
0.8048385000000025,[ 0.77937543  0.21580115 -1.12285626],[-0.96598178  0.36509597 -1.1693933 ]
0.8118721999999998,[ 0.77923679  0.21533264 -1.12281919],[-0.96606857  0.36513707 -1.16941941]
0.8205008000000014,[ 0.7790724   0.21458359 -1.12264872],[-0.966236    0.36521226 -1.16946805]
0.8284389000000019,[ 0.77892935  0.21382649 -1.12246346],[-0.96639508  0.36524782 -1.16950643]
0.8367532000000004,[ 0.77878046  0.21304043 -1.12226486],[-0.96654904  0.36526299 -1.16956401]
0.8452051000000012,[ 0.77862883  0.21228297 -1.12209094],[-0.96671307  0.36530092 -1.16962969]
0.8536751000000002,[ 0.77844888  0.21157025 -1.12194431],[-0.96687698  0.36531165 -1.16968822]
0.8618337999999994,[ 0.77827996  0.21086453 -1.12178314],[-0.96704185  0.3653267  -1.16972959]
0.8705144000000011,[ 0.77810204  0.21012077 -1.12161267],[-0.96720338  0.36532903 -1.16977704]
0.8785616000000012,[ 0.7779339   0.20941372 -1.12141144],[-0.96736741  0.36533865 -1.16983068]
0.8869819999999997,[ 0.7777524   0.20875192 -1.12124574],[-0.96752292  0.36534625 -1.1698817 ]
0.8951962000000009,[ 0.77759933  0.2081034  -1.12109494],[-0.96767467  0.36533317 -1.16991806]
0.9034157,[ 0.77744985  0.20742142 -1.12092173],[-0.96781909  0.36531126 -1.16996145]
0.9115169999999999,[ 0.77728379  0.20676789 -1.12076807],[-0.96796745  0.36526516 -1.17000163]
0.918458600000001,[ 0.77711946  0.20617977 -1.12063587],[-0.96811485  0.36523613 -1.17004657]
0.9266573000000022,[ 0.77693915  0.20560618 -1.12051368],[-0.96826053  0.36520195 -1.1700871 ]
0.9346859999999992,[ 0.77676654  0.20500226 -1.12037933],[-0.96839756  0.36515352 -1.17011499]
0.9429657999999996,[ 0.77661186  0.20443283 -1.1202215 ],[-0.96854001  0.36508137 -1.17014444]
0.9511986000000014,[ 0.77644646  0.20388947 -1.12008345],[-0.96868145  0.36500025 -1.17018008]
0.9593702000000022,[ 0.77626747  0.20333843 -1.1199193 ],[-0.96882069  0.36492899 -1.17022884]
0.9676346000000002,[ 0.77611601  0.20277278 -1.1197629 ],[-0.96893686  0.36482766 -1.17028213]
0.9767584000000014,[ 0.77596694  0.20222415 -1.1196059 ],[-0.96904922  0.36472049 -1.17033088]
0.9844638000000003,[ 0.77578461  0.20171002 -1.11944139],[-0.96917456  0.36461109 -1.17038846]
0.992491900000001,[ 0.77561212  0.20122252 -1.11927629],[-0.96930629  0.36451271 -1.17044926]
0.9997690000000006,[ 0.77551937  0.20096371 -1.11919034],[-0.96937412  0.36445743 -1.17047966]
1.0090402000000012,[ 0.775235    0.20021784 -1.11892509],[-0.96957314  0.36423245 -1.17056286]
1.0178305000000023,[ 0.77504414  0.19973557 -1.11874223],[-0.96969724  0.36406919 -1.17061734]
1.0267572999999999,[ 0.7748909   0.19931813 -1.11858046],[-0.96981585  0.36389536 -1.17068982]
1.0350828000000014,[ 0.77475321  0.1988939  -1.1184088 ],[-0.96991575  0.36369991 -1.17074883]
1.0431820000000016,[ 0.77460974  0.1984482  -1.11823642],[-0.97001702  0.36351568 -1.17082191]
1.0508668000000014,[ 0.77446425  0.19801523 -1.11805308],[-0.97012472  0.36332688 -1.17088652]
1.059152000000001,[ 0.77432179  0.19763353 -1.11787987],[-0.97021592  0.36312011 -1.17096698]
1.0675296000000003,[ 0.77417219  0.19727071 -1.1177032 ],[-0.97031885  0.36292031 -1.17104793]
1.0754365000000021,[ 0.77402943  0.19690077 -1.11751902],[-0.9704082   0.36269665 -1.1711297 ]
1.0839607000000022,[ 0.77388686  0.19655898 -1.11732531],[-0.97048068  0.36245096 -1.17120814]
1.0921883000000001,[ 0.77375358  0.19623464 -1.11713266],[-0.97054631  0.36218911 -1.17127407]
1.1006915,[ 0.77364582  0.19596188 -1.11697066],[-0.97059774  0.36193633 -1.17134213]
1.107828099999999,[ 0.77358818  0.19582671 -1.11689484],[-0.97062939  0.36182904 -1.17137265]
1.1157792000000022,[ 0.77349466  0.19558731 -1.11673474],[-0.97069085  0.36161631 -1.17145443]
1.1239978000000015,[ 0.77342379  0.19539189 -1.11659801],[-0.97076422  0.36142626 -1.17153215]
1.1321372000000025,[ 0.77337891  0.19524463 -1.11649001],[-0.9708401   0.36123359 -1.17160833]
1.140315600000001,[ 0.77335393  0.1951104  -1.11638844],[-0.97090578  0.36106023 -1.17169321]
1.1487611999999991,[ 0.77335715  0.19501862 -1.11629486],[-0.97097284  0.36091205 -1.17176235]
1.1566569999999992,[ 0.77337551  0.19495046 -1.11623812],[-0.9710201   0.36076605 -1.17183805]
1.1641101999999997,[ 0.77343351  0.19491857 -1.11619902],[-0.97106618  0.36062571 -1.17191005]
1.1727293000000003,[ 0.77349949  0.19494462 -1.11618567],[-0.97110879  0.3605192  -1.17197871]
1.1810052000000013,[ 0.77358168  0.19500294 -1.11620033],[-0.97113985  0.36044893 -1.17206287]
1.1898924000000015,[ 0.77365553  0.19511625 -1.11622429],[-0.97116625  0.36040527 -1.17214024]
1.1974324000000003,[ 0.77375692  0.19527821 -1.11627805],[-0.97117823  0.36038297 -1.17221594]
1.2053180999999995,[ 0.7738598   0.19546859 -1.11632478],[-0.97117388  0.36039442 -1.17229521]
1.212174400000002,[ 0.77390873  0.19556041 -1.11634886],[-0.97117096  0.36039543 -1.1723386 ]
1.2219045000000008,[ 0.77405679  0.19587608 -1.116418  ],[-0.97115856  0.36047509 -1.17245686]
1.2284728000000023,[ 0.77412117  0.19600253 -1.11644816],[-0.97114426  0.36050051 -1.1724962 ]
1.2373815000000015,[ 0.77424163  0.19627893 -1.11651242],[-0.97112638  0.36058027 -1.17256641]
1.2452187000000023,[ 0.77436674  0.19661352 -1.11658525],[-0.97110879  0.36065981 -1.17263007]
1.2550303000000014,[ 0.77458709  0.19720002 -1.1167444 ],[-0.97107923  0.36084267 -1.17272377]
1.2617413000000006,[ 0.77466929  0.1974223  -1.11681271],[-0.97107422  0.36092001 -1.17275143]
1.2716817999999996,[ 0.77490407  0.19812037 -1.11699629],[-0.97102249  0.36110732 -1.17282581]
1.2803083999999991,[ 0.77505934  0.19863214 -1.11709666],[-0.97100383  0.36124694 -1.17286634]
1.2885160000000013,[ 0.77522928  0.19918273 -1.11720872],[-0.97097498  0.361402   -1.17291152]
1.2974661000000012,[ 0.77539772  0.19979699 -1.11737251],[-0.97094762  0.36156431 -1.17296362]
1.3052101,[ 0.77557778  0.20047194 -1.11753583],[-0.97091395  0.36174431 -1.17302024]
1.3135949999999994,[ 0.77577585  0.20120019 -1.11768913],[-0.97087908  0.36191526 -1.17305255]
1.3206333000000008,[ 0.77585804  0.20158093 -1.11777079],[-0.97086477  0.36201173 -1.17307782]
1.3303642999999994,[ 0.77616113  0.20279007 -1.11805797],[-0.9708373   0.36231217 -1.17313623]
1.3386570000000013,[ 0.77637196  0.2036638  -1.11823905],[-0.97081041  0.36250702 -1.17318392]
1.3465694,[ 0.77655673  0.20457117 -1.1184361 ],[-0.97079515  0.36269587 -1.17322445]
1.3537642000000005,[ 0.77665633  0.20500661 -1.11852098],[-0.97078139  0.36276361 -1.17324555]
1.363447100000002,[ 0.77697527  0.2064278  -1.11878538],[-0.97075444  0.3630217  -1.1733067 ]
1.3725690000000021,[ 0.77717817  0.20743121 -1.11899531],[-0.9707346   0.36321789 -1.17335355]
1.3800507000000017,[ 0.77736259  0.20845632 -1.1191864 ],[-0.97070962  0.36340615 -1.17341208]
1.3900031000000013,[ 0.77753806  0.20949151 -1.11935341],[-0.97068077  0.36358133 -1.17347002]
1.3976457000000018,[ 0.77774674  0.21056053 -1.11954999],[-0.97063833  0.36374754 -1.17353415]
1.4055624000000009,[ 0.77792555  0.21164176 -1.1197499 ],[-0.97059184  0.36391652 -1.17360234]
1.4133069999999996,[ 0.77812767  0.21272908 -1.11996305],[-0.97053701  0.36409745 -1.17368126]
1.4224802000000025,[ 0.77832866  0.21384512 -1.12012148],[-0.9704743   0.36425585 -1.17376387]
1.4299429000000003,[ 0.77851903  0.21495685 -1.12033296],[-0.97040725  0.36439717 -1.17384505]
1.4390640999999995,[ 0.77876168  0.21606317 -1.1205138 ],[-0.97034627  0.36454362 -1.17392874]
1.4467338000000005,[ 0.77891982  0.21719365 -1.12071407],[-0.97028887  0.36469734 -1.17402256]
1.4551212000000007,[ 0.77909988  0.21832523 -1.12088609],[-0.97022343  0.36484179 -1.17412496]
1.4634813000000015,[ 0.7792998   0.21944265 -1.12107265],[-0.97015661  0.36497453 -1.17422974]
1.4717076999999996,[ 0.77950275  0.22055584 -1.12126946],[-0.97008353  0.36508644 -1.17433584]
1.4797447000000012,[ 0.77971947  0.22163041 -1.12142968],[-0.97000712  0.36521801 -1.17444551]
1.4870307000000018,[ 0.77983147  0.22216709 -1.12152874],[-0.96997094  0.36527821 -1.17449534]
1.4953789000000022,[ 0.78005064  0.22325346 -1.1216917 ],[-0.96990252  0.36542162 -1.17461514]
1.5035336000000008,[ 0.78026038  0.22437665 -1.12179816],[-0.96977776  0.3654941  -1.17478228]
1.5116055999999993,[ 0.78042388  0.22541492 -1.12203825],[-0.96970177  0.36561805 -1.17490768]
1.5197295000000004,[ 0.78062141  0.22645806 -1.1221776 ],[-0.96962297  0.36576197 -1.17502379]
1.528401500000001,[ 0.78079909  0.22753906 -1.12237191],[-0.96954799  0.36589679 -1.17514479]
1.536799300000002,[ 0.78101254  0.22856487 -1.12251675],[-0.96947217  0.36605138 -1.17527449]
1.5453666000000013,[ 0.78127009  0.22961724 -1.12262142],[-0.96939492  0.36621886 -1.17539287]
1.5536651,[ 0.78141749  0.23061997 -1.12284064],[-0.96931332  0.36637956 -1.1755147 ]
1.5619316000000012,[ 0.78166491  0.23162365 -1.12293661],[-0.96923202  0.36654684 -1.17564201]
1.5700931000000011,[ 0.78188962  0.23258172 -1.12307632],[-0.96915781  0.3667222  -1.175776  ]
1.5779324000000017,[ 0.78206724  0.23349923 -1.1232928 ],[-0.96908045  0.36691868 -1.17591548]
1.5858604000000014,[ 0.78228188  0.23445368 -1.12337375],[-0.96900362  0.36712098 -1.1760534 ]
1.5941761999999997,[ 0.78246796  0.23532778 -1.12356901],[-0.96892798  0.36734575 -1.17618227]
1.6017009000000009,[ 0.78273427  0.23621604 -1.12361157],[-0.96884733  0.36756295 -1.17632234]
1.6098893000000025,[ 0.78293395  0.23703098 -1.12373435],[-0.96878117  0.36779919 -1.17644763]
1.6176473999999992,[ 0.78315449  0.23789376 -1.12390721],[-0.9687025   0.36802858 -1.17657936]
1.6263115,[ 0.78337944  0.23868015 -1.12400758],[-0.96863425  0.36827999 -1.17670763]
1.6341828000000014,[ 0.78356963  0.23937602 -1.12419057],[-0.96857429  0.36853611 -1.17682385]
1.6425382000000006,[ 0.78384292  0.24016386 -1.12426269],[-0.9685204   0.36878869 -1.17694378]
1.6519925999999998,[ 0.78407335  0.24087057 -1.12437165],[-0.96846557  0.36904478 -1.17705727]
1.6599922000000014,[ 0.78427023  0.24147929 -1.12455249],[-0.96840787  0.36927611 -1.17715168]
1.6675454000000016,[ 0.78454447  0.24211687 -1.12461436],[-0.96835297  0.3694987  -1.17725182]
1.679454800000002,[ 0.78468853  0.24241315 -1.12466228],[-0.96832007  0.3696208  -1.17731178]
1.7010644,[ 0.78540546  0.24396601 -1.12496281],[-0.968189    0.37034571 -1.17761159]
1.7102032000000023,[ 0.78571481  0.24453294 -1.12512565],[-0.96815693  0.37068632 -1.17777336]
1.7174917,[ 0.78598255  0.24492098 -1.12512636],[-0.96813136  0.37092412 -1.17785585]
1.7264061999999996,[ 0.78619635  0.24519679 -1.12514675],[-0.96810609  0.37115571 -1.17794263]
1.7342019999999998,[ 0.78640074  0.24543324 -1.12517726],[-0.96807164  0.37135696 -1.17803824]
1.7426057000000021,[ 0.78659636  0.24559003 -1.12518203],[-0.96805656  0.37154579 -1.17812538]
1.751040800000002,[ 0.78672415  0.24566273 -1.12521315],[-0.96804398  0.37174293 -1.17821074]
1.759823100000002,[ 0.78691357  0.24574795 -1.12519062],[-0.96802527  0.37192041 -1.17828739]
1.7675505999999999,[ 0.78713149  0.245851   -1.12509358],[-0.96801072  0.37208822 -1.17835486]
1.7758465,[ 0.78726685  0.24583349 -1.12503588],[-0.96800661  0.37221727 -1.17843342]
1.7842701000000005,[ 0.78738296  0.24575809 -1.12494493],[-0.96800631  0.37236124 -1.17850101]
1.7925439999999995,[ 0.78751588  0.24564423 -1.12484658],[-0.9679988   0.37247482 -1.17856061]
1.8007428999999995,[ 0.78760767  0.24547344 -1.12472665],[-0.96799183  0.3725563  -1.17861331]
1.8088125999999995,[ 0.78769833  0.24524488 -1.12457836],[-0.96798372  0.37260735 -1.17867744]
1.8171454000000011,[ 0.78777516  0.24494341 -1.12438142],[-0.96798229  0.37264642 -1.17872417]
1.8245111000000023,[ 0.78779036  0.24475791 -1.12425697],[-0.9679867   0.37266174 -1.178743  ]
1.8324028000000006,[ 0.7878499   0.244396   -1.12401915],[-0.96799117  0.37269375 -1.1787715 ]
1.8405799999999992,[ 0.78782421  0.24393544 -1.12381792],[-0.96800536  0.37267038 -1.17879486]
1.8483684000000018,[ 0.78784287  0.24350949 -1.12356222],[-0.96801507  0.37262017 -1.1787982 ]
1.8557674000000013,[ 0.78787172  0.24304491 -1.12320721],[-0.96803671  0.37254712 -1.1788137 ]
1.8634942000000017,[ 0.7878356   0.24245034 -1.1228292 ],[-0.96807313  0.37246737 -1.17880476]
1.8720013000000009,[ 0.78781211  0.24187087 -1.12248063],[-0.96810108  0.37237749 -1.17879772]
1.880515299999999,[ 0.78776813  0.24126852 -1.12213349],[-0.96813494  0.37224025 -1.17878556]
1.8884638000000002,[ 0.78761804  0.24047527 -1.1217339 ],[-0.96818238  0.37208423 -1.17876077]
1.8967218999999993,[ 0.78755409  0.23978943 -1.12117982],[-0.96822596  0.37195194 -1.17874336]
1.9047427,[ 0.78742802  0.23903    -1.12065029],[-0.96827662  0.37180823 -1.17871499]
1.9120430000000006,[ 0.78728473  0.23856761 -1.1203928 ],[-0.96830857  0.37172666 -1.17869425]
1.9204599000000009,[ 0.78715903  0.23772958 -1.11974168],[-0.96837008  0.37153003 -1.17866433]
1.9286609000000006,[ 0.7868821   0.23665185 -1.11907196],[-0.96842319  0.3713302  -1.17862236]
1.9371194000000003,[ 0.78663325  0.23572133 -1.11821806],[-0.96848756  0.37114626 -1.17859209]
1.946874000000001,[ 0.78607005  0.23393592 -1.11685896],[-0.96855891  0.37088341 -1.17853439]
1.9559473999999994,[ 0.78557569  0.23260286 -1.11586082],[-0.96860611  0.37069866 -1.17850268]
1.963408600000001,[ 0.78514791  0.23131658 -1.1147548 ],[-0.96864992  0.37052548 -1.17847335]
1.9720483000000009,[ 0.78461796  0.22994536 -1.11364794],[-0.96868187  0.37035736 -1.17846549]
1.9800035999999999,[ 0.78407997  0.22852279 -1.11255014],[-0.96872336  0.37018529 -1.17846906]
1.988461700000002,[ 0.78353816  0.22706167 -1.11144519],[-0.96874171  0.37001696 -1.17847407]
1.9967600999999995,[ 0.78298879  0.22559534 -1.11038649],[-0.96875805  0.36985892 -1.17846811]
2.004980200000002,[ 0.78246683  0.22410993 -1.10931396],[-0.96877044  0.36973301 -1.17846143]
2.011830400000001,[ 0.7821877   0.22336161 -1.10881257],[-0.96877384  0.36967823 -1.17845392]
2.0195504,[ 0.78160709  0.2218688  -1.10777879],[-0.96878582  0.36956978 -1.17845583]
2.028099700000002,[ 0.78105849  0.22030924 -1.10680795],[-0.96877784  0.36944613 -1.17843056]
2.036624800000002,[ 0.78047138  0.21878096 -1.10589385],[-0.9687717   0.36932355 -1.17841828]
2.0448792000000005,[ 0.7799021   0.21721628 -1.10500753],[-0.96876788  0.36919984 -1.17840528]
2.0535399000000005,[ 0.77934933  0.21568519 -1.10417783],[-0.96876961  0.36908233 -1.17839813]
2.0615814000000015,[ 0.77877915  0.21411352 -1.10345244],[-0.96877152  0.36896241 -1.17838335]
2.0699798000000023,[ 0.77836001  0.21269676 -1.10266972],[-0.96875679  0.36883289 -1.17835021]
2.0785350000000022,[ 0.77786654  0.21117784 -1.10206854],[-0.96877593  0.36871621 -1.17830348]
2.0865294,[ 0.77744293  0.20987636 -1.10147917],[-0.96878755  0.36861604 -1.17826366]
2.093612199999999,[ 0.77716565  0.20859118 -1.10089612],[-0.96881109  0.36849999 -1.17823911]
2.1009753000000018,[ 0.77669787  0.20727976 -1.10043824],[-0.96883774  0.3683908  -1.17819822]
2.1091237000000014,[ 0.77635318  0.20606524 -1.10003853],[-0.96886259  0.36827749 -1.17815828]
2.1172223000000017,[ 0.77606291  0.20492616 -1.09967268],[-0.96887493  0.36819574 -1.17811108]
2.124401800000001,[ 0.77591431  0.20434253 -1.09947109],[-0.96887898  0.36815596 -1.1780839 ]
2.132674699999999,[ 0.77563924  0.20323837 -1.0991559 ],[-0.96888858  0.36806211 -1.17802548]
2.141202,[ 0.77538139  0.20218077 -1.09886169],[-0.96889818  0.36796561 -1.17797458]
2.149469500000002,[ 0.77513987  0.20120831 -1.09863126],[-0.9689098   0.36788091 -1.17791307]
2.1577768000000006,[ 0.77491897  0.20026454 -1.09844255],[-0.9689312   0.36780208 -1.17785704]
2.1660536000000015,[ 0.77469045  0.19936001 -1.0982579 ],[-0.96896029  0.36774254 -1.17781806]
2.1746347999999998,[ 0.77449274  0.19850582 -1.0981077 ],[-0.96897089  0.36768055 -1.17775762]
2.1827574,[ 0.77431118  0.19767506 -1.09794796],[-0.9689818   0.36763513 -1.17768621]
2.1910431000000017,[ 0.77414346  0.19689339 -1.09779954],[-0.96898919  0.36757484 -1.17761636]
2.1993033000000004,[ 0.77398092  0.19613934 -1.09769332],[-0.96899915  0.36751798 -1.17755139]
2.2078716000000007,[ 0.77380884  0.19542758 -1.09756899],[-0.96901351  0.36744329 -1.17746949]
2.217145300000002,[ 0.77354544  0.19446503 -1.09742439],[-0.96902472  0.36737874 -1.17734265]
2.2243533000000006,[ 0.77353185  0.19422919 -1.09733438],[-0.96903288  0.36738014 -1.17726099]
2.2324149999999996,[ 0.77330643  0.19348812 -1.09728789],[-0.96904504  0.36733389 -1.17717373]
2.2400237999999995,[ 0.77315301  0.19287544 -1.09717667],[-0.9690724   0.36730841 -1.17710602]
2.2476663000000023,[ 0.77298135  0.19230412 -1.09709728],[-0.96908712  0.3672865  -1.17703056]
2.2552406000000005,[ 0.77291012  0.19184624 -1.09697211],[-0.96909678  0.36726493 -1.17695785]
2.263506200000002,[ 0.77266419  0.19117357 -1.09693933],[-0.96912283  0.36726591 -1.17688382]
2.271908700000001,[ 0.77249897  0.1905679  -1.09682345],[-0.96916151  0.36726272 -1.17684913]
2.2800112000000006,[ 0.77232373  0.18999863 -1.09669507],[-0.96919197  0.36731619 -1.17676389]
2.2883783000000015,[ 0.77212685  0.18944937 -1.09656596],[-0.96922261  0.36735493 -1.17668426]
2.2962819000000003,[ 0.77194494  0.188934   -1.0964582 ],[-0.96925831  0.36736122 -1.17658865]
2.303584100000002,[ 0.77186787  0.18866572 -1.09640825],[-0.96927541  0.36736465 -1.17655385]
2.311709799999999,[ 0.77171564  0.18815531 -1.09630489],[-0.96931428  0.36738756 -1.17647922]
2.319802599999999,[ 0.77162266  0.18772398 -1.09612095],[-0.96935004  0.36741215 -1.17640483]
2.3280977000000007,[ 0.77142239  0.18718725 -1.0960983 ],[-0.9693799   0.36745375 -1.176314  ]
2.335257200000001,[ 0.77130693  0.18674007 -1.09601736],[-0.96941108  0.36747488 -1.17623508]
2.3434398000000023,[ 0.77115786  0.18622279 -1.09587479],[-0.96944791  0.36750305 -1.17615199]
2.3511579000000005,[ 0.77102298  0.18576221 -1.09579349],[-0.96947628  0.36753404 -1.17607641]
2.3598117999999992,[ 0.77089459  0.1853359  -1.09572148],[-0.9695105   0.36757147 -1.17600918]
2.3675821,[ 0.77079701  0.18491986 -1.0956521 ],[-0.96952724  0.36758104 -1.17594016]
2.376645500000002,[ 0.77069646  0.18448989 -1.09559214],[-0.96955925  0.36755729 -1.17587554]
2.384275500000001,[ 0.77059466  0.1840297  -1.09551215],[-0.96957535  0.36753759 -1.17581046]
2.3931547,[ 0.77049601  0.18356261 -1.09541452],[-0.96959674  0.3675265  -1.17574191]
2.4015450000000023,[ 0.77040762  0.1831128  -1.09531045],[-0.96959794  0.36749855 -1.17568481]
2.4104458000000015,[ 0.7703355   0.18269616 -1.09523594],[-0.96960497  0.36744371 -1.17561519]
2.4190077999999993,[ 0.77027863  0.18228661 -1.09517527],[-0.96960682  0.36738962 -1.17556453]
2.4271154000000017,[ 0.77023429  0.18186277 -1.0951097 ],[-0.9696148   0.36734477 -1.17551243]
2.4351287,[ 0.77020556  0.18139489 -1.09503853],[-0.96960694  0.36728838 -1.17546737]
2.4434333000000024,[ 0.77018249  0.18093252 -1.09497595],[-0.96959871  0.36721408 -1.17541587]
2.4528743000000013,[ 0.7701658   0.18049237 -1.09494388],[-0.96957844  0.36712143 -1.17536759]
2.4603056999999993,[ 0.77015376  0.18008035 -1.09490156],[-0.96956211  0.36705256 -1.17532158]
2.467411000000002,[ 0.7701335   0.17972489 -1.09487283],[-0.96955943  0.36699751 -1.17528355]
2.4760606000000003,[ 0.77012569  0.17934987 -1.0948447 ],[-0.96956271  0.36692092 -1.17524433]
2.4840845000000016,[ 0.77011538  0.17893718 -1.09479284],[-0.969558    0.36682332 -1.17519796]
2.492713300000002,[ 0.77011102  0.17856656 -1.09475744],[-0.96954364  0.3667458  -1.17514527]
2.5007389000000018,[ 0.77014196  0.17819963 -1.09473264],[-0.96953535  0.36668766 -1.17510176]
2.5087629000000007,[ 0.77016622  0.17783558 -1.0947243 ],[-0.9695217   0.36659414 -1.17506146]
2.5156051999999995,[ 0.77018589  0.17766227 -1.09472477],[-0.9695152   0.36655429 -1.17504621]
2.5228295000000003,[ 0.77021581  0.177332   -1.0947237 ],[-0.96949893  0.36646295 -1.17500103]
2.5301091000000007,[ 0.77024752  0.17704444 -1.09471714],[-0.96949124  0.36641204 -1.17495823]
2.5370063000000016,[ 0.77026814  0.17691751 -1.09471607],[-0.96948469  0.36640269 -1.17493021]
2.5450006000000016,[ 0.77030224  0.17669028 -1.09472263],[-0.96946949  0.36640665 -1.17483997]
2.553177399999999,[ 0.77033591  0.17645872 -1.09472835],[-0.96944642  0.36637515 -1.17477858]
2.5613480000000024,[ 0.77037299  0.17624989 -1.09473419],[-0.9694134   0.36634049 -1.17470849]
2.5682788000000016,[ 0.77042162  0.17606306 -1.09474337],[-0.96937525  0.36630407 -1.17465866]
2.576657700000002,[ 0.77048296  0.17587663 -1.09474754],[-0.96935183  0.36627069 -1.17460144]
2.5850025000000016,[ 0.77053249  0.17571054 -1.09474564],[-0.96932149  0.36624119 -1.17455792]
2.593297800000002,[ 0.77058476  0.17556554 -1.09475172],[-0.96930075  0.36620292 -1.17449844]
2.601149200000002,[ 0.77065492  0.1754618  -1.09477186],[-0.96927661  0.36618116 -1.17443681]
2.609890100000001,[ 0.77070427  0.17537481 -1.09478307],[-0.96925759  0.36616275 -1.17438531]
2.618454700000001,[ 0.77076435  0.17532374 -1.09478974],[-0.96924245  0.36611468 -1.17437446]
2.6259262999999997,[ 0.77082437  0.17525126 -1.09477806],[-0.96923578  0.36608168 -1.1743145 ]
2.6344396000000003,[ 0.77088279  0.17519891 -1.09475648],[-0.96921861  0.36603796 -1.17425156]
2.6434469000000007,[ 0.77094293  0.17515427 -1.09472418],[-0.96920508  0.36600024 -1.17418408]
2.6522396000000015,[ 0.77099276  0.17513508 -1.09467959],[-0.96918792  0.36596003 -1.17412198]
2.662064300000001,[ 0.77103239  0.1751546  -1.0946511 ],[-0.96918279  0.36592016 -1.1740607 ]
2.6699386999999994,[ 0.77106208  0.17518561 -1.09461474],[-0.96918273  0.36587951 -1.17400706]
2.6783903000000002,[ 0.77108669  0.1752346  -1.09457147],[-0.96916872  0.36585015 -1.1739372 ]
2.6864465000000024,[ 0.77110803  0.17530039 -1.0945189 ],[-0.96915549  0.36582577 -1.17384946]
2.6945639999999997,[ 0.77112424  0.17535524 -1.09446394],[-0.96912491  0.36579466 -1.17377722]
2.7018275000000003,[ 0.77114892  0.17540269 -1.09439623],[-0.96908474  0.36574197 -1.17371082]
2.7102925000000013,[ 0.77117431  0.17546275 -1.09433138],[-0.96903127  0.36567178 -1.17363203]
2.718210299999999,[ 0.77117956  0.17555165 -1.09427381],[-0.96898836  0.36558324 -1.17357409]
2.727364099999999,[ 0.77118343  0.17565839 -1.09421206],[-0.96895045  0.36548838 -1.17352259]
2.7349490000000003,[ 0.77117819  0.17578343 -1.09415233],[-0.96891373  0.36540836 -1.1734817 ]
2.7432231000000016,[ 0.77117956  0.17593384 -1.0940845 ],[-0.96887219  0.36529663 -1.1734575 ]
2.750791200000002,[ 0.7712009   0.17607751 -1.09400809],[-0.96882278  0.36519518 -1.17340612]
2.7590840000000014,[ 0.77123731  0.17621168 -1.09393632],[-0.9687494   0.36508203 -1.17335773]
2.7673900000000025,[ 0.77127254  0.17633873 -1.09387004],[-0.96866703  0.3649891  -1.17330718]
2.775826200000001,[ 0.77130932  0.17648341 -1.09379232],[-0.9685697   0.36492535 -1.17321241]
2.7842470000000006,[ 0.77134311  0.17665628 -1.09373629],[-0.96848196  0.36485064 -1.1731621 ]
2.793026600000001,[ 0.77136993  0.17683175 -1.09367955],[-0.96837986  0.36478356 -1.17307079]
2.8011254,[ 0.7713998   0.17703025 -1.09361923],[-0.96828842  0.36471614 -1.17301524]
2.8097002999999994,[ 0.77141505  0.17722476 -1.09354854],[-0.96821868  0.36469001 -1.17296576]
2.8176903000000024,[ 0.77143961  0.17740072 -1.09347844],[-0.96812409  0.36463037 -1.17292202]
2.8257733000000016,[ 0.77147275  0.17758328 -1.09340775],[-0.96803457  0.36454204 -1.17286193]
2.8341543000000016,[ 0.77150351  0.17775381 -1.09334743],[-0.96793526  0.36447659 -1.17280555]
2.841312600000002,[ 0.77152574  0.17784706 -1.09331298],[-0.96789336  0.36445159 -1.17278087]
2.8508002999999995,[ 0.77155602  0.17812696 -1.09320903],[-0.96775734  0.36441132 -1.17268026]
2.8578726000000003,[ 0.77156597  0.17821853 -1.09317386],[-0.96770918  0.36436334 -1.17267382]
2.867480499999999,[ 0.77159542  0.17854518 -1.09309864],[-0.96758318  0.36433911 -1.17254353]
2.8761092999999995,[ 0.77163815  0.17876963 -1.09304035],[-0.96748829  0.36432809 -1.17245507]
2.8846066000000015,[ 0.77166885  0.17900848 -1.09297061],[-0.96739239  0.36435521 -1.17236805]
2.893249700000002,[ 0.77171767  0.17923266 -1.09289896],[-0.9672929   0.36434305 -1.17226696]
2.9015818000000024,[ 0.77175915  0.17944045 -1.09283113],[-0.96720535  0.36436051 -1.17216849]
2.9094320000000025,[ 0.77179265  0.17963919 -1.09276617],[-0.96711713  0.36437815 -1.17208219]
2.917504400000002,[ 0.77181274  0.17982136 -1.09269714],[-0.96703422  0.36444375 -1.17201173]
2.9259027999999994,[ 0.77184236  0.18003538 -1.09266162],[-0.96695834  0.36450514 -1.17191553]
2.9342153000000017,[ 0.77187014  0.18023872 -1.09260786],[-0.96687526  0.364568   -1.17181194]
2.9426749,[ 0.77189916  0.18043762 -1.09255302],[-0.96678829  0.36461732 -1.17173004]
2.9512371,[ 0.77194196  0.18059875 -1.09249425],[-0.96670097  0.36467364 -1.17162752]
2.959905899999999,[ 0.77202213  0.18080646 -1.09243894],[-0.96659851  0.36472103 -1.1715281 ]
2.9675741,[ 0.77214426  0.18100227 -1.09227061],[-0.96648955  0.36476406 -1.17142332]
2.976853000000002,[ 0.77217126  0.18112573 -1.09233534],[-0.96638811  0.36482573 -1.17128026]
2.984317400000002,[ 0.77224648  0.18130802 -1.09228706],[-0.96629286  0.36488345 -1.17117918]
2.9935311999999996,[ 0.77232462  0.18147632 -1.09224224],[-0.96620464  0.3649421  -1.17108881]
3.0010984,[ 0.77241498  0.18164745 -1.09219956],[-0.96612257  0.3650001  -1.17099619]
3.0091479999999997,[ 0.77253336  0.1818278  -1.09213269],[-0.96602142  0.36503011 -1.17091024]
3.018582600000002,[ 0.77265733  0.18203293 -1.0920434 ],[-0.96592128  0.3650302  -1.17086124]
3.0283756000000004,[ 0.77279401  0.18219461 -1.09195375],[-0.9658224   0.36508319 -1.17076266]
3.0385188999999997,[ 0.77312088  0.18249168 -1.09175992],[-0.96566707  0.36514822 -1.17061436]
3.047005300000002,[ 0.77319658  0.18259235 -1.09178853],[-0.96557969  0.36518356 -1.17050993]
3.054810200000002,[ 0.77336705  0.18276633 -1.09173846],[-0.96549678  0.36522233 -1.17042816]
3.0620177999999996,[ 0.773453    0.18285014 -1.09171224],[-0.96545702  0.36524263 -1.17037809]
3.071919900000001,[ 0.77374691  0.18310219 -1.09165263],[-0.96533418  0.36530134 -1.17024601]
3.081424000000002,[ 0.77394545  0.18326807 -1.09161186],[-0.96525091  0.36534622 -1.17014933]
3.0891936000000015,[ 0.77417409  0.18342917 -1.09156263],[-0.96516877  0.36538666 -1.17006016]
3.098614900000001,[ 0.77441347  0.18361047 -1.09150958],[-0.96509087  0.36541933 -1.169976  ]
3.1082625999999998,[ 0.77467316  0.18381564 -1.09149802],[-0.96502239  0.3654705  -1.16988802]
3.117590500000002,[ 0.77507794  0.18415318 -1.09145951],[-0.96491969  0.36558312 -1.16977179]
3.1262466999999994,[ 0.775406    0.18443638 -1.09132504],[-0.96486032  0.36567381 -1.16969633]
3.1342420000000004,[ 0.77563816  0.1846153  -1.09141862],[-0.96479094  0.36577076 -1.16962814]
3.142590000000002,[ 0.77596414  0.18484801 -1.09140921],[-0.9647159   0.36586142 -1.16956341]
3.1508751000000004,[ 0.77629292  0.18509007 -1.0914048 ],[-0.96467549  0.36598122 -1.16949058]
3.1595718999999995,[ 0.77668685  0.18540254 -1.09130871],[-0.9646095   0.36607775 -1.16943276]
3.1674132999999998,[ 0.77700889  0.18560703 -1.09135258],[-0.96454477  0.36617324 -1.16937113]
3.1762665000000005,[ 0.77734792  0.18587731 -1.09135342],[-0.96449566  0.36631039 -1.16931093]
3.184205800000001,[ 0.77770227  0.18619069 -1.09136784],[-0.96445262  0.36645839 -1.16925001]
3.193215800000001,[ 0.77806258  0.18648916 -1.0914011 ],[-0.96439987  0.36660182 -1.16912591]
3.201229399999999,[ 0.77847624  0.18679638 -1.09143949],[-0.96435976  0.36673519 -1.16904688]
3.2097415,[ 0.77895147  0.18713622 -1.0913862 ],[-0.96433228  0.36685055 -1.16898131]
3.217964600000002,[ 0.77933747  0.18734148 -1.09146547],[-0.96429944  0.36696711 -1.16891587]
3.226570200000001,[ 0.7797811   0.18765591 -1.09148717],[-0.96426308  0.36706847 -1.16886175]
3.2349268,[ 0.78023213  0.1879745  -1.09151638],[-0.9642238   0.36719286 -1.16879046]
3.243288800000002,[ 0.78067577  0.18832375 -1.09152412],[-0.96417654  0.36732703 -1.16871643]
3.251862899999999,[ 0.78114069  0.18866287 -1.09154403],[-0.96413088  0.36747074 -1.16865158]
3.2598239000000007,[ 0.78162366  0.18902002 -1.09160376],[-0.96407509  0.36761957 -1.16861153]
3.2688650999999993,[ 0.78213388  0.18938653 -1.09165514],[-0.96400136  0.36773884 -1.16857493]
3.2771863000000003,[ 0.78266424  0.18975453 -1.09167969],[-0.96392202  0.36787125 -1.16854501]
3.284915099999999,[ 0.78320926  0.19018131 -1.09175575],[-0.96382242  0.36798087 -1.16853237]
3.293025700000001,[ 0.78378087  0.19060315 -1.09175766],[-0.96372348  0.36812004 -1.16853392]
3.301166200000001,[ 0.78433996  0.19105093 -1.09182858],[-0.96360934  0.36826316 -1.16854608]
3.3148128999999997,[ 0.78490907  0.19148037 -1.09188509],[-0.9634639   0.36840031 -1.16855574]
3.326391100000002,[ 0.78596699  0.19227196 -1.09200883],[-0.96313816  0.36871615 -1.16861045]
3.3394803000000017,[ 0.78686541  0.19292974 -1.09215391],[-0.96284533  0.36890319 -1.16871011]
3.3495878999999995,[ 0.7874074   0.19322914 -1.0922941 ],[-0.96263576  0.36901635 -1.1687963 ]
3.3589844000000006,[ 0.78840226  0.19384927 -1.09236658],[-0.96228939  0.36919737 -1.16899049]
3.367597,[ 0.78902411  0.19424434 -1.09244239],[-0.96201664  0.36934358 -1.16913199]
3.3766838999999997,[ 0.78962725  0.19463144 -1.09253764],[-0.96170002  0.36948803 -1.16930819]
3.3842333999999994,[ 0.79025495  0.19500531 -1.09260607],[-0.96136737  0.36964929 -1.16945612]
3.3932351999999995,[ 0.79086393  0.19535607 -1.09266257],[-0.9610272   0.36975864 -1.16965044]
3.401154000000002,[ 0.79136139  0.19559658 -1.0927062 ],[-0.96068358  0.36986023 -1.16989195]
3.4097699000000006,[ 0.79206479  0.19597639 -1.09272623],[-0.96024501  0.37000901 -1.17011225]
3.4185055999999996,[ 0.79266316  0.19623694 -1.09273958],[-0.95982504  0.37014255 -1.17034674]
3.4280697000000018,[ 0.79325885  0.19649871 -1.09272313],[-0.9593851   0.37026182 -1.17058516]
3.4372334,[ 0.793809    0.19673228 -1.09268701],[-0.95895368  0.37040544 -1.1708535 ]
3.4452076,[ 0.79437792  0.19695807 -1.09263015],[-0.95850641  0.3705937  -1.1711179 ]
3.4552031999999997,[ 0.79518116  0.19721146 -1.09251678],[-0.95783323  0.37085345 -1.17153704]
3.4638556000000023,[ 0.795726    0.19731586 -1.09240258],[-0.95740092  0.37103075 -1.1718154 ]
3.471892199999999,[ 0.79618621  0.19730535 -1.09224498],[-0.95693874  0.37124044 -1.17210579]
3.4815013000000015,[ 0.79683131  0.19747613 -1.09212089],[-0.95647478  0.37149    -1.17240393]
3.489103700000001,[ 0.79736924  0.19755997 -1.09197402],[-0.95603174  0.37173158 -1.17271125]
3.498181500000001,[ 0.79789269  0.19762352 -1.09180367],[-0.95556748  0.37202922 -1.17304718]
3.506036999999999,[ 0.79842979  0.19767193 -1.0916456 ],[-0.95510042  0.37233067 -1.17340505]
3.5144225999999996,[ 0.79895926  0.1977011  -1.09145546],[-0.95461333  0.372666   -1.17375219]
3.5219948000000016,[ 0.79938853  0.19760725 -1.09125471],[-0.95411992  0.37299904 -1.17409348]
3.5306393000000007,[ 0.80003196  0.19767734 -1.09110379],[-0.95363873  0.37336734 -1.17445719]
3.538913100000002,[ 0.80056453  0.19764633 -1.09090233],[-0.95314938  0.37378111 -1.17482471]
3.5473743000000013,[ 0.80108631  0.19761346 -1.0906831 ],[-0.95265371  0.37418815 -1.17521632]
3.555991800000001,[ 0.80159992  0.19758077 -1.09049642],[-0.95216709  0.37459517 -1.17563677]
3.5641178999999994,[ 0.80211395  0.19752693 -1.09030294],[-0.95166135  0.37507403 -1.17604268]
3.5719612000000005,[ 0.80265933  0.19748025 -1.09012198],[-0.95118922  0.37555483 -1.17649651]
3.5800198000000023,[ 0.80320507  0.19739905 -1.08995688],[-0.9507224   0.37604478 -1.17692757]
3.588491600000001,[ 0.80375499  0.19725856 -1.08974445],[-0.95020169  0.37655315 -1.17734361]
3.596657799999999,[ 0.80426461  0.1970645  -1.08952427],[-0.94971275  0.37702054 -1.1778183 ]
3.605675699999999,[ 0.80478495  0.19689661 -1.08933413],[-0.94922721  0.37750763 -1.17829549]
3.6134930999999995,[ 0.80532831  0.19673078 -1.08913589],[-0.94872904  0.37801418 -1.17875409]
3.6222487,[ 0.80581397  0.19642748 -1.08888352],[-0.94826031  0.37846437 -1.17930138]
3.6302498000000014,[ 0.80633873  0.19621134 -1.08872688],[-0.94776505  0.3789266  -1.1797626 ]
3.638421900000001,[ 0.80689692  0.19595431 -1.08855474],[-0.94725037  0.37939849 -1.18024135]
3.6470401000000017,[ 0.80741727  0.19564423 -1.08834624],[-0.94670212  0.37988228 -1.18071294]
3.654637300000001,[ 0.80767882  0.19548157 -1.0882411 ],[-0.94643724  0.38010085 -1.18096054]
3.663874200000002,[ 0.80850577  0.19498843 -1.0879457 ],[-0.94567007  0.38072848 -1.18174303]
3.6718873999999992,[ 0.80898178  0.19455101 -1.08773923],[-0.94515526  0.38115937 -1.18225324]
3.6818376000000015,[ 0.80949092  0.19414112 -1.08758974],[-0.94467205  0.38156319 -1.18276036]
3.6894159,[ 0.80998522  0.1937733  -1.08741486],[-0.94421268  0.38195106 -1.18328822]
3.6997943000000006,[ 0.81041324  0.19329439 -1.08722818],[-0.94377536  0.38235515 -1.18380022]
3.7081559000000013,[ 0.81088597  0.19293246 -1.08711159],[-0.94335806  0.38272482 -1.18432689]
3.7184042999999996,[ 0.81146598  0.19217511 -1.08688486],[-0.94279099  0.38325673 -1.1850884 ]
3.7275325000000024,[ 0.81184012  0.19166574 -1.0867393 ],[-0.94242769  0.3836326  -1.18559361]
3.7353203000000015,[ 0.81222224  0.1910788  -1.08657098],[-0.94207686  0.38400581 -1.18609643]
3.744277199999999,[ 0.81257153  0.19054669 -1.08641732],[-0.94176769  0.38435122 -1.186602  ]
3.751866200000002,[ 0.81285888  0.19004045 -1.08627152],[-0.94149977  0.3847222  -1.18711627]
3.7605036,[ 0.81314218  0.18945028 -1.08611214],[-0.94125456  0.38510019 -1.18761253]
3.7681746999999994,[ 0.81341779  0.18882313 -1.08595765],[-0.94100285  0.38546276 -1.18809211]
3.7767063000000007,[ 0.81366509  0.18817854 -1.08581138],[-0.94076794  0.38581628 -1.18854344]
3.7848100000000002,[ 0.81390822  0.1875408  -1.08569419],[-0.94057256  0.38615584 -1.18900228]
3.7930255000000024,[ 0.8141318   0.1868417  -1.08549929],[-0.94039351  0.38648358 -1.18946338]
3.8017652999999996,[ 0.81435835  0.1860768  -1.08531737],[-0.94023412  0.38679391 -1.18991721]
3.8099644999999995,[ 0.81452078  0.18541425 -1.08519089],[-0.94008702  0.38709402 -1.19040048]
3.8185907000000014,[ 0.81464428  0.18463765 -1.08497739],[-0.93996257  0.38740492 -1.19081616]
3.828075600000002,[ 0.81478584  0.18405293 -1.08490372],[-0.93983495  0.38771036 -1.19125354]
3.837254699999999,[ 0.81488043  0.18333541 -1.08473623],[-0.93971443  0.38801464 -1.19167852]
3.8454277999999995,[ 0.81491506  0.18259776 -1.0845468 ],[-0.93963414  0.3883307  -1.19215667]
3.8550815000000007,[ 0.81493974  0.18164293 -1.08434463],[-0.9395088   0.38881755 -1.19286871]
3.8636081000000004,[ 0.81494337  0.18093291 -1.08415234],[-0.93942475  0.38914061 -1.19334888]
3.8719874999999995,[ 0.81492656  0.180261   -1.08400214],[-0.93934965  0.38945103 -1.19385004]
3.8807094000000006,[ 0.81489068  0.17964664 -1.08386958],[-0.93926996  0.38974351 -1.19432831]
3.888335399999999,[ 0.81481862  0.17903416 -1.08372295],[-0.93920463  0.39005625 -1.19483018]
3.896750100000002,[ 0.81472111  0.17847274 -1.08357441],[-0.93912148  0.3903473  -1.19532597]
3.905296700000001,[ 0.8146463   0.17788619 -1.08341396],[-0.93905628  0.3905932  -1.19582331]
3.914511300000001,[ 0.81455404  0.17726977 -1.08327401],[-0.93894595  0.39084426 -1.19632244]
3.9223412000000017,[ 0.81444317  0.17669345 -1.08315563],[-0.93888533  0.39104545 -1.1969384 ]
3.930567100000001,[ 0.81434673  0.17616028 -1.08305001],[-0.93877912  0.39122856 -1.19741738]
3.938776700000002,[ 0.81424648  0.17563108 -1.08295333],[-0.93863648  0.3914566  -1.19784069]
3.946788999999999,[ 0.81412208  0.1750893  -1.08285725],[-0.93852657  0.3916423  -1.198403  ]
3.9564582,[ 0.81399632  0.17453223 -1.082744  ],[-0.93845397  0.39183429 -1.19902039]
3.9662621000000016,[ 0.81389451  0.17401928 -1.08264995],[-0.93833011  0.39201954 -1.19952381]
3.9771842,[ 0.81374454  0.17326313 -1.08256197],[-0.93810254  0.39232355 -1.20010793]
3.984645199999999,[ 0.81362766  0.17275487 -1.0825237 ],[-0.93807352  0.39246699 -1.20074368]
3.9929956000000004,[ 0.81351745  0.1722715  -1.08250773],[-0.93801391  0.3926436  -1.20133066]
4.0014897000000005,[ 0.813425    0.17180406 -1.08247519],[-0.93793082  0.3928515  -1.20185125]
4.0091578000000005,[ 0.81332505  0.17135283 -1.08246648],[-0.93785536  0.39307046 -1.20233834]
4.0181057,[ 0.81324619  0.17091711 -1.08247828],[-0.93779433  0.39329699 -1.20282805]
4.0265685,[ 0.81315517  0.17044275 -1.08248997],[-0.93773067  0.39356726 -1.20330513]
4.035253000000001,[ 0.81303948  0.16997549 -1.08253062],[-0.93766487  0.39380169 -1.20376694]
4.043525800000001,[ 0.81295395  0.16952124 -1.08255649],[-0.93760431  0.39402339 -1.20423841]
4.0537113,[ 0.81287599  0.16908385 -1.08259332],[-0.93756163  0.39424235 -1.20474958]
4.062005800000001,[ 0.81282067  0.16864698 -1.08263612],[-0.93754935  0.39441001 -1.20539784]
4.0719405,[ 0.81276035  0.16800413 -1.08267021],[-0.93742865  0.39477757 -1.20609021]
4.080282199999999,[ 0.81271285  0.16755486 -1.08274066],[-0.93734479  0.39500493 -1.20654929]
4.0883629,[ 0.81251949  0.16708836 -1.08282328],[-0.93724406  0.39523599 -1.20702314]
4.0966202,[ 0.81249332  0.16668205 -1.08286703],[-0.9372077   0.39537907 -1.20765662]
4.106262100000002,[ 0.81260622  0.16615997 -1.08288968],[-0.9371267   0.39559492 -1.20807779]
4.114454600000002,[ 0.81277025  0.1657927  -1.08294129],[-0.9370383   0.39579803 -1.20851612]
4.122963200000001,[ 0.8127501   0.16542965 -1.08301258],[-0.93694383  0.39598119 -1.20894516]
4.132774900000001,[ 0.81274289  0.16503254 -1.08307123],[-0.93684286  0.39614624 -1.20938694]
4.1425146999999996,[ 0.81273359  0.16449605 -1.08314192],[-0.93674499  0.39633006 -1.21022868]
4.150921799999999,[ 0.8127439   0.16414331 -1.08317876],[-0.93662828  0.39651102 -1.21061838]
4.159583000000001,[ 0.81276786  0.16381489 -1.08319998],[-0.93650138  0.39665583 -1.21102619]
4.167844300000002,[ 0.81265825  0.16345121 -1.08325565],[-0.93638486  0.39678615 -1.21143901]
4.176728100000002,[ 0.81270605  0.16313964 -1.08327961],[-0.93625957  0.39691323 -1.21187973]
4.184522900000001,[ 0.81275445  0.16284361 -1.08332253],[-0.93614089  0.39708608 -1.21234977]
4.192616100000002,[ 0.81279558  0.16260339 -1.08335769],[-0.93600965  0.39727256 -1.21282589]
4.201323800000001,[ 0.8130011   0.16242985 -1.08335769],[-0.93583792  0.39749283 -1.21321809]
4.209958700000001,[ 0.8128919   0.16214727 -1.08339214],[-0.93567544  0.39771202 -1.21362185]
4.218867599999999,[ 0.81295949  0.16194311 -1.08339989],[-0.93550462  0.39792514 -1.21403468]
4.228170200000001,[ 0.81303233  0.16175205 -1.08339703],[-0.93531203  0.39815527 -1.21445727]
4.2372543,[ 0.81312323  0.16156167 -1.08337808],[-0.9351294   0.39835081 -1.21490586]
4.246591300000002,[ 0.81330347  0.16130304 -1.08331621],[-0.93482387  0.39865646 -1.21552062]
4.2560021,[ 0.81345344  0.16114835 -1.08327603],[-0.93458617  0.39888674 -1.21590459]
4.2639031,[ 0.81360459  0.16099663 -1.08324051],[-0.93435806  0.39910129 -1.21629369]
4.271908100000001,[ 0.81374788  0.1608737  -1.08320248],[-0.93412882  0.39930975 -1.21666169]
4.280579100000001,[ 0.81391132  0.16074085 -1.0831753 ],[-0.93390536  0.39951146 -1.21707916]
4.2885803,[ 0.81408739  0.16062622 -1.08314848],[-0.93366158  0.39970899 -1.21753538]
4.297760499999999,[ 0.81445539  0.16058803 -1.08309913],[-0.9334054   0.39994839 -1.21788752]
4.305281300000001,[ 0.81469572  0.160457   -1.08306336],[-0.93312329  0.40017936 -1.21823776]
4.314544900000001,[ 0.81479096  0.16027364 -1.08305311],[-0.93281722  0.40037346 -1.21861672]
4.3228917,[ 0.81503069  0.16016303 -1.08302462],[-0.93252647  0.40055528 -1.21896684]
4.330653099999999,[ 0.81528175  0.1600817  -1.08300292],[-0.93223536  0.40075788 -1.21932352]
4.338858800000001,[ 0.81554568  0.16000937 -1.08299053],[-0.93192649  0.40093598 -1.21972466]
4.347631200000002,[ 0.81582451  0.15994203 -1.08297324],[-0.93161291  0.40110108 -1.22009397]
4.355938600000002,[ 0.81628329  0.15993957 -1.08292866],[-0.93129975  0.40125769 -1.22043693]
4.365838400000001,[ 0.81658572  0.15988512 -1.08291805],[-0.9309656   0.4014405  -1.22075331]
4.3765287000000015,[ 0.81687784  0.15971592 -1.08292031],[-0.93043935  0.40169728 -1.22122622]
4.384301600000001,[ 0.81716669  0.15962128 -1.08286309],[-0.93010211  0.40186661 -1.22152543]
4.392662600000001,[ 0.81748128  0.15955143 -1.08282626],[-0.92975026  0.4020505  -1.22183681]
4.4011885,[ 0.81777745  0.15949464 -1.08281147],[-0.92940217  0.40225509 -1.22213328]
4.408966700000001,[ 0.81826776  0.15948533 -1.08275688],[-0.92905861  0.40244144 -1.22246182]
4.418177200000002,[ 0.81861287  0.15943477 -1.08272541],[-0.92871338  0.4026264  -1.22272003]
4.4258890000000015,[ 0.81875998  0.15931354 -1.08273494],[-0.92836416  0.40276092 -1.22302842]
4.434138600000001,[ 0.81904197  0.15921879 -1.08267486],[-0.92800009  0.40292364 -1.22326171]
4.442594200000002,[ 0.81934685  0.15914831 -1.08261704],[-0.92760956  0.4030824  -1.22346103]
4.451461000000002,[ 0.81963348  0.15909228 -1.08257163],[-0.92724234  0.40322074 -1.22368872]
4.4591457000000005,[ 0.81990111  0.15903364 -1.08252168],[-0.92689693  0.40334687 -1.22390354]
4.4679337,[ 0.8203634   0.15907802 -1.08244157],[-0.92654496  0.40345302 -1.22408354]
4.4759399,[ 0.82062626  0.15902615 -1.08238065],[-0.92618901  0.40356779 -1.22424734]
4.4848377,[ 0.82072932  0.15890917 -1.08234704],[-0.92586404  0.40362653 -1.22449732]
4.492728,[ 0.82099271  0.15882084 -1.08220983],[-0.92551202  0.40366918 -1.22465253]
4.501296400000001,[ 0.82124984  0.15875264 -1.08209574],[-0.92518175  0.40369532 -1.22480547]
4.509499300000002,[ 0.82148641  0.15870842 -1.08199525],[-0.92487496  0.4037188  -1.22492707]
4.517663300000002,[ 0.82174927  0.15864399 -1.08189321],[-0.92454797  0.40374297 -1.22501576]
4.526378400000002,[ 0.82201475  0.15856594 -1.08179045],[-0.92422688  0.40374967 -1.22512519]
4.5356960000000015,[ 0.82229662  0.15848967 -1.08169079],[-0.92391372  0.40374795 -1.2252121 ]
4.547172,[ 0.82268292  0.15837549 -1.08151066],[-0.92347652  0.40371558 -1.22531784]
4.5562042,[ 0.82294005  0.15829644 -1.08136189],[-0.92319942  0.40366039 -1.22540498]
4.5661725,[ 0.82323235  0.1581714  -1.08118069],[-0.9229219   0.40359175 -1.22546613]
4.577119200000002,[ 0.8236196   0.15800424 -1.08088112],[-0.92249876  0.40346184 -1.22553694]
4.585111400000002,[ 0.82388282  0.15785682 -1.08062994],[-0.92221379  0.40336865 -1.22557223]
4.594852700000001,[ 0.82415342  0.15769787 -1.08037841],[-0.92196053  0.40322667 -1.22567558]
4.603048600000001,[ 0.82443637  0.15752299 -1.08008564],[-0.92169547  0.40309784 -1.22570348]
4.6114523,[ 0.82469422  0.15733171 -1.07974577],[-0.92140114  0.40296337 -1.22566378]
4.621842100000002,[ 0.8250562   0.15702854 -1.0791049 ],[-0.92097408  0.40272769 -1.22566509]
4.6303354,[ 0.82524359  0.15678    -1.07862628],[-0.92068863  0.40254664 -1.22569001]
4.6385209,[ 0.82540745  0.15642956 -1.07809114],[-0.92040312  0.40236831 -1.22571933]
4.648122700000002,[ 0.82559514  0.15608951 -1.07753241],[-0.92012703  0.40220511 -1.22572899]
4.6581002,[ 0.82536107  0.15495913 -1.07696652],[-0.91986287  0.40200704 -1.22583318]
4.6692395,[ 0.8256228   0.15433119 -1.07612658],[-0.91940755  0.40172648 -1.22585404]
4.6785557,[ 0.82584655  0.15390106 -1.0755527 ],[-0.91908163  0.40157795 -1.22577989]
4.688410600000001,[ 0.82614565  0.15326528 -1.07471704],[-0.91864789  0.40134025 -1.22577798]
4.697397900000002,[ 0.82637614  0.15285531 -1.0742029 ],[-0.91835868  0.40118337 -1.22578609]
4.705126200000002,[ 0.82665759  0.15242359 -1.07366157],[-0.91809714  0.40104815 -1.22579169]
4.7142620000000015,[ 0.82697546  0.15204561 -1.07316196],[-0.91783756  0.40092409 -1.22579527]
4.721812100000001,[ 0.8273077   0.15165347 -1.07269418],[-0.91757864  0.40080705 -1.22578847]
4.7307658,[ 0.82762545  0.15130971 -1.0722518 ],[-0.91736418  0.40065098 -1.22587538]
4.7385953,[ 0.82795846  0.15094396 -1.07179189],[-0.91712821  0.40052807 -1.22585726]
4.7463397,[ 0.82834965  0.1506283  -1.07135189],[-0.91690671  0.40040836 -1.22582757]
4.753845800000001,[ 0.82853943  0.1504954  -1.07114363],[-0.91680282  0.40035078 -1.2258116 ]
4.763428900000001,[ 0.8291294   0.1500354  -1.07050705],[-0.91647631  0.40017438 -1.22566247]
4.772726000000002,[ 0.82953191  0.14976598 -1.07010245],[-0.91629291  0.4000628  -1.22563529]
4.780663700000002,[ 0.82999134  0.14948635 -1.06970131],[-0.91615331  0.39998674 -1.22559178]
4.7904345,[ 0.83035749  0.14928287 -1.06932294],[-0.91602284  0.39989519 -1.2255336 ]
4.797814600000002,[ 0.83076519  0.14906919 -1.06897092],[-0.9159115   0.3997992  -1.22546947]
4.8061647,[ 0.83118784  0.14885646 -1.06860614],[-0.91580224  0.39970073 -1.22540092]
4.814989199999999,[ 0.83159447  0.14864215 -1.06827831],[-0.91571844  0.39961538 -1.2253058 ]
4.824079300000001,[ 0.83203006  0.14843333 -1.06794643],[-0.91564626  0.3995479  -1.22522914]
4.831907900000001,[ 0.8324616   0.14826944 -1.06762254],[-0.91559786  0.39949274 -1.22513866]
4.839374299999999,[ 0.83281529  0.14810179 -1.06728601],[-0.9155575   0.39943027 -1.22504413]
4.847695399999999,[ 0.83317399  0.14789252 -1.06697178],[-0.91552764  0.39937761 -1.22493267]
4.856040500000002,[ 0.83352846  0.14770636 -1.06667531],[-0.91551119  0.39933431 -1.22482908]
4.864983800000001,[ 0.83385706  0.14746886 -1.06636405],[-0.91551131  0.39929047 -1.22471809]
4.872528299999999,[ 0.83416945  0.14723915 -1.06605279],[-0.91549098  0.39923528 -1.2245698 ]
4.880300600000002,[ 0.83445871  0.14703587 -1.06576145],[-0.91549456  0.39917001 -1.22445381]
4.888521100000002,[ 0.83475119  0.14680663 -1.06548023],[-0.91549927  0.39911062 -1.22435331]
4.8972342,[ 0.83503211  0.14654449 -1.06519794],[-0.91553062  0.39905518 -1.22425079]
4.9050519,[ 0.83529907  0.14627542 -1.06493342],[-0.91557127  0.39900196 -1.22417402]
4.914359300000001,[ 0.83556104  0.14593594 -1.06465089],[-0.91561705  0.39895469 -1.22409093]
4.9228041000000005,[ 0.83582813  0.1456365  -1.06438148],[-0.91565937  0.39889741 -1.22400451]
4.9306245,[ 0.83606964  0.14534341 -1.06413543],[-0.9157111   0.39878723 -1.2240392 ]
4.938761500000002,[ 0.83631408  0.14501058 -1.06389606],[-0.91573477  0.39870235 -1.22396159]
4.946728199999999,[ 0.83655918  0.14461412 -1.06364775],[-0.91576236  0.39861798 -1.22387981]
4.955921,[ 0.83679616  0.14421682 -1.0634166 ],[-0.91578335  0.39852819 -1.22379029]
4.9640375,[ 0.83702838  0.14384462 -1.06319129],[-0.91579926  0.39843234 -1.2237097 ]
4.9722662,[ 0.8372581   0.14342061 -1.06297612],[-0.9158327   0.39833596 -1.22362578]
4.980008999999999,[ 0.83745575  0.14301437 -1.06277883],[-0.91585147  0.39827824 -1.22345555]
4.988455999999999,[ 0.83767587  0.14255592 -1.06255984],[-0.91588986  0.39817652 -1.22336781]
4.996672700000001,[ 0.83789146  0.14211076 -1.062356  ],[-0.91593176  0.39808577 -1.22326994]
5.0066565999999995,[ 0.83808839  0.14171809 -1.06219077],[-0.91596645  0.39799315 -1.223171  ]
5.035029099999999,[ 0.83865291  0.1404815  -1.06170022],[-0.91609621  0.39773738 -1.22287214]
5.0456632,[ 0.838902    0.14001499 -1.06149948],[-0.91615397  0.39760122 -1.22272587]
5.056743400000002,[ 0.83915573  0.13945898 -1.06129718],[-0.91619438  0.39748272 -1.22251177]
5.0686205000000015,[ 0.83943677  0.1388322  -1.0611068 ],[-0.9162181   0.39735746 -1.22230554]
5.0765635000000024,[ 0.83957291  0.13851528 -1.06097853],[-0.91623586  0.39728004 -1.22219193]
5.084994099999999,[ 0.83971047  0.1381806  -1.06084776],[-0.91624314  0.39721879 -1.22207069]
5.093405100000002,[ 0.83979464  0.13799602 -1.06074631],[-0.91625863  0.39718997 -1.22195256]
5.101836000000002,[ 0.83989483  0.13773744 -1.06065369],[-0.91627258  0.39717385 -1.22181976]
5.1108805,[ 0.84002614  0.13737807 -1.06056392],[-0.91627884  0.3971737  -1.22169352]
5.118555199999999,[ 0.84010464  0.13713312 -1.06047392],[-0.91628492  0.3971777  -1.2215662 ]
5.126711700000001,[ 0.84015894  0.13703127 -1.06039727],[-0.91629386  0.39718384 -1.22144246]
5.134350600000001,[ 0.8402428   0.13682094 -1.06030309],[-0.91628951  0.39720458 -1.22131646]
5.142802500000002,[ 0.84035575  0.13650025 -1.06017911],[-0.91629308  0.39724076 -1.22119355]
5.1509374,[ 0.840446    0.13627319 -1.06007969],[-0.91630512  0.3972812  -1.22108161]
5.160202000000002,[ 0.84052473  0.13603066 -1.05997634],[-0.91631037  0.39733484 -1.22095156]
5.169083499999999,[ 0.84060144  0.13580623 -1.05988193],[-0.91631478  0.3974072  -1.22082281]
5.178850499999999,[ 0.84066719  0.13559026 -1.05980337],[-0.91631788  0.39749429 -1.22069585]
5.1885428000000005,[ 0.84074062  0.13529775 -1.05969334],[-0.91634423  0.39760026 -1.22049809]
5.196844600000002,[ 0.8407793   0.13509783 -1.05960858],[-0.91636229  0.39767    -1.22036707]
5.206674200000002,[ 0.84081453  0.1348979  -1.05953288],[-0.91639721  0.39772534 -1.22025096]
5.214979200000002,[ 0.84085345  0.13472335 -1.05947137],[-0.91642678  0.3977749  -1.22012877]
5.223140000000001,[ 0.84088844  0.13454321 -1.05940294],[-0.91646445  0.39781532 -1.21999848]
5.23038,[ 0.84086365  0.13449216 -1.05933964],[-0.91650105  0.39788881 -1.21977913]
5.239749500000002,[ 0.84088677  0.13431808 -1.05927467],[-0.91654271  0.39794073 -1.21960187]
5.249477600000002,[ 0.84091812  0.13415287 -1.05921662],[-0.91661465  0.39798599 -1.21946692]
5.259421400000001,[ 0.84102964  0.1337721  -1.05912828],[-0.91672391  0.39803547 -1.21925282]
5.2680808,[ 0.84104085  0.13362724 -1.05907893],[-0.91681147  0.39806569 -1.21911561]
5.2760389,[ 0.84105855  0.13348141 -1.05903018],[-0.91689998  0.39808711 -1.21897781]
5.284094700000001,[ 0.84106219  0.13335851 -1.05899823],[-0.91700399  0.39809754 -1.21884251]
5.291401499999999,[ 0.8410666   0.13328646 -1.05897737],[-0.91705066  0.39810318 -1.21878576]
5.299654,[ 0.8410905   0.13315141 -1.05895662],[-0.91715431  0.39810607 -1.21866858]
5.309303,[ 0.84112245  0.13297081 -1.05892265],[-0.91730636  0.39811954 -1.21849585]
5.3175755,[ 0.84115422  0.1328539  -1.0589025 ],[-0.91740406  0.39811978 -1.21837723]
5.325944800000002,[ 0.8411783   0.13275093 -1.05887473],[-0.9174962   0.39812407 -1.21827018]
5.334209600000001,[ 0.84121072  0.13264559 -1.0588547 ],[-0.91757947  0.39810944 -1.21816027]
5.3425282,[ 0.84124058  0.13255724 -1.05883348],[-0.91766572  0.39809862 -1.21805203]
5.3511959000000004,[ 0.84128016  0.13248736 -1.05882037],[-0.91776007  0.39807615 -1.21794009]
5.360648100000002,[ 0.84132665  0.13241978 -1.0588057 ],[-0.91785663  0.39805779 -1.21783388]
5.3686486,[ 0.84138083  0.13236557 -1.05878925],[-0.91794866  0.39803496 -1.21772146]
5.376397100000002,[ 0.84144217  0.1323152  -1.05877852],[-0.91804427  0.39801037 -1.21761954]
5.384340300000002,[ 0.84150821  0.13226803 -1.05876243],[-0.91813445  0.39797357 -1.21750617]
5.392779600000001,[ 0.84151798  0.13234834 -1.05874681],[-0.91822541  0.39793003 -1.21740448]
5.4012891,[ 0.84159428  0.13232091 -1.0587306 ],[-0.91831791  0.3978855  -1.21729684]
5.4092482,[ 0.84166604  0.13230021 -1.0587157 ],[-0.91839617  0.3978461  -1.21715486]
5.418200900000002,[ 0.84179682  0.13217279 -1.05871069],[-0.91848129  0.39778849 -1.21704578]
5.4266103,[ 0.84187949  0.13217506 -1.05869269],[-0.91856784  0.39774135 -1.21693003]
5.436187799999999,[ 0.84197259  0.1321703  -1.05867887],[-0.91865158  0.39769632 -1.21681702]
5.444156500000002,[ 0.84198576  0.13230093 -1.05866623],[-0.91873187  0.39765146 -1.21671438]
5.4525068999999995,[ 0.8421312   0.13219324 -1.05863953],[-0.91879988  0.39759699 -1.21659863]
5.460976600000002,[ 0.84213752  0.13234246 -1.05860853],[-0.91887164  0.39754307 -1.21648228]
5.469798600000001,[ 0.84221053  0.13237411 -1.05859053],[-0.91895115  0.39749706 -1.21636665]
5.4799586,[ 0.84232092  0.13245028 -1.05855799],[-0.91907334  0.39741212 -1.21619594]
5.487284600000002,[ 0.84235191  0.13248374 -1.05855131],[-0.91910356  0.3973861  -1.21613371]
5.497174000000001,[ 0.84246379  0.13259974 -1.05851066],[-0.91921616  0.39729875 -1.2159276 ]
5.505336200000002,[ 0.84252524  0.13269375 -1.05847764],[-0.91928554  0.39724341 -1.21580482]
5.514743200000002,[ 0.84258169  0.13278851 -1.05844891],[-0.91933393  0.39719716 -1.215675  ]
5.5224961000000015,[ 0.84270293  0.1327654  -1.05841339],[-0.9193809   0.39714435 -1.21553361]
5.530689600000002,[ 0.84276271  0.13287023 -1.05838215],[-0.91942161  0.39709243 -1.21539986]
5.538658399999999,[ 0.84280986  0.13299018 -1.05836272],[-0.91946054  0.39705169 -1.2152698 ]
5.546679300000001,[ 0.84277743  0.13323054 -1.05835307],[-0.91950297  0.39702839 -1.21514595]
5.555386500000001,[ 0.84281623  0.13335273 -1.05832756],[-0.91952753  0.39699379 -1.21502876]
5.5634542000000025,[ 0.84285647  0.13346629 -1.05830967],[-0.91955602  0.39696357 -1.21487987]
5.5726233,[ 0.84288335  0.13359022 -1.05829728],[-0.91959161  0.39692745 -1.21476662]
5.5800304999999994,[ 0.84296006  0.13358504 -1.05828285],[-0.91962224  0.39687747 -1.21464372]
5.5884237,[ 0.84300017  0.13369122 -1.05826783],[-0.91964948  0.39683509 -1.21452057]
5.596669500000001,[ 0.84303182  0.13380089 -1.05825686],[-0.91968101  0.39677426 -1.21440566]
5.605678700000002,[ 0.84305769  0.13391876 -1.05824614],[-0.91971338  0.3967154  -1.21428335]
5.613694500000001,[ 0.84307045  0.13402024 -1.05825615],[-0.91974187  0.39666054 -1.2141521 ]
5.622502300000001,[ 0.8430683   0.13414097 -1.05825377],[-0.91977334  0.3966175  -1.21401858]
5.630470200000001,[ 0.84306312  0.13425893 -1.05826676],[-0.91980278  0.39656809 -1.2138865 ]
5.639387599999999,[ 0.84303981  0.13435684 -1.05825937],[-0.91982383  0.39651445 -1.21375883]
5.647170800000001,[ 0.84300691  0.13446116 -1.05825841],[-0.91984898  0.39647055 -1.21363306]
5.656013999999999,[ 0.84296459  0.13455528 -1.05824256],[-0.91987097  0.39641529 -1.21352196]
5.664331499999999,[ 0.84292036  0.13462728 -1.05822551],[-0.91991222  0.39635548 -1.2133981 ]
5.6727034,[ 0.84285057  0.1347177  -1.05821192],[-0.91995478  0.39629382 -1.21327448]
5.682473600000002,[ 0.8427791   0.13478884 -1.05819559],[-0.91999543  0.39626309 -1.21313941]
5.690149000000002,[ 0.84270906  0.13484602 -1.05817187],[-0.92004395  0.39622647 -1.21300447]
5.698704299999999,[ 0.84263629  0.13490883 -1.05815816],[-0.92009616  0.39617828 -1.21287596]
5.706945000000001,[ 0.84256053  0.13495901 -1.05814672],[-0.92015696  0.39612108 -1.21275592]
5.715931400000002,[ 0.84247363  0.1350057  -1.05812943],[-0.92022067  0.39607838 -1.21263015]
5.725914400000001,[ 0.84232485  0.13505894 -1.05810785],[-0.92029828  0.39600086 -1.21243012]
5.734122899999999,[ 0.84221917  0.13507932 -1.05809045],[-0.92033309  0.39593455 -1.21227062]
5.7431944,[ 0.84210879  0.13508762 -1.05808592],[-0.92038852  0.39586753 -1.21214247]
5.750840400000001,[ 0.8419801   0.13510139 -1.05807436],[-0.92044854  0.3958087  -1.21200871]
5.7599929,[ 0.84186596  0.13509764 -1.05807328],[-0.9205088   0.39573714 -1.21188068]
5.7683284000000015,[ 0.84174961  0.13508257 -1.05807602],[-0.9205671   0.39566982 -1.21176004]
5.776412100000002,[ 0.84159106  0.13515931 -1.05809438],[-0.92062265  0.39558923 -1.21163523]
5.784349300000002,[ 0.84152406  0.1350026  -1.05809367],[-0.92066771  0.39550984 -1.21151841]
5.792891600000001,[ 0.84140331  0.13495405 -1.05811036],[-0.92070162  0.39544988 -1.21139991]
5.800933400000002,[ 0.84132946  0.1348777  -1.0581274 ],[-0.9207288   0.39538771 -1.2112962 ]
5.809123100000001,[ 0.84124124  0.13479647 -1.05814993],[-0.92075294  0.39533192 -1.21119547]
5.8180285000000005,[ 0.84116882  0.13472134 -1.05818534],[-0.9207685   0.39527667 -1.211097  ]
5.825942400000002,[ 0.84108382  0.13463534 -1.05822265],[-0.92078185  0.39523166 -1.21099806]
5.834342400000001,[ 0.8410129   0.13454662 -1.05826283],[-0.92078608  0.39516881 -1.21091187]
5.842645100000002,[ 0.84096128  0.13443723 -1.05830121],[-0.92077476  0.39512122 -1.21082485]
5.8518872,[ 0.84088039  0.13435599 -1.05834758],[-0.92076576  0.39508802 -1.2107383 ]
5.8608054,[ 0.84082222  0.13427198 -1.05839753],[-0.920753    0.39505497 -1.21064365]
5.8683688000000025,[ 0.84074193  0.13419107 -1.05844438],[-0.92074245  0.39502606 -1.21054661]
5.876654000000002,[ 0.84065598  0.13410583 -1.0584985 ],[-0.92073089  0.3950004  -1.21045792]
5.8866596000000015,[ 0.84058434  0.13401863 -1.05855596],[-0.9207195   0.39497492 -1.21036685]
5.8965650000000025,[ 0.84046918  0.13389742 -1.05862308],[-0.92070013  0.39492223 -1.21023428]
5.905759500000002,[ 0.84039629  0.13382746 -1.05867517],[-0.92068195  0.39488375 -1.21014214]
5.9145907000000015,[ 0.8403185   0.1337653  -1.05873263],[-0.92067623  0.39483923 -1.21006036]
5.9227294000000015,[ 0.84027082  0.13370453 -1.05878866],[-0.92066103  0.39481238 -1.20994937]
5.93065,[ 0.84020543  0.13365176 -1.05884945],[-0.920654    0.39477021 -1.20987308]
5.939123000000002,[ 0.84014374  0.13358311 -1.05890214],[-0.9206599   0.39474276 -1.20980036]
5.947557200000002,[ 0.84007674  0.13352668 -1.05894971],[-0.92066228  0.39471373 -1.20972526]
5.9562145000000015,[ 0.84002334  0.13346747 -1.0590148 ],[-0.92067474  0.3946867  -1.20966125]
5.965743100000001,[ 0.83996838  0.13339832 -1.0590688 ],[-0.92067915  0.3946555  -1.20959318]
5.9756231,[ 0.839908    0.13329871 -1.05914402],[-0.92069918  0.39460555 -1.20948064]
5.982813400000001,[ 0.839881    0.13328116 -1.0591737 ],[-0.92071033  0.39459938 -1.20944405]
5.992529700000002,[ 0.83981699  0.13320182 -1.05925906],[-0.92074698  0.39457056 -1.20933199]
6.0012489,[ 0.83977097  0.13316134 -1.05931902],[-0.92078149  0.3945604  -1.20925713]
6.0100324,[ 0.83972734  0.13311562 -1.05938029],[-0.92082739  0.39454591 -1.20918322]
6.020279000000002,[ 0.83967257  0.13307025 -1.05943012],[-0.92086339  0.39454046 -1.20911551]
6.028575100000001,[ 0.83961552  0.13302299 -1.05948412],[-0.92089468  0.39453968 -1.20906281]
6.038574100000002,[ 0.83951592  0.13297471 -1.05955219],[-0.92093658  0.39453021 -1.20897841]
6.0468604,[ 0.83943301  0.13295415 -1.0596    ],[-0.92096364  0.39450559 -1.20892966]
6.055884600000002,[ 0.83935541  0.13293445 -1.05964565],[-0.92099142  0.39450082 -1.20889413]
6.064058599999999,[ 0.83927184  0.13292059 -1.05969   ],[-0.92101067  0.39449218 -1.20886207]
6.071906200000001,[ 0.83916992  0.1329084  -1.05974281],[-0.92103308  0.39448857 -1.20883107]
6.080254800000002,[ 0.83906883  0.13289239 -1.05978525],[-0.92105031  0.39448607 -1.20879638]
6.088711100000001,[ 0.83897227  0.13286746 -1.05983853],[-0.92105985  0.39448458 -1.20875943]
6.098188499999999,[ 0.83888257  0.13282794 -1.05988622],[-0.92106807  0.39450139 -1.20874727]
6.106089600000001,[ 0.83878517  0.1327886  -1.05993974],[-0.92108262  0.39450037 -1.20872498]
6.116102300000001,[ 0.8387087   0.13274181 -1.05998731],[-0.92110187  0.39450613 -1.20870495]
6.1247449,[ 0.83863044  0.1327029  -1.06004608],[-0.92112625  0.39450616 -1.20868754]
6.134290400000001,[ 0.83849329  0.13266054 -1.06014311],[-0.92117476  0.3945412  -1.20866442]
6.144324600000001,[ 0.83838946  0.13262485 -1.06021202],[-0.92120779  0.39456543 -1.20864773]
6.156096099999999,[ 0.83822846  0.13257363 -1.06030977],[-0.9212566   0.39458823 -1.20863235]
6.164591600000001,[ 0.83811992  0.13253887 -1.06038868],[-0.92129272  0.39461535 -1.20862269]
6.172542500000002,[ 0.83801848  0.13250883 -1.06045079],[-0.92133379  0.39464155 -1.20861864]
6.180737400000002,[ 0.83793098  0.13247716 -1.06050599],[-0.92137533  0.3946735  -1.20861375]
6.1894200999999995,[ 0.83782786  0.13243838 -1.06055546],[-0.921417    0.39469332 -1.20861161]
6.197457200000002,[ 0.83772379  0.13242041 -1.06060469],[-0.9214586   0.39472571 -1.2086159 ]
6.206823700000001,[ 0.83761972  0.13240322 -1.06065583],[-0.92151135  0.39477083 -1.20861924]
6.215847700000001,[ 0.83751017  0.13237759 -1.06070185],[-0.92155379  0.39478505 -1.20862746]
6.2247971,[ 0.83739758  0.13235018 -1.06073165],[-0.92159867  0.39479792 -1.20863998]
6.234533500000001,[ 0.83716607  0.13242573 -1.06078243],[-0.92165768  0.39482346 -1.20867407]
6.243608399999999,[ 0.83703518  0.13241066 -1.06079817],[-0.92169189  0.39482886 -1.20871246]
6.2523816,[ 0.83691096  0.132393   -1.06082308],[-0.9217276   0.39484498 -1.20874619]
6.263278200000002,[ 0.83676982  0.13225341 -1.06083226],[-0.92178851  0.39486089 -1.20880485]
6.272783199999999,[ 0.83662158  0.13226651 -1.06084836],[-0.92183805  0.39487791 -1.20884299]
6.2820769,[ 0.83646494  0.13227242 -1.06086862],[-0.92188197  0.3948769  -1.20888352]
6.289718000000001,[ 0.83631581  0.13228364 -1.06087935],[-0.92193109  0.39488187 -1.20892751]
6.2981047,[ 0.83615518  0.13229308 -1.06089044],[-0.92198509  0.39487353 -1.20896947]
6.305563899999999,[ 0.83600312  0.13228269 -1.0609026 ],[-0.92203629  0.39487824 -1.20899427]
6.314499099999999,[ 0.83583748  0.13229416 -1.06091213],[-0.9220885   0.3948952  -1.20902967]
6.3225473,[ 0.83568966  0.13229497 -1.06092334],[-0.92214519  0.39490923 -1.20906603]
6.331169899999999,[ 0.83553672  0.13228773 -1.06094646],[-0.92220277  0.39491925 -1.20909345]
6.3400034000000005,[ 0.83538628  0.13228376 -1.06096256],[-0.92226583  0.39493325 -1.2091223 ]
6.349614200000001,[ 0.8352403   0.13228363 -1.06098831],[-0.92232251  0.39493701 -1.20914626]
6.361210200000002,[ 0.83498698  0.13230939 -1.06102657],[-0.92242151  0.39494082 -1.20919263]
6.3697844,[ 0.83482879  0.13229053 -1.0610404 ],[-0.92248774  0.39494222 -1.20923793]
6.378489399999999,[ 0.83468109  0.13228568 -1.06107867],[-0.92258543  0.39493093 -1.20936954]
6.388906800000001,[ 0.83449614  0.13224676 -1.0611366 ],[-0.92269039  0.39498767 -1.20942974]
6.396833900000001,[ 0.83439213  0.1322204  -1.06117594],[-0.92274594  0.39503032 -1.20946777]
6.4058916,[ 0.83430701  0.1321732  -1.06122136],[-0.9228133   0.39507273 -1.20950568]
6.412219700000001,[ 0.83427399  0.13214403 -1.06123841],[-0.92284286  0.39508739 -1.20952022]
6.422004400000002,[ 0.83418262  0.1320661  -1.06131363],[-0.92292506  0.39510733 -1.20958662]
6.4303338,[ 0.83412051  0.13202232 -1.06135273],[-0.92298311  0.39512035 -1.20961964]
6.438487000000002,[ 0.83406597  0.1319661  -1.06140482],[-0.92303652  0.39513731 -1.20966172]
6.446712999999999,[ 0.8340205   0.13191961 -1.0614562 ],[-0.92308927  0.39513776 -1.20970023]
6.455263000000002,[ 0.83396375  0.13187186 -1.06149638],[-0.9231469   0.3951388  -1.20976567]
6.4637764,[ 0.83391619  0.13182157 -1.06153679],[-0.92319006  0.39515001 -1.20980668]
6.4719309,[ 0.83387476  0.13177167 -1.06157124],[-0.92321616  0.39515474 -1.2098515 ]
6.480041200000002,[ 0.83383375  0.13172947 -1.06159782],[-0.92323947  0.39515886 -1.20989358]
6.488390500000001,[ 0.83379287  0.13168314 -1.0616262 ],[-0.92326581  0.3951523  -1.20993352]
6.498047200000002,[ 0.83374864  0.13164571 -1.06165195],[-0.92328078  0.39514095 -1.20998251]
6.5055350999999995,[ 0.83371669  0.13159904 -1.06167483],[-0.92329508  0.39513138 -1.21002662]
6.5140569,[ 0.83368427  0.13155925 -1.06170034],[-0.92331457  0.39513448 -1.21007884]
6.522385700000001,[ 0.83365488  0.13153897 -1.0617305 ],[-0.92333019  0.39514452 -1.21013224]
6.5306850999999995,[ 0.83363402  0.1315129  -1.06175983],[-0.92333829  0.39514774 -1.21017492]
6.538794299999999,[ 0.83361167  0.13149354 -1.06178725],[-0.9233622   0.39516139 -1.21022022]
6.547387700000002,[ 0.83360034  0.13147011 -1.06182003],[-0.92338109  0.39516431 -1.21027076]
6.5564909,[ 0.83358526  0.13145787 -1.06184447],[-0.92343009  0.39513135 -1.21045339]
6.5638176,[ 0.83359301  0.13143149 -1.06187427],[-0.92345351  0.39513317 -1.21050739]
6.5718678,[ 0.83357888  0.13141739 -1.06189299],[-0.9234603   0.39514232 -1.21050811]
6.580025500000001,[ 0.83358115  0.13141209 -1.06191754],[-0.92348784  0.39515895 -1.21054244]
6.5889159,[ 0.83359021  0.13140404 -1.06194186],[-0.9235155   0.39519751 -1.21058011]
6.5967690999999995,[ 0.83359516  0.13139082 -1.0619601 ],[-0.92354774  0.39521605 -1.2106123 ]
6.6058395999999995,[ 0.83360237  0.13137354 -1.06197786],[-0.92357451  0.39523295 -1.2106421 ]
6.613535000000002,[ 0.83360714  0.13135171 -1.0619967 ],[-0.92356783  0.39529526 -1.21052682]
6.622661600000001,[ 0.83362442  0.13133359 -1.06201339],[-0.92360801  0.39532292 -1.21056437]
6.630824700000002,[ 0.83363158  0.13131125 -1.06203079],[-0.92364657  0.39535084 -1.21059608]
6.638514799999999,[ 0.83363312  0.13130058 -1.06204975],[-0.92368561  0.39537287 -1.21062875]
6.6468788,[ 0.83362734  0.13129297 -1.06206286],[-0.9237228   0.39539835 -1.21065938]
6.6856507,[ 0.83365881  0.13122655 -1.06207764],[-0.92388582  0.39548394 -1.21083033]
6.693983599999999,[ 0.83368212  0.13121839 -1.06207252],[-0.92393106  0.39549059 -1.21087718]
6.7019749,[ 0.83370107  0.13123386 -1.06206608],[-0.92397481  0.39550692 -1.2109201 ]
6.711856100000002,[ 0.83372229  0.13125049 -1.0620575 ],[-0.92402142  0.39553589 -1.21096551]
6.722336500000001,[ 0.833754    0.13126808 -1.06205249],[-0.92409217  0.39555538 -1.2110225 ]
6.7306082000000025,[ 0.83377743  0.13128884 -1.06205583],[-0.92415476  0.39556605 -1.21106887]
6.739218700000002,[ 0.83379984  0.13130572 -1.0620544 ],[-0.92422158  0.39557114 -1.21112704]
6.7467492,[ 0.83381468  0.13133472 -1.06204319],[-0.92428589  0.3955591  -1.21118486]
6.755654200000002,[ 0.83384269  0.13136263 -1.06203783],[-0.92434502  0.39556599 -1.21123755]
6.7634297,[ 0.83386993  0.13141309 -1.06204307],[-0.92439973  0.39556369 -1.21128869]
6.772079999999999,[ 0.8338877   0.13146919 -1.06203318],[-0.9244628   0.39555195 -1.21134257]
6.779954700000001,[ 0.83390367  0.13154258 -1.06203437],[-0.92452598  0.3955434  -1.21140516]
6.7887728,[ 0.8339178   0.13161284 -1.06203663],[-0.92457265  0.39554173 -1.21146595]
6.7966605000000015,[ 0.83392441  0.13169391 -1.06202173],[-0.92461491  0.3955237  -1.2115227 ]
6.8053262,[ 0.83393222  0.13176574 -1.06200886],[-0.92465079  0.39551345 -1.21158433]
6.813296100000002,[ 0.83393121  0.13184018 -1.06198978],[-0.92468691  0.39549306 -1.21165001]
6.822542500000001,[ 0.83393639  0.13190266 -1.06195843],[-0.92472327  0.3954896  -1.21170723]
6.830769800000002,[ 0.83393031  0.13196668 -1.06193233],[-0.92475057  0.39548242 -1.21176124]
6.838477700000002,[ 0.83392197  0.1320395  -1.06190765],[-0.92478627  0.39546001 -1.21185768]
6.8472337,[ 0.83393729  0.13210183 -1.06188774],[-0.92481172  0.39544144 -1.2119143 ]
6.855864,[ 0.8339417   0.13215251 -1.06186843],[-0.92484695  0.39544266 -1.21197224]
6.8639428,[ 0.83396655  0.13218996 -1.06185949],[-0.92487288  0.39545122 -1.2120316 ]
6.871903200000002,[ 0.83400661  0.13221341 -1.06186271],[-0.92490029  0.39544803 -1.21208692]
6.8800335,[ 0.8340475   0.13223673 -1.06186688],[-0.92492074  0.39544821 -1.21214032]
6.888559300000001,[ 0.83410889  0.13224323 -1.06187928],[-0.92495531  0.39546618 -1.21219063]
6.897844800000001,[ 0.8341738   0.13227609 -1.06190407],[-0.92499089  0.39549527 -1.21226096]
6.905383199999999,[ 0.83426243  0.13230829 -1.06192672],[-0.92502761  0.39553589 -1.21231437]
6.913924600000001,[ 0.83436954  0.1323579  -1.0619514 ],[-0.92505467  0.39556697 -1.21235323]
6.922316600000002,[ 0.8344667   0.13241342 -1.06197631],[-0.92509061  0.3955957  -1.21238494]
6.9307014,[ 0.83452874  0.13248286 -1.06198847],[-0.92512941  0.39562732 -1.21241665]
6.939061300000002,[ 0.83459395  0.1325469  -1.06199384],[-0.925165    0.39565757 -1.21245694]
6.947399100000002,[ 0.83462441  0.13260011 -1.061993  ],[-0.92519826  0.39567965 -1.21248913]
6.956598800000002,[ 0.83465618  0.13264069 -1.06200051],[-0.92523193  0.39571068 -1.21252608]
6.965062500000002,[ 0.83468443  0.13265671 -1.06200194],[-0.92527157  0.39573598 -1.2125597 ]
6.975736600000001,[ 0.83474523  0.13266508 -1.06203306],[-0.92533141  0.39580783 -1.21262276]
6.983190799999999,[ 0.8347646   0.13266189 -1.06204653],[-0.92534184  0.39582872 -1.21263766]
6.9926137,[ 0.83484572  0.13266517 -1.06209016],[-0.92539024  0.3958773  -1.21268857]
7.000996000000001,[ 0.83488792  0.13267858 -1.06212187],[-0.92542696  0.39590979 -1.21272767]
7.009287499999999,[ 0.83492786  0.13269362 -1.06215763],[-0.92546028  0.39594749 -1.2127744 ]
7.018028600000001,[ 0.83495653  0.1327156  -1.06218076],[-0.92549503  0.3959918  -1.2128098 ]
7.026546,[ 0.83497381  0.1327363  -1.0622046 ],[-0.92553252  0.39602941 -1.21284139]
7.035375999999999,[ 0.834993    0.13276148 -1.06221771],[-0.92555994  0.3960554  -1.21286893]
7.0432983,[ 0.83500415  0.13278207 -1.06222355],[-0.92560244  0.39609975 -1.2129041 ]
7.051752499999999,[ 0.83498716  0.13280782 -1.06222701],[-0.9256466   0.39614627 -1.2129395 ]
7.059992400000002,[ 0.83500326  0.13282487 -1.06224668],[-0.92568034  0.39616963 -1.21296418]
7.068332300000002,[ 0.8350147   0.13283318 -1.06224787],[-0.92571145  0.39618725 -1.21299028]
7.0775006000000005,[ 0.83501935  0.13285618 -1.06224716],[-0.92573404  0.39620411 -1.21302223]
7.085252400000002,[ 0.83502299  0.13283926 -1.06225467],[-0.92575824  0.39622349 -1.21304393]
7.092996899999999,[ 0.83501357  0.13284093 -1.06226194],[-0.92578351  0.39625853 -1.21307218]
7.100999999999999,[ 0.83500451  0.13283724 -1.06227529],[-0.92581797  0.39629284 -1.21310401]
7.109435400000002,[ 0.83500707  0.13284323 -1.06227732],[-0.92585492  0.39631647 -1.21313322]
7.117425400000002,[ 0.83499157  0.13286181 -1.06228578],[-0.92589021  0.39635313 -1.21316361]
7.1259899,[ 0.83499056  0.13285574 -1.06228793],[-0.92595768  0.39636651 -1.21329796]
7.1342724,[ 0.83496279  0.13287345 -1.06229115],[-0.92599249  0.39639851 -1.21331728]
7.143383400000001,[ 0.83493161  0.13286801 -1.06229079],[-0.92601532  0.39641836 -1.21332204]
7.151274600000001,[ 0.83490151  0.13286927 -1.06228757],[-0.92604125  0.39646527 -1.21335697]
7.160254699999999,[ 0.83486205  0.13286088 -1.06229472],[-0.9260813   0.39653036 -1.2133832 ]
7.167851500000001,[ 0.83483225  0.13287061 -1.06231081],[-0.92611992  0.39659613 -1.21340108]
7.1759238,[ 0.83480263  0.13287458 -1.06232059],[-0.92615795  0.39665911 -1.21341097]
7.183279000000002,[ 0.83480901  0.13287458 -1.06231546],[-0.92618775  0.39670086 -1.21341288]
7.193327,[ 0.83478558  0.13288826 -1.06234515],[-0.92624742  0.39686117 -1.21334982]
7.201517500000001,[ 0.83479005  0.13291073 -1.0623697 ],[-0.92632282  0.39697438 -1.21336925]
7.209246700000001,[ 0.83476329  0.13293138 -1.06239402],[-0.92641228  0.39709648 -1.21337855]
7.2180658000000015,[ 0.83476794  0.13295418 -1.06242263],[-0.92649174  0.39724195 -1.21338987]
7.225989300000002,[ 0.83475363  0.13298488 -1.06245553],[-0.92658514  0.3973881  -1.2134279 ]
7.2347848,[ 0.8347472   0.13299602 -1.06249142],[-0.92667961  0.3975569  -1.21343386]
7.2427600000000005,[ 0.83474302  0.13301468 -1.06253123],[-0.92678547  0.39773396 -1.21343768]
7.2516651,[ 0.8347472   0.13303211 -1.06256568],[-0.92688793  0.39790079 -1.21345401]
7.259852900000002,[ 0.83475828  0.13305725 -1.06261194],[-0.92700416  0.39806768 -1.21346498]
7.268436000000001,[ 0.83476269  0.1330772  -1.06264198],[-0.92713755  0.39826316 -1.21348059]
7.2767683000000005,[ 0.83476979  0.13310294 -1.06267071],[-0.92729717  0.3984347  -1.21355224]
7.2851286,[ 0.83477658  0.13313457 -1.06269383],[-0.92743504  0.39862651 -1.2135663 ]
7.2931231000000025,[ 0.83478844  0.13315395 -1.06270993],[-0.92755979  0.39883876 -1.21351767]
7.301712300000002,[ 0.83479798  0.13317998 -1.06272399],[-0.9277063   0.39903688 -1.21352816]
7.3097858,[ 0.83479297  0.13323845 -1.06273293],[-0.92786133  0.39922372 -1.21355736]
7.317723700000002,[ 0.83479762  0.13327864 -1.0627284 ],[-0.92801517  0.39938545 -1.21358514]
7.3271163,[ 0.83478749  0.13333315 -1.06272352],[-0.92817378  0.39954099 -1.21362853]
7.3343115999999995,[ 0.83478421  0.13339306 -1.06270993],[-0.92831451  0.39971012 -1.21365333]
7.343830199999999,[ 0.83477038  0.1334793  -1.06270325],[-0.92848611  0.39990234 -1.2136656 ]
7.3511998,[ 0.83475894  0.13356468 -1.0626955 ],[-0.92867982  0.40010038 -1.21365654]
7.3598426,[ 0.83475614  0.13365716 -1.06268418],[-0.92889833  0.40028733 -1.21366072]
7.367813699999999,[ 0.83475041  0.13374746 -1.06267917],[-0.92923331  0.40046889 -1.21370852]
7.3756266,[ 0.83472836  0.13386029 -1.06267226],[-0.92941159  0.40068302 -1.21356595]
7.383014899999999,[ 0.8347258   0.13391635 -1.06266534],[-0.92952085  0.40077427 -1.21355999]
7.393326000000002,[ 0.83473825  0.13407925 -1.06265962],[-0.92984903  0.40099311 -1.21356726]
7.401422800000002,[ 0.83471864  0.13422294 -1.06266534],[-0.9300831   0.40114862 -1.2135793 ]
7.409210399999999,[ 0.83472633  0.13434969 -1.0626651 ],[-0.93031853  0.40132335 -1.21357059]
7.417939199999999,[ 0.83471435  0.13451099 -1.06268394],[-0.93054122  0.40148863 -1.21357262]
7.425876900000002,[ 0.83472008  0.13465175 -1.06269944],[-0.93078589  0.401683   -1.21357298]
7.4345050000000015,[ 0.83473432  0.13480438 -1.06272483],[-0.9310621   0.40184069 -1.21371365]
7.442535800000002,[ 0.83474386  0.13496813 -1.06274474],[-0.93129975  0.40202257 -1.21374357]
7.451412600000001,[ 0.83476007  0.13513909 -1.06278145],[-0.93152815  0.40226182 -1.21360433]
7.459402100000002,[ 0.83475888  0.13534831 -1.06281602],[-0.93178737  0.40247691 -1.21361911]
7.4675961000000015,[ 0.834791    0.13554253 -1.06286395],[-0.93204802  0.402704   -1.21363926]
7.476138900000002,[ 0.83479977  0.1357563  -1.06290329],[-0.93230838  0.40293685 -1.21365869]
7.484235600000002,[ 0.83482099  0.13599885 -1.06295848],[-0.93259054  0.40318972 -1.21366513]
7.492454800000001,[ 0.83482963  0.1362049  -1.06300342],[-0.9329114   0.40343899 -1.21379197]
7.4997457999999995,[ 0.83482605  0.1363288  -1.06302619],[-0.93306649  0.40357566 -1.21379113]
7.5081843,[ 0.83482987  0.1365505  -1.06306076],[-0.93332356  0.40387359 -1.2136842 ]
7.517561300000001,[ 0.83486259  0.13686027 -1.0631243 ],[-0.93377382  0.40431076 -1.21366489]
7.527051700000001,[ 0.83491004  0.13706887 -1.06317389],[-0.93408638  0.40459883 -1.21365833]
7.534300999999999,[ 0.83496654  0.13727771 -1.06322169],[-0.93438041  0.40488216 -1.21363437]
7.5434977,[ 0.83503157  0.13747787 -1.06328011],[-0.9347291   0.40517691 -1.21373558]
7.551216800000002,[ 0.83512735  0.13767308 -1.06333113],[-0.93503708  0.40552965 -1.21364081]
7.559941300000002,[ 0.83516467  0.13789319 -1.06338644],[-0.93538302  0.40591282 -1.21362841]
7.5679704,[ 0.83517677  0.13812658 -1.06344688],[-0.93570709  0.40628788 -1.21361506]
7.576768700000002,[ 0.83520854  0.13835339 -1.06351435],[-0.93604892  0.40666968 -1.21359205]
7.584306099999999,[ 0.83521235  0.13858595 -1.06357455],[-0.9364084   0.40704489 -1.21364987]
7.592418800000001,[ 0.83520931  0.13882744 -1.06363428],[-0.93672007  0.40748021 -1.2135942 ]
7.6006640999999995,[ 0.83525574  0.13906802 -1.06370318],[-0.93695718  0.40788525 -1.21367443]
7.6092175,[ 0.83532333  0.13931105 -1.0637666 ],[-0.93725705  0.40833282 -1.21373904]
7.618124099999999,[ 0.83540648  0.13956    -1.06384683],[-0.9375782   0.40879822 -1.21379495]
7.625871,[ 0.83548748  0.13983148 -1.0639261 ],[-0.93787223  0.40927207 -1.21382558]
7.634655900000002,[ 0.8356092  0.1400966 -1.0640099],[-0.93815315  0.40971059 -1.21383607]
7.642377500000002,[ 0.83570474  0.14038137 -1.06409407],[-0.93846196  0.41018572 -1.21387565]
7.6507875,[ 0.83578926  0.14070864 -1.06421542],[-0.9388302   0.41064167 -1.2140274 ]
7.659203099999999,[ 0.83585477  0.14105397 -1.06432533],[-0.93911535  0.4111847  -1.21390879]
7.667525300000001,[ 0.83590579  0.14138292 -1.06442249],[-0.93946296  0.41173765 -1.21396124]
7.675610900000002,[ 0.83603185  0.14170644 -1.06453109],[-0.93981004  0.41228834 -1.21402931]
7.6842333000000025,[ 0.83618063  0.14201625 -1.06463957],[-0.94019347  0.41282338 -1.21423578]
7.692746200000002,[ 0.83632296  0.14235273 -1.06476915],[-0.94048464  0.41344491 -1.21418262]
7.7009051,[ 0.83643752  0.14271857 -1.06490648],[-0.9408232   0.4141295  -1.21428001]
7.709217600000002,[ 0.83650607  0.14307883 -1.06502533],[-0.94119459  0.41478217 -1.21443331]
7.717060200000002,[ 0.83659285  0.14347039 -1.06513834],[-0.9415369   0.41544929 -1.21450579]
7.725588200000001,[ 0.83673668  0.14390248 -1.06528842],[-0.94189245  0.41612136 -1.2145803 ]
7.732839600000002,[ 0.83681619  0.14411841 -1.06536078],[-0.94207811  0.4164865  -1.21462786]
7.742713999999999,[ 0.83698994  0.14474638 -1.06558716],[-0.9426083   0.41759872 -1.21474147]
7.7509564,[ 0.83708489  0.14517364 -1.06573272],[-0.94298375  0.41832945 -1.21482778]
7.759702600000001,[ 0.83722883  0.14555769 -1.06586194],[-0.94345617  0.41905794 -1.21505201]
7.7678467,[ 0.8373673   0.14597043 -1.06599808],[-0.9438237   0.41982248 -1.21501243]
7.7758087000000025,[ 0.83744764  0.14642701 -1.06612849],[-0.94421083  0.42054042 -1.21508658]
7.784704300000001,[ 0.83752561  0.1468914  -1.06627238],[-0.94464433  0.4213033  -1.21520638]
7.792576499999999,[ 0.83756578  0.14734104 -1.06639171],[-0.94504088  0.42206171 -1.21522701]
7.800718400000001,[ 0.83769238  0.14776438 -1.06653082],[-0.9454636   0.42279786 -1.21531022]
7.8091437,[ 0.8377459   0.14818591 -1.06664431],[-0.9458701   0.42352316 -1.2153877 ]
7.817283,[ 0.83780921  0.14864363 -1.06678605],[-0.94626945  0.42427513 -1.21544743]
7.825852300000001,[ 0.83789086  0.14911337 -1.06692553],[-0.94669169  0.42500824 -1.21551323]
7.834686900000001,[ 0.83796245  0.14956531 -1.06705379],[-0.94713694  0.42569688 -1.21559131]
7.842828600000001,[ 0.83801502  0.14996609 -1.06716824],[-0.94751096  0.42633659 -1.21566832]
7.8513462999999994,[ 0.8380388   0.15035257 -1.06723416],[-0.94792211  0.42699093 -1.21584129]
7.8594215,[ 0.83809537  0.15079209 -1.06734574],[-0.94826114  0.42763451 -1.21577728]
7.867519099999999,[ 0.83813649  0.15121318 -1.06746411],[-0.94864839  0.42828757 -1.21584761]
7.874940200000001,[ 0.83815944  0.15143417 -1.06752241],[-0.94883949  0.42860389 -1.21589339]
7.885106799999999,[ 0.83821911  0.15208703 -1.06770813],[-0.94940579  0.42951035 -1.21596682]
7.893492900000002,[ 0.83824044  0.15249629 -1.06782067],[-0.94978327  0.43009317 -1.2160306 ]
7.9009179,[ 0.8382864   0.15286268 -1.06792343],[-0.95014322  0.43064049 -1.21607924]
7.9093111,[ 0.83832359  0.15325023 -1.06803143],[-0.95055485  0.4311305  -1.21623504]
7.917539399999999,[ 0.83827239  0.15362433 -1.06812179],[-0.95088553  0.43164331 -1.21619928]
7.926462000000001,[ 0.83821547  0.15399106 -1.06820023],[-0.95123845  0.43211657 -1.2162528 ]
7.934186100000002,[ 0.83818048  0.15436171 -1.06828332],[-0.95158619  0.43259323 -1.21629214]
7.94295,[ 0.8381865   0.15474513 -1.06837726],[-0.95198369  0.43304756 -1.21647549]
7.951530300000002,[ 0.83818924  0.15511493 -1.06847167],[-0.95228457  0.43348595 -1.21638489]
7.959787300000002,[ 0.83818513  0.15549891 -1.06857121],[-0.952694    0.43382892 -1.21644163]
7.9681847999999995,[ 0.83816892  0.15586847 -1.06867623],[-0.95303643  0.43420008 -1.21651173]
7.976693300000001,[ 0.83811432  0.1561944  -1.06874871],[-0.95338774  0.43458056 -1.21665275]
7.984232900000002,[ 0.83806741  0.15652794 -1.06883848],[-0.95367444  0.43498403 -1.21664619]
7.991395600000001,[ 0.83803326  0.15669629 -1.06888139],[-0.95382124  0.43516681 -1.21666563]
8.0008004,[ 0.83798033  0.15718384 -1.06901586],[-0.95427942  0.43568969 -1.21672571]
8.009229100000002,[ 0.83790404  0.15752029 -1.06909132],[-0.95457721  0.43603238 -1.21677685]
8.0180462,[ 0.83780092  0.15785925 -1.06917179],[-0.95484859  0.43631223 -1.21683145]
8.0258082,[ 0.83781713  0.15812603 -1.06918311],[-0.95515746  0.43652982 -1.21699011]
8.0346786,[ 0.83777928  0.15844853 -1.06925309],[-0.95541149  0.43674102 -1.21684825]
8.0426814,[ 0.83772826  0.15877874 -1.06932795],[-0.95564556  0.43694517 -1.21685755]
8.050801500000002,[ 0.83772069  0.15909076 -1.06940019],[-0.95584768  0.4371199  -1.21690106]
8.0580952,[ 0.83767754  0.15926245 -1.06944525],[-0.9559437   0.43721467 -1.21691763]
8.0682443,[ 0.83753467  0.15975286 -1.06960249],[-0.95630199  0.43755296 -1.21696711]
8.0763551,[ 0.83744991  0.16008143 -1.06969368],[-0.95648313  0.43773243 -1.21700549]
8.0851368,[ 0.83735758  0.16040161 -1.06980038],[-0.95665485  0.43789569 -1.21703982]
8.094102500000002,[ 0.83726174  0.16074871 -1.06991255],[-0.95687872  0.43803856 -1.21724987]
8.1018124,[ 0.8371439   0.16108352 -1.0700177 ],[-0.95705163  0.4381761  -1.21731532]
8.109717200000002,[ 0.83701587  0.16143823 -1.07013369],[-0.95719159  0.43826655 -1.21736038]
8.117485600000002,[ 0.83689415  0.1617678  -1.07027328],[-0.95725054  0.43834361 -1.21722198]
8.1264949,[ 0.8368066   0.16213062 -1.07043934],[-0.95736569  0.43840212 -1.21724391]
8.1427215,[ 0.83661383  0.16274214 -1.0707016 ],[-0.95758015  0.43843356 -1.21732247]
8.150907500000002,[ 0.83647484  0.16296642 -1.07081163],[-0.9576841   0.43842193 -1.21737087]
8.159727100000001,[ 0.83631396  0.16319746 -1.07094288],[-0.95778149  0.43840575 -1.21741831]
8.1677483,[ 0.83615011  0.16340248 -1.07104754],[-0.95788622  0.43837059 -1.21748543]
8.1759996,[ 0.83599865  0.16361588 -1.07116354],[-0.9579922   0.43832347 -1.21752596]
8.184386100000001,[ 0.83582675  0.16383147 -1.07129514],[-0.95811355  0.43827787 -1.21754372]
8.192574400000002,[ 0.83565271  0.16406856 -1.07144082],[-0.95822489  0.43822271 -1.21756828]
8.2010771,[ 0.83549273  0.16430125 -1.07156718],[-0.95835036  0.43816197 -1.21759164]
8.209837700000001,[ 0.8353352   0.16452324 -1.07171893],[-0.95849717  0.43809333 -1.21761858]
8.218716,[ 0.83518595  0.16475588 -1.07185459],[-0.95859319  0.43798119 -1.21765661]
8.226699100000001,[ 0.83500063  0.16500315 -1.0720166 ],[-0.95875281  0.43790331 -1.21768105]
8.2351442,[ 0.83480704  0.16526395 -1.07218039],[-0.95895052  0.43788773 -1.21771753]
8.243214600000002,[ 0.83463538  0.16553299 -1.07233799],[-0.95912743  0.43781897 -1.21772492]
8.251750400000002,[ 0.83445752  0.16579436 -1.07249737],[-0.95931256  0.43773329 -1.21774232]
8.259908500000002,[ 0.83424091  0.16607076 -1.07267928],[-0.9594962   0.43761721 -1.21773338]
8.2683434,[ 0.83405691  0.16632824 -1.07284701],[-0.95969218  0.43750075 -1.21774149]
8.276901000000002,[ 0.83388621  0.16658162 -1.07301462],[-0.95990425  0.4373931  -1.21774435]
8.284998000000002,[ 0.83368146  0.16686141 -1.07319379],[-0.96012151  0.43728787 -1.21776128]
8.2940604,[ 0.83344698  0.16715874 -1.07337618],[-0.96036536  0.43716913 -1.21776175]
8.3014993,[ 0.83324188  0.16742605 -1.07355893],[-0.96062601  0.43704107 -1.21775579]
8.309462100000001,[ 0.83303607  0.16768804 -1.0737499 ],[-0.96092826  0.43690088 -1.21789801]
8.3175295,[ 0.83279109  0.16796947 -1.07394075],[-0.96121007  0.43681046 -1.2178961 ]
8.3263191,[ 0.83256459  0.16822205 -1.07414782],[-0.9614951   0.43672097 -1.21789598]
8.3343238,[ 0.8323862   0.16849463 -1.07442403],[-0.96181077  0.43664688 -1.21788466]
8.342660600000002,[ 0.83218193  0.16875367 -1.07466817],[-0.96217346  0.43657255 -1.21785998]
8.3508989,[ 0.83196616  0.16902827 -1.07493639],[-0.9624666   0.43648684 -1.21785986]
8.359608399999999,[ 0.83162975  0.16919146 -1.07507193],[-0.96276671  0.43639326 -1.21784794]
8.3678341,[ 0.83138776  0.16940698 -1.07530904],[-0.96307707  0.43631476 -1.21784449]
8.375901200000001,[ 0.83113277  0.16962013 -1.07557046],[-0.9633882   0.43626502 -1.21785116]
8.384341,[ 0.83088899  0.1698408  -1.0758338 ],[-0.9636687   0.43622991 -1.21785367]
8.3939171,[ 0.83072066  0.17008124 -1.07617557],[-0.96396059  0.43618685 -1.21786046]
8.4048883,[ 0.83033794  0.17047404 -1.07661295],[-0.96438599  0.43608114 -1.21785355]
8.414176900000001,[ 0.82996309  0.17067677 -1.07682049],[-0.96464992  0.43601364 -1.21784818]
8.4228549,[ 0.82966244  0.17092563 -1.07710302],[-0.96490806  0.43595666 -1.21786702]
8.4304524,[ 0.82936072  0.17115846 -1.0773865 ],[-0.9651711   0.43590552 -1.21786964]
8.438735300000001,[ 0.82903141  0.17155592 -1.07776678],[-0.96540546  0.43587348 -1.21789098]
8.449025200000001,[ 0.82865536  0.17176248 -1.07793379],[-0.96558779  0.43586698 -1.21785045]
8.457402300000002,[ 0.82826543  0.17209844 -1.07825649],[-0.96576154  0.43582413 -1.21787262]
8.4657533,[ 0.82789934  0.17237549 -1.07854164],[-0.96591842  0.4357639  -1.21789241]
8.4727773,[ 0.82748127  0.17264506 -1.07881927],[-0.96605176  0.4356904  -1.21793032]
8.480716900000001,[ 0.82717419  0.17291228 -1.07909715],[-0.96618092  0.4356021  -1.21796405]
8.4885515,[ 0.82667953  0.17314297 -1.07924914],[-0.96629614  0.43552443 -1.21799731]
8.4972144,[ 0.82624447  0.17344858 -1.07949662],[-0.96640784  0.4354521  -1.21802807]
8.5054133,[ 0.82575494  0.17379013 -1.07978153],[-0.96650577  0.43538424 -1.21806383]
8.5134982,[ 0.8253808   0.17416002 -1.08006895],[-0.96660835  0.43532372 -1.2180804 ]
8.5222497,[ 0.82481509  0.17439435 -1.08024025],[-0.96668106  0.43522376 -1.21810067]
8.5306995,[ 0.82432085  0.17465302 -1.08043802],[-0.96673626  0.43509224 -1.21812689]
8.5387375,[ 0.82382697  0.17497444 -1.08070397],[-0.9668057   0.43487301 -1.21825731]
8.5467479,[ 0.82332224  0.17533386 -1.08097076],[-0.96684855  0.43472135 -1.21829069]
8.5552052,[ 0.8227554   0.17565273 -1.08121288],[-0.96689874  0.43456694 -1.21832097]
8.563416500000002,[ 0.82224607  0.17599232 -1.08142495],[-0.96693444  0.43442032 -1.21835375]
8.5723731,[ 0.82159418  0.17624328 -1.0816077 ],[-0.96697158  0.43428686 -1.21837366]
8.5802279,[ 0.8210116   0.17658351 -1.08187163],[-0.96698254  0.43413848 -1.21839535]
8.589307900000001,[ 0.82047474  0.17695473 -1.08211231],[-0.96699524  0.43399277 -1.21841633]
8.5967737,[ 0.81981254  0.17720339 -1.08234859],[-0.9669891   0.43382171 -1.21844113]
8.605721200000001,[ 0.819318    0.17745021 -1.08239198],[-0.96696848  0.43364352 -1.21846592]
8.613641100000002,[ 0.81858194  0.17774191 -1.08277357],[-0.96687937  0.43341091 -1.21849871]
8.6217051,[ 0.8179121   0.17804326 -1.08304489],[-0.96685857  0.43320808 -1.21851742]
