0.000617099999999482,[ 0.84844041  0.29123545 -1.23446834],[-1.01374245  0.31232297 -1.23268056]
0.009112099999999401,[ 0.84846699  0.29111594 -1.23443305],[-1.01382864  0.31228116 -1.23254478]
0.01716249999999775,[ 0.84849441  0.29100874 -1.23438132],[-1.0139302   0.31223854 -1.23242009]
0.027069899999997205,[ 0.84852767  0.29087937 -1.23430896],[-1.01410723  0.31224161 -1.23226357]
0.03534479999999718,[ 0.84855038  0.29081696 -1.23425663],[-1.01425207  0.31224746 -1.23216498]
0.04369649999999936,[ 0.84859443  0.29076859 -1.23419833],[-1.01440525  0.31223705 -1.23205829]
0.050474599999997594,[ 0.84861088  0.29074165 -1.23416531],[-1.01449311  0.31222621 -1.23200524]
0.059119799999997724,[ 0.84867156  0.29068145 -1.2340982 ],[-1.01466894  0.31222087 -1.23191822]
0.06723739999999978,[ 0.84872717  0.29065239 -1.23404586],[-1.01486337  0.31219277 -1.23185432]
0.07704279999999741,[ 0.84883273  0.29062322 -1.23399532],[-1.01515353  0.31215015 -1.23178005]
0.08552429999999944,[ 0.84891641  0.29062405 -1.23394394],[-1.01535153  0.31212682 -1.23173511]
0.09397309999999948,[ 0.84900635  0.29062876 -1.23390269],[-1.01555371  0.31209981 -1.23168838]
0.1019445999999995,[ 0.84908575  0.29067719 -1.23387754],[-1.01576579  0.31209648 -1.23168218]
0.11027009999999748,[ 0.84917265  0.29072794 -1.23386502],[-1.01598597  0.31206894 -1.23167455]
0.11876039999999932,[ 0.84927493  0.29075825 -1.23384261],[-1.01620615  0.31201819 -1.23166001]
0.12689499999999754,[ 0.84937823  0.29078344 -1.23382497],[-1.01642323  0.31193426 -1.23164368]
0.13509290000000007,[ 0.84948319  0.2908363  -1.23382187],[-1.01664865  0.31183052 -1.23164535]
0.14357850000000028,[ 0.84958577  0.29090676 -1.23384237],[-1.01688337  0.31171978 -1.23166025]
0.1519528000000001,[ 0.84969085  0.2909601  -1.23386228],[-1.01710939  0.31160703 -1.23166251]
0.15886989999999912,[ 0.84974486  0.2909891  -1.23386765],[-1.01722467  0.31153923 -1.23166645]
0.16745029999999872,[ 0.84984618  0.29104125 -1.2338748 ],[-1.01746809  0.31140518 -1.23164856]
0.1750664999999998,[ 0.84993464  0.29111233 -1.23389435],[-1.017717    0.31128848 -1.23164546]
0.18347989999999825,[ 0.85000938  0.29118916 -1.23390889],[-1.01793516  0.31116721 -1.2316407 ]
0.19168900000000022,[ 0.85008252  0.29123992 -1.23391521],[-1.01816773  0.31102931 -1.23162079]
0.20071839999999952,[ 0.85016459  0.29126316 -1.23390126],[-1.01838958  0.31087756 -1.23159337]
0.21015689999999765,[ 0.85025948  0.29131484 -1.23388875],[-1.01873851  0.31066579 -1.23154545]
0.2186875999999991,[ 0.85030049  0.29137167 -1.23387122],[-1.01897478  0.31054273 -1.23149204]
0.2272535999999974,[ 0.85032064  0.29141662 -1.23385084],[-1.01919293  0.31044608 -1.23142576]
0.2350242999999992,[ 0.85033768  0.29144439 -1.23381925],[-1.01941729  0.31034198 -1.23132885]
0.2434580000000004,[ 0.85035855  0.29147527 -1.23377419],[-1.01963055  0.31023237 -1.23123705]
0.250559599999999,[ 0.85036182  0.29148221 -1.23375487],[-1.01973271  0.31018841 -1.23120451]
0.2591526000000002,[ 0.85036105  0.29152149 -1.23371184],[-1.0199455   0.31009376 -1.23112965]
0.26718819999999965,[ 0.85035449  0.29153588 -1.23365092],[-1.02015054  0.31001607 -1.23106337]
0.27550270000000054,[ 0.85033733  0.29153344 -1.23359013],[-1.0203408   0.30994141 -1.23098016]
0.28361519999999985,[ 0.85031068  0.29152232 -1.23350036],[-1.0205127   0.30990967 -1.2308991 ]
0.29371360000000024,[ 0.8502394   0.29151201 -1.23338294],[-1.02075636  0.30990979 -1.23078799]
0.30212239999999824,[ 0.85018945  0.2914955  -1.23328781],[-1.02090228  0.30994007 -1.23071826]
0.31030349999999984,[ 0.85013437  0.29147756 -1.23319006],[-1.02102435  0.30996796 -1.23063004]
0.3187476999999994,[ 0.85008073  0.29145876 -1.23308969],[-1.02112007  0.31000885 -1.23055625]
0.32688899999999776,[ 0.85005218  0.29144406 -1.23300314],[-1.02121913  0.31006891 -1.23049533]
0.33498449999999735,[ 0.85000861  0.2914429  -1.23291433],[-1.02130723  0.31013253 -1.23044086]
0.3434509999999982,[ 0.84995794  0.2914654  -1.23282099],[-1.02139068  0.3102001  -1.2303865 ]
0.3517817999999977,[ 0.84991032  0.29147929 -1.23271823],[-1.0214659   0.31029493 -1.23031056]
0.35873189999999866,[ 0.84988362  0.29148105 -1.23267329],[-1.02150536  0.31034142 -1.23028183]
0.36915869999999984,[ 0.84981173  0.29149213 -1.23252952],[-1.02160168  0.31047979 -1.2301811 ]
0.37710569999999777,[ 0.84977931  0.29148519 -1.23244524],[-1.02166355  0.31056702 -1.23011839]
0.38539929999999956,[ 0.84975171  0.29147595 -1.232355  ],[-1.02170694  0.31062615 -1.23004997]
0.3935418999999989,[ 0.8497448   0.29142407 -1.23227274],[-1.02172315  0.31067929 -1.2299813 ]
0.4027294999999995,[ 0.84974176  0.29138711 -1.23220444],[-1.02174902  0.31073985 -1.22991586]
0.41107169999999726,[ 0.84974337  0.29135811 -1.23214459],[-1.02178061  0.31081951 -1.22985506]
0.4192909,[ 0.84976041  0.29136825 -1.23201561],[-1.02179825  0.31089637 -1.22979236]
0.42759019999999737,[ 0.84976548  0.29136527 -1.23187029],[-1.02182782  0.31098396 -1.22972405]
0.43623389999999773,[ 0.84980547  0.29131633 -1.23181415],[-1.02184141  0.31107143 -1.22965765]
0.4440181999999986,[ 0.84985697  0.29124257 -1.23178911],[-1.02185202  0.31115946 -1.22960448]
0.45204629999999923,[ 0.84991384  0.2911624  -1.2317754 ],[-1.02184331  0.3112129  -1.2295351 ]
0.46089509999999834,[ 0.84998125  0.29105395 -1.23176992],[-1.02184546  0.31126809 -1.22944462]
0.4692325000000004,[ 0.85005873  0.29093775 -1.23174906],[-1.0218271   0.31129983 -1.22935092]
0.4776802999999994,[ 0.85012847  0.29082823 -1.23173201],[-1.02181506  0.31132627 -1.22925067]
0.48577530000000024,[ 0.85019624  0.29071367 -1.23172879],[-1.02180433  0.3113696  -1.22915113]
0.49452679999999916,[ 0.85026813  0.29059875 -1.23171163],[-1.02179265  0.31140345 -1.22903252]
0.5036920999999985,[ 0.85034019  0.29042143 -1.23167777],[-1.0217787   0.31142876 -1.22890496]
0.5128646000000003,[ 0.85041165  0.29023868 -1.23164403],[-1.02174568  0.31144559 -1.22875202]
0.5214447999999976,[ 0.8504945   0.29005185 -1.23160589],[-1.02170801  0.3114616  -1.22862077]
0.5293928000000001,[ 0.85059094  0.28985688 -1.23155463],[-1.02167499  0.31149015 -1.22848427]
0.5400679000000004,[ 0.85073316  0.28952038 -1.23143554],[-1.0215987   0.31152669 -1.22826684]
0.5478021999999996,[ 0.85081893  0.28928638 -1.23134243],[-1.02155232  0.31153893 -1.22811639]
0.5559738000000003,[ 0.85088617  0.28905582 -1.2312516 ],[-1.02150941  0.3115741  -1.22796822]
0.5648431999999985,[ 0.85095006  0.28881451 -1.2311275 ],[-1.02146423  0.31159505 -1.22781253]
0.5728553999999981,[ 0.85100514  0.28855565 -1.23099136],[-1.02141261  0.31160429 -1.22765183]
0.5812007999999977,[ 0.85107541  0.28826937 -1.23082972],[-1.02136123  0.31157926 -1.22748828]
0.5894522999999978,[ 0.85115349  0.28797582 -1.23068106],[-1.02130294  0.31153196 -1.22732961]
0.5975356000000005,[ 0.85122824  0.28768769 -1.23052144],[-1.02125013  0.31149241 -1.22717524]
0.6058146999999998,[ 0.85130876  0.28738314 -1.23038602],[-1.02120805  0.31143501 -1.22703278]
0.6126511999999984,[ 0.85135317  0.28722143 -1.23031247],[-1.02118242  0.31140086 -1.22695506]
0.6209442999999979,[ 0.85142261  0.28692409 -1.23014152],[-1.02117884  0.31134298 -1.22687733]
0.6290750999999979,[ 0.85149944  0.28663379 -1.22997713],[-1.02113628  0.31125599 -1.22672462]
0.6362101999999972,[ 0.85156667  0.28635702 -1.2298044 ],[-1.02106547  0.31113663 -1.22659183]
0.6438995999999975,[ 0.85165262  0.28605783 -1.2296356 ],[-1.02101481  0.31100997 -1.22645068]
0.6520817000000001,[ 0.8517229   0.28574991 -1.2294699 ],[-1.02088785  0.31084269 -1.22621942]
0.6610853999999975,[ 0.85180676  0.28543979 -1.22930849],[-1.02081203  0.31070414 -1.22607696]
0.6688831999999998,[ 0.85189295  0.28511912 -1.22913337],[-1.02072942  0.31057945 -1.22595322]
0.6771370999999995,[ 0.85194939  0.28479567 -1.22897565],[-1.02067041  0.31047282 -1.22583914]
0.6854024999999986,[ 0.85200596  0.28447562 -1.22881413],[-1.02060914  0.3103587  -1.2257154 ]
0.6934863,[ 0.85205257  0.28415281 -1.2286346 ],[-1.02055204  0.31025362 -1.22557473]
0.7018652999999979,[ 0.8520937   0.28381237 -1.22845137],[-1.02048874  0.31014246 -1.22544742]
0.7085712999999991,[ 0.85211188  0.28364676 -1.22837341],[-1.02045095  0.31007841 -1.22539306]
0.7167965999999986,[ 0.85217142  0.28331241 -1.22821534],[-1.02040935  0.30996886 -1.22527814]
0.7253180999999991,[ 0.85223234  0.28298455 -1.2280668 ],[-1.0203557   0.30984846 -1.22517407]
0.7336755000000004,[ 0.85229182  0.2826542  -1.22793424],[-1.02029979  0.30974662 -1.2250613 ]
0.7417163999999978,[ 0.85233998  0.28232813 -1.22777283],[-1.02024293  0.30963901 -1.22496593]
0.7497238999999993,[ 0.85238004  0.28202477 -1.22760499],[-1.02018058  0.30957064 -1.2248714 ]
0.7566241999999974,[ 0.8524065   0.28173089 -1.22744477],[-1.02011669  0.30951014 -1.22477734]
0.7645266,[ 0.85242176  0.28143963 -1.22726119],[-1.02004158  0.3094292  -1.22469258]
0.7726211999999997,[ 0.85245419  0.28117141 -1.22707021],[-1.01996422  0.30932033 -1.22460723]
0.7800388999999974,[ 0.85248476  0.28103241 -1.22696447],[-1.01992083  0.30926239 -1.2245574 ]
0.7893367999999974,[ 0.8525629   0.28062102 -1.22665489],[-1.01983309  0.30910155 -1.22451866]
0.7975992000000005,[ 0.85256863  0.2803525  -1.22643602],[-1.01976943  0.30900618 -1.22443283]
0.806103499999999,[ 0.85258001  0.28009772 -1.22619176],[-1.01970816  0.30892128 -1.22433889]
0.8146687999999997,[ 0.85258973  0.27983928 -1.22592318],[-1.01963127  0.30884373 -1.22426033]
0.822774299999999,[ 0.85259867  0.2795988  -1.22567058],[-1.01952636  0.30874851 -1.22410262]
0.8316312000000003,[ 0.85262692  0.27936357 -1.22544634],[-1.0194608   0.30867961 -1.22400451]
0.8397958999999986,[ 0.85266358  0.2791433  -1.22521472],[-1.01937258  0.30860215 -1.22392213]
0.8474818000000006,[ 0.85270667  0.278905   -1.22496796],[-1.01927876  0.30852687 -1.22383809]
0.8550412999999999,[ 0.85273665  0.2787697  -1.22484195],[-1.01922691  0.30850184 -1.22379565]
0.8645052999999976,[ 0.85281229  0.27840579 -1.22442389],[-1.01909053  0.30844343 -1.22365201]
0.8725174999999972,[ 0.85285753  0.27816764 -1.22417891],[-1.01901138  0.30841759 -1.22356296]
0.8795419999999972,[ 0.85288841  0.2780461  -1.22405565],[-1.01897645  0.30841416 -1.22350764]
0.8880692000000003,[ 0.8529461   0.27777916 -1.22379041],[-1.0188992   0.30840918 -1.22340059]
0.8963067000000002,[ 0.85301477  0.27748784 -1.22350037],[-1.01881278  0.30838212 -1.22329009]
0.9049124000000006,[ 0.85309047  0.27718705 -1.22320771],[-1.0187254   0.3083562  -1.22318685]
0.912764199999998,[ 0.85316932  0.27686292 -1.22294211],[-1.01863611  0.30832368 -1.22308338]
0.9228571999999993,[ 0.85329777  0.27633357 -1.22249675],[-1.01850426  0.30827639 -1.22293103]
0.9312240000000003,[ 0.85336006  0.27600721 -1.22218728],[-1.01843309  0.30829027 -1.22280431]
0.9398893999999984,[ 0.85344136  0.2756615  -1.22188973],[-1.01835871  0.30831259 -1.22268534]
0.9477775999999984,[ 0.85352433  0.27530932 -1.22161806],[-1.01830173  0.3083463  -1.22256708]
0.9560675999999972,[ 0.85361159  0.27491572 -1.22132432],[-1.01823092  0.30836922 -1.22245693]
0.9649015999999975,[ 0.85369653  0.27448502 -1.22100925],[-1.01815081  0.30839533 -1.22233474]
0.9726752999999988,[ 0.8537848   0.27402115 -1.22073042],[-1.01806104  0.3084068  -1.22221017]
0.9813391999999972,[ 0.85388446  0.27356008 -1.22045815],[-1.0179733   0.30843067 -1.2221024 ]
0.9893769999999975,[ 0.85398567  0.27312052 -1.22020185],[-1.01792109  0.30846357 -1.22197986]
0.9975865000000006,[ 0.8540867   0.27267876 -1.2198987 ],[-1.01785362  0.30852416 -1.22186935]
1.0060350999999983,[ 0.8541736   0.27224895 -1.21961713],[-1.01777089  0.30856809 -1.22174132]
1.0155227999999994,[ 0.85425597  0.27178818 -1.21934676],[-1.01769018  0.30858636 -1.22161651]
1.0234641999999994,[ 0.85436636  0.27132544 -1.21908116],[-1.01760542  0.30859512 -1.22149968]
1.0333939999999977,[ 0.85448438  0.27081195 -1.21882725],[-1.01751983  0.308608   -1.22140121]
1.0425176999999977,[ 0.85460794  0.27031964 -1.21856606],[-1.0174278   0.30860704 -1.22128463]
1.052101699999998,[ 0.85479134  0.2695851  -1.21818471],[-1.01728117  0.30856955 -1.22112   ]
1.060860599999998,[ 0.8549124   0.26914799 -1.21796179],[-1.01720548  0.30856848 -1.22101951]
1.0686854999999973,[ 0.85503167  0.26868394 -1.21772361],[-1.01712477  0.30857438 -1.22092748]
1.0775129999999997,[ 0.85515869  0.26821876 -1.21747851],[-1.01705921  0.30859217 -1.22081792]
1.0852196999999997,[ 0.85526985  0.26773843 -1.2172482 ],[-1.01697683  0.30856526 -1.22070479]
1.0941486000000005,[ 0.85540402  0.26724392 -1.21704829],[-1.01688993  0.30852866 -1.2206068 ]
1.1023096999999993,[ 0.85553396  0.26681605 -1.21685791],[-1.01678979  0.30849096 -1.22053015]
1.1107230999999977,[ 0.85565484  0.2663663  -1.21656489],[-1.01669168  0.30845091 -1.22044492]
1.1186575999999988,[ 0.85574603  0.26594609 -1.21632171],[-1.01659548  0.30842164 -1.2203548 ]
1.1269860999999999,[ 0.85583246  0.26554066 -1.21610379],[-1.01650512  0.30839646 -1.22026289]
1.1362780999999984,[ 0.85592359  0.26514983 -1.21589816],[-1.01642048  0.30837154 -1.2201829 ]
1.1437287000000005,[ 0.85599571  0.26480046 -1.21570003],[-1.01632464  0.30833343 -1.22012091]
1.1527014999999992,[ 0.85606045  0.26441532 -1.21545804],[-1.01622212  0.30827388 -1.2200551 ]
1.1602926999999994,[ 0.85610682  0.26405093 -1.21518266],[-1.01610649  0.3081952  -1.2199924 ]
1.1686887999999982,[ 0.8561573   0.26371565 -1.21491897],[-1.01599193  0.30811799 -1.21994531]
1.1769283000000001,[ 0.85620475  0.26340681 -1.21468449],[-1.01589406  0.3080529  -1.21990108]
1.1853133999999983,[ 0.85624683  0.26311487 -1.21445203],[-1.0157938   0.30800697 -1.21985352]
1.1934499999999986,[ 0.8562668   0.26283437 -1.21422291],[-1.01569378  0.3079696  -1.21979272]
1.2005155999999992,[ 0.85627306  0.26269373 -1.21409464],[-1.01565099  0.30794993 -1.21976602]
1.2083388,[ 0.85627848  0.26241988 -1.21385169],[-1.01555753  0.3079367  -1.21970761]
1.2153086000000002,[ 0.85631061  0.26213542 -1.21360302],[-1.01547551  0.30792001 -1.21965802]
1.2224214999999994,[ 0.85632783  0.26184019 -1.21340215],[-1.01538801  0.30789411 -1.2196089 ]
1.2311416999999985,[ 0.85636204  0.26152223 -1.21317852],[-1.01530731  0.30785465 -1.21955311]
1.2396977000000007,[ 0.85639536  0.26121521 -1.21296787],[-1.01524091  0.30783132 -1.21949863]
1.2478321999999977,[ 0.8564086   0.26094601 -1.21275735],[-1.01518583  0.30782109 -1.21943903]
1.257318099999999,[ 0.85642374  0.2606701  -1.21255136],[-1.01514173  0.30784804 -1.2193805 ]
1.2653564999999993,[ 0.85643399  0.26039967 -1.21234429],[-1.01510358  0.30788031 -1.21931589]
1.2733861999999974,[ 0.856453    0.26015279 -1.21214378],[-1.01505554  0.30791408 -1.21924424]
1.2810551999999973,[ 0.85648435  0.25990814 -1.21195316],[-1.01500058  0.30794144 -1.21916878]
1.2896584000000004,[ 0.85653102  0.2596392  -1.21178627],[-1.01494586  0.30794775 -1.21911585]
1.2978553999999995,[ 0.85657692  0.2593376  -1.21160948],[-1.01487803  0.30795637 -1.21905768]
1.3061703999999992,[ 0.8566364   0.25906605 -1.21143329],[-1.01481473  0.30796853 -1.21899366]
1.314414799999998,[ 0.85668159  0.25878552 -1.21126294],[-1.01475537  0.30798635 -1.21892822]
1.3227206999999979,[ 0.85673809  0.25850007 -1.2110914 ],[-1.0147059   0.30800441 -1.21885431]
1.3309986999999985,[ 0.85679579  0.25822869 -1.21093524],[-1.01470935  0.30807787 -1.21889281]
1.3393504999999983,[ 0.85686862  0.25796357 -1.21080077],[-1.01465464  0.30808496 -1.2188288 ]
1.347930999999999,[ 0.85695642  0.25766483 -1.21069419],[-1.01459634  0.30805576 -1.21876645]
1.3559914999999982,[ 0.85706395  0.257314   -1.21059275],[-1.01448727  0.30797458 -1.21863556]
1.3658034999999984,[ 0.85716498  0.2569699  -1.2104913 ],[-1.01444745  0.30791059 -1.21856904]
1.3755693999999998,[ 0.85724711  0.25663728 -1.21040714],[-1.01440358  0.30786127 -1.21852732]
1.3865346999999986,[ 0.85737348  0.25619388 -1.21023703],[-1.01434731  0.30779845 -1.21845722]
1.3957419999999985,[ 0.8574602   0.25587532 -1.21010625],[-1.01430571  0.30774087 -1.21840417]
1.4046655000000001,[ 0.85756743  0.25552925 -1.21000314],[-1.01426113  0.30767655 -1.21835721]
1.4158425000000001,[ 0.85773087  0.25499433 -1.20987296],[-1.01419353  0.30757102 -1.21833348]
1.4250995999999994,[ 0.85782659  0.25462574 -1.20979381],[-1.01411843  0.30743223 -1.21832073]
1.4326709999999991,[ 0.85791105  0.25422129 -1.209692  ],[-1.01403797  0.30728149 -1.2183038 ]
1.440157899999999,[ 0.85798073  0.25383618 -1.20958316],[-1.01396728  0.30715725 -1.21829414]
1.448334299999999,[ 0.85803252  0.25345758 -1.20947385],[-1.01391208  0.30706072 -1.2183001 ]
1.4565736999999999,[ 0.85808849  0.25307971 -1.20938182],[-1.01385033  0.30693522 -1.21829796]
1.464792899999999,[ 0.85813016  0.25267428 -1.20927966],[-1.01377439  0.30678678 -1.218297  ]
1.4732880000000002,[ 0.8581937   0.25224513 -1.20918405],[-1.01369286  0.30663091 -1.21828866]
1.4812060000000002,[ 0.85824472  0.25183237 -1.20913994],[-1.01365376  0.30651242 -1.21836579]
1.4897478999999976,[ 0.85829639  0.25139806 -1.20908701],[-1.01354086  0.30632323 -1.21831954]
1.4977814999999985,[ 0.85833269  0.25092116 -1.20897138],[-1.01344895  0.30615619 -1.21831834]
1.5063835999999995,[ 0.85836381  0.25044757 -1.20885491],[-1.01337492  0.30602413 -1.21830785]
1.514568699999998,[ 0.8583861   0.2499892  -1.20876789],[-1.01331162  0.30591995 -1.21831107]
1.5231755000000007,[ 0.85840905  0.24955447 -1.20870352],[-1.01324821  0.30582926 -1.21832657]
1.5312924999999993,[ 0.85842407  0.24905628 -1.20861268],[-1.01317477  0.30572763 -1.21835017]
1.5400682000000003,[ 0.8584556   0.24852598 -1.20849061],[-1.01308298  0.3055819  -1.21837187]
1.5479513999999988,[ 0.85849917  0.24797992 -1.20837736],[-1.01299155  0.30542466 -1.21838903]
1.5560109000000004,[ 0.85855669  0.24747834 -1.20828843],[-1.0128988  0.3052904 -1.2184248]
1.5644870999999974,[ 0.85859537  0.24692582 -1.20821321],[-1.01281476  0.305172   -1.21845567]
1.5726844999999976,[ 0.85862833  0.24638192 -1.20811212],[-1.01272869  0.30505648 -1.21848607]
1.5815394000000005,[ 0.85865176  0.24586809 -1.20802915],[-1.01264608  0.30495864 -1.21850955]
1.612176299999998,[ 0.8588258   0.24426317 -1.20783472],[-1.01241815  0.30466214 -1.21865821]
1.6210725000000004,[ 0.85892916  0.24340011 -1.20777988],[-1.01237094  0.3045221  -1.21882653]
1.6294475999999989,[ 0.85900605  0.24285737 -1.20775104],[-1.01229966  0.30441794 -1.21887791]
1.6382595999999978,[ 0.85907608  0.24234682 -1.2077533 ],[-1.01218438  0.30429667 -1.21884382]
1.647358699999998,[ 0.8591451   0.24159305 -1.20772338],[-1.01213658  0.30418605 -1.218907  ]
1.655013799999999,[ 0.85917604  0.24134287 -1.20771575],[-1.01212251  0.30414733 -1.21892738]
1.6644420999999987,[ 0.85928971  0.24058984 -1.20769811],[-1.0120647   0.30398813 -1.21898949]
1.6740754999999972,[ 0.85937154  0.24005385 -1.20769799],[-1.01202309  0.30387825 -1.21904218]
1.681966499999998,[ 0.8594383   0.23951621 -1.2076906 ],[-1.01196301  0.303758   -1.21910322]
1.6901577000000003,[ 0.8594951   0.23897676 -1.20769155],[-1.01189256  0.30364192 -1.2191453 ]
1.6977401999999984,[ 0.85954648  0.23846781 -1.20770705],[-1.01184738  0.30354416 -1.21916997]
1.7061443999999995,[ 0.85959578  0.23796308 -1.20770299],[-1.01181471  0.30347395 -1.2192167 ]
1.7139764,[ 0.85963738  0.2374575  -1.20770538],[-1.0117898   0.30342144 -1.21926105]
1.7212528999999996,[ 0.85965097  0.23719168 -1.20770359],[-1.011778    0.30338576 -1.21928906]
1.7291714999999996,[ 0.85967255  0.23667435 -1.20769799],[-1.01173544  0.30328777 -1.21933115]
1.737759399999998,[ 0.85972315  0.23614867 -1.20769358],[-1.01169467  0.3031759  -1.21937132]
1.7458402999999976,[ 0.85977805  0.23562418 -1.20768631],[-1.01168025  0.3030822  -1.21949005]
1.7546870000000006,[ 0.85982752  0.23509854 -1.20770228],[-1.01164591  0.30297983 -1.21953189]
1.7628979999999999,[ 0.85986042  0.23456    -1.20768774],[-1.01159823  0.30289558 -1.21956611]
1.7727781999999976,[ 0.85986662  0.23379463 -1.20764291],[-1.0115428   0.30279806 -1.21961558]
1.7811704000000006,[ 0.85988307  0.23331077 -1.20761991],[-1.01151717  0.30276841 -1.21962619]
1.7894246000000003,[ 0.85988492  0.23282346 -1.20759535],[-1.01148486  0.30271459 -1.21965706]
1.7977186999999972,[ 0.85987186  0.23232661 -1.20757091],[-1.01139081  0.30261606 -1.21960664]
1.8060592999999976,[ 0.85988098  0.23178951 -1.20753419],[-1.0113498   0.30253306 -1.21961057]
1.8153155000000005,[ 0.85987872  0.2312545  -1.20748961],[-1.01130033  0.30244744 -1.21961582]
1.8237389999999998,[ 0.85988575  0.23076244 -1.20743108],[-1.01126516  0.30240381 -1.21961772]
1.8334420999999992,[ 0.85985798  0.23029479 -1.20738554],[-1.01123309  0.30239525 -1.21960962]
1.841884799999999,[ 0.85981661  0.22983678 -1.2073313 ],[-1.01118553  0.30237931 -1.21960521]
1.8499030999999988,[ 0.85976565  0.22936124 -1.20725262],[-1.01115012  0.30237201 -1.21957493]
1.8585194999999999,[ 0.85972887  0.22888313 -1.20720136],[-1.01110113  0.30235112 -1.21955383]
1.8667602999999993,[ 0.85969967  0.22841641 -1.20715404],[-1.01104593  0.30233297 -1.2195462 ]
1.8758266999999975,[ 0.85965192  0.22790454 -1.20710325],[-1.01099956  0.30232719 -1.21955264]
1.883863999999999,[ 0.85960525  0.22739853 -1.20701325],[-1.01093733  0.30230993 -1.21954429]
1.8935833999999971,[ 0.85951114  0.22670946 -1.20687127],[-1.01087368  0.30235022 -1.21951389]
1.9025246999999972,[ 0.85942179  0.22625494 -1.20679545],[-1.01084542  0.30242887 -1.21948922]
1.9102452999999997,[ 0.85933441  0.22580682 -1.20673025],[-1.01084042  0.30250198 -1.21945488]
1.9186173999999987,[ 0.85922998  0.22535521 -1.20666111],[-1.01081157  0.30256107 -1.21942532]
1.9269092999999984,[ 0.85915524  0.22486889 -1.20658898],[-1.01078033  0.30261263 -1.21939003]
1.9353119999999997,[ 0.85906821  0.22438823 -1.20653117],[-1.01075625  0.30268118 -1.21936488]
1.9435988000000002,[ 0.85899764  0.22392763 -1.20645785],[-1.01075137  0.30275679 -1.219347  ]
1.9524802999999977,[ 0.85890782  0.22351176 -1.20639992],[-1.01073432  0.3028512  -1.21932089]
1.9604113000000005,[ 0.85879403  0.22312205 -1.2063148 ],[-1.01072228  0.30297151 -1.21928585]
1.969285799999998,[ 0.85867006  0.22273472 -1.20623147],[-1.01070035  0.30312815 -1.21924841]
1.9773977999999985,[ 0.85854656  0.22237283 -1.20613337],[-1.01066923  0.30329537 -1.21922433]
1.9858805000000004,[ 0.85842478  0.22200316 -1.20602512],[-1.01063931  0.30347091 -1.2192136 ]
1.9937556,[ 0.85830581  0.22161411 -1.20592558],[-1.01059937  0.30361652 -1.21920907]
2.0019427999999984,[ 0.85818875  0.22120641 -1.20582318],[-1.01055396  0.30377024 -1.21919358]
2.0117960000000004,[ 0.85805613  0.22073133 -1.20579612],[-1.01051509  0.30396736 -1.21918368]
2.019379999999998,[ 0.85792124  0.22036648 -1.20572603],[-1.01048565  0.30416694 -1.21917975]
2.0276847999999994,[ 0.85775894  0.21999924 -1.20564854],[-1.01048112  0.304389   -1.21918881]
2.0353593999999973,[ 0.85760063  0.21962433 -1.20556772],[-1.01045954  0.30461028 -1.21917927]
2.043719799999998,[ 0.85745472  0.21933807 -1.2054075 ],[-1.01042283  0.30479157 -1.21916604]
2.0520046999999977,[ 0.85729265  0.21888511 -1.20539856],[-1.01038361  0.30496857 -1.21915853]
2.0603273999999985,[ 0.85714394  0.21850717 -1.20532334],[-1.0103277   0.30511874 -1.21916783]
2.068848899999999,[ 0.85700399  0.21813259 -1.20523953],[-1.01025581  0.3052699  -1.21916544]
2.076614599999999,[ 0.85686821  0.21779506 -1.20516956],[-1.01019859  0.30540016 -1.21915364]
2.0840463999999983,[ 0.85681152  0.21769978 -1.20507288],[-1.01018751  0.30547622 -1.21914339]
2.0935475999999973,[ 0.85657203  0.21725354 -1.20495331],[-1.01014757  0.30573499 -1.21914518]
2.1027530999999975,[ 0.85641921  0.21697406 -1.20486414],[-1.01010168  0.30590054 -1.21917033]
2.110221899999999,[ 0.85627186  0.21667434 -1.20478773],[-1.01005065  0.30603519 -1.21916616]
2.1204459999999976,[ 0.85612184  0.21635896 -1.20470774],[-1.00996554  0.30614778 -1.21916735]
2.1280259999999984,[ 0.85598457  0.21606661 -1.20464551],[-1.00988293  0.30623457 -1.21917439]
2.137366499999999,[ 0.85585129  0.21580966 -1.20459056],[-1.00979996  0.30630568 -1.21921217]
2.1459011999999973,[ 0.85569745  0.21556149 -1.20451725],[-1.00974023  0.30642831 -1.21924269]
2.154876999999999,[ 0.85552996  0.21534134 -1.20445013],[-1.00967669  0.30656159 -1.21928406]
2.1645866,[ 0.85526931  0.21505675 -1.20433044],[-1.0095607   0.30679175 -1.21931601]
2.1726107,[ 0.85510892  0.21487682 -1.20424914],[-1.00947475  0.30691788 -1.21934664]
2.179944899999999,[ 0.85502428  0.21480635 -1.20420754],[-1.0094353   0.30696476 -1.21937537]
2.1895007,[ 0.85480267  0.2145637  -1.2040652 ],[-1.00931883  0.3070879  -1.21946597]
2.1984151999999995,[ 0.85466331  0.2144106  -1.2039578 ],[-1.00921822  0.30716145 -1.21953678]
2.2060785000000003,[ 0.8544957   0.21431606 -1.20387256],[-1.00914729  0.30724978 -1.21960616]
2.2155497000000004,[ 0.85432643  0.2142271  -1.20380497],[-1.0090661  0.3073712 -1.2196852]
2.2228204999999974,[ 0.85417342  0.21413492 -1.20373869],[-1.00897372  0.30750948 -1.2197473 ]
2.2318554000000006,[ 0.8540132   0.21408419 -1.20367455],[-1.00886405  0.30764848 -1.21979582]
2.2396791999999976,[ 0.85386544  0.21401417 -1.20362246],[-1.00875151  0.30778587 -1.21985364]
2.2483970999999983,[ 0.8537367   0.21394128 -1.20357335],[-1.008636    0.30790558 -1.21994174]
2.256219599999998,[ 0.85361534  0.21385179 -1.20352578],[-1.00852728  0.30800566 -1.2200321 ]
2.2643310999999997,[ 0.85348475  0.21376431 -1.20348287],[-1.00842285  0.30809975 -1.22011757]
2.273723799999999,[ 0.85335523  0.21369541 -1.20346522],[-1.00832117  0.30820346 -1.22018623]
2.2821310999999973,[ 0.85322714  0.21366672 -1.20344579],[-1.00822854  0.30833989 -1.22025895]
2.291279199999998,[ 0.85309798  0.21364252 -1.20344043],[-1.00813794  0.30848205 -1.22033226]
2.298835199999999,[ 0.85297418  0.21360594 -1.20344579],[-1.00804055  0.30861926 -1.22042227]
2.3071071999999972,[ 0.85287976  0.21356942 -1.20345604],[-1.00790894  0.30873191 -1.22050929]
2.3148440999999984,[ 0.85279989  0.21353194 -1.20348966],[-1.00775492  0.30885956 -1.22061062]
2.3236402999999974,[ 0.85273612  0.2135081  -1.20352459],[-1.00761545  0.30898082 -1.22071445]
2.331398499999999,[ 0.85267347  0.21348238 -1.20356703],[-1.00746608  0.30913547 -1.22081423]
2.339927499999998,[ 0.85260141  0.21349517 -1.20361078],[-1.00730944  0.30927351 -1.220909  ]
2.3484342999999974,[ 0.85254264  0.21352828 -1.2036705 ],[-1.00714266  0.30943966 -1.22100151]
2.356038399999999,[ 0.85248965  0.21358307 -1.20373273],[-1.00698292  0.30961657 -1.22109723]
2.3643721999999983,[ 0.85244727  0.21361777 -1.20377898],[-1.00682271  0.30978015 -1.22120583]
2.3727659999999986,[ 0.85243279  0.2136443  -1.20383596],[-1.00664353  0.30992049 -1.22132111]
2.3812390999999984,[ 0.85243344  0.2136703  -1.20389938],[-1.0064404   0.31004852 -1.22144306]
2.389258699999999,[ 0.85244423  0.21370973 -1.20395529],[-1.00622284  0.31017956 -1.22155762]
2.397610799999999,[ 0.85244626  0.21375644 -1.20401311],[-1.00598919  0.31031403 -1.22168171]
2.4060402999999972,[ 0.85245013  0.21383654 -1.20407879],[-1.00577629  0.31047741 -1.22181654]
2.4146912,[ 0.85245645  0.21395013 -1.2041496 ],[-1.00556576  0.31065759 -1.22195804]
2.4237949999999984,[ 0.85245699  0.21407515 -1.20422113],[-1.00533473  0.310821   -1.2220974 ]
2.4320148999999986,[ 0.85249513  0.21419138 -1.20430005],[-1.00509048  0.31097931 -1.22224462]
2.4402288,[ 0.85254604  0.21429069 -1.20438015],[-1.00481582  0.31112003 -1.2223953 ]
2.448615099999998,[ 0.85261732  0.21442866 -1.20446265],[-1.00452054  0.31125146 -1.22256827]
2.4564764999999973,[ 0.85269701  0.21458329 -1.2045548 ],[-1.00421262  0.31139046 -1.2227639 ]
2.4652579999999986,[ 0.85277754  0.21477258 -1.20463729],[-1.00387287  0.31154898 -1.22293687]
2.474038499999999,[ 0.85285205  0.21499455 -1.20471692],[-1.00354028  0.31172177 -1.22309566]
2.481727499999998,[ 0.85293156  0.21526864 -1.20479882],[-1.00318873  0.31191656 -1.22327805]
2.490473299999998,[ 0.85301661  0.21556294 -1.20488286],[-1.00285506  0.31210536 -1.2234602 ]
2.498491099999999,[ 0.85312134  0.21584329 -1.20497358],[-1.00251555  0.31228539 -1.22367573]
2.5072461999999973,[ 0.85323882  0.2161227  -1.20505142],[-1.00216675  0.31245077 -1.22388363]
2.5165010999999993,[ 0.85336345  0.21640466 -1.205127  ],[-1.00181198  0.31261349 -1.22407329]
2.524822099999998,[ 0.85348219  0.216711   -1.20521688],[-1.00146699  0.31275502 -1.2242769 ]
2.5331069999999976,[ 0.8535955   0.21701975 -1.20530784],[-1.00116968  0.31289163 -1.22447944]
2.540371799999999,[ 0.85371441  0.21733895 -1.2053951 ],[-1.00086284  0.31303582 -1.22467244]
2.5484282,[ 0.85383338  0.21770827 -1.20546854],[-1.00053346  0.31323647 -1.22485328]
2.5566290999999985,[ 0.85395288  0.2180728  -1.20554245],[-1.00022066  0.31342661 -1.22505629]
2.5660020999999986,[ 0.85407901  0.21844284 -1.20561695],[-0.99991053  0.31362435 -1.22527432]
2.5734427999999987,[ 0.85423267  0.2188015  -1.2056855 ],[-0.9995715   0.31380746 -1.22547996]
2.5833872999999983,[ 0.85438466  0.21919659 -1.20575452],[-0.99923486  0.31403175 -1.22566581]
2.591044199999999,[ 0.85451883  0.21963376 -1.20584345],[-0.99890786  0.3142812  -1.22584057]
2.5990222000000003,[ 0.85464913  0.2200712  -1.2059201 ],[-0.99862081  0.31456944 -1.22601736]
2.6081039999999973,[ 0.85478282  0.22052535 -1.20601487],[-0.998344    0.31488165 -1.22620273]
2.6164810000000003,[ 0.85492367  0.22099541 -1.20611441],[-0.99808037  0.31521428 -1.2263974 ]
2.625222899999997,[ 0.85506636  0.2214471  -1.20622945],[-0.9978056   0.3155182  -1.22660255]
2.6338291,[ 0.85523802  0.22193164 -1.2063508 ],[-0.99754137  0.31579301 -1.2268008 ]
2.6425087000000005,[ 0.85541201  0.22240672 -1.20643604],[-0.99726397  0.31603813 -1.22698808]
2.6504322999999985,[ 0.85556984  0.22286966 -1.20650184],[-0.99698681  0.31629169 -1.22716808]
2.6604373999999993,[ 0.85581023  0.22362722 -1.20659566],[-0.99659383  0.31670576 -1.22746646]
2.6690353999999985,[ 0.85596061  0.2241752  -1.2066679 ],[-0.99635243  0.317031   -1.22768486]
2.6778169999999974,[ 0.85608453  0.22469926 -1.20675683],[-0.99612093  0.31739682 -1.22790992]
2.6856329999999993,[ 0.85626203  0.22524422 -1.20677042],[-0.99587739  0.31777853 -1.22813284]
2.6945444999999992,[ 0.85642165  0.22581488 -1.20686531],[-0.99562466  0.31814471 -1.22836339]
2.702903299999999,[ 0.85660547  0.2263345  -1.20694876],[-0.99536228  0.31853205 -1.22861087]
2.710888399999998,[ 0.85679847  0.22690389 -1.20703125],[-0.99504709  0.31891748 -1.22885799]
2.719323499999998,[ 0.85700601  0.22750768 -1.20709276],[-0.99475098  0.31931141 -1.22912514]
2.726826599999999,[ 0.8571924   0.22811548 -1.20716202],[-0.99447757  0.31969109 -1.22939003]
2.7351502999999973,[ 0.85739881  0.22876126 -1.20726299],[-0.99419558  0.3201023  -1.22967947]
2.7431275,[ 0.85758054  0.2294066  -1.20734715],[-0.99389595  0.32055974 -1.22999895]
2.7521714999999993,[ 0.85778415  0.23008955 -1.20741582],[-0.99360114  0.32098839 -1.23034048]
2.7607533999999987,[ 0.85799313  0.23073663 -1.20748091],[-0.99331021  0.32136476 -1.23065221]
2.7696425999999974,[ 0.85822988  0.23142678 -1.20753646],[-0.99296504  0.32173744 -1.23097324]
2.7772766000000004,[ 0.85847563  0.23209903 -1.20757675],[-0.99260086  0.32214838 -1.23130572]
2.7851408000000006,[ 0.85869241  0.23275049 -1.20762742],[-0.99228543  0.32257691 -1.23165715]
2.7925474,[ 0.85879093  0.23309347 -1.20765197],[-0.99212497  0.32279947 -1.23184276]
2.8028106999999984,[ 0.85912871  0.23417236 -1.20773542],[-0.99159032  0.32350242 -1.23239744]
2.8120839999999987,[ 0.85937285  0.23486313 -1.20776224],[-0.99125153  0.32392943 -1.23278582]
2.821516599999999,[ 0.8596161   0.23551834 -1.20780027],[-0.99091005  0.32434356 -1.233163  ]
2.8321381999999993,[ 0.86002064  0.23657401 -1.20789075],[-0.99032718  0.32503295 -1.23375261]
2.8404239999999987,[ 0.8602742   0.23724544 -1.20793319],[-0.98993999  0.32546228 -1.23417926]
2.8484599999999993,[ 0.86054409  0.23795283 -1.2079767 ],[-0.9895339   0.32591736 -1.23459566]
2.856402299999999,[ 0.86080384  0.23867954 -1.20802271],[-0.98913765  0.32640326 -1.23502195]
2.864534299999999,[ 0.86107594  0.23940785 -1.20804286],[-0.9887718   0.32689577 -1.23545384]
2.8728501999999985,[ 0.86137593  0.24015613 -1.20807862],[-0.98836452  0.32740948 -1.23588574]
2.8808215999999973,[ 0.86168844  0.24086893 -1.20811999],[-0.98797554  0.32787174 -1.23629379]
2.8888977999999987,[ 0.86199975  0.24156551 -1.20815909],[-0.98759341  0.32831326 -1.2367028 ]
2.897563299999998,[ 0.86233979  0.24227102 -1.20820272],[-0.98718113  0.32878223 -1.23714566]
2.9065528,[ 0.86268771  0.24298812 -1.20824099],[-0.98677319  0.32920995 -1.23761272]
2.914575599999999,[ 0.86303931  0.24369353 -1.20830858],[-0.98641199  0.3296518  -1.23806441]
2.9226192999999974,[ 0.86340028  0.24440894 -1.20835733],[-0.98603964  0.33009717 -1.23849511]
2.9294121000000004,[ 0.86358172  0.24474847 -1.20838094],[-0.98585171  0.33032548 -1.23871481]
2.9389845999999977,[ 0.86418056  0.24583735 -1.2085129 ],[-0.98531574  0.33102822 -1.23939657]
2.946512799999997,[ 0.86436641  0.24615176 -1.20854354],[-0.98513663  0.33126757 -1.2396245 ]
2.956632899999999,[ 0.86497808  0.24714252 -1.20862985],[-0.98451215  0.33192667 -1.24038446]
2.9652721999999976,[ 0.86542064  0.24782576 -1.20871878],[-0.98413867  0.33227226 -1.2409035 ]
2.9733437999999985,[ 0.86588269  0.2484737  -1.20877838],[-0.98375452  0.33260831 -1.24138892]
2.9812589000000003,[ 0.86634469  0.24908426 -1.20882714],[-0.98336548  0.33294111 -1.24190879]
2.9895073999999973,[ 0.86681455  0.24973837 -1.20888221],[-0.98298466  0.33328003 -1.24244368]
2.9983322999999977,[ 0.86726516  0.25037342 -1.2088877 ],[-0.98263258  0.33361673 -1.24297893]
3.006514599999999,[ 0.86775017  0.25100753 -1.20888519],[-0.98225379  0.33388972 -1.24347293]
3.015166999999998,[ 0.86824286  0.25154886 -1.20892048],[-0.98186922  0.33413738 -1.24398887]
3.022850599999998,[ 0.86877602  0.25207469 -1.20893669],[-0.98151523  0.3343817  -1.24452662]
3.0319952999999984,[ 0.86930054  0.25252855 -1.20895183],[-0.98116666  0.33460775 -1.2450608 ]
3.040214299999999,[ 0.8698315   0.25298327 -1.20897508],[-0.98083001  0.33482105 -1.24559259]
3.0477919,[ 0.87033707  0.25341889 -1.20899081],[-0.98048741  0.33504891 -1.24610007]
3.056699899999998,[ 0.87087101  0.25387725 -1.20902848],[-0.98014849  0.33531055 -1.2466265 ]
3.064436399999998,[ 0.87141699  0.25431204 -1.20907927],[-0.97980714  0.33557791 -1.24715221]
3.0728231999999984,[ 0.87198234  0.25472561 -1.20909429],[-0.97946543  0.33586872 -1.2476809 ]
3.08117,[ 0.87257028  0.25507474 -1.20911968],[-0.97909135  0.3361018  -1.24820292]
3.089541099999998,[ 0.87316811  0.25538006 -1.20915103],[-0.97870934  0.33633828 -1.2487148 ]
3.097773199999999,[ 0.873761    0.25566724 -1.20917988],[-0.9783271   0.33655959 -1.24923325]
3.1066593000000005,[ 0.87435156  0.25594392 -1.20917618],[-0.97795081  0.33677545 -1.24973798]
3.1149555999999983,[ 0.87494493  0.25617933 -1.20916665],[-0.97756398  0.33698907 -1.25027907]
3.1237686999999994,[ 0.87554687  0.25634933 -1.20914745],[-0.97716379  0.33719656 -1.25077438]
3.1318421999999977,[ 0.87615645  0.25648081 -1.20912242],[-0.97676229  0.33741799 -1.25124657]
3.1402234,[ 0.87678069  0.25659299 -1.20908177],[-0.97635055  0.33761472 -1.25168085]
3.1586821999999977,[ 0.87806076  0.25671935 -1.20893228],[-0.97546917  0.33800831 -1.25264323]
3.1696685,[ 0.87901545  0.25667015 -1.20886052],[-0.97478426  0.33827305 -1.25328839]
3.177858999999998,[ 0.87966537  0.25665325 -1.20880663],[-0.97437179  0.33846536 -1.25368464]
3.1877291999999997,[ 0.88030452  0.25661093 -1.20870757],[-0.97389656  0.33866021 -1.25410664]
3.1981945999999972,[ 0.88125271  0.25653833 -1.20849848],[-0.97314823  0.33899522 -1.2546519 ]
3.2087676999999992,[ 0.88189328  0.25643051 -1.20836997],[-0.97262472  0.33919477 -1.255005  ]
3.2193430999999997,[ 0.88282877  0.25622451 -1.20817006],[-0.97182685  0.33946681 -1.25557446]
3.226999799999998,[ 0.88349056  0.25601903 -1.20802939],[-0.97122926  0.33965692 -1.25593662]
3.2353333000000006,[ 0.88412046  0.2558102  -1.20787978],[-0.97062927  0.33983183 -1.2562815 ]
3.243887899999997,[ 0.8847478   0.2555961  -1.20770025],[-0.9700318   0.33999974 -1.25660563]
3.2521243999999996,[ 0.88540375  0.2553741  -1.20754218],[-0.96937138  0.34017283 -1.2569375 ]
3.261378999999998,[ 0.88602573  0.25515255 -1.20733118],[-0.96873856  0.34031451 -1.25725591]
3.2694542999999996,[ 0.88667303  0.25488958 -1.20713258],[-0.9680469   0.34047878 -1.257568  ]
3.2767810999999973,[ 0.8872745   0.25462094 -1.20695543],[-0.96732157  0.3406584  -1.25788963]
3.2855656999999994,[ 0.88787538  0.25433731 -1.20675373],[-0.96661544  0.34083566 -1.25818586]
3.2940644999999975,[ 0.88851041  0.25398576 -1.20653903],[-0.96589583  0.34101593 -1.25850081]
3.301942099999998,[ 0.88911086  0.25362045 -1.2063185 ],[-0.96512765  0.34117457 -1.25882089]
3.310126099999998,[ 0.88970327  0.25325546 -1.2060653 ],[-0.96435106  0.34131053 -1.25908887]
3.3185614999999977,[ 0.89028585  0.252902   -1.20584726],[-0.96355212  0.34144068 -1.25938833]
3.325631999999999,[ 0.89057738  0.25271565 -1.20573354],[-0.963153    0.3415007  -1.25953114]
3.3352146000000005,[ 0.89142376  0.25205553 -1.2053318 ],[-0.96192932  0.34166756 -1.25996387]
3.3435238999999974,[ 0.89195234  0.2516748  -1.20509911],[-0.96109706  0.34176308 -1.26021612]
3.3531784999999985,[ 0.89248365  0.25126138 -1.20481145],[-0.9602586   0.34185597 -1.26046693]
3.3604427999999977,[ 0.89301878  0.25082001 -1.20450366],[-0.95938009  0.34196651 -1.26073623]
3.3692652999999986,[ 0.893511    0.25037378 -1.2041744 ],[-0.95848727  0.34208611 -1.26103735]
3.3771904,[ 0.89399052  0.24991286 -1.20382833],[-0.95760787  0.34222147 -1.26128316]
3.3853109000000003,[ 0.89446759  0.24942939 -1.20348811],[-0.9567126   0.34237421 -1.2615484 ]
3.3933020999999997,[ 0.89490587  0.24895465 -1.2031374 ],[-0.95574874  0.34248829 -1.26181567]
3.4018586000000006,[ 0.89536524  0.24847673 -1.20276415],[-0.95486397  0.34259161 -1.26204932]
3.4105691999999976,[ 0.89582223  0.24797317 -1.20239115],[-0.95395988  0.34267303 -1.2622534 ]
3.419438099999997,[ 0.89632171  0.24745402 -1.2019397 ],[-0.95302355  0.34274763 -1.2624737 ]
3.4287791,[ 0.89676642  0.24694347 -1.20159376],[-0.95216274  0.34281284 -1.26263475]
3.436911799999997,[ 0.89719737  0.24643134 -1.20126259],[-0.95127875  0.342859   -1.26280928]
3.4457552999999983,[ 0.89763182  0.24586819 -1.20092082],[-0.95042932  0.34291244 -1.26295066]
3.4536215000000006,[ 0.8980695   0.24532039 -1.20057166],[-0.94955969  0.34294456 -1.26308036]
3.461609199999998,[ 0.89850366  0.24479657 -1.20025122],[-0.94871026  0.34296006 -1.26317918]
3.469230099999997,[ 0.89893121  0.24422279 -1.19991946],[-0.94784135  0.34294614 -1.26328945]
3.477598499999999,[ 0.89935118  0.24357371 -1.19957793],[-0.94695777  0.34296045 -1.26340353]
3.4865004999999982,[ 0.89974952  0.24296272 -1.19923377],[-0.94604111  0.34298491 -1.26347983]
3.495317,[ 0.90013003  0.242359   -1.19892395],[-0.94516718  0.34299028 -1.2635684 ]
3.5050053000000005,[ 0.90053469  0.24166283 -1.19856668],[-0.94429964  0.34299326 -1.26365149]
3.5157536999999977,[ 0.90109158  0.24067907 -1.19803703],[-0.9429487   0.34297764 -1.26378024]
3.5252121999999986,[ 0.90146983  0.24003068 -1.19767296],[-0.942092    0.34295392 -1.2638675 ]
3.5339776,[ 0.9018392   0.2393066  -1.19729066],[-0.94119495  0.34294683 -1.26392472]
3.5438472999999995,[ 0.90233064  0.23822406 -1.19669878],[-0.93995398  0.34289858 -1.26399827]
3.553116499999998,[ 0.90265828  0.23749697 -1.19629502],[-0.93913746  0.34286571 -1.26406848]
3.560528299999998,[ 0.90297002  0.23676832 -1.19589424],[-0.93836945  0.3428463  -1.26413119]
3.5690329999999975,[ 0.90321738  0.23602207 -1.1954937 ],[-0.93761671  0.34282872 -1.26419425]
3.5770686000000005,[ 0.90349072  0.23522659 -1.19509113],[-0.9368673   0.34279761 -1.26424098]
3.5849516999999977,[ 0.90376395  0.23447414 -1.19467282],[-0.93618578  0.34275681 -1.2642715 ]
3.5923078000000004,[ 0.90386677  0.23411244 -1.19446778],[-0.93584597  0.34274688 -1.26428318]
3.6027105000000006,[ 0.90418798  0.23299287 -1.19384944],[-0.93485129  0.34274355 -1.26432335]
3.6127585999999994,[ 0.90441358  0.232207   -1.19344401],[-0.9342503   0.34272066 -1.2643317 ]
3.621080899999999,[ 0.90457702  0.2314707  -1.19308293],[-0.93367803  0.34271908 -1.26432383]
3.6298660999999974,[ 0.90475911  0.2307488  -1.19269538],[-0.93315309  0.34270322 -1.26433241]
3.6382783999999972,[ 0.90494573  0.23000433 -1.19231701],[-0.93267137  0.342668   -1.2643435 ]
3.6464384999999986,[ 0.90508574  0.22928536 -1.19197309],[-0.93219399  0.34262684 -1.26434553]
3.6560334999999995,[ 0.90525377  0.22821587 -1.19145191],[-0.93153286  0.34254783 -1.26431692]
3.6644325,[ 0.90537357  0.22748896 -1.1911186 ],[-0.93113267  0.34249875 -1.2643013 ]
3.6727339999999984,[ 0.90548104  0.22676629 -1.19077682],[-0.93076962  0.34246692 -1.26427162]
3.681180099999999,[ 0.90557522  0.22610633 -1.19046104],[-0.93042785  0.34242252 -1.26423156]
3.6899142000000005,[ 0.90564722  0.2254158  -1.19017029],[-0.93011993  0.34238365 -1.26418567]
3.6976446000000003,[ 0.90570682  0.22471493 -1.18987286],[-0.9298445   0.34235638 -1.26413941]
3.7066245,[ 0.90575916  0.2240703  -1.18959916],[-0.92957324  0.34229487 -1.26409519]
3.7144257999999972,[ 0.90579987  0.22340693 -1.18932867],[-0.92932451  0.34223282 -1.26403904]
3.723247399999998,[ 0.90582436  0.22269742 -1.18904364],[-0.92909598  0.34215519 -1.26398766]
3.7314004999999995,[ 0.90586317  0.22204217 -1.18873858],[-0.92887318  0.34207201 -1.26394784]
3.739435099999998,[ 0.90583277  0.22138372 -1.18847167],[-0.92866862  0.34199408 -1.26389754]
3.747937699999998,[ 0.90580016  0.22072834 -1.18817449],[-0.92847055  0.34190714 -1.26386666]
3.7560219000000004,[ 0.90575314  0.22007015 -1.18789518],[-0.92828315  0.34183204 -1.26383948]
3.7643015999999996,[ 0.90570408  0.21939281 -1.18760276],[-0.9280926   0.34176892 -1.2638042 ]
3.772752099999998,[ 0.90565258  0.21876247 -1.18729746],[-0.92791677  0.34172016 -1.26378393]
3.7813495999999986,[ 0.90555316  0.21809901 -1.18699753],[-0.92775387  0.34165487 -1.26377559]
3.789584299999998,[ 0.90544003  0.21743858 -1.18671393],[-0.92759722  0.34159139 -1.26377344]
3.7989809999999977,[ 0.90532923  0.21680769 -1.18640554],[-0.92744887  0.3415184  -1.26378107]
3.8075912999999986,[ 0.90522528  0.21616924 -1.18612802],[-0.92729634  0.3414636  -1.26379967]
3.815364299999999,[ 0.90511221  0.21556695 -1.18584776],[-0.92715639  0.34138656 -1.2638073 ]
3.8235156000000003,[ 0.90496123  0.21494965 -1.18560004],[-0.92700082  0.34131595 -1.26383388]
3.8319484999999993,[ 0.90482354  0.21435711 -1.18535411],[-0.92685539  0.34126228 -1.2638489 ]
3.840347399999999,[ 0.90467209  0.21373266 -1.18512821],[-0.92670369  0.3411997  -1.26388454]
3.8478192999999976,[ 0.90452421  0.21311548 -1.18490541],[-0.92656058  0.34114939 -1.26391733]
3.8574385999999983,[ 0.90436786  0.21252026 -1.18469262],[-0.92642331  0.34109741 -1.26394868]
3.864974799999999,[ 0.90419948  0.21189706 -1.18449414],[-0.92628741  0.34105876 -1.26398873]
3.8727126,[ 0.90404624  0.21132638 -1.18432522],[-0.92616832  0.34102511 -1.26404059]
3.8811158999999975,[ 0.90388459  0.21076241 -1.18416452],[-0.9260577   0.34100154 -1.26409543]
3.890318999999998,[ 0.90372753  0.21017325 -1.18401718],[-0.92594707  0.34096554 -1.26413894]
3.8980406999999992,[ 0.90357518  0.20960067 -1.18386483],[-0.92584884  0.34095013 -1.26419449]
3.907521599999999,[ 0.90341878  0.20904742 -1.183761  ],[-0.92576241  0.34094605 -1.26425564]
3.915280499999998,[ 0.90326816  0.20846471 -1.18363833],[-0.9256776   0.34095049 -1.26432562]
3.9250972999999973,[ 0.90313584  0.20791614 -1.1835413 ],[-0.92559522  0.34095454 -1.26438534]
3.9334808999999993,[ 0.90300047  0.20735544 -1.18345726],[-0.92552561  0.34098217 -1.26444721]
3.941938699999998,[ 0.90286767  0.20682603 -1.18340039],[-0.92546707  0.34102124 -1.26452327]
3.9521040999999997,[ 0.90266788  0.20606895 -1.18330038],[-0.92539686  0.34108976 -1.26463687]
3.9601818999999985,[ 0.90253299  0.20552962 -1.18325472],[-0.9253664   0.34114027 -1.26471198]
3.9686290999999976,[ 0.90241075  0.20504381 -1.18320167],[-0.92534506  0.34118596 -1.26478648]
3.9771114999999995,[ 0.90229541  0.20457014 -1.18314958],[-0.92533505  0.34124807 -1.26486588]
3.985297499999998,[ 0.90216088  0.20407343 -1.18309355],[-0.92533749  0.34133479 -1.26493633]
3.9935246999999983,[ 0.90202343  0.20360051 -1.18304622],[-0.92535084  0.34143415 -1.26498473]
4.0019639,[ 0.90190125  0.20315462 -1.18300903],[-0.92536414  0.34154373 -1.26504397]
4.0108250000000005,[ 0.90178478  0.20273662 -1.18298233],[-0.92539245  0.34166709 -1.26509261]
4.018619399999999,[ 0.90165991  0.20229796 -1.182953  ],[-0.92542744  0.34178469 -1.26514196]
4.026754799999999,[ 0.90153915  0.20187633 -1.1829226 ],[-0.92546707  0.34190783 -1.26517808]
4.035345400000001,[ 0.90143347  0.20146838 -1.18289471],[-0.92552012  0.34202445 -1.26520741]
4.044632199999999,[ 0.9013319   0.20107608 -1.18287444],[-0.92558622  0.34215733 -1.26522148]
4.052267099999998,[ 0.90122283  0.20069005 -1.18287194],[-0.92566919  0.34230077 -1.26523983]
4.061211399999998,[ 0.90111476  0.20031214 -1.18288291],[-0.92574507  0.34244728 -1.2652477 ]
4.0691934,[ 0.90102142  0.1999559  -1.18286669],[-0.92581433  0.34259236 -1.26525009]
4.0774565,[ 0.90091634  0.19960503 -1.18286693],[-0.92589629  0.34274089 -1.26524138]
4.085447199999997,[ 0.90079761  0.19925836 -1.18287396],[-0.92597532  0.34290549 -1.26522875]
4.093492999999999,[ 0.90067708  0.19888967 -1.18287599],[-0.92606324  0.3430644  -1.26521444]
4.102186099999997,[ 0.90057707  0.19856259 -1.18286955],[-0.92615098  0.34321821 -1.26518261]
4.111082499999998,[ 0.90050071  0.19823511 -1.1828717 ],[-0.92623311  0.34336179 -1.26514804]
4.119860599999999,[ 0.90041733  0.19793428 -1.18287802],[-0.92631745  0.34349769 -1.26512027]
4.127770099999999,[ 0.90032667  0.19763875 -1.18289721],[-0.92639804  0.3436369  -1.26507652]
4.1372973,[ 0.90022993  0.19735312 -1.18290579],[-0.92648298  0.34378538 -1.26503992]
4.145908199999997,[ 0.90013319  0.19707698 -1.18292701],[-0.92656499  0.34392628 -1.26499653]
4.1547783,[ 0.90004021  0.19681968 -1.18294203],[-0.92663652  0.34405369 -1.2649436 ]
4.163159199999999,[ 0.89996028  0.19657277 -1.18297231],[-0.92671013  0.34416378 -1.26489556]
4.1727509000000005,[ 0.89982849  0.19620869 -1.18303072],[-0.926808    0.34430262 -1.26480854]
4.1809723000000005,[ 0.89975315  0.19598264 -1.1830827 ],[-0.92685485  0.34438005 -1.2647562 ]
4.189386899999999,[ 0.89966822  0.19575882 -1.183128  ],[-0.92689592  0.34443849 -1.26469338]
4.198793899999998,[ 0.899575    0.19552875 -1.18318319],[-0.92692798  0.34449786 -1.26463127]
4.207517299999999,[ 0.89949119  0.19535042 -1.18324184],[-0.92694771  0.34455442 -1.26457846]
4.215362199999998,[ 0.89937782  0.1951794  -1.18331134],[-0.92696267  0.34462768 -1.26450872]
4.223050799999999,[ 0.899288    0.19504137 -1.18337882],[-0.92695987  0.3446908  -1.26444757]
4.2307397999999985,[ 0.89920974  0.19489166 -1.18344057],[-0.92696041  0.34474632 -1.2643708 ]
4.2381475,[ 0.89916599  0.19482316 -1.18347573],[-0.92695916  0.34476939 -1.26433265]
4.2477518,[ 0.89905703  0.1946201  -1.18356323],[-0.92695326  0.34482276 -1.26421988]
4.257569,[ 0.89897346  0.1945091  -1.18361986],[-0.92694199  0.34483254 -1.26414382]
4.2651572999999985,[ 0.89887506  0.19439577 -1.18367565],[-0.92691839  0.34483185 -1.26405668]
4.2746984999999995,[ 0.89876598  0.19428752 -1.18371594],[-0.92690045  0.3448334  -1.2639662 ]
4.282210199999998,[ 0.89866722  0.19417778 -1.18376684],[-0.92687398  0.34482723 -1.2638675 ]
4.290384199999998,[ 0.89856917  0.19407579 -1.18381453],[-0.92684311  0.34482485 -1.26378715]
4.298622999999999,[ 0.8984561   0.19396378 -1.18386662],[-0.92680335  0.34482425 -1.26369286]
4.3072965,[ 0.89835578  0.19384551 -1.18391287],[-0.92675537  0.34481114 -1.26360369]
4.314856499999998,[ 0.89826071  0.19372414 -1.18395817],[-0.92671794  0.34480593 -1.26350927]
4.3235031,[ 0.89816874  0.19361503 -1.1840018 ],[-0.92667723  0.34478334 -1.26343107]
4.332034399999998,[ 0.89806747  0.19352049 -1.18404233],[-0.92663723  0.34474814 -1.26334703]
4.3399709999999985,[ 0.897973    0.1934258  -1.18408382],[-0.92660004  0.34470278 -1.26323462]
4.347725799999999,[ 0.89787024  0.19334853 -1.184129  ],[-0.92654431  0.34466195 -1.26313007]
4.356090699999999,[ 0.8977747   0.1932594  -1.18416739],[-0.92649376  0.34462425 -1.26302111]
4.3647171,[ 0.8976742   0.19315749 -1.18419886],[-0.92643774  0.34457049 -1.26292193]
4.3727668999999985,[ 0.8975817   0.19301762 -1.18422651],[-0.92637944  0.34451538 -1.26281261]
4.381348199999998,[ 0.89749616  0.19287683 -1.184255  ],[-0.92631203  0.34446079 -1.26271105]
4.3894068,[ 0.89741063  0.19273454 -1.18427253],[-0.92625159  0.34440577 -1.26262081]
4.398519699999998,[ 0.89731342  0.19259751 -1.1843065 ],[-0.9261986   0.34435683 -1.26252306]
4.4078178,[ 0.89721155  0.19245663 -1.18432498],[-0.92615068  0.3443158  -1.26242614]
4.416893599999998,[ 0.89710748  0.1923251  -1.18435371],[-0.92608637  0.344264   -1.26232743]
4.425750399999998,[ 0.89701658  0.19219574 -1.18438256],[-0.92601907  0.34421745 -1.26221526]
4.434127799999999,[ 0.89692926  0.19204181 -1.18441331],[-0.92594832  0.34417662 -1.26211262]
4.444059199999998,[ 0.89683181  0.19179665 -1.18445981],[-0.92582858  0.34410417 -1.26195633]
4.452174499999998,[ 0.8967647   0.1916305  -1.18449473],[-0.92574751  0.34405321 -1.26185167]
4.4607721,[ 0.8966946   0.19148831 -1.18452513],[-0.92566377  0.34401369 -1.26174164]
4.468985199999999,[ 0.89661795  0.19134411 -1.18456459],[-0.92559093  0.34397653 -1.26161599]
4.4769726,[ 0.89653993  0.1912021  -1.18459082],[-0.92551953  0.34395733 -1.26148736]
4.485684599999999,[ 0.89646244  0.19104987 -1.18462574],[-0.92546737  0.34393138 -1.26133513]
4.4942429,[ 0.89638275  0.19091335 -1.18466592],[-0.92539591  0.34390643 -1.26119864]
4.5025794999999995,[ 0.89631516  0.19076689 -1.18469775],[-0.92533344  0.34386984 -1.26103532]
4.5102853,[ 0.89624691  0.19061379 -1.18471622],[-0.92526209  0.34382761 -1.2608856 ]
4.5186734999999985,[ 0.89618868  0.19046552 -1.1847384 ],[-0.92520225  0.34380448 -1.26072741]
4.526878499999999,[ 0.89611745  0.19034183 -1.18476844],[-0.92512882  0.34378114 -1.26058877]
4.535524299999999,[ 0.89603382  0.19020911 -1.18481576],[-0.92505777  0.34377164 -1.26044464]
4.5434433,[ 0.89595288  0.19008824 -1.18486178],[-0.92497748  0.34378365 -1.26029694]
4.552704899999998,[ 0.89587218  0.18995896 -1.1849035 ],[-0.92488569  0.34379655 -1.26014459]
4.560444999999998,[ 0.89578354  0.18983862 -1.18494642],[-0.92478818  0.34380451 -1.25999939]
4.569402399999998,[ 0.89571071  0.18970609 -1.18499553],[-0.92466605  0.34379852 -1.25983977]
4.5786023,[ 0.89563882  0.18957359 -1.1850307 ],[-0.92453909  0.34378552 -1.25967169]
4.586395499999998,[ 0.89555925  0.18944478 -1.18505621],[-0.92438895  0.34377146 -1.25951552]
4.5942984,[ 0.89547759  0.18933049 -1.18508136],[-0.92422664  0.34379581 -1.25936651]
4.602717800000001,[ 0.89538544  0.18922319 -1.1851095 ],[-0.9240604   0.34386057 -1.2592206 ]
4.611808699999997,[ 0.89527762  0.18911645 -1.1851244 ],[-0.92387867  0.34393418 -1.25906718]
4.6352467,[ 0.89502287  0.18883842 -1.18513942],[-0.92339677  0.34415179 -1.25873184]
4.648776599999998,[ 0.89480323  0.1886045  -1.18511891],[-0.92299116  0.34430674 -1.25849676]
4.658795899999998,[ 0.89467567  0.18847622 -1.18509257],[-0.92281711  0.3443498  -1.25837338]
4.667483699999998,[ 0.89453918  0.18836442 -1.18507588],[-0.92265582  0.34440276 -1.25825751]
4.678500799999998,[ 0.89430672  0.18818595 -1.18503535],[-0.92241758  0.34446552 -1.25806975]
4.689211699999998,[ 0.89408672  0.18796186 -1.1849798 ],[-0.92217457  0.34450969 -1.25784886]
4.696489,[ 0.89400882  0.18787456 -1.18496335],[-0.92209297  0.34453121 -1.25777805]
4.7077548,[ 0.8937611   0.18762012 -1.18491495],[-0.92188144  0.34457946 -1.25759995]
4.717515199999998,[ 0.89358544  0.18744601 -1.18486917],[-0.92175549  0.34461036 -1.2574842 ]
4.7277477999999995,[ 0.89329523  0.18720236 -1.18478417],[-0.92159349  0.34462139 -1.25729597]
4.736625499999999,[ 0.89308524  0.18702549 -1.18473661],[-0.92149305  0.34461325 -1.25716734]
4.743388799999998,[ 0.89287364  0.18684432 -1.18468904],[-0.92139149  0.34459755 -1.25704825]
4.752416799999999,[ 0.89267868  0.18665761 -1.18464839],[-0.92128325  0.34457955 -1.25692058]
4.760529899999998,[ 0.89247751  0.18644366 -1.18459296],[-0.92116493  0.344549   -1.25677204]
4.7685633,[ 0.89226395  0.18620501 -1.18454695],[-0.9210428   0.34451926 -1.25664294]
4.777191299999998,[ 0.8920269   0.1859704  -1.18451202],[-0.92092085  0.34448618 -1.25651145]
4.785562899999999,[ 0.89179367  0.18572207 -1.18449032],[-0.92081374  0.34447223 -1.25637484]
4.7943761999999985,[ 0.89156473  0.18550614 -1.18448067],[-0.92068851  0.34446728 -1.25623095]
4.8028580000000005,[ 0.89133382  0.18529207 -1.18448663],[-0.9205699   0.34449869 -1.25606811]
4.811958699999998,[ 0.89111769  0.18508883 -1.18450427],[-0.92044389  0.344538   -1.25592721]
4.821296499999999,[ 0.8909058   0.18486121 -1.18452287],[-0.92032427  0.34457991 -1.25579751]
4.832060299999998,[ 0.8906101   0.18449818 -1.18456256],[-0.92014796  0.34464645 -1.25562561]
4.8402709,[ 0.89043415  0.1843065  -1.18459034],[-0.92002767  0.34468403 -1.25551951]
4.847783,[ 0.89025939  0.18412913 -1.18462348],[-0.91990089  0.34470397 -1.25542271]
4.8565571999999975,[ 0.89007539  0.18394125 -1.1846658 ],[-0.91977352  0.34472105 -1.25532269]
4.864552399999997,[ 0.88988394  0.18377508 -1.18471026],[-0.91964567  0.34472203 -1.25522709]
4.8728148000000004,[ 0.88968897  0.18362071 -1.18474662],[-0.91952306  0.34469244 -1.25511634]
4.881036399999999,[ 0.88949597  0.18346369 -1.18480062],[-0.91941392  0.34464154 -1.25503016]
4.890439399999998,[ 0.88932264  0.18330945 -1.18485343],[-0.91931152  0.34456274 -1.25494576]
4.898499599999997,[ 0.88915342  0.18316384 -1.18491268],[-0.91921598  0.3444871  -1.25487638]
4.9069842,[ 0.88900441  0.18304156 -1.18496394],[-0.91915274  0.34442499 -1.2547971 ]
4.9147304999999974,[ 0.88886064  0.18294966 -1.18502104],[-0.91909498  0.34436223 -1.25474107]
4.9232549,[ 0.88871795  0.18286404 -1.18507421],[-0.91905898  0.34428856 -1.25467706]
4.931701699999998,[ 0.88857406  0.18279266 -1.18511927],[-0.91902304  0.34420046 -1.25461483]
4.9403033,[ 0.88844037  0.18274663 -1.18516636],[-0.91899604  0.34412414 -1.25456524]
4.948672899999998,[ 0.88830888  0.18269812 -1.18521285],[-0.91896588  0.34403867 -1.25451326]
4.9566871999999975,[ 0.88819051  0.18265574 -1.18524814],[-0.91893113  0.34393486 -1.25447595]
4.965435899999999,[ 0.88806576  0.18261625 -1.18528128],[-0.9188931   0.34384668 -1.2544241 ]
4.975916699999999,[ 0.88794947  0.18259598 -1.18530881],[-0.9188655   0.3437742  -1.25437701]
4.986771599999997,[ 0.88778645  0.18260616 -1.18535888],[-0.91884917  0.34370834 -1.25430155]
4.996640199999998,[ 0.88768417  0.18262373 -1.18538928],[-0.91885793  0.34368244 -1.25424695]
5.0075024,[ 0.88753998  0.18266709 -1.18543005],[-0.91886193  0.34366873 -1.25415635]
5.017589599999997,[ 0.88746011  0.18269692 -1.18545997],[-0.91887385  0.34368297 -1.25410116]
5.027051699999998,[ 0.88735014  0.18274732 -1.18549466],[-0.9188866   0.34370834 -1.25401449]
5.0362459999999984,[ 0.88727617  0.18279514 -1.18550968],[-0.91888839  0.34374404 -1.2539624 ]
5.045756900000001,[ 0.8872087   0.18285927 -1.1855334 ],[-0.91887873  0.3438077  -1.25390935]
5.055050399999999,[ 0.88712496  0.18294682 -1.18555534],[-0.9188751   0.34388652 -1.25386   ]
5.0631865000000005,[ 0.88705152  0.18303749 -1.18557417],[-0.91886872  0.34396645 -1.25379992]
5.0725421,[ 0.88695616  0.18317837 -1.18558979],[-0.91881776  0.34405667 -1.25371361]
5.079350899999998,[ 0.88692623  0.18322855 -1.18559349],[-0.91879618  0.34408337 -1.25369048]
5.0883794999999985,[ 0.8868807   0.18331298 -1.18560135],[-0.91874129  0.34413171 -1.25363815]
5.097519299999998,[ 0.886823    0.18343021 -1.18559957],[-0.91864824  0.34419611 -1.25357044]
5.1063273,[ 0.88678122  0.18351825 -1.18559754],[-0.91858727  0.34424177 -1.25351143]
5.114836999999998,[ 0.88672978  0.18361855 -1.18560231],[-0.91852182  0.34431148 -1.25345957]
5.1227820999999985,[ 0.88668185  0.18374167 -1.18560278],[-0.9184587   0.34438828 -1.25341308]
5.129953499999999,[ 0.88666141  0.18379375 -1.18559885],[-0.91842824  0.34442881 -1.25339293]
5.140183699999998,[ 0.88660592  0.18393025 -1.18558824],[-0.9183203   0.34452549 -1.25334036]
5.1486801,[ 0.88657844  0.18399592 -1.18558371],[-0.91823536  0.34458306 -1.25329661]
5.1560779,[ 0.88655227  0.18405971 -1.18556333],[-0.91814554  0.34462249 -1.25325632]
5.1650801999999985,[ 0.88653123  0.1841207  -1.18555379],[-0.91805172  0.34465772 -1.25322425]
5.173459999999999,[ 0.88650352  0.18419737 -1.18554759],[-0.91796243  0.34469709 -1.25319088]
5.182431999999999,[ 0.8864727   0.18427172 -1.18553841],[-0.91787493  0.34473199 -1.25315404]
5.189693800000001,[ 0.88644022  0.18435335 -1.18552899],[-0.91779763  0.34476089 -1.25311732]
5.198127799999998,[ 0.88640755  0.1844161  -1.185516  ],[-0.91771024  0.34478733 -1.25308549]
5.2066832000000005,[ 0.88638133  0.18447143 -1.18550324],[-0.9176268   0.34481472 -1.25306559]
5.2154641999999996,[ 0.88636541  0.18451256 -1.1854893 ],[-0.9175331   0.34484005 -1.25304306]
5.223633799999998,[ 0.88635325  0.18452938 -1.18548012],[-0.91742015  0.34483904 -1.25302994]
5.2319931,[ 0.88634157  0.18454631 -1.18547261],[-0.91730243  0.34485883 -1.25302422]
5.2400217,[ 0.88632244  0.1845897  -1.18546331],[-0.917189    0.34489718 -1.25302315]
5.2477515,[ 0.88630009  0.18463036 -1.18545544],[-0.91706038  0.34494758 -1.25304008]
5.2563885999999975,[ 0.88628012  0.1846779  -1.18543828],[-0.91693527  0.34499398 -1.25304377]
5.2644105,[ 0.88626772  0.18470855 -1.18543506],[-0.91680795  0.34503144 -1.25306308]
5.272647199999998,[ 0.88626069  0.18473276 -1.18542337],[-0.91667968  0.34506106 -1.2530812 ]
5.281212499999999,[ 0.88626069  0.184734   -1.1854167 ],[-0.91656321  0.34508163 -1.25311172]
5.290021499999998,[ 0.88626695  0.18474914 -1.18540573],[-0.91645169  0.34509495 -1.25315499]
5.298004199999998,[ 0.88626224  0.184771   -1.1854037 ],[-0.9163425   0.34509757 -1.25318849]
5.306040499999998,[ 0.88626128  0.18479379 -1.18540251],[-0.91624206  0.34510338 -1.2532146 ]
5.314949799999997,[ 0.8862583   0.18481912 -1.18539953],[-0.91615331  0.34513173 -1.25323117]
5.3233873,[ 0.88625264  0.18486276 -1.18539941],[-0.91606778  0.34516719 -1.25325775]
5.332228799999999,[ 0.88624507  0.18488921 -1.18540347],[-0.91599059  0.34518838 -1.25328898]
5.342161599999997,[ 0.88625556  0.1849104  -1.18541086],[-0.91591358  0.34518823 -1.2533201 ]
5.352531199999998,[ 0.88626444  0.18492438 -1.18542027],[-0.91582477  0.34518164 -1.2533772 ]
5.361156399999999,[ 0.88627517  0.18493675 -1.18543351],[-0.91578329  0.34517103 -1.25342155]
5.369533699999998,[ 0.88628352  0.18497057 -1.18544686],[-0.91575229  0.34517539 -1.25346017]
5.377504399999999,[ 0.88629377  0.18500087 -1.18547249],[-0.91572392  0.34516984 -1.25349283]
5.386095299999997,[ 0.88629955  0.18504244 -1.18550074],[-0.91570508  0.34515676 -1.25352967]
5.3950283,[ 0.88631541  0.18507142 -1.18551946],[-0.91568917  0.34515667 -1.25357151]
5.402604,[ 0.88633549  0.18509683 -1.18553305],[-0.91567475  0.34514159 -1.25362229]
5.4107956,[ 0.88636029  0.18510278 -1.18554497],[-0.91565591  0.34512302 -1.25366652]
5.4187276,[ 0.88638783  0.18511426 -1.18555903],[-0.91564769  0.34511033 -1.25370777]
5.4275451,[ 0.88642532  0.18513215 -1.18557048],[-0.91564369  0.34510666 -1.25375187]
5.435391599999999,[ 0.88645297  0.18516907 -1.18558109],[-0.91565883  0.34512538 -1.25380623]
5.444319999999998,[ 0.88647628  0.18521793 -1.1855911 ],[-0.91568136  0.34513664 -1.25385594]
5.451977199999998,[ 0.88649392  0.18525304 -1.18559921],[-0.91571087  0.34515521 -1.25389898]
5.4613033999999985,[ 0.88653457  0.18527634 -1.18560088],[-0.91573107  0.34515607 -1.25395203]
5.469654799999997,[ 0.88657171  0.1853068  -1.185606  ],[-0.91575271  0.34515107 -1.2539922 ]
5.4775472,[ 0.88661337  0.18533255 -1.18561065],[-0.91575837  0.34514314 -1.2540499 ]
5.4858507,[ 0.88665384  0.18536927 -1.18560922],[-0.91578168  0.34514195 -1.25409997]
5.493466099999999,[ 0.8866936   0.1854216  -1.18560505],[-0.91579187  0.34513614 -1.25414491]
5.502180899999999,[ 0.88672656  0.18547492 -1.18559361],[-0.91582072  0.34514275 -1.25419652]
5.5104252,[ 0.88675499  0.18554401 -1.18558061],[-0.91584164  0.34516218 -1.25425243]
5.5190169000000004,[ 0.88678318  0.18561207 -1.1855756 ],[-0.9158721   0.34519103 -1.25430584]
5.526922299999999,[ 0.88681537  0.18566306 -1.18555915],[-0.91588873  0.34519461 -1.25435114]
5.535652599999999,[ 0.88685113  0.18569519 -1.18554795],[-0.91590005  0.34517244 -1.25438499]
5.543736799999998,[ 0.88688958  0.18573821 -1.18553436],[-0.91591775  0.34514716 -1.25442421]
5.552373499999998,[ 0.88692307  0.18578313 -1.18552387],[-0.91592747  0.34515393 -1.25447571]
5.560490699999999,[ 0.88695401  0.1858431  -1.18550849],[-0.91593415  0.34515923 -1.25450742]
5.5694987000000005,[ 0.88698369  0.18590593 -1.18549824],[-0.91593874  0.34518543 -1.25454068]
5.577393799999999,[ 0.88700235  0.18596368 -1.1854831 ],[-0.91594595  0.34520873 -1.25458133]
5.586077599999999,[ 0.88701332  0.18601801 -1.18546224],[-0.91595256  0.34525195 -1.25461662]
5.5948511,[ 0.88702965  0.18605919 -1.18544829],[-0.91596377  0.34527797 -1.25465894]
5.6026542999999975,[ 0.88704461  0.18609446 -1.18541861],[-0.91596371  0.3452917  -1.25470161]
5.6108191000000005,[ 0.88705444  0.18610816 -1.18537533],[-0.91597462  0.34529173 -1.25473428]
5.6186465000000005,[ 0.88705915  0.18613482 -1.18532884],[-0.91598517  0.34531623 -1.2547667 ]
5.6273336,[ 0.8870551   0.1861704  -1.18527961],[-0.91600758  0.3453519  -1.2547971 ]
5.6354729999999975,[ 0.88703316  0.18620239 -1.18522298],[-0.91601872  0.34538704 -1.25482309]
5.644120699999998,[ 0.88702571  0.18622151 -1.18515646],[-0.91603857  0.34540698 -1.25483906]
5.651836199999998,[ 0.88700533  0.18623757 -1.18508101],[-0.91604251  0.34543142 -1.2548691 ]
5.660454399999999,[ 0.88699716  0.18623812 -1.18500113],[-0.91605717  0.34545374 -1.25490773]
5.669081199999997,[ 0.88698989  0.18623868 -1.18491983],[-0.91605949  0.34547895 -1.25494242]
5.677698599999999,[ 0.88696855  0.18622103 -1.18483138],[-0.91605854  0.34549066 -1.2549758 ]
5.6859258,[ 0.88695681  0.18621075 -1.18473697],[-0.9160732   0.34550172 -1.25500453]
5.694212699999998,[ 0.88693422  0.18620658 -1.18464613],[-0.9160943   0.34553462 -1.2550211 ]
5.702639899999998,[ 0.88690948  0.18622331 -1.18456292],[-0.91613245  0.34558034 -1.25504065]
5.710342799999999,[ 0.88688529  0.18623021 -1.18447948],[-0.91615075  0.34559619 -1.25505555]
5.718693899999998,[ 0.88687211  0.1862134  -1.1843909 ],[-0.91617024  0.34559387 -1.2550658 ]
5.7269273,[ 0.88686132  0.18618436 -1.18430567],[-0.91617495  0.3455959  -1.25506437]
5.736453899999997,[ 0.88686448  0.18615931 -1.18422294],[-0.91617548  0.3455995  -1.25506246]
5.743661899999999,[ 0.88686252  0.1861186  -1.18414271],[-0.91616368  0.34560806 -1.25506711]
5.752105499999999,[ 0.88686514  0.18608397 -1.18407106],[-0.91615212  0.34561598 -1.25505292]
5.7604191,[ 0.88686377  0.18605688 -1.18400002],[-0.91613895  0.34563991 -1.25504112]
5.768674900000001,[ 0.88685751  0.18604167 -1.18393171],[-0.91611975  0.34566644 -1.25504768]
5.7772760000000005,[ 0.88685453  0.18601498 -1.18387187],[-0.91610253  0.34569556 -1.25505626]
5.785329999999998,[ 0.88686836  0.18597227 -1.18380749],[-0.91607064  0.34570223 -1.255059  ]
5.793404799999998,[ 0.88687873  0.1859193  -1.18374681],[-0.91600966  0.34570453 -1.25505829]
5.801973,[ 0.88689238  0.18587247 -1.18368125],[-0.91594809  0.34572536 -1.255059  ]
5.810517599999997,[ 0.88692003  0.18584041 -1.18361747],[-0.9158724   0.345752   -1.25507021]
5.818986299999999,[ 0.88693303  0.1857907  -1.18355334],[-0.91579503  0.34578404 -1.25506675]
5.827775499999998,[ 0.88694674  0.18576303 -1.18347991],[-0.91572213  0.3458423  -1.25506246]
5.836196399999999,[ 0.88695401  0.1857422  -1.18340302],[-0.9156391   0.34590754 -1.25505173]
5.8447593,[ 0.88696939  0.18572702 -1.18332791],[-0.91554546  0.34597173 -1.25503755]
5.852493199999998,[ 0.8869915   0.18568955 -1.18323839],[-0.91544145  0.34601399 -1.25503397]
5.8612146,[ 0.88701373  0.18563081 -1.18315113],[-0.91533178  0.34605512 -1.25501859]
5.8697278,[ 0.88704431  0.18558176 -1.18306363],[-0.91522294  0.34609956 -1.25500548]
5.8776069,[ 0.88707274  0.18554443 -1.18297768],[-0.91509914  0.34614608 -1.25498915]
5.885491099999999,[ 0.88709915  0.18550909 -1.18289542],[-0.91498363  0.34621701 -1.25498021]
5.8934654,[ 0.88712043  0.18547274 -1.18281138],[-0.9148708   0.34627852 -1.25496554]
5.900884299999998,[ 0.88713163  0.18546066 -1.18277001],[-0.91481054  0.34630883 -1.25496316]
5.910232799999999,[ 0.88717294  0.18544808 -1.18265951],[-0.91462618  0.34640279 -1.25494838]
5.918611799999997,[ 0.88720578  0.18541867 -1.18258202],[-0.91448873  0.34646159 -1.25493681]
5.926906899999999,[ 0.88724488  0.18537931 -1.18249953],[-0.91433322  0.34651378 -1.25493276]
5.9363220000000005,[ 0.88728172  0.18535894 -1.18242407],[-0.9141919   0.34656698 -1.2549262 ]
5.943928699999997,[ 0.88731289  0.18534176 -1.18234873],[-0.91403908  0.34660602 -1.25492811]
5.9528061,[ 0.88734668  0.18533351 -1.18228126],[-0.91389555  0.34665534 -1.25491714]
5.960542999999998,[ 0.88737595  0.18533124 -1.18221128],[-0.91376221  0.34668776 -1.25490761]
5.968782999999998,[ 0.88741165  0.18533635 -1.18214524],[-0.91363561  0.34672287 -1.2549094 ]
5.977122299999998,[ 0.88744676  0.1853433  -1.18209326],[-0.91351682  0.34674948 -1.25491154]
5.9854354,[ 0.88748729  0.18533094 -1.1820364 ],[-0.91339409  0.34675655 -1.25491154]
5.99493,[ 0.88752639  0.18529868 -1.18197024],[-0.91326934  0.3467477  -1.25490725]
6.003132299999997,[ 0.88756835  0.18527173 -1.18189883],[-0.91315418  0.34674215 -1.2548995 ]
6.0126648,[ 0.88760388  0.18526651 -1.18184125],[-0.91303861  0.3467457  -1.25489438]
6.020668399999998,[ 0.88763422  0.18525766 -1.1817745 ],[-0.91293401  0.34675324 -1.25488484]
6.031303999999999,[ 0.88767421  0.18521862 -1.18166554],[-0.91277039  0.34673533 -1.25487304]
6.040854400000001,[ 0.88769746  0.18519902 -1.18158793],[-0.91266263  0.34672415 -1.25486767]
6.048397299999998,[ 0.8877219   0.1851825  -1.18150866],[-0.91254705  0.34671077 -1.25486636]
6.056454599999999,[ 0.88774216  0.18514405 -1.18141353],[-0.91242158  0.34668428 -1.25486624]
6.0651522,[ 0.88776815  0.18509197 -1.181319  ],[-0.91230112  0.3466633  -1.25486147]
6.074192099999998,[ 0.88777959  0.18505217 -1.18123293],[-0.9121716   0.34665835 -1.25486708]
6.0812314,[ 0.88778406  0.18503082 -1.1811378 ],[-0.91205639  0.34667039 -1.2548728 ]
6.090440999999998,[ 0.88778853  0.18501069 -1.18104732],[-0.91193229  0.34667936 -1.25488079]
6.098699499999999,[ 0.88779432  0.18496427 -1.18094921],[-0.91180789  0.34665877 -1.25488234]
6.106634399999997,[ 0.88781726  0.18493378 -1.18084526],[-0.91168505  0.34665006 -1.2548908 ]
6.1146585999999985,[ 0.88783157  0.18490081 -1.18075371],[-0.91155589  0.3466495  -1.25490808]
6.122732599999999,[ 0.88784403  0.18486954 -1.18066895],[-0.9114114   0.34664071 -1.25492442]
6.129668299999999,[ 0.88785118  0.18484157 -1.18062162],[-0.91134864  0.34664294 -1.25493741]
6.1394606,[ 0.88785517  0.18477291 -1.18046665],[-0.9111343   0.34665886 -1.25494444]
6.1466674999999995,[ 0.88785654  0.18475915 -1.18042147],[-0.91106296  0.34668198 -1.25495291]
6.1560962,[ 0.88784534  0.18473817 -1.18027997],[-0.91087228  0.34673065 -1.25497234]
6.164310999999998,[ 0.88783681  0.18468435 -1.18018138],[-0.91075939  0.34673569 -1.25497854]
6.1727758,[ 0.88783181  0.18463008 -1.18007815],[-0.91064155  0.34672043 -1.25497448]
6.1824732000000004,[ 0.88782412  0.18458511 -1.1799804 ],[-0.91052258  0.34669802 -1.2549727 ]
6.190057599999999,[ 0.887824    0.18455076 -1.17988169],[-0.91040736  0.34668291 -1.25497377]
6.199051699999998,[ 0.88781011  0.18448921 -1.17978561],[-0.91030824  0.34664339 -1.25497162]
6.2080682,[ 0.88779777  0.18444242 -1.17969298],[-0.91021162  0.34660825 -1.25496495]
6.216120099999998,[ 0.88777983  0.18441786 -1.17959595],[-0.9101066   0.3465904  -1.25496101]
6.225222499999997,[ 0.88776243  0.18440178 -1.17949486],[-0.91000664  0.34658289 -1.25495231]
6.233934599999998,[ 0.88773811  0.18437926 -1.17939305],[-0.90990794  0.34657121 -1.25493109]
6.243892199999998,[ 0.88771164  0.18432334 -1.17924511],[-0.90975314  0.34653026 -1.25492311]
6.2522287999999975,[ 0.88770115  0.18431623 -1.17916155],[-0.90965879  0.34650958 -1.25491607]
6.260390599999997,[ 0.88768893  0.18429446 -1.17907846],[-0.90956771  0.34649128 -1.25490344]
6.3026357,[ 0.88761789  0.1841615  -1.17858624],[-0.90908182  0.34643608 -1.25481844]
6.3128402,[ 0.88761276  0.18411094 -1.17848229],[-0.90898907  0.34643409 -1.25481057]
6.323493299999999,[ 0.88760674  0.18404533 -1.17834699],[-0.90885216  0.34645018 -1.2548039 ]
6.334336699999998,[ 0.88759607  0.18399888 -1.17826235],[-0.908759    0.34647295 -1.25480783]
6.344600999999997,[ 0.88757491  0.18389663 -1.17811084],[-0.908638    0.34649011 -1.25478303]
6.352772399999999,[ 0.88757199  0.18384296 -1.17801964],[-0.90855831  0.34649792 -1.25478363]
6.360569099999999,[ 0.88755918  0.18379119 -1.17793238],[-0.90847903  0.34651315 -1.25477993]
6.368691599999998,[ 0.88756198  0.1837303  -1.17779994],[-0.90840256  0.34650403 -1.2547642 ]
6.376901499999999,[ 0.88755363  0.18363515 -1.17769313],[-0.9083181   0.34650248 -1.25475347]
6.385318099999999,[ 0.88753915  0.18355469 -1.17760086],[-0.90823209  0.34652174 -1.25474179]
6.3939848999999995,[ 0.88752449  0.18349689 -1.17751348],[-0.9081499   0.34654567 -1.25473964]
6.402132399999999,[ 0.88751549  0.18343025 -1.17742276],[-0.90805501  0.34655309 -1.25472152]
6.4103897,[ 0.88750571  0.18335545 -1.17733693],[-0.90796947  0.34656361 -1.25468898]
6.418677599999999,[ 0.8875035   0.18328422 -1.17725241],[-0.90789431  0.34657863 -1.25466716]
6.428137700000001,[ 0.88749963  0.18322466 -1.17716658],[-0.90783274  0.34660307 -1.25464153]
6.435522599999999,[ 0.88750541  0.1831692  -1.1770829 ],[-0.90777373  0.34662992 -1.2546258 ]
6.4434462,[ 0.88752103  0.18308467 -1.1769923 ],[-0.90770417  0.34663635 -1.25459886]
6.450606799999999,[ 0.88752592  0.18304516 -1.17694724],[-0.90767384  0.3466433  -1.25458848]
6.4609318999999985,[ 0.88755244  0.18294737 -1.17683363],[-0.90758222  0.34668997 -1.2545408 ]
6.4695967,[ 0.88756168  0.18289086 -1.17676604],[-0.90752316  0.34671405 -1.25452006]
6.479168299999998,[ 0.88757586  0.1828099  -1.17668712],[-0.90746796  0.3467294  -1.2544924 ]
6.489289199999998,[ 0.88760555  0.18267183 -1.17656517],[-0.90737051  0.34675425 -1.25445151]
6.496043099999998,[ 0.88760811  0.18263564 -1.17652869],[-0.90734327  0.34675458 -1.25444376]
6.504915199999999,[ 0.88762939  0.182561   -1.17645907],[-0.90728837  0.34679025 -1.25442338]
6.5134741,[ 0.8876611   0.18246958 -1.17637074],[-0.90723836  0.34681091 -1.25440061]
6.5227656,[ 0.8876906   0.18234341 -1.1762346 ],[-0.90715915  0.34686688 -1.25437272]
6.531043799999999,[ 0.88770211  0.18227498 -1.17615581],[-0.9071272   0.34692124 -1.25435603]
6.539492499999998,[ 0.88771385  0.18221907 -1.17607689],[-0.90709126  0.34698454 -1.25433981]
6.5479077,[ 0.88772804  0.18214904 -1.17598641],[-0.90707028  0.34704015 -1.25430942]
6.556656099999998,[ 0.88772839  0.18208218 -1.1759001 ],[-0.90704781  0.34709463 -1.25429285]
6.566687699999999,[ 0.88774461  0.182019   -1.17581868],[-0.90701789  0.34714392 -1.25427675]
6.5753281,[ 0.88776129  0.18195932 -1.1757369 ],[-0.90699625  0.34718463 -1.25426161]
6.586100500000001,[ 0.88778925  0.18185002 -1.17560697],[-0.90697753  0.34720859 -1.25423515]
6.596355199999998,[ 0.8878063   0.18179363 -1.17552829],[-0.90696883  0.34723228 -1.25421774]
6.6067012,[ 0.88783342  0.18174012 -1.17540991],[-0.90695322  0.34728488 -1.25419891]
6.6157939999999975,[ 0.88785779  0.18168859 -1.17532289],[-0.9069432   0.34730622 -1.25418365]
6.625250999999999,[ 0.8878727   0.18162844 -1.17522514],[-0.9069351   0.34732577 -1.25416517]
6.634128699999998,[ 0.88789874  0.18157835 -1.17514122],[-0.90692896  0.3473596  -1.25416136]
6.6443791999999995,[ 0.88794905  0.18152831 -1.17501283],[-0.90691149  0.34739354 -1.25415742]
6.6521285999999975,[ 0.88797927  0.18146431 -1.17490959],[-0.90690041  0.34741575 -1.25415087]
6.660990899999998,[ 0.8880161   0.18142727 -1.17481363],[-0.90689415  0.34744021 -1.25414526]
6.6694759999999995,[ 0.88805205  0.18138461 -1.17473042],[-0.90687966  0.34746906 -1.25414288]
6.677417800000001,[ 0.88809031  0.18136005 -1.17464101],[-0.90687621  0.34750417 -1.25413597]
6.6860605,[ 0.8881281   0.18132664 -1.1745472 ],[-0.90687084  0.34752473 -1.25411713]
6.6935936,[ 0.88817006  0.18129569 -1.1744523 ],[-0.90686506  0.34753978 -1.25411069]
6.7021415,[ 0.88822055  0.18127806 -1.17436826],[-0.90686601  0.34757945 -1.25409162]
6.710204999999998,[ 0.88826543  0.18126959 -1.17428827],[-0.90685928  0.34760711 -1.25408113]
6.719800799999998,[ 0.88830286  0.18125227 -1.17419887],[-0.90685833  0.34763733 -1.25405085]
6.727743199999999,[ 0.88834321  0.18123448 -1.17410827],[-0.90685588  0.3476679  -1.25401533]
6.736460599999997,[ 0.88837624  0.18123864 -1.17402697],[-0.90686685  0.34770015 -1.25399315]
6.744247299999998,[ 0.88840741  0.18125314 -1.17395532],[-0.90687662  0.347758   -1.25397825]
6.752130699999999,[ 0.88843858  0.18125996 -1.17387116],[-0.90689278  0.34780329 -1.25394833]
6.7607037000000005,[ 0.88847136  0.18124312 -1.173774  ],[-0.90690249  0.34782609 -1.25392234]
6.769376099999999,[ 0.88850504  0.18122967 -1.17367303],[-0.90691763  0.34785208 -1.25390089]
6.776921599999998,[ 0.8885327   0.18123573 -1.17358363],[-0.90692943  0.34787345 -1.25388396]
6.785324499999998,[ 0.8885687   0.18122511 -1.173491  ],[-0.90694517  0.34789553 -1.25385773]
6.7943321999999995,[ 0.88859725  0.18120043 -1.17339301],[-0.90695643  0.34790996 -1.25382984]
6.801947899999998,[ 0.88862067  0.18119012 -1.1733036 ],[-0.90696496  0.34792998 -1.25380182]
6.810425499999997,[ 0.88864708  0.18117768 -1.17322409],[-0.90697944  0.34795088 -1.25377476]
6.8186651000000005,[ 0.88867956  0.18115732 -1.17314219],[-0.90699124  0.34797326 -1.25375807]
6.8278476999999995,[ 0.88870955  0.18113206 -1.17306149],[-0.90700465  0.34798163 -1.25372005]
6.835918400000001,[ 0.88874173  0.1810881  -1.17299318],[-0.90701807  0.34799331 -1.2536906 ]
6.843477799999999,[ 0.88876987  0.18105426 -1.17293179],[-0.90703279  0.34799284 -1.25366294]
6.850585299999999,[ 0.88879198  0.18103397 -1.17290604],[-0.90704799  0.34799343 -1.25365567]
6.860116299999998,[ 0.88883966  0.18096226 -1.17282164],[-0.90707523  0.34800079 -1.25361466]
6.867574699999999,[ 0.88884681  0.18093932 -1.17279017],[-0.90709192  0.34799895 -1.25359893]
6.8757519999999985,[ 0.8888737   0.18089621 -1.17273998],[-0.90711874  0.34800059 -1.25357533]
6.885193399999999,[ 0.88890445  0.18081777 -1.17267632],[-0.90716624  0.34800684 -1.25353646]
6.893684799999999,[ 0.88893044  0.18074737 -1.1726203 ],[-0.90719706  0.34801215 -1.25351703]
6.9020346,[ 0.88894624  0.18067203 -1.17256677],[-0.90722483  0.34800377 -1.2534951 ]
6.910512699999998,[ 0.88895881  0.18060438 -1.17251837],[-0.90724885  0.34800547 -1.25348139]
6.919246999999999,[ 0.88898438  0.18054108 -1.17246914],[-0.90726107  0.34799263 -1.25347042]
6.926856299999997,[ 0.8889997   0.18047588 -1.1724242 ],[-0.90728074  0.34797376 -1.25345802]
6.9352445,[ 0.88901401  0.18039824 -1.17236948],[-0.90730739  0.34795895 -1.25344431]
6.943832499999999,[ 0.88903743  0.18033358 -1.17232609],[-0.9073208   0.34793755 -1.25343704]
6.9526632999999975,[ 0.8890698   0.18027197 -1.17227399],[-0.90733939  0.34790972 -1.25343084]
6.960354199999998,[ 0.88909012  0.18020561 -1.17222595],[-0.9073649   0.34787738 -1.25341463]
6.9683393,[ 0.88912237  0.18012932 -1.17217553],[-0.90737271  0.34785247 -1.25340533]
6.975355999999998,[ 0.88913935  0.18009946 -1.1721499 ],[-0.90737569  0.34784535 -1.25340021]
6.983996299999998,[ 0.88916415  0.18004559 -1.17210007],[-0.90738869  0.34783605 -1.25339091]
6.9932537,[ 0.88920313  0.17997096 -1.17202413],[-0.90740937  0.34783372 -1.25337207]
7.001972499999997,[ 0.88922912  0.17992431 -1.17196679],[-0.90742522  0.34783852 -1.25334489]
7.011082399999999,[ 0.88925791  0.17988326 -1.17190552],[-0.90745169  0.3478514  -1.25333071]
7.0187065,[ 0.88927889  0.17985246 -1.17184365],[-0.90748376  0.34787545 -1.25331879]
7.027833699999999,[ 0.88930821  0.1798085  -1.17178261],[-0.90751475  0.34789079 -1.25329554]
7.035542700000001,[ 0.88934505  0.17977421 -1.17171001],[-0.907543    0.34791332 -1.25327611]
7.043385000000001,[ 0.88937944  0.17975105 -1.17164898],[-0.90757561  0.34795216 -1.25325382]
7.050562299999999,[ 0.88940299  0.17974874 -1.1716224 ],[-0.90758586  0.34797591 -1.25324965]
7.060488100000001,[ 0.88945878  0.17974775 -1.17152596],[-0.90763819  0.34806648 -1.25322974]
7.069323999999998,[ 0.88950229  0.17975169 -1.17146587],[-0.90766114  0.34812024 -1.25321186]
7.077469600000001,[ 0.88954335  0.17974953 -1.17140245],[-0.90769792  0.34818378 -1.2531836 ]
7.085904899999999,[ 0.88959068  0.17975737 -1.17135322],[-0.90773004  0.3482523  -1.25317359]
7.093726999999998,[ 0.88963985  0.17976668 -1.17130482],[-0.90777844  0.34830618 -1.25315523]
7.1027451999999975,[ 0.88970357  0.17977174 -1.17125547],[-0.90781736  0.34833485 -1.2531414 ]
7.111414799999999,[ 0.88975716  0.17977542 -1.17120159],[-0.90786296  0.34837678 -1.2531153 ]
7.119493899999998,[ 0.88980108  0.17979288 -1.17117012],[-0.90791589  0.34843808 -1.25310671]
7.126916399999999,[ 0.88984168  0.17982027 -1.17113936],[-0.90796554  0.34851339 -1.25309181]
7.1354413,[ 0.88987982  0.17983915 -1.17110848],[-0.90800875  0.34858611 -1.25306642]
7.143366699999998,[ 0.88991451  0.17983939 -1.17107677],[-0.9080528   0.34865466 -1.25303984]
7.1528521000000005,[ 0.88994569  0.17984638 -1.17105138],[-0.90809667  0.34870061 -1.25302339]
7.1610859,[ 0.88998806  0.17982377 -1.17103171],[-0.90814859  0.34874609 -1.2530179 ]
7.169875399999999,[ 0.89002752  0.17980345 -1.17101836],[-0.90819007  0.34878615 -1.25300574]
7.179504299999998,[ 0.89006412  0.1797839  -1.17100906],[-0.90825129  0.34882253 -1.25298429]
7.187794399999998,[ 0.89010572  0.17977086 -1.17100728],[-0.90829992  0.34885857 -1.25296319]
7.197294100000001,[ 0.89015114  0.17976476 -1.17101347],[-0.90837801  0.34890503 -1.25294971]
7.2045934,[ 0.89017397  0.1797618  -1.17101359],[-0.90841097  0.34892789 -1.25293386]
7.214548499999999,[ 0.89022785  0.17971422 -1.17101741],[-0.90849644  0.34896675 -1.25290895]
7.222896299999999,[ 0.89026779  0.17968336 -1.17102301],[-0.90854502  0.34900066 -1.25290287]
7.231188400000001,[ 0.89029014  0.17966565 -1.17102838],[-0.90861118  0.34903938 -1.25289631]
7.238312999999998,[ 0.89030188  0.17965594 -1.17103291],[-0.90864319  0.34905991 -1.25289094]
7.2461988999999996,[ 0.8903237   0.17963107 -1.17103457],[-0.90870392  0.34909979 -1.25289547]
7.255951499999998,[ 0.89033669  0.17961492 -1.17103255],[-0.90881151  0.34915605 -1.25288045]
7.263826999999999,[ 0.89034134  0.17961603 -1.17103827],[-0.90888613  0.34920028 -1.25288451]
7.273204699999997,[ 0.89034092  0.17960595 -1.1710397 ],[-0.90896338  0.34923452 -1.25288534]
7.281190799999997,[ 0.89034778  0.17959215 -1.17104459],[-0.90903777  0.34927267 -1.25289941]
7.289845,[ 0.89035362  0.17958996 -1.17105007],[-0.90910089  0.34928781 -1.25290918]
7.296534299999998,[ 0.89036185  0.17958663 -1.17105174],[-0.90912753  0.34928849 -1.25291848]
7.306055300000001,[ 0.89036286  0.17960063 -1.17106175],[-0.9092136   0.34931666 -1.2529335 ]
7.3141929999999995,[ 0.8903535   0.17961825 -1.17106509],[-0.90927255  0.34934318 -1.25295115]
7.323126799999997,[ 0.89034015  0.17965826 -1.17108047],[-0.90932566  0.34938347 -1.25297165]
7.3310943,[ 0.89032841  0.17969386 -1.17109358],[-0.90937567  0.34940845 -1.25298917]
7.3395115,[ 0.89031768  0.1797334  -1.17111146],[-0.90943289  0.34943074 -1.25301445]
7.3489492999999975,[ 0.89031172  0.17975454 -1.17112744],[-0.90948671  0.34944841 -1.25304413]
7.357424699999999,[ 0.89030004  0.1797808  -1.17114317],[-0.90955919  0.34947553 -1.25307548]
7.3656501999999975,[ 0.89029431  0.17981221 -1.17116201],[-0.90962529  0.34948537 -1.25311363]
7.372925799999997,[ 0.89027518  0.17984219 -1.17117274],[-0.9096911   0.34950095 -1.25314832]
7.381717200000001,[ 0.89025652  0.17986996 -1.17119217],[-0.90976667  0.3495231  -1.25317574]
7.389442199999998,[ 0.89023596  0.17991424 -1.17121184],[-0.90984344  0.34953544 -1.25320804]
7.398298799999999,[ 0.89021158  0.17995122 -1.17122698],[-0.90992302  0.34956551 -1.25324321]
7.406855099999998,[ 0.890185    0.17998324 -1.17124021],[-0.91000247  0.34958813 -1.25327802]
7.415098399999998,[ 0.89016217  0.18001248 -1.17125857],[-0.91007471  0.34960151 -1.2533015 ]
7.423226199999998,[ 0.89014661  0.18003172 -1.17126608],[-0.91015238  0.3496148  -1.2533257 ]
7.4311708,[ 0.89012468  0.18004224 -1.17127299],[-0.91023356  0.34963042 -1.25335085]
7.439692899999997,[ 0.890091    0.18005608 -1.17128015],[-0.91032135  0.34964642 -1.25336897]
7.447756099999999,[ 0.89006454  0.18008159 -1.1712867 ],[-0.91041422  0.34965926 -1.25337744]
7.457717199999998,[ 0.89002842  0.18009388 -1.17129517],[-0.91051763  0.34966925 -1.25338316]
7.465418799999998,[ 0.88999361  0.18010993 -1.17130196],[-0.91061819  0.34967044 -1.25339472]
7.4733649,[ 0.88996202  0.18011023 -1.1713171 ],[-0.91072643  0.34968007 -1.25341594]
7.481298899999999,[ 0.88994044  0.1800973  -1.17132235],[-0.91083038  0.3496803  -1.2534349 ]
7.490062899999998,[ 0.88991725  0.18007855 -1.17133307],[-0.91091931  0.34967735 -1.25344849]
7.498199099999997,[ 0.88989496  0.18006921 -1.17134619],[-0.91100413  0.34969148 -1.25346982]
7.506610799999997,[ 0.88987094  0.18006587 -1.17136836],[-0.91108358  0.3497158  -1.25349545]
7.5146449,[ 0.88984424  0.18007109 -1.17138755],[-0.91116565  0.34974682 -1.25351572]
7.522801299999998,[ 0.88981742  0.18007573 -1.17142117],[-0.91123736  0.34978411 -1.25353146]
7.5308864,[ 0.88979924  0.18007618 -1.17145848],[-0.91129577  0.349821   -1.25354886]
7.539477699999999,[ 0.88978869  0.18007253 -1.17149949],[-0.91134506  0.34984627 -1.25356984]
7.547942199999998,[ 0.88978392  0.1800476  -1.17154408],[-0.91138309  0.34985438 -1.25359821]
7.556079099999998,[ 0.88978136  0.18003422 -1.1716032 ],[-0.91142994  0.34985605 -1.25362146]
7.564993099999999,[ 0.88978899  0.180024   -1.17166591],[-0.91147518  0.34985262 -1.25364411]
7.5728377999999985,[ 0.88978577  0.18000555 -1.17172658],[-0.91152531  0.34986472 -1.25367105]
7.581025699999998,[ 0.88978261  0.18000513 -1.17179632],[-0.91157711  0.34987271 -1.25369859]
7.5891825,[ 0.88978231  0.18001902 -1.17186344],[-0.91162896  0.34990183 -1.25371826]
7.5983935,[ 0.88978732  0.18002324 -1.1719327 ],[-0.91167831  0.34991425 -1.25373757]
7.6442677,[ 0.88981438  0.17996188 -1.17228663],[-0.91191447  0.34983701 -1.2538693 ]
7.652515899999997,[ 0.88980967  0.17996934 -1.17235053],[-0.91196615  0.34981894 -1.25389028]
7.6602663,[ 0.88979959  0.17997335 -1.17241263],[-0.91200662  0.34979579 -1.25391316]
7.669233199999997,[ 0.88979793  0.17995864 -1.172472  ],[-0.91205072  0.34976995 -1.25394058]
7.677016200000001,[ 0.88980532  0.1799372  -1.17253351],[-0.91208875  0.34971812 -1.2539593 ]
7.685408899999999,[ 0.88981014  0.179904   -1.17258942],[-0.912126    0.3496851  -1.25399005]
7.693598699999999,[ 0.88981521  0.17987201 -1.17265034],[-0.91217178  0.34964687 -1.25401425]
7.7021221,[ 0.88981533  0.17984985 -1.17271364],[-0.91222483  0.34961605 -1.2540381 ]
7.710148999999998,[ 0.88980508  0.17984699 -1.17277873],[-0.91227353  0.34959728 -1.25404918]
7.7189701,[ 0.88979262  0.17984197 -1.1728406 ],[-0.91232806  0.34959427 -1.25407171]
7.7270872,[ 0.88977569  0.17982095 -1.1729039 ],[-0.91239142  0.34959909 -1.25408971]
7.735279199999997,[ 0.88977861  0.17980678 -1.17296731],[-0.91244382  0.3495982  -1.25411546]
7.743845699999998,[ 0.88978451  0.17977981 -1.17303634],[-0.91250885  0.34960717 -1.25413501]
7.752064699999998,[ 0.8897838   0.17973468 -1.17309606],[-0.91258246  0.34961763 -1.25416684]
7.7610779,[ 0.88978809  0.17969966 -1.17315996],[-0.91264904  0.34962428 -1.25419474]
7.768730299999998,[ 0.88979197  0.17968823 -1.17322791],[-0.91274136  0.34964377 -1.25422192]
7.7782965,[ 0.88978684  0.17967862 -1.1732986 ],[-0.91284144  0.34967503 -1.25426114]
7.7858917000000005,[ 0.8897745   0.17967568 -1.17336798],[-0.91294664  0.34969977 -1.25428605]
7.7940203,[ 0.88976955  0.17966826 -1.17343998],[-0.91304809  0.34972826 -1.25431514]
7.801896599999999,[ 0.88977516  0.17964397 -1.1735208 ],[-0.91315579  0.34974676 -1.25433481]
7.811518799999998,[ 0.88978738  0.17961878 -1.17359173],[-0.91326553  0.34977311 -1.25436652]
7.8188756999999995,[ 0.88979924  0.17958111 -1.17366791],[-0.91337907  0.34979662 -1.25439787]
7.827676499999999,[ 0.88980907  0.17955758 -1.17374659],[-0.91349918  0.34982446 -1.25442731]
7.835335499999999,[ 0.88981801  0.17952919 -1.17383099],[-0.91362679  0.34984565 -1.25445724]
7.843988199999998,[ 0.8898173   0.17952482 -1.17391944],[-0.9137556   0.34987229 -1.2544837 ]
7.852238999999997,[ 0.88981771  0.17952392 -1.17400587],[-0.91389704  0.34989125 -1.25450873]
7.8610669999999985,[ 0.88982373  0.1795122  -1.17408788],[-0.91404563  0.34990618 -1.25454175]
7.869127499999998,[ 0.88983923  0.17950788 -1.1741699 ],[-0.91418701  0.34990385 -1.25457573]
7.876864999999999,[ 0.889853    0.17950934 -1.17424548],[-0.9143244   0.34988251 -1.2546258 ]
7.8842465,[ 0.88986176  0.17950612 -1.1742816 ],[-0.91439474  0.34987301 -1.25463963]
7.8936414999999975,[ 0.88986897  0.17953266 -1.17438376],[-0.91461742  0.34986314 -1.2546941 ]
7.901847499999999,[ 0.88985991  0.17957081 -1.17444038],[-0.91475755  0.34987479 -1.25472403]
7.9103353999999975,[ 0.88982421  0.17962147 -1.17449212],[-0.91490215  0.34988678 -1.25475228]
7.9192295,[ 0.88979501  0.17965193 -1.1745466 ],[-0.91505355  0.3498829  -1.2547977 ]
7.926906599999999,[ 0.88975453  0.17966314 -1.17459285],[-0.91520363  0.3498702  -1.25484431]
7.935340499999999,[ 0.88973248  0.17965378 -1.17464054],[-0.91535306  0.34983641 -1.25489378]
7.943939999999998,[ 0.889709    0.17963284 -1.17468703],[-0.91549522  0.34980649 -1.25495434]
7.9520871,[ 0.88968581  0.17961168 -1.17474937],[-0.91564083  0.34978545 -1.25499892]
7.9606767000000005,[ 0.88967764  0.17959394 -1.1747762 ],[-0.91571581  0.34978476 -1.2550323 ]
7.988114899999999,[ 0.88966858  0.17958362 -1.17480814],[-0.91578704  0.34977624 -1.25505853]
7.998262,[ 0.88962054  0.17953555 -1.17523098],[-0.91638201  0.34975082 -1.25534701]
8.007249599999998,[ 0.88961589  0.17950428 -1.17534459],[-0.91653836  0.34975556 -1.25540793]
8.0156001,[ 0.88960969  0.17947438 -1.17546237],[-0.91669226  0.34977528 -1.25547945]
8.0245264,[ 0.88959277  0.17942619 -1.17558253],[-0.91687447  0.34979892 -1.25552464]
8.032103,[ 0.8895672   0.17938958 -1.17570388],[-0.91700679  0.34982413 -1.2555927 ]
8.040008099999998,[ 0.88952255  0.17935491 -1.17582309],[-0.91715181  0.3498548  -1.25566363]
8.047716899999998,[ 0.88949031  0.17932484 -1.17595541],[-0.91729176  0.34989968 -1.25573945]
8.0565906,[ 0.88946033  0.17925824 -1.1760844 ],[-0.91741467  0.34994566 -1.25581753]
8.0644144,[ 0.88943613  0.17916271 -1.1762017 ],[-0.91753381  0.34996441 -1.25588465]
8.073858699999999,[ 0.88940865  0.17905363 -1.17632878],[-0.91764992  0.34998709 -1.255952  ]
8.0822367,[ 0.88938612  0.1789519  -1.1764493 ],[-0.9177615   0.35002378 -1.25602221]
8.0903065,[ 0.88935447  0.17887551 -1.17657661],[-0.91786593  0.35009223 -1.25608444]
8.098105499999999,[ 0.88931113  0.1787854  -1.17671645],[-0.91798669  0.35016406 -1.25614345]
8.1061898,[ 0.8892554   0.1787107  -1.17684174],[-0.91811514  0.35022315 -1.25620341]
8.115681899999998,[ 0.8891983   0.17865463 -1.17697179],[-0.91823572  0.35029569 -1.25626171]
8.125515799999999,[ 0.88913429  0.17860776 -1.17710352],[-0.91835433  0.35037065 -1.25634217]
8.1367488,[ 0.88901752  0.17846607 -1.17728233],[-0.9185347   0.35047695 -1.25645065]
8.144078099999998,[ 0.8889299   0.17836402 -1.17739582],[-0.91864163  0.35051495 -1.25651813]
8.1528411,[ 0.88884354  0.17827305 -1.17750633],[-0.9187665   0.35057783 -1.25658989]
8.160912999999997,[ 0.88873273  0.17818859 -1.17761064],[-0.91889995  0.35066625 -1.25666201]
8.1686713,[ 0.88862181  0.17809545 -1.17771375],[-0.91903567  0.35075101 -1.25673449]
8.1787673,[ 0.88851231  0.17800491 -1.17783642],[-0.91917968  0.35084257 -1.2568109 ]
8.187719599999998,[ 0.88840634  0.17794351 -1.17797029],[-0.91931856  0.35090977 -1.25687516]
8.196624999999997,[ 0.88830948  0.1778796  -1.17810225],[-0.91946071  0.35096022 -1.25693727]
8.205067499999998,[ 0.88821739  0.17779379 -1.17823172],[-0.91958928  0.35100043 -1.25701654]
8.215273399999997,[ 0.88807082  0.17769048 -1.17843711],[-0.91980445  0.35107678 -1.25711346]
8.2242532,[ 0.88795233  0.17764112 -1.17856884],[-0.91995776  0.35112146 -1.25717783]
8.231908999999998,[ 0.88782734  0.17759727 -1.17869556],[-0.92012066  0.35118851 -1.25723493]
8.2398305,[ 0.88769633  0.17754985 -1.17880583],[-0.92028522  0.35127085 -1.25729263]
8.247778699999998,[ 0.88756853  0.17749342 -1.17890906],[-0.92041218  0.35134271 -1.25738537]
8.256713399999999,[ 0.88743079  0.17743328 -1.17902541],[-0.92056078  0.35141355 -1.25745118]
8.264313099999999,[ 0.88727623  0.17734312 -1.17915714],[-0.92070764  0.35148296 -1.25751221]
8.2738586,[ 0.88712347  0.17722495 -1.17928016],[-0.9208557   0.35154873 -1.25758791]
8.2821596,[ 0.88696915  0.17711887 -1.17940342],[-0.92101139  0.35163081 -1.25766587]
8.2922969,[ 0.88682258  0.17703626 -1.17953837],[-0.92116755  0.35171583 -1.25774515]
8.300801799999999,[ 0.88666993  0.176962   -1.17967546],[-0.92133361  0.35180593 -1.25779676]
8.3102469,[ 0.886473    0.17684333 -1.17984474],[-0.92157531  0.35191703 -1.25786531]
8.3198011,[ 0.88634121  0.1767782  -1.17996848],[-0.92174476  0.35199979 -1.25792015]
8.3270598,[ 0.88619876  0.17672655 -1.18013585],[-0.92191249  0.35207766 -1.25795746]
8.335224099999998,[ 0.88607776  0.17665544 -1.18026733],[-0.92207849  0.35215938 -1.25799763]
8.343620099999999,[ 0.88594723  0.17655821 -1.18039453],[-0.92223632  0.35223883 -1.25803125]
8.350805399999999,[ 0.88588542  0.176522   -1.18046737],[-0.92231935  0.35229433 -1.25805652]
8.3590157,[ 0.88572693  0.17644961 -1.18062091],[-0.92249012  0.35243127 -1.25809991]
8.3686151,[ 0.88552833  0.17633276 -1.18086433],[-0.92272824  0.35262647 -1.25816178]
8.3768079,[ 0.88539523  0.17623287 -1.18099284],[-0.922885    0.35274979 -1.25818813]
8.385322799999997,[ 0.88526767  0.17615905 -1.18112707],[-0.92305291  0.35288578 -1.2582233 ]
8.394973199999999,[ 0.88515627  0.17608514 -1.18126273],[-0.92321581  0.35304767 -1.25826776]
8.4052352,[ 0.88505346  0.1760117  -1.18141282],[-0.9233796   0.35317284 -1.25829589]
8.417322199999997,[ 0.88488638  0.17587318 -1.18163085],[-0.92362911  0.35337541 -1.25831962]
8.4282848,[ 0.88472384  0.17581169 -1.18185127],[-0.92390823  0.35362777 -1.25834775]
8.435953299999998,[ 0.88462967  0.17577095 -1.18198693],[-0.92411643  0.3538118  -1.25836408]
8.445138799999999,[ 0.88453501  0.17571595 -1.18210936],[-0.9243263   0.35397887 -1.25838137]
8.454787499999998,[ 0.88445044  0.17565881 -1.18222201],[-0.9245491   0.35412508 -1.25838602]
8.462968399999998,[ 0.88437068  0.17560607 -1.18233991],[-0.92476958  0.35428703 -1.25840318]
8.4738528,[ 0.88426769  0.17557538 -1.1825304 ],[-0.92510146  0.35453197 -1.25843084]
8.481064499999999,[ 0.88419038  0.17554548 -1.1826514 ],[-0.92535818  0.3546876  -1.25842535]
8.489957399999998,[ 0.88411856  0.1755352  -1.18277752],[-0.92561781  0.35485962 -1.25842059]
8.4980242,[ 0.88403827  0.17554623 -1.18291235],[-0.92589504  0.35503364 -1.25843906]
8.5062438,[ 0.88396895  0.17555469 -1.183038  ],[-0.92617989  0.35521331 -1.25845301]
8.5154365,[ 0.88390785  0.17554249 -1.18315554],[-0.92646164  0.35536942 -1.25846231]
8.5235622,[ 0.8838504   0.17553735 -1.18326676],[-0.92675489  0.35552394 -1.25847614]
8.531862699999998,[ 0.88378775  0.17556784 -1.18337977],[-0.9270556   0.355681   -1.25850427]
8.5403111,[ 0.88373125  0.17561743 -1.18348634],[-0.92737448  0.35585752 -1.25854993]
8.5489994,[ 0.88364732  0.17565139 -1.18360281],[-0.92770177  0.35601774 -1.25859094]
8.556235099999999,[ 0.8835867   0.17570229 -1.18369341],[-0.92802846  0.35614291 -1.25863338]
8.565461499999998,[ 0.88352007  0.17578779 -1.18379879],[-0.92836386  0.35625941 -1.25867045]
8.574707199999999,[ 0.88346744  0.17587619 -1.18390346],[-0.92867947  0.35638988 -1.25871193]
8.583427999999998,[ 0.88341898  0.17595015 -1.18398571],[-0.92900229  0.35650995 -1.25877094]
8.592110299999998,[ 0.88336968  0.17602153 -1.18406987],[-0.92932349  0.35660636 -1.25883543]
8.6020313,[ 0.88329566  0.17615548 -1.18419051],[-0.92980945  0.35672438 -1.25894308]
8.611593199999998,[ 0.88323742  0.17626008 -1.18427551],[-0.9301374   0.35680056 -1.25902057]
8.6194287,[ 0.88317591  0.17637648 -1.18435836],[-0.93045688  0.35684475 -1.25908983]
8.627669099999999,[ 0.88311291  0.17649525 -1.18442857],[-0.93078899  0.35686007 -1.25916672]
8.6357298,[ 0.88305396  0.17663865 -1.18452466],[-0.93112123  0.35686141 -1.25924754]
8.644292499999999,[ 0.88299239  0.17676793 -1.18460798],[-0.93144977  0.35685846 -1.25932837]
8.667160799999998,[ 0.88286728  0.1770779  -1.18479168],[-0.93225855  0.35682365 -1.25948799]
8.675431099999997,[ 0.88280708  0.17724042 -1.18487263],[-0.93259829  0.3568185  -1.25956178]
8.683634699999999,[ 0.88273406  0.17740107 -1.18495727],[-0.93292934  0.35681614 -1.25963259]
8.691951499999998,[ 0.88267326  0.17754649 -1.18502247],[-0.93323892  0.3567988  -1.25970924]
8.700943899999999,[ 0.88262069  0.17769946 -1.18508685],[-0.93355316  0.35680294 -1.25975716]
8.708996299999999,[ 0.88256669  0.17786527 -1.1851505 ],[-0.93387806  0.35680079 -1.2598083 ]
8.718616399999998,[ 0.88249409  0.17808966 -1.18524504],[-0.9343676   0.35677564 -1.25990319]
8.725722599999997,[ 0.88247025  0.17816243 -1.18526697],[-0.93453431  0.35676146 -1.25993979]
8.736459199999999,[ 0.88238364  0.17840135 -1.18534052],[-0.93501842  0.35671359 -1.26005328]
8.744498999999998,[ 0.88231105  0.17858647 -1.18538678],[-0.93532562  0.35667536 -1.26011539]
8.7526072,[ 0.8822431   0.17876442 -1.18542206],[-0.93562305  0.35661548 -1.26017535]
8.760835199999999,[ 0.88217294  0.17892073 -1.18545055],[-0.93591356  0.35655126 -1.26023912]
8.768722799999999,[ 0.88209593  0.17907585 -1.18549049],[-0.93619692  0.35648289 -1.26030982]
8.778292099999998,[ 0.88202858  0.17923544 -1.18552554],[-0.93647522  0.35642502 -1.26039684]
8.785843999999997,[ 0.88196433  0.17937517 -1.18556249],[-0.9367379   0.35636586 -1.26046443]
8.794591699999998,[ 0.88190383  0.17950869 -1.18558562],[-0.93698937  0.35632983 -1.26053238]
8.802020499999998,[ 0.88183773  0.17964761 -1.18562734],[-0.93725258  0.35630721 -1.26059699]
8.811488699999998,[ 0.88176841  0.17981717 -1.18566275],[-0.93751574  0.35627395 -1.26065958]
8.819194099999997,[ 0.88170779  0.17997798 -1.1857127 ],[-0.93777734  0.3562133  -1.26072478]
8.8277918,[ 0.88164699  0.18011728 -1.18575609],[-0.9380368   0.35611784 -1.26078618]
8.8356924,[ 0.88158947  0.18025742 -1.18580258],[-0.93830478  0.3559905  -1.26086056]
8.844315899999998,[ 0.88153869  0.18040727 -1.18585324],[-0.93855953  0.35586089 -1.26094246]
8.8528709,[ 0.88147914  0.18056677 -1.18590522],[-0.938833    0.35571808 -1.2610203 ]
8.8624236,[ 0.88142401  0.18070668 -1.18596041],[-0.93910223  0.3555516  -1.26111615]
8.8725867,[ 0.8813203   0.18092425 -1.18604445],[-0.93948925  0.35531992 -1.26124203]
8.879615899999997,[ 0.8812843   0.18100311 -1.18607759],[-0.93962771  0.35525072 -1.26130068]
8.888197299999998,[ 0.88121957  0.18114434 -1.18615174],[-0.93991363  0.35508966 -1.26141429]
8.8966681,[ 0.88116604  0.18126737 -1.18622482],[-0.94018352  0.35488346 -1.26152682]
8.906668099999997,[ 0.88109571  0.18140565 -1.18631423],[-0.94055259  0.35454521 -1.26169622]
8.915115799999999,[ 0.88105839  0.18152297 -1.186396  ],[-0.94081485  0.3543036  -1.26182628]
8.9238672,[ 0.88101661  0.18165138 -1.18647611],[-0.94111848  0.35406688 -1.26196492]
8.931602899999998,[ 0.88097215  0.18176246 -1.18654168],[-0.94142663  0.35381085 -1.26207507]
8.9394414,[ 0.88093191  0.18187356 -1.18661249],[-0.94172382  0.35355529 -1.26215911]
8.947681499999998,[ 0.88089007  0.18201868 -1.18669331],[-0.94199824  0.35333034 -1.26223767]
8.955724499999999,[ 0.88084823  0.18214071 -1.18675756],[-0.94227946  0.35310593 -1.26230264]
8.965669899999998,[ 0.88081348  0.18223341 -1.18682384],[-0.9425444   0.35287261 -1.26237154]
8.9732454,[ 0.88077909  0.18230598 -1.18688023],[-0.94280916  0.35263348 -1.26242256]
8.9818085,[ 0.88073719  0.18239497 -1.18694234],[-0.94307834  0.35240465 -1.26248991]
8.9898362,[ 0.88070071  0.18251379 -1.1870054 ],[-0.94339085  0.35218862 -1.26256907]
8.9976992,[ 0.88065827  0.18263637 -1.18707776],[-0.94369978  0.35197076 -1.26265419]
9.006561399999999,[ 0.88060629  0.18275297 -1.18714976],[-0.94399738  0.35175264 -1.26272917]
9.014441599999998,[ 0.88056892  0.18286689 -1.18721569],[-0.94427913  0.35155681 -1.26278257]
9.0229945,[ 0.88052303  0.18298699 -1.18728781],[-0.94453955  0.35137424 -1.26284146]
9.031102399999998,[ 0.88048184  0.18310681 -1.18735015],[-0.94478804  0.35120201 -1.26290202]
9.0395483,[ 0.88043934  0.18320814 -1.18740737],[-0.94500667  0.35103118 -1.26295173]
9.047782699999999,[ 0.88039464  0.18331882 -1.18746042],[-0.9451986   0.35086316 -1.26298273]
9.0572762,[ 0.88034981  0.18345208 -1.18752933],[-0.94540876  0.35072532 -1.26301551]
9.0644819,[ 0.88030726  0.18359149 -1.18759441],[-0.94561493  0.3505739  -1.26306796]
9.0728835,[ 0.88025004  0.18371959 -1.18765128],[-0.94584179  0.3504346  -1.26312554]
9.081558299999998,[ 0.88020432  0.18382864 -1.18771183],[-0.94605196  0.35028383 -1.26315653]
9.0905724,[ 0.88015836  0.18394402 -1.18776655],[-0.94624388  0.35014623 -1.26318061]
9.098681199999998,[ 0.88010895  0.18405758 -1.18782628],[-0.94644314  0.3500171  -1.26319325]
9.106673099999998,[ 0.88005489  0.18414454 -1.18788755],[-0.94662458  0.34988984 -1.26319814]
9.1145089,[ 0.8799904   0.1842345  -1.18794489],[-0.94682258  0.34977964 -1.26321816]
9.1228059,[ 0.87993324  0.18434232 -1.18801248],[-0.94702524  0.34969601 -1.26323438]
9.1311973,[ 0.87986648  0.18444932 -1.18808079],[-0.94721687  0.34962189 -1.26324368]
9.139429999999997,[ 0.87980169  0.18454249 -1.18814397],[-0.94740385  0.34954068 -1.26325655]
9.1483354,[ 0.8797366   0.18463793 -1.18821013],[-0.94759685  0.34947929 -1.26326597]
9.156120299999998,[ 0.87966895  0.18474205 -1.18828332],[-0.94778156  0.3494361  -1.26326752]
9.177345299999999,[ 0.87949848  0.1849931  -1.18846583],[-0.94824445  0.34926939 -1.26324964]
9.185362599999998,[ 0.8794257   0.18510237 -1.18854642],[-0.94842291  0.34922227 -1.26323903]
9.2070616,[ 0.8792184   0.18539026 -1.18872881],[-0.94889963  0.34907994 -1.26317847]
9.215249699999998,[ 0.87914979  0.18547307 -1.18880427],[-0.94908988  0.34899443 -1.26313639]
9.2373261,[ 0.87898356  0.18568192 -1.18900096],[-0.94957489  0.34882143 -1.26305544]
9.244410599999998,[ 0.87891054  0.1857634  -1.18906343],[-0.94977951  0.34875405 -1.26301098]
9.264565899999997,[ 0.87870514  0.1859924  -1.18923473],[-0.95032555  0.3486391  -1.26291573]
9.2731468,[ 0.8786217   0.18608449 -1.18930376],[-0.95057172  0.34859899 -1.26287258]
