0.0004197999999995261,1.4929614,0
0.010144499999999113,1.4929614,0
0.02512480000000039,1.4929614,0
0.030112100000000197,1.4929614,0
0.040173499999998086,1.4929614,0
0.05012980000000056,1.4929614,0
0.06023850000000053,1.4929614,0
0.07022779999999784,1.4929614,0
0.08004839999999902,1.4929614,0
0.09021599999999808,1.4929614,0
0.10017339999999919,1.4929614,0
0.1101157999999991,1.4929614,0
0.1201656999999976,1.4929614,0
0.13006340000000094,1.4929614,0
0.14012029999999953,1.4929614,0
0.15024809999999889,1.4929614,0
0.16007829999999856,1.4929614,0
0.17023749999999893,1.4929614,0
0.18014229999999998,1.4929614,0
0.19007609999999886,1.4929614,0
0.2001576000000007,1.4929614,0
0.21012329999999935,1.4929614,0
0.220232799999998,1.4929614,0
0.2300260999999999,1.4929614,0
0.2400683000000008,1.4929614,0
0.2501125999999978,1.4929614,0
0.2600701000000001,1.4929614,0
0.27031589999999994,1.4929614,0
0.2800179000000007,1.4929614,0
0.290086800000001,1.4929614,0
0.30021580000000014,1.4929614,0
0.3100845999999997,1.4929614,0
0.3202044999999991,1.4929614,0
0.3301760999999992,1.4929614,0
0.34005149999999773,1.4929614,0
0.35017159999999947,1.4929614,0
0.3602728000000006,1.4929614,0
0.3703064000000005,1.4929614,0
0.3803272,1.4929614,0
0.3900498999999975,1.4929614,0
0.400132499999998,1.4929614,0
0.41003479999999826,1.4929614,0
0.42045699999999897,1.4929614,0
0.430060000000001,1.4929614,0
0.4402001999999996,1.4929614,0
0.45016139999999893,1.4929614,0
0.4600289999999987,1.4929614,0
0.47022970000000086,1.4929614,0
0.48006699999999825,1.4929614,0
0.4900373000000009,1.4929614,0
0.5001446999999999,1.4929614,0
0.5100914000000003,1.4929614,0
0.5202512000000006,1.4929614,0
0.5300726999999981,1.4929614,0
0.5401026999999985,1.4929614,0
0.5500368999999985,1.4929614,0
0.5600822000000001,1.4929614,0
0.5703989000000007,1.4929614,0
0.5802028999999997,1.4929614,0
0.5901062999999986,1.4929614,0
0.6000736999999994,1.4929614,0
0.6101083999999979,1.4929614,0
0.620197300000001,1.4929614,0
0.6300241,1.4929614,0
0.6402280999999981,1.4929614,0
0.650056799999998,1.4929614,0
0.6599952999999985,1.4929614,0
0.6702757999999989,1.4929614,0
0.6800937999999981,1.4929614,0
0.6900030000000008,1.4929614,0
0.7001251999999987,1.4929614,0
0.7100341999999991,1.4929614,0
0.7201801999999979,1.4929614,0
0.730144499999998,1.4929614,0
0.7400316999999994,1.4929614,0
0.750044599999999,1.4929614,0
0.7600792999999975,1.4929614,0
0.7702737999999982,1.4929614,0
0.7801508999999989,1.4929614,0
0.7900332999999975,1.4929614,0
0.8000343999999977,1.4929614,0
0.8101167999999994,1.4929614,0
0.8202134000000001,1.4929614,0
0.8300686999999982,1.4929614,0
0.8400618000000009,1.4929614,0
0.8500848999999988,1.4929614,0
0.8600220999999983,1.4929614,0
0.870149399999999,1.4929614,0
0.8800136999999992,1.4929614,0
0.8901480999999976,1.4929614,0
0.9001631000000003,1.4929614,0
0.9101147999999988,1.4929614,0
0.920395199999998,1.4929614,0
0.9300664999999988,1.4929614,0
0.940141999999998,1.4929614,0
0.9501089999999976,1.4929614,0
0.9600167999999982,1.4929614,0
0.9703267999999987,1.4929614,0
0.9802155999999975,1.4929614,0
0.9900942999999991,1.4929614,0
1.0002560999999979,1.4929614,0
1.0102554999999995,1.4929614,0
1.0232308000000003,1.4929614,0
1.0301861999999993,1.4929614,0
1.040295399999998,1.4929614,0
1.0501992999999992,1.4929614,0
1.060027899999998,1.4929614,0
1.0704148999999994,1.4929614,0
1.0800294999999984,1.4929614,0
1.0900870000000005,1.4929614,0
1.1001571000000006,1.4929614,0
1.110070499999999,1.4929614,0
1.1203088999999977,1.4929614,0
1.130211599999999,1.4929614,0
1.1400457999999993,1.4929614,0
1.150072699999999,1.4929614,0
1.160089199999998,1.4929614,0
1.1702844,1.4929614,0
1.1802184999999987,1.4929614,0
1.1900167999999987,1.4929614,0
1.2002004999999976,1.4929614,0
1.2101110999999989,1.4929614,0
1.2202832999999984,1.4929614,0
1.2300889999999995,1.4929614,0
1.2400893999999987,1.4929614,0
1.2500824999999978,1.4929614,0
1.2600879999999997,1.4929614,0
1.2702273999999996,1.4929614,0
1.2800793999999982,1.4929614,0
1.2900096999999988,1.4929614,0
1.3001812999999984,1.4929614,0
1.3100696999999997,1.4929614,0
1.3201408999999984,1.4929614,0
1.3300391000000005,1.4929614,0
1.3400970999999977,1.4929614,0
1.3500569999999996,1.4929614,0
1.3601180999999976,1.4929614,0
1.3703283999999982,1.4929614,0
1.3800564999999985,1.4929614,0
1.3901180999999987,1.4929614,0
1.4000844000000008,1.4929614,0
1.4101184999999994,1.4929614,0
1.4202025999999996,1.4929614,0
1.4301880999999987,1.4929614,0
1.4401854000000007,1.4929614,0
1.450182899999998,1.4929614,0
1.4600383999999984,1.4929614,0
1.4702607000000008,1.4929614,0
1.480047599999999,1.4929614,0
1.4900978999999985,1.4929614,0
1.5000602,1.4929614,0
1.5100718999999998,1.4929614,0
1.5203132000000004,1.4929614,0
1.530141999999998,1.4929614,0
1.5400112999999997,1.4929614,0
1.5500539999999994,1.4929614,0
1.5600625000000008,1.4929614,0
1.5702153999999986,1.4929614,0
1.5805261999999978,1.4929614,0
1.5900944999999993,1.4929614,0
1.6000778999999987,1.4929614,0
1.6101723999999997,1.4929614,0
1.6202103999999977,1.4929614,0
1.630392999999998,1.4929614,0
1.640387399999998,1.4929614,0
1.6503136000000005,1.4929614,0
1.660120199999998,1.4929614,0
1.6702431000000004,1.4929614,0
1.680037500000001,1.4929614,0
1.6902167999999982,1.4929614,0
1.7001351000000007,1.4929614,0
1.7100611999999984,1.4929614,0
1.7210614999999976,1.4929614,0
1.7300669000000006,1.4929614,0
1.7401187999999976,1.4929614,0
1.7502616999999994,1.4929614,0
1.7601396999999999,1.4929614,0
1.7702193999999984,1.4929614,0
1.7800070999999988,1.4929614,0
1.790181699999998,1.4929614,0
1.800177399999999,1.4929614,0
1.810149599999999,1.4929614,0
1.8202052000000002,1.4929614,0
1.8301134999999995,1.4929614,0
1.8401145999999997,1.4929614,0
1.8501373999999977,1.4929614,0
1.8600688999999981,1.4929614,0
1.870269399999998,1.4929614,0
1.8800427000000006,1.4929614,0
1.8900877999999999,1.4929614,0
1.9001997999999993,1.4929614,0
1.9100839,1.4929614,0
1.9201675999999992,1.4929614,0
1.930087799999999,1.4929614,0
1.9401261000000005,1.4929614,0
1.9500965000000008,1.4929614,0
1.9601228000000006,1.4929614,0
1.9702157000000007,1.4929614,0
1.9800491999999998,1.4929614,0
1.9900443999999986,1.4929614,0
2.0001227999999998,1.4929614,0
2.010178,1.4929614,0
2.0203251999999985,1.4929614,0
2.030133899999999,1.4929614,0
2.0401822000000003,1.4929614,0
2.050134,1.4929614,0
2.0600382999999987,1.4929614,0
2.070273399999998,1.4929614,0
2.080000599999998,1.4929614,0
2.0900529999999975,1.4929614,0
2.1001502999999992,1.4929614,0
2.1100840000000005,1.4929614,0
2.1203225000000003,1.4929614,0
2.1300703,1.4929614,0
2.1401602000000004,1.4929614,0
2.1502032,1.4929614,0
2.160051599999999,1.4929614,0
2.1702264999999983,1.4929614,0
2.180018499999999,1.4929614,0
2.1901416000000005,1.4929614,0
2.2000975999999994,1.4929614,0
2.2101690000000005,1.4929614,0
2.2202409000000003,1.4929614,0
2.230122699999999,1.4929614,0
2.240048099999999,1.4929614,0
2.2500979,1.4929614,0
2.2600537000000003,1.4929614,0
2.270389399999999,1.4929614,0
2.2802304000000007,1.4929614,0
2.2902677999999987,1.4929614,0
2.3001970999999983,1.4929614,0
2.3102795999999977,1.4929614,0
2.3202616999999996,1.4929614,0
2.330134300000001,1.4929614,0
2.3401296999999985,1.4929614,0
2.3501027999999984,1.4929614,0
2.3600375000000007,1.4929614,0
2.3701185000000002,1.4929614,0
2.380149799999998,1.4929614,0
2.390023899999999,1.4929614,0
2.4001590999999998,1.4929614,0
2.4100786999999997,1.4929614,0
2.4202782999999997,1.4929614,0
2.4301803,1.4929614,0
2.4400481999999997,1.4929614,0
2.4501023999999987,1.4929614,0
2.460129200000001,1.4929614,0
2.4703078000000005,1.4929614,0
2.4800860999999976,1.4929614,0
2.490154999999998,1.4929614,0
2.5001381999999985,1.4929614,0
2.5101271999999994,1.4929614,0
2.5203580999999993,1.4929614,0
2.5301906999999986,1.4929614,0
2.540074399999998,1.4929614,0
2.550116899999999,1.4929614,0
2.560082399999999,1.4929614,0
2.5702578000000003,1.4929614,0
2.5800815999999998,1.4929614,0
2.590019399999999,1.4929614,0
2.6001449999999977,1.4929614,0
2.6100449999999995,1.4929614,0
2.620262499999999,1.4929614,0
2.630134599999998,1.4929614,0
2.6402254999999997,1.4929614,0
2.650081,1.4929614,0
2.6600503999999994,1.4929614,0
2.6701321,1.4929614,0
2.6800578,1.4929614,0
2.690044799999999,1.4929614,0
2.700111400000001,1.4929614,0
2.7100288999999975,1.4929614,0
2.7203371999999995,1.4929614,0
2.7300891999999983,1.4929614,0
2.7400081000000007,1.4929614,0
2.7500730000000004,1.4929614,0
2.7600634999999976,1.4929614,0
2.770230599999998,1.4929614,0
2.7799860999999986,1.4929614,0
2.7900644999999997,1.4929614,0
2.8001024999999977,1.4929614,0
2.8100126000000003,1.4929614,0
2.8202461999999997,1.4929614,0
2.8300805999999987,1.4929614,0
2.8400712000000006,1.4929614,0
2.8501446,1.4929614,0
2.8600487999999977,1.4929614,0
2.8702158000000004,1.4929614,0
2.8800463999999977,1.4929614,0
2.8901565,1.4929614,0
2.9001193999999977,1.4929614,0
2.9102078999999996,1.4929614,0
2.920371499999998,1.4929614,0
2.9302262999999975,1.4929614,0
2.9401580000000003,1.4929614,0
2.9502321999999985,1.4929614,0
2.9600671,1.4929614,0
2.9701395999999995,1.4929614,0
2.9800322,1.4929614,0
2.9901009999999992,1.4929614,0
3.0000932999999996,1.4929614,0
3.0101045999999982,1.4929614,0
3.0201591000000008,1.4929614,0
3.030095899999999,1.4929614,0
3.040234599999998,1.4929614,0
3.050117799999999,1.4929614,0
3.060019099999998,1.4929614,0
3.0702597999999988,1.4929614,0
3.0800206999999986,1.4929614,0
3.0900701999999995,1.4929614,0
3.1001537999999975,1.4929614,0
3.1101262999999975,1.4929614,0
3.120212200000001,1.4929614,0
3.130104799999998,1.4929614,0
3.1401116999999985,1.4929614,0
3.150094899999999,1.4929614,0
3.1601912999999975,1.4929614,0
3.170130399999998,1.4929614,0
3.180171399999999,1.4929614,0
3.1900914,1.4929614,0
3.200121799999998,1.4929614,0
3.2100149999999985,1.4929614,0
3.220210099999999,1.4929614,0
3.230179400000001,1.4929614,0
3.2402552,1.4929614,0
3.2500947999999994,1.4929614,0
3.2600485,1.4929614,0
3.270253099999998,1.4929614,0
3.2800446999999977,1.4929614,0
3.2900469999999977,1.4929614,0
3.3000921000000005,1.4929614,0
3.3100243999999996,1.4929614,0
3.3203069999999997,1.4929614,0
3.3300544999999993,1.4929614,0
3.3400402999999983,1.4929614,0
3.3500461999999978,1.4929614,0
3.3599958999999977,1.4929614,0
3.370412299999998,1.4929614,0
3.380053499999999,1.4929614,0
3.3901281999999995,1.4929614,0
3.4001208999999974,1.4929614,0
3.4099626,1.4929614,0
3.4200947,1.4929614,0
3.430079799999998,1.4929614,0
3.4401374999999987,1.4929614,0
3.450084999999998,1.4929614,0
3.4600775000000006,1.4929614,0
3.4701865000000005,1.4929614,0
3.479989100000001,1.4929614,0
3.4900541999999994,1.4929614,0
3.5001149,1.4929614,0
3.5101078,1.4929614,0
3.5212164999999978,1.4929614,0
3.5303487999999987,1.4929614,0
3.5403065,1.4929614,0
3.5502567999999997,1.4929614,0
3.560073499999998,1.4929614,0
3.5701873999999982,1.4929614,0
3.5800126,1.4929614,0
3.5900757999999975,1.4929614,0
3.600157499999998,1.4929614,0
3.6100682000000006,1.4929614,0
3.6202933,1.4929614,0
3.630039,1.4929614,0
3.640104600000001,1.4929614,0
3.6500971999999976,1.4929614,0
3.6600466999999988,1.4929614,0
3.6702242,1.4929614,0
3.6800584,1.4929614,0
3.6900726000000006,1.4929614,0
3.7001357000000006,1.4929614,0
3.7101471000000004,1.4929614,0
3.7203894999999996,1.4929614,0
3.7300050999999996,1.4929614,0
3.7400549000000005,1.4929614,0
3.750123800000001,1.4929614,0
3.7601553999999986,1.4929614,0
3.7701136999999996,1.4929614,0
3.7800560999999995,1.4929614,0
3.790060199999999,1.4929614,0
3.800101899999998,1.4929614,0
3.8100343999999993,1.4929614,0
3.820121799999999,1.4929614,0
3.8300704000000003,1.4929614,0
3.840185299999998,1.4929614,0
3.850152699999999,1.4929614,0
3.860089800000001,1.4929614,0
3.8702118,1.4929614,0
3.880060399999998,1.4929614,0
3.8900810999999997,1.4929614,0
3.9001409000000002,1.4929614,0
3.9100678,1.4929614,0
3.9203221999999975,1.4929614,0
3.930045400000001,1.4929614,0
3.9401037999999993,1.4929614,0
3.950073100000001,1.4929614,0
3.9601097000000003,1.4929614,0
3.9702254000000003,1.4929614,0
3.980124199999999,1.4929614,0
3.990048999999999,1.4929614,0
4.0000976,1.4929614,0
4.0100187,1.4929614,0
4.0203099999999985,1.4929614,0
4.030053299999999,1.4929614,0
4.0400054999999995,1.4929614,0
4.0501495,1.4929614,0
4.0600357,1.4929614,0
4.070308600000001,1.4929614,0
4.080053899999999,1.4929614,0
4.090144299999999,1.4929614,0
4.1001756,1.4929614,0
4.110239499999999,1.4929614,0
4.120307399999998,1.4929614,0
4.130314599999998,1.4929614,0
4.140345199999999,1.4929614,0
4.150265600000001,1.4929614,0
4.1600547999999975,1.4929614,0
4.1702054,1.4929614,0
4.1801064,1.4929614,0
4.190027399999998,1.4929614,0
4.200062499999998,1.4929614,0
4.210030799999998,1.4929614,0
4.2202923000000006,1.4929614,0
4.2300895999999995,1.4929614,0
4.2402345,1.4929614,0
4.250215699999998,1.4929614,0
4.260171100000001,1.4929614,0
4.2704135,1.4929614,0
4.2800183999999994,1.4929614,0
4.2901682,1.4929614,0
4.300167500000001,1.4929614,0
4.310075999999999,1.4929614,0
4.3203703,1.4929614,0
4.330078999999998,1.4929614,0
4.340046600000001,1.4929614,0
4.350133700000001,1.4929614,0
4.3600588999999985,1.4929614,0
4.370215299999998,1.4929614,0
4.380058200000001,1.4929614,0
4.3901053999999995,1.4929614,0
4.4001257,1.4929614,0
4.410257099999999,1.4929614,0
4.420245699999999,1.4929614,0
4.430078299999998,1.4929614,0
4.440112899999999,1.4929614,0
4.450235899999999,1.4929614,0
4.460173600000001,1.4929614,0
4.470378999999998,1.4929614,0
4.4800301000000005,1.4929614,0
4.4900074,1.4929614,0
4.500066799999999,1.4929614,0
4.5099996,1.4929614,0
4.5202402,1.4929614,0
4.530127,1.4929614,0
4.540009999999999,1.4929614,0
4.550066699999999,1.4929614,0
4.560057499999999,1.4929614,0
4.570293799999998,1.4929614,0
4.580138399999999,1.4929614,0
4.5900099999999995,1.4929614,0
4.600178799999998,1.4929614,0
4.6100013,1.4929614,0
4.6202845,1.4929614,0
4.630050699999998,1.4929614,0
4.6402225,1.4929614,0
4.650070400000001,1.4929614,0
4.660017199999999,1.4929614,0
4.6703571,1.4929614,0
4.6800226999999985,1.4929614,0
4.690033100000001,1.4929614,0
4.700108199999999,1.4929614,0
4.7100086999999995,1.4929614,0
4.720145899999999,1.4929614,0
4.730149399999998,1.4929614,0
4.740153299999999,1.4929614,0
4.7501058,1.4929614,0
4.760037699999998,1.4929614,0
4.770248899999999,1.4929614,0
4.780197900000001,1.4929614,0
4.7902089,1.4929614,0
4.800091999999999,1.4929614,0
4.810080599999999,1.4929614,0
4.8202186000000005,1.4929614,0
4.830040099999998,1.4929614,0
4.8400319,1.4929614,0
4.850174299999999,1.4929614,0
4.860049699999998,1.4929614,0
4.8704049000000005,1.4929614,0
4.880058399999999,1.4929614,0
4.890045199999999,1.4929614,0
4.900117099999999,1.4929614,0
4.910101600000001,1.4929614,0
4.920268399999998,1.4929614,0
4.9300988,1.4929614,0
4.940063200000001,1.4929614,0
4.950042400000001,1.4929614,0
4.9601136,1.4929614,0
4.970130900000001,1.4929614,0
4.9800358,1.4929614,0
4.990031699999999,1.4929614,0
5.000132999999998,1.4929614,0
5.010080599999998,1.4929614,0
5.0202174,1.4929614,0
5.030063500000001,1.4929614,0
5.039998300000001,1.4929614,0
5.050052000000001,1.4929614,0
5.0601737,1.4929614,0
5.0701392999999975,1.4929614,0
5.0800816,1.4929614,0
5.090036999999999,1.4929614,0
5.100113699999998,1.4929614,0
5.110036000000001,1.4929614,0
5.1201840999999995,1.4929614,0
5.130126499999999,1.4929614,0
5.140054199999998,1.4929614,0
5.150121800000001,1.4929614,0
5.1601672,1.4929614,0
5.1701537,1.4929614,0
5.180068200000001,1.4929614,0
5.190140899999999,1.4929614,0
5.2001542,1.4929614,0
5.210115599999998,1.4929614,0
5.220253199999998,1.4929614,0
5.230147299999999,1.4929614,0
5.240054300000001,1.4929614,0
5.250140899999998,1.4929614,0
5.2600604,1.4929614,0
5.270132,1.4929614,0
5.280022799999998,1.4929614,0
5.290098399999998,1.4929614,0
5.3001723999999975,1.4929614,0
5.310017599999998,1.4929614,0
5.3202940000000005,1.4929614,0
5.3300658999999975,1.4929614,0
5.3401388999999995,1.4929614,0
5.3501154,1.4929614,0
5.360114899999999,1.4929614,0
5.370314199999999,1.4929614,0
5.3801138,1.4929614,0
5.3900139,1.4929614,0
5.4000547999999995,1.4929614,0
5.410003700000001,1.4929614,0
5.420219400000001,1.4929614,0
5.430286199999998,1.4929614,0
5.440045899999998,1.4929614,0
5.450162299999999,1.4929614,0
5.460198699999999,1.4929614,0
5.470380299999999,1.4929614,0
5.4802669,1.4929614,0
5.490188499999999,1.4929614,0
5.500227599999999,1.4929614,0
5.510052699999999,1.4929614,0
5.520136399999998,1.4929614,0
5.5300636999999995,1.4929614,0
5.540036699999998,1.4929614,0
5.5501395,1.4929614,0
5.5600953,1.4929614,0
5.570131,1.4929614,0
5.580098499999998,1.4929614,0
5.590031100000001,1.4929614,0
5.600137,1.4929614,0
5.610025399999998,1.4929614,0
5.620318900000001,1.4929614,0
5.6300281000000005,1.4929614,0
5.639991500000001,1.4929614,0
5.650088199999999,1.4929614,0
5.6600462,1.4929614,0
5.670064499999999,1.4929614,0
5.680043999999999,1.4929614,0
5.690320100000001,1.5058543010517256,0
5.7004193,1.5298197252788648,0
5.710359199999999,1.5875402455932963,0
5.7205045000000005,1.650753536572066,0
5.7303213,1.7393243111200825,0
5.740279300000001,1.8482537914124402,0
5.750380499999999,1.9207075322912335,0
5.760340900000003,2.015103869556263,0
5.773966100000003,2.06689739741822,0
5.780459499999999,2.126337545292293,0
5.790437400000002,2.1603238845584065,0
5.800384899999997,2.213285969031911,0
5.8103245,2.258036210140177,0
5.820507399999997,2.3055536516156496,0
5.830339699999996,2.3895665121054535,0
5.8404393,2.474320213741661,0
5.850368599999996,2.535211911072854,0
5.860372099999999,2.6732492782402493,0
5.870493699999997,2.802977777595881,0
5.8803476,2.8841925236718295,0
5.8903026999999994,3.0155272756492666,0
5.9042964,3.1327288751114355,0
5.910332099999998,3.283877214583242,0
5.9206833,3.3055382474235118,0
5.930328799999998,3.338521090936788,0
5.940284900000002,3.364588029017873,0
5.950291499999999,3.43720862701416,0
5.960374199999997,3.561782241410532,0
5.970524400000002,3.6121162067816948,0
5.980383199999999,3.7254070853153176,0
5.990463699999999,3.770573384480001,0
6.000388999999998,3.8589182958239516,0
6.0103440999999975,3.9853824191140568,0
6.020637399999998,4.061390309537554,0
6.033199599999996,4.129133705565583,0
6.040349800000001,4.166347063130264,0
6.050564000000001,4.281164733150875,0
6.060438599999998,4.25892130761927,0
6.070499099999999,4.247866147449342,0
6.080454899999999,4.270020776989198,0
6.0905758999999975,4.242355128010889,0
6.100332899999998,4.275587183093811,0
6.110343299999997,4.25892130761927,0
6.120531200000002,4.275587183093811,0
6.130301599999996,4.320521493915344,0
6.140334299999999,4.231366100206485,0
6.150281899999996,4.3604331243554055,0
6.160291299999997,4.331867857489674,0
6.170556599999998,4.3950906511189265,0
6.180363399999997,4.441952395781175,0
6.190299099999997,4.4537854557067424,0
6.200318199999998,4.550173371988041,0
6.2103296000000014,4.649695582848366,0
6.2205087999999975,4.681455071457933,0
6.2303111000000015,4.75245400772832,0
6.2403002,4.713533748234534,0
6.250312899999997,4.75245400772832,0
6.260376399999998,4.765531561429901,0
6.270629800000002,4.75245400772832,0
6.2803574,4.765531561429901,0
6.2903287999999975,4.858553880234452,0
6.300304599999997,4.8250322290347345,0
6.310344199999996,4.811717148034032,0
6.320544099999999,4.858553880234452,0
6.330403699999998,4.885613605860449,0
6.3402843,4.838400677022255,0
6.350292799999998,4.954217631447924,0
6.360395099999998,4.933492164237235,0
6.370455399999997,4.878828366150185,0
6.380359399999996,4.94038684094419,0
6.390334099999997,4.94729532080311,0
6.400398199999998,4.899224864653134,0
6.410360300000001,4.845104980444953,0
6.4205089000000015,4.885613605860449,0
6.430372300000002,4.8924124296296645,0
6.440388900000002,4.8250322290347345,0
6.450494200000001,4.989037617526732,0
6.460332399999999,4.865298530396866,0
6.470436100000001,4.872056683357902,0
6.480414099999997,4.8250322290347345,0
6.490405000000003,4.8250322290347345,0
6.500362500000001,4.899224864653134,0
6.5103899,4.858553880234452,0
6.520405599999997,4.858553880234452,0
6.530360600000002,4.94038684094419,0
6.540311000000003,4.878828366150185,0
6.550388400000003,4.968103855907675,0
6.560331400000003,4.878828366150185,0
6.570381099999999,4.8924124296296645,0
6.5803603999999964,4.926611263103525,0
6.5904060000000015,4.851822705892051,0
6.6003428,4.899224864653134,0
6.610386499999997,4.872056683357902,0
6.620394400000002,4.8924124296296645,0
6.630346699999997,4.899224864653134,0
6.640397100000001,4.758986245804439,0
6.650360900000003,4.8317097688067285,0
6.660355099999997,4.8317097688067285,0
6.6705209,4.838400677022255,0
6.6805220999999975,4.818368030996101,0
6.690630900000002,4.8317097688067285,0
6.7005596999999995,4.865298530396866,0
6.710627099999996,4.865298530396866,0
6.720498599999999,4.933492164237235,0
6.730469599999999,4.94729532080311,0
6.7403110999999996,4.845104980444953,0
6.750328699999997,4.906050938180612,0
6.7603887,4.878828366150185,0
6.770477100000001,4.8924124296296645,0
6.780350399999996,5.010097359277957,0
6.794145,4.954217631447924,0
6.8080414000000005,5.081216123496028,0
6.8218960999999965,5.190597118677034,0
6.8226074000000025,5.310944312117843,0
6.830303499999999,5.395945471383927,0
6.840318400000001,5.388140587926246,0
6.850418900000001,5.482837378116464,0
6.860343399999998,5.662462599012697,0
6.8706346000000025,5.604449561432766,0
6.880354799999999,5.704400565352053,0
6.890380100000002,6.010008088694971,8.000000022434506e-07
6.904328999999997,5.89399222016673,0
6.917689699999997,5.991962571435397,0
6.9206503999999995,5.982966845017518,0
6.930457400000002,6.101326389554399,7.999999951380232e-07
6.943535499999996,6.0645797609342535,0.01308069999999617
6.9503786000000005,6.27994423832014,0.01987779999999617
6.9603930999999974,6.1198102381647095,0.02995629999999494
6.9704914,6.138368170237612,0.03994309999999501
6.980365599999999,6.251288226892488,0.04991509999999977
6.990310000000001,6.270373124148044,0.059831499999994264
7.000363700000001,6.328087998305943,0.06989759999999734
7.010274299999999,6.289534513875581,0.07983009999999524
7.020536299999996,6.318420692837231,0.08997600000000006
7.030323699999997,6.289534513875581,0.09985319999999831
7.0403582,6.27994423832014,0.10989609999999317
7.050463199999996,6.386499623096539,0.11993169999999509
7.060354799999999,6.425831939575096,0.1299124999999961
7.0704846,6.535632418935098,0.13991459999999734
7.080293099999999,6.5965495799240745,0.14984329999999346
7.090298300000001,6.934080128015318,0.15984239999999517
7.100302900000003,8.007826142431599,0.1698571999999956
7.1135962999999975,6.912345705327855,0.18309439999999455
7.127958999999997,7.01083890754158,0.197480199999994
7.140997599999999,7.055185970536476,0.2104882999999944
7.141663799999996,6.386499623096539,0.21118399999999582
7.1557895999999985,7.01083890754158,0.22526879999999494
7.168369900000002,6.9998074648463415,0.23787639999999755
7.182260100000001,7.122375332081784,0.2517627999999945
7.183340700000002,6.934080128015318,0.2528528999999935
7.198639499999999,7.111121039461668,0.26817049999999654
7.212650799999999,7.122375332081784,0.2820704999999961
7.213425299999997,7.088679867569163,0.28294239999999604
7.220785499999998,7.1789856653167865,0.2902144999999976
7.2303383,7.122375332081784,0.2998747999999978
7.2403124000000005,7.144951555755833,0.3098523999999969
7.250363,7.1336521558107355,0.3198967999999951
7.260366099999999,7.24766957253901,0.32987809999999484
7.270536999999997,7.317182651729675,0.339973999999998
7.280414499999999,7.41117389899744,0.3499150999999969
7.290328000000002,7.375750831076357,0.359868199999994
7.300336299999998,7.591512672362713,0.3698922999999965
7.310471700000001,7.567153771952609,0.38001519999999545
7.320528500000002,7.665176724779058,0.3899659
7.330314000000001,7.677540237620285,0.3998638999999997
7.340342200000002,7.739730070915215,0.4098914999999934
7.350346699999996,7.815183446581865,0.4198784999999958
7.360293800000001,7.802544922425701,0.4298377999999943
7.370457099999996,7.878756617124858,0.43986609999999615
7.3804509,8.02087563986406,0.4499170999999933
7.3966061,7.94296870865388,0.4660103999999947
7.4118347,7.815183446581865,0.48133449999999556
7.412566300000002,7.7522428396548655,0.4820502999999974
7.420569800000003,7.802544922425701,0.49003999999999337
7.4303855,7.714779485070684,0.49988889999999486
7.440305000000002,7.82784727308025,0.5098645999999931
7.4503382999999985,7.764780658974222,0.5198731999999993
7.460289599999996,7.689928502230714,0.5298255999999952
7.470509100000001,7.714779485070684,0.5399498999999963
7.4803061,7.665176724779058,0.5498545999999962
7.4903024999999985,7.7522428396548655,0.5598326999999941
7.5003812,7.652837914252965,0.5699150999999958
7.510316099999997,7.652837914252965,0.5798809999999932
7.520472599999998,7.677540237620285,0.5899179999999973
7.5305325,7.652837914252965,0.5999913999999933
7.5403307999999996,7.665176724779058,0.6098581999999979
7.550319799999997,7.506681101523312,0.619835799999997
7.5604169,7.591512672362713,0.6299014999999955
7.570408800000003,7.375750831076357,0.6398975999999976
7.580295700000001,7.506681101523312,0.6498299999999944
7.5903709999999975,7.423028897842612,0.6598985999999982
7.600399400000001,7.375750831076357,0.6699045999999953
7.610325500000002,7.47068670608361,0.6798552999999998
7.620656599999997,7.446810144218417,0.6900828999999931
7.630289699999999,7.47068670608361,0.6998284999999953
7.6403728000000015,7.3055391338252935,0.7098545999999999
7.650470300000002,7.363990293871589,0.7199756999999991
7.660326599999998,7.399342586455758,0.7298665
7.6706252999999975,7.293918879685199,0.7400967999999963
7.680399600000001,7.45873648687406,0.7499356999999947
7.6903887,7.3405396652208985,0.7598977999999974
7.7002746,7.3055391338252935,0.769793
7.710436600000001,7.328849479972434,0.7799918999999989
7.720444800000003,7.3055391338252935,0.7898701999999957
7.730276400000001,7.293918879685199,0.7998099999999937
7.740313199999996,7.3405396652208985,0.8098334999999963
7.750370099999998,7.190375823008391,0.8198796999999942
7.7603466999999995,7.363990293871589,0.8298343999999958
7.7705658,7.35225325423583,0.8400196999999991
7.780305800000001,7.3055391338252935,0.8498558999999943
7.790320999999999,7.270747976866626,0.8598568999999969
7.800318400000002,7.259197235504502,0.869850999999997
7.810260200000002,7.190375823008391,0.8798013999999981
7.820540299999998,7.201788783810888,0.8900199999999998
7.8303273,7.270747976866626,0.899882599999998
7.840382300000002,7.144951555755833,0.9098946999999953
7.850401900000001,7.35225325423583,0.9199186999999966
7.860251099999999,7.088679867569163,0.9297959999999961
7.870459199999999,7.293918879685199,0.9399163999999942
7.880324000000002,7.213224593376143,0.949867299999994
7.8903655000000015,7.055185970536476,0.9598917999999941
7.9002987000000005,7.01083890754158,0.9698338999999976
7.910350700000002,7.213224593376143,0.9798741999999976
7.920562500000003,7.077492898532053,0.9899829999999952
7.930455600000002,7.044065922350272,0.9999405999999951
7.9403541,7.144951555755833,1.009898899999996
7.950425000000003,7.055185970536476,1.009898899999996
7.961711199999996,7.044065922350272,1.009898899999996
7.9782009999999985,7.09988923293321,1.009898899999996
7.980362100000001,6.966845205721355,1.009898899999996
7.990988899999998,7.111121039461668,1.009898899999996
8.000720799999996,7.111121039461668,1.009898899999996
8.010658899999996,7.122375332081784,1.009898899999996
8.020730800000003,7.122375332081784,1.009898899999996
8.030560100000002,7.201788783810888,1.009898899999996
8.040409599999997,7.088679867569163,1.009898899999996
8.050476500000002,7.066328281073982,1.009898899999996
8.060445399999999,7.077492898532053,1.009898899999996
8.070714699999996,6.9449799844945455,1.009898899999996
8.080809899999998,7.111121039461668,1.009898899999996
8.090517999999996,7.111121039461668,1.009898899999996
8.100512799999997,7.055185970536476,1.009898899999996
8.110455199999997,7.542892112532513,1.009898899999996
8.120644900000002,7.111121039461668,1.009898899999996
8.130408799999998,6.9449799844945455,1.009898899999996
8.1405545,7.055185970536476,1.009898899999996
8.150488699999997,6.9778106579298536,1.009898899999996
8.1605439,7.088679867569163,1.009898899999996
8.170626999999996,6.966845205721355,1.009898899999996
8.180488099999998,7.055185970536476,1.009898899999996
8.190556999999998,6.988798062988308,1.009898899999996
8.200419699999998,7.111121039461668,1.009898899999996
8.210456799999996,7.111121039461668,1.009898899999996
8.220664999999997,7.055185970536476,1.009898899999996
8.230556999999997,7.077492898532053,1.009898899999996
8.240458599999997,6.901511052181899,1.009898899999996
8.250430000000001,8.522522057577296,1.009898899999996
8.260583500000003,6.988798062988308,1.009898899999996
8.270641599999998,7.01083890754158,1.009898899999996
8.280517799999998,6.858388484023861,1.009898899999996
8.290552900000002,6.912345705327855,1.009898899999996
8.3005627,6.9778106579298536,1.009898899999996
8.310416400000001,6.9449799844945455,1.009898899999996
8.320657599999997,6.966845205721355,1.009898899999996
8.330423799999998,6.934080128015318,1.009898899999996
8.340488999999998,6.955901662500982,1.009898899999996
8.350470600000001,6.934080128015318,1.009898899999996
8.360585800000003,7.021892435199812,1.009898899999996
8.370602900000002,7.088679867569163,1.009898899999996
8.3804291,7.293918879685199,1.009898899999996
8.390559099999997,7.111121039461668,1.009898899999996
8.400554399999997,7.293918879685199,1.009898899999996
8.4104678,7.423028897842612,1.009898899999996
8.4206766,7.652837914252965,1.009898899999996
8.430412099999998,7.293918879685199,1.009898899999996
8.440403199999999,7.591512672362713,1.009898899999996
8.450518500000001,7.47068670608361,1.009898899999996
8.460378900000002,7.640523756686739,1.009898899999996
8.4707303,7.555010811416895,1.009898899999996
8.480463499999999,7.567153771952609,1.009898899999996
8.490579599999997,7.6159692035057525,1.009898899999996
8.5005454,7.6159692035057525,1.009898899999996
8.5105607,7.60372870967274,1.009898899999996
8.5205609,7.6159692035057525,1.009898899999996
8.530360099999996,7.677540237620285,1.009898899999996
8.540570099999997,7.739730070915215,1.009898899999996
8.550505999999999,7.739730070915215,1.009898899999996
8.560483599999998,7.727242302704185,1.009898899999996
8.5705958,7.82784727308025,1.009898899999996
8.580446699999996,7.878756617124858,1.009898899999996
8.590582400000002,8.02087563986406,1.009898899999996
8.6007416,7.878756617124858,1.009898899999996
8.6107346,8.047053062365295,1.009898899999996
8.620791099999998,8.328331593408056,1.009898899999996
8.630467199999998,8.21978259559808,1.009898899999996
8.6407095,8.522522057577296,1.009898899999996
8.650429199999998,8.536601976918485,1.009898899999996
8.6604064,8.987344746665283,1.009898899999996
8.670629499999997,8.868335443994296,1.009898899999996
8.6805569,8.593204099345877,1.009898899999996
8.690583400000001,8.751215137895052,1.009898899999996
8.700402699999998,8.809541051581752,1.009898899999996
8.710428499999999,8.536601976918485,1.009898899999996
8.720599999999997,8.508470269933717,1.009898899999996
8.730374699999999,8.452543313875262,1.009898899999996
8.740540699999997,8.355741302653907,1.009898899999996
8.750460799999999,9.200248340363991,1.009898899999996
8.7604757,7.640523756686739,1.009898899999996
8.770685800000003,6.988798062988308,1.009898899999996
8.780437900000003,6.606773699795757,1.009898899999996
8.790616399999998,6.485423557459608,1.009898899999996
8.800467699999999,6.27994423832014,1.009898899999996
8.810481199999998,6.1198102381647095,1.009898899999996
8.820775300000001,5.902809819266964,1.009898899999996
8.830438899999997,5.938257097883617,1.009898899999996
8.840414099999997,5.654125213978834,1.009898899999996
8.85049,5.547243047539965,1.009898899999996
8.860487300000003,5.419453999270351,1.009898899999996
8.870706900000002,5.310944312117843,1.009898899999996
8.8804607,4.94729532080311,1.009898899999996
8.890384699999998,4.1878469244146395,1.009898899999996
8.900506700000001,3.003368557164441,1.009898899999996
8.910496000000002,2.2595746204579714,1.009898899999996
8.920668300000003,1.677960476266032,1.009898899999996
8.930436800000003,1.559171677625974,1.009898899999996
8.940466100000002,1.5291022469010571,1.009898899999996
