0.0005276000000016268,1.4929614,0
0.010013400000001837,1.4929614,0
0.026933299999999605,1.4929614,0
0.029997399999999175,1.4929614,0
0.04016850000000005,1.4929614,0
0.05026600000000059,1.4929614,0
0.06025179999999963,1.4929614,0
0.07024090000000172,1.4929614,0
0.0887221000000018,1.4929614,0
0.09000999999999948,1.4929614,0
0.10021640000000076,1.4929614,0
0.11020600000000158,1.4929614,0
0.12019640000000109,1.4929614,0
0.13017870000000187,1.4929614,0
0.14023600000000158,1.4929614,0
0.1501948999999989,1.4929614,0
0.16007390000000044,1.4929614,0
0.17005659999999878,1.4929614,0
0.17997779999999963,1.4929614,0
0.19001289999999926,1.4929614,0
0.2003731000000002,1.4929614,0
0.2100438000000011,1.4929614,0
0.21995430000000127,1.4929614,0
0.2300335000000011,1.4929614,0
0.24010120000000157,1.4929614,0
0.25012080000000125,1.4929614,0
0.2599520999999996,1.4929614,0
0.27000250000000037,1.4929614,0
0.2801101999999993,1.4929614,0
0.28998280000000065,1.4929614,0
0.3001560000000012,1.4929614,0
0.3099878000000018,1.4929614,0
0.3200985000000003,1.4929614,0
0.33005640000000014,1.4929614,0
0.34002459999999957,1.4929614,0
0.35012620000000183,1.4929614,0
0.3600637000000013,1.4929614,0
0.3699659000000004,1.4929614,0
0.3800351000000006,1.4929614,0
0.389998300000002,1.4929614,0
0.4002262999999999,1.4929614,0
0.4099548999999989,1.4929614,0
0.42002529999999894,1.4929614,0
0.4300494999999991,1.4929614,0
0.4401274999999991,1.4929614,0
0.4501381000000002,1.4929614,0
0.4600755000000021,1.4929614,0
0.4699951999999996,1.4929614,0
0.4801372000000015,1.4929614,0
0.4899942000000017,1.4929614,0
0.5001014999999995,1.4929614,0
0.5100376000000004,1.4929614,0
0.5200846000000006,1.4929614,0
0.5299827000000015,1.4929614,0
0.5400534999999991,1.4929614,0
0.5501190999999999,1.4929614,0
0.5600416000000017,1.4929614,0
0.570019000000002,1.4929614,0
0.5800294000000008,1.4929614,0
0.5901628000000017,1.4929614,0
0.600282,1.4929614,0
0.6099993999999995,1.4929614,0
0.6199773999999998,1.4929614,0
0.6299743000000007,1.4929614,0
0.6400736000000009,1.4929614,0
0.6501117000000001,1.4929614,0
0.6600901999999991,1.4929614,0
0.6700322000000014,1.4929614,0
0.6800709000000005,1.4929614,0
0.6899833000000015,1.4929614,0
0.7001890000000017,1.4929614,0
0.7100068999999998,1.4929614,0
0.7200631000000008,1.4929614,0
0.7302065999999989,1.4929614,0
0.7402121000000008,1.4929614,0
0.7502698999999993,1.4929614,0
0.7602782999999995,1.4929614,0
0.7701917000000016,1.4929614,0
0.7801426000000014,1.4929614,0
0.7902477999999995,1.4929614,0
0.8002564999999997,1.4929614,0
0.8101689000000007,1.4929614,0
0.8200813999999994,1.4929614,0
0.8300461000000006,1.4929614,0
0.8400472000000008,1.4929614,0
0.8501508999999992,1.4929614,0
0.8599889000000012,1.4929614,0
0.8701442000000021,1.4929614,0
0.8802897999999999,1.4929614,0
0.8901284000000018,1.4929614,0
0.9001592000000009,1.4929614,0
0.9100827000000002,1.4929614,0
0.9201233000000002,1.4929614,0
0.9300482000000017,1.4929614,0
0.9400858999999997,1.4929614,0
0.9501039999999996,1.4929614,0
0.9600831000000021,1.4929614,0
0.9700749000000002,1.4929614,0
0.9800126999999996,1.4929614,0
0.9901191000000011,1.4929614,0
1.0002783000000015,1.4929614,0
1.0140200000000021,1.4929614,0
1.0200658000000011,1.4929614,0
1.0301326000000017,1.4929614,0
1.0400735999999995,1.4929614,0
1.050142700000002,1.4929614,0
1.0599716000000008,1.4929614,0
1.0700702,1.4929614,0
1.0800769999999993,1.4929614,0
1.0900523,1.4929614,0
1.1001475999999997,1.4929614,0
1.110003299999999,1.4929614,0
1.1201055999999987,1.4929614,0
1.1300407999999997,1.4929614,0
1.1400573999999999,1.4929614,0
1.1501511000000022,1.4929614,0
1.160115900000001,1.4929614,0
1.1700876999999998,1.4929614,0
1.180045800000002,1.4929614,0
1.1902013999999994,1.4929614,0
1.200277800000002,1.4929614,0
1.2099612999999998,1.4929614,0
1.220196099999999,1.4929614,0
1.230056600000001,1.4929614,0
1.240180500000001,1.4929614,0
1.2502217000000009,1.4929614,0
1.2599842999999993,1.4929614,0
1.2700637000000015,1.4929614,0
1.2801489000000004,1.4929614,0
1.2900065000000005,1.4929614,0
1.300080900000001,1.4929614,0
1.3100334999999994,1.4929614,0
1.3201658999999992,1.4929614,0
1.3300197000000011,1.4929614,0
1.3400874999999992,1.4929614,0
1.3501003999999988,1.4929614,0
1.3600285999999997,1.4929614,0
1.3702009000000004,1.4929614,0
1.380023399999999,1.4929614,0
1.3900007000000016,1.4929614,0
1.4002313000000015,1.4929614,0
1.4101216,1.4929614,0
1.420300600000001,1.4929614,0
1.4300546999999995,1.4929614,0
1.4400818000000015,1.4929614,0
1.4501556999999998,1.4929614,0
1.4599633999999995,1.4929614,0
1.4703964999999997,1.4929614,0
1.4802737000000015,1.4929614,0
1.4900137999999998,1.4929614,0
1.5002080000000007,1.4929614,0
1.5100592000000006,1.4929614,0
1.5201990000000016,1.4929614,0
1.529983999999999,1.4929614,0
1.5399999999999991,1.4929614,0
1.550195200000001,1.4929614,0
1.5600485000000006,1.4929614,0
1.5700287999999993,1.4929614,0
1.5800260000000002,1.4929614,0
1.5899865999999996,1.4929614,0
1.6002548000000019,1.4929614,0
1.6100385999999993,1.4929614,0
1.6201274000000012,1.4929614,0
1.6299749000000006,1.4929614,0
1.6403901999999988,1.4929614,0
1.6501638000000014,1.4929614,0
1.6600023999999998,1.4929614,0
1.6699623999999993,1.4929614,0
1.6801704000000015,1.4929614,0
1.6900340000000007,1.4929614,0
1.7001530000000002,1.4929614,0
1.7100578000000013,1.4929614,0
1.7201260000000005,1.4929614,0
1.7301663000000005,1.4929614,0
1.740075700000002,1.4929614,0
1.7501467999999996,1.4929614,0
1.7600467000000002,1.4929614,0
1.7699824,1.4929614,0
1.7800377000000012,1.4929614,0
1.7899396000000003,1.4929614,0
1.8003272000000017,1.4929614,0
1.810264,1.4929614,0
1.8202710999999994,1.4929614,0
1.8302493999999996,1.4929614,0
1.8403241000000001,1.4929614,0
1.8502544000000007,1.4929614,0
1.860089600000002,1.4929614,0
1.8703149000000003,1.4929614,0
1.880306700000002,1.4929614,0
1.8899997000000006,1.4929614,0
1.9002389999999991,1.4929614,0
1.9100216000000003,1.4929614,0
1.920033,1.4929614,0
1.9300020000000018,1.4929614,0
1.9399844000000002,1.4929614,0
1.9502121000000017,1.4929614,0
1.9600532000000008,1.4929614,0
1.9699613000000014,1.4929614,0
1.9800193999999998,1.4929614,0
1.9900759000000008,1.4929614,0
2.0002446999999997,1.4929614,0
2.009934399999999,1.4929614,0
2.020112100000002,1.4929614,0
2.0300709999999995,1.4929614,0
2.040132500000002,1.4929614,0
2.050172500000002,1.4929614,0
2.0600387,1.4929614,0
2.0699666000000008,1.4929614,0
2.0801900999999994,1.4929614,0
2.0900850999999996,1.4929614,0
2.1002051,1.4929614,0
2.110021100000001,1.4929614,0
2.120084600000002,1.4929614,0
2.130017600000002,1.4929614,0
2.1400721999999988,1.4929614,0
2.150249500000001,1.4929614,0
2.160032600000001,1.4929614,0
2.1699859000000004,1.4929614,0
2.1800120000000014,1.4929614,0
2.1899590000000018,1.4929614,0
2.2003577000000014,1.4929614,0
2.2099876000000016,1.4929614,0
2.2201103000000018,1.4929614,0
2.2299928000000016,1.4929614,0
2.240090800000001,1.4929614,0
2.2501607999999997,1.4929614,0
2.259995700000001,1.4929614,0
2.2701645,1.4929614,0
2.2802715000000013,1.4929614,0
2.290206399999999,1.4929614,0
2.3001661999999996,1.4929614,0
2.3100568000000017,1.4929614,0
2.320200700000001,1.4929614,0
2.330142600000002,1.4929614,0
2.339993500000002,1.4929614,0
2.3502502000000014,1.4929614,0
2.3600499,1.4929614,0
2.3700048000000002,1.4929614,0
2.3800205000000005,1.4929614,0
2.3899603999999997,1.4929614,0
2.4002680000000005,1.4929614,0
2.4100058000000004,1.4929614,0
2.4200616000000004,1.4929614,0
2.430121200000002,1.4929614,0
2.4400820000000003,1.4929614,0
2.450149200000002,1.4929614,0
2.4600986999999996,1.4929614,0
2.4700054000000016,1.4929614,0
2.480152199999999,1.4929614,0
2.4900492000000014,1.4929614,0
2.5001324999999994,1.4929614,0
2.5100324,1.4929614,0
2.5200761000000007,1.4929614,0
2.5300042000000005,1.4929614,0
2.5399838000000017,1.4929614,0
2.550187900000001,1.4929614,0
2.5602008000000005,1.4929614,0
2.570004300000001,1.4929614,0
2.580006700000002,1.4929614,0
2.589960699999999,1.4929614,0
2.6003088000000005,1.4929614,0
2.610035100000001,1.4929614,0
2.6201881,1.4929614,0
2.630131200000001,1.4929614,0
2.6402424000000018,1.4929614,0
2.6501103000000015,1.4929614,0
2.6600088,1.4929614,0
2.669943100000001,1.4929614,0
2.6800871000000015,1.4929614,0
2.6900012999999987,1.4929614,0
2.7001704999999987,1.4929614,0
2.710037,1.4929614,0
2.720198800000002,1.4929614,0
2.7301435000000005,1.4929614,0
2.7400453999999996,1.4929614,0
2.7501876000000003,1.4929614,0
2.760154700000001,1.4929614,0
2.770035100000001,1.4929614,0
2.7800659000000003,1.4929614,0
2.789925,1.4929614,0
2.8002342999999996,1.4929614,0
2.8100229,1.4929614,0
2.8201330999999996,1.4929614,0
2.8300276999999987,1.4929614,0
2.8400488000000017,1.4929614,0
2.850161400000001,1.4929614,0
2.8600277,1.4929614,0
2.8700036000000004,1.4929614,0
2.8801644000000017,1.4929614,0
2.8900144999999995,1.4929614,0
2.900229200000002,1.4929614,0
2.9100122000000006,1.4929614,0
2.9200929,1.4929614,0
2.930126099999999,1.4929614,0
2.9400753,1.4929614,0
2.950309400000002,1.4929614,0
2.9601347999999987,1.4929614,0
2.9700118999999994,1.4929614,0
2.980056000000001,1.4929614,0
2.9899451,1.4929614,0
3.0002916000000006,1.4929614,0
3.0100169,1.4929614,0
3.0200464999999994,1.4929614,0
3.030067599999999,1.4929614,0
3.040131900000002,1.4929614,0
3.0502515000000017,1.4929614,0
3.0600117000000004,1.4929614,0
3.0700362000000005,1.4929614,0
3.0801321,1.4929614,0
3.0899882000000005,1.4929614,0
3.1001282000000003,1.4929614,0
3.1100081000000017,1.4929614,0
3.1201031000000015,1.4929614,0
3.1299685000000004,1.4929614,0
3.140027700000001,1.4929614,0
3.150179999999999,1.4929614,0
3.1601606999999987,1.4929614,0
3.1700833999999993,1.4929614,0
3.1800870000000003,1.4929614,0
3.189988800000002,1.4929614,0
3.200292600000001,1.4929614,0
3.2101007999999993,1.4929614,0
3.219915499999999,1.4929614,0
3.2299998999999993,1.4929614,0
3.2400772000000018,1.4929614,0
3.2502236000000018,1.4929614,0
3.2600236000000002,1.4929614,0
3.2699727000000003,1.4929614,0
3.2801489000000004,1.4929614,0
3.2899841999999992,1.4929614,0
3.3003192000000006,1.4929614,0
3.310226,1.4929614,0
3.319940299999999,1.4929614,0
3.3301234000000015,1.4929614,0
3.3400491999999993,1.4929614,0
3.3501747,1.4929614,0
3.360305799999999,1.4929614,0
3.370217199999999,1.4929614,0
3.3801817000000014,1.4929614,0
3.390194400000002,1.4929614,0
3.400350800000002,1.4929614,0
3.4100885000000005,1.4929614,0
3.4202942000000007,1.4929614,0
3.4301233999999994,1.4929614,0
3.440146500000001,1.4929614,0
3.4502749,1.4929614,0
3.460027499999999,1.4929614,0
3.4699966000000018,1.4929614,0
3.4800894000000007,1.4929614,0
3.4899957000000015,1.4929614,0
3.5001984999999998,1.4929614,0
3.510057800000002,1.4929614,0
3.5201075999999993,1.4929614,0
3.5299951000000007,1.4929614,0
3.5399867,1.4929614,0
3.5501971999999995,1.4929614,0
3.5601296,1.4929614,0
3.5699086000000015,1.4929614,0
3.5799883,1.4929614,0
3.5900639000000005,1.4929614,0
3.6003317000000017,1.4929614,0
3.6100308000000005,1.4929614,0
3.6200712999999993,1.4929614,0
3.6300655000000006,1.4929614,0
3.6401196999999996,1.4929614,0
3.6502227000000005,1.4929614,0
3.6601670000000013,1.4929614,0
3.6699763999999995,1.4929614,0
3.680111499999999,1.4929614,0
3.689957800000002,1.4929614,0
3.700081000000001,1.4929614,0
3.7100191000000002,1.4929614,0
3.720039100000001,1.4929614,0
3.730080600000001,1.4929614,0
3.7400009999999995,1.4929614,0
3.7501776000000007,1.4929614,0
3.7601420999999995,1.4929614,0
3.7700646000000013,1.4929614,0
3.7799698,1.4929614,0
3.7899826999999995,1.4929614,0
3.8003117999999994,1.4929614,0
3.810037300000001,1.4929614,0
3.8200304000000003,1.4929614,0
3.8300918999999993,1.4929614,0
3.8401621000000006,1.4929614,0
3.850173999999999,1.4929614,0
3.8600054999999998,1.4929614,0
3.870312300000002,1.4929614,0
3.880212799999999,1.4929614,0
3.8902122000000006,1.4929614,0
3.9002117,1.4929614,0
3.910186500000002,1.4929614,0
3.920304999999999,1.4929614,0
3.930156499999999,1.4929614,0
3.9399716,1.4929614,0
3.950095600000001,1.4929614,0
3.9598805000000006,1.4929614,0
3.9699942999999998,1.4929614,0
3.9800886999999996,1.4929614,0
3.9899667,1.4929614,0
4.000292000000002,1.4929614,0
4.010031600000001,1.4929614,0
4.019981000000001,1.4929614,0
4.0300814,1.4929614,0
4.040097800000002,1.4929614,0
4.050204100000002,1.4929614,0
4.0599989,1.4929614,0
4.069987000000001,1.4929614,0
4.080011800000001,1.4929614,0
4.089970700000002,1.4929614,0
4.100215300000002,1.4929614,0
4.1100116,1.4929614,0
4.120147899999999,1.4929614,0
4.129996000000002,1.4929614,0
4.140026299999999,1.4929614,0
4.150151400000002,1.4929614,0
4.160073499999999,1.4929614,0
4.170126,1.4929614,0
4.1800748,1.4929614,0
4.189997600000002,1.4929614,0
4.200248800000001,1.4929614,0
4.2100124,1.4929614,0
4.219919700000002,1.4929614,0
4.2300115,1.4929614,0
4.240149899999999,1.4929614,0
4.250150300000001,1.4929614,0
4.2600312,1.4929614,0
4.270046300000001,1.4929614,0
4.2801632000000005,1.4929614,0
4.289892600000002,1.4929614,0
4.300233500000001,1.4929614,0
4.3100477999999995,1.4929614,0
4.320315100000002,1.4929614,0
4.330037300000001,1.4929614,0
4.3401368,1.4929614,0
4.3502624999999995,1.4929614,0
4.360188400000002,1.4929614,0
4.3700738,1.4929614,0
4.380013000000002,1.4929614,0
4.389980999999999,1.4929614,0
4.4003136000000005,1.4929614,0
4.410171200000001,1.4929614,0
4.420038099999999,1.4929614,0
4.4300672,1.4929614,0
4.439904200000001,1.4929614,0
4.4502606,1.4929614,0
4.459982700000001,1.4929614,0
4.470013099999999,1.4929614,0
4.4801649999999995,1.4929614,0
4.4900211,1.4929614,0
4.500252800000002,1.4929614,0
4.510038999999999,1.4929614,0
4.520103899999999,1.4929614,0
4.5299698,1.4929614,0
4.540043099999998,1.4929614,0
4.550159700000002,1.4929614,0
4.56006,1.4929614,0
4.570123600000002,1.4929614,0
4.5800524,1.4929614,0
4.589964999999999,1.4929614,0
4.600315799999997,1.4929614,0
4.610096499999997,1.4929614,0
4.6199715999999995,1.4929614,0
4.630020700000003,1.4929614,0
4.639908699999999,1.4929614,0
4.650210200000004,1.4929614,0
4.6600746000000015,1.4929614,0
4.670161999999998,1.4929614,0
4.6801052,1.4929614,0
4.689930799999999,1.4929614,0
4.700189800000004,1.4929614,0
4.710028000000001,1.4929614,0
4.720174499999999,1.4929614,0
4.730242500000003,1.4929614,0
4.740076000000002,1.4929614,0
4.750110900000003,1.4929614,0
4.760152099999999,1.4929614,0
4.769916100000003,1.4929614,0
4.7799944,1.4929614,0
4.790070499999999,1.4929614,0
4.8002611,1.4929614,0
4.809997799999998,1.4929614,0
4.8199349,1.4929614,0
4.829994200000002,1.4929614,0
4.840106499999997,1.4929614,0
4.850214000000001,1.4929614,0
4.860074400000002,1.4929614,0
4.869994300000002,1.4929614,0
4.8802278,1.4929614,0
4.889992200000002,1.4929614,0
4.9002336,1.4929614,0
4.910033800000001,1.4929614,0
4.920092099999998,1.4929614,0
4.930118700000001,1.4929614,0
4.940046199999998,1.4929614,0
4.950143099999998,1.4929614,0
4.960189100000001,1.4929614,0
4.970108000000003,1.4929614,0
4.9800282,1.4929614,0
4.989933899999997,1.4929614,0
5.000279900000002,1.4929614,0
5.0099424,1.4929614,0
5.0199955,1.4929614,0
5.030104999999999,1.4929614,0
5.0400630000000035,1.4929614,0
5.049989099999998,1.4929614,0
5.060017199999997,1.4929614,0
5.069933400000004,1.4929614,0
5.0801558,1.4929614,0
5.089896799999998,1.4929614,0
5.100265399999998,1.4929614,0
5.109994499999999,1.4929614,0
5.119887200000001,1.4929614,0
5.130004999999997,1.4929614,0
5.140082499999998,1.4929614,0
5.150159799999997,1.4929614,0
5.160341199999998,1.4929614,0
5.1702534,1.4929614,0
5.180114799999998,1.4929614,0
5.1900525,1.4929614,0
5.2003317,1.4929614,0
5.209999000000003,1.4929614,0
5.2202895,1.4929614,0
5.230173800000003,1.4929614,0
5.240161100000002,1.4929614,0
5.250011499999999,1.4929614,0
5.259991800000002,1.4929614,0
5.269984899999997,1.4929614,0
5.280234999999998,1.4929614,0
5.290028900000003,1.4929614,0
5.300212500000001,1.4929614,0
5.310023800000003,1.4929614,0
5.3201769,1.4929614,0
5.329961500000003,1.4929614,0
5.340049399999998,1.4929614,0
5.350222600000002,1.4929614,0
5.360092700000003,1.4929614,0
5.370005800000001,1.4929614,0
5.3800946,1.4929614,0
5.389970599999998,1.4929614,0
5.400205999999997,1.4929614,0
5.4099900000000005,1.4929614,0
5.420022600000003,1.4929614,0
5.430054200000001,1.4929614,0
5.439987799999997,1.4929614,0
5.450101000000004,1.4929614,0
5.460035599999998,1.4929614,0
5.469997900000003,1.4929614,0
5.479937499999998,1.4929614,0
5.489962400000003,1.4929614,0
5.500171000000002,1.4929614,0
5.509937700000002,1.4929614,0
5.520080200000002,1.4929614,0
5.530118899999998,1.4929614,0
5.539985399999999,1.4929614,0
5.550198100000003,1.4929614,0
5.560186000000002,1.4929614,0
5.569940899999999,1.4929614,0
5.580034699999999,1.4929614,0
5.5899895000000015,1.4929614,0
5.6002043000000015,1.4929614,0
5.6100645,1.4929614,0
5.620142200000004,1.4929614,0
5.629937300000002,1.4929614,0
5.640109799999998,1.4929614,0
5.650231099999999,1.4929614,0
5.660047800000001,1.4929614,0
5.669958299999998,1.4929614,0
5.6802998,1.4929614,0
5.690171800000002,1.4929614,0
5.700137599999998,1.4929614,0
5.710259299999997,1.4929614,0
5.720405599999999,1.4929614,0
5.730194500000003,1.4929614,0
5.740043399999998,1.4929614,0
5.750226500000004,1.4929614,0
5.760062300000001,1.4929614,0
5.769967299999998,1.4929614,0
5.7799774,1.4929614,0
5.789894199999999,1.4929614,0
5.800255,1.4929614,0
5.809958600000002,1.4929614,0
5.819975999999997,1.4929614,0
5.830046899999999,1.4929614,0
5.840094700000002,1.4929614,0
5.8500929,1.4929614,0
5.860017499999998,1.4929614,0
5.870016,1.4929614,0
5.880051100000003,1.4929614,0
5.8900784,1.4929614,0
5.899998500000002,1.4929614,0
5.910108700000002,1.4929614,0
5.920102100000001,1.4929614,0
5.930045200000002,1.4929614,0
5.939982100000002,1.4929614,0
5.9501200999999995,1.4929614,0
5.960111699999999,1.4929614,0
5.969951799999997,1.4929614,0
5.980000000000004,1.4929614,0
5.989974199999999,1.4929614,0
6.0002657,1.4929614,0
6.009975699999998,1.4929614,0
6.0199929999999995,1.4929614,0
6.030144499999999,1.4929614,0
6.040114000000003,1.4929614,0
6.050147899999999,1.4929614,0
6.060021900000002,1.4929614,0
6.070062499999999,1.4929614,0
6.080064800000002,1.4929614,0
6.089989100000004,1.4929614,0
6.100242999999999,1.4929614,0
6.110095100000002,1.4929614,0
6.120112200000001,1.4929614,0
6.130014199999998,1.4929614,0
6.140024199999999,1.4929614,0
6.150173199999998,1.4929614,0
6.160168800000001,1.4929614,0
6.169982400000002,1.4929614,0
6.179994800000003,1.4929614,0
6.189984700000004,1.4929614,0
6.200272699999999,1.4929614,0
6.210001300000002,1.4929614,0
6.220098800000002,1.4929614,0
6.230031500000003,1.4929614,0
6.240205600000003,1.4929614,0
6.250138100000001,1.4929614,0
6.260031300000001,1.4929614,0
6.270030300000002,1.4929614,0
6.280149399999999,1.4929614,0
6.289956099999998,1.4929614,0
6.3003936,1.4929614,0
6.310114300000002,1.4929614,0
6.320137500000001,1.4929614,0
6.329961900000001,1.4929614,0
6.339978700000003,1.4929614,0
6.350203100000002,1.4929614,0
6.360109999999999,1.4929614,0
6.370128800000003,1.4929614,0
6.3800709,1.4929614,0
6.390007400000002,1.4929614,0
6.400193899999998,1.4929614,0
6.410064599999998,1.4929614,0
6.419938600000002,1.4929614,0
6.430002399999999,1.4929614,0
6.440057000000003,1.4929614,0
6.450217700000003,1.4929614,0
6.460074900000002,1.4929614,0
6.4700068,1.4929614,0
6.479995100000004,1.4929614,0
6.490091499999998,1.4929614,0
6.5000809,1.4929614,0
6.510035000000002,1.4929614,0
6.520175999999999,1.4929614,0
6.5300557999999995,1.4929614,0
6.540051400000003,1.4929614,0
6.5501498,1.4929614,0
6.560110100000003,1.4929614,0
6.569983000000001,1.4929614,0
6.580034300000001,1.4929614,0
6.5899231,1.4929614,0
6.600306600000003,1.4929614,0
6.609925500000003,1.4929614,0
6.619987600000002,1.4929614,0
6.630065000000002,1.4929614,0
6.6401264,1.4929614,0
6.650196800000003,1.4929614,0
6.660080899999997,1.4929614,0
6.669988799999999,1.4929614,0
6.680183700000001,1.4929614,0
6.6900414999999995,1.4929614,0
6.700226600000001,1.4929614,0
6.710223800000001,1.4929614,0
6.7201187000000004,1.4929614,0
6.730127799999998,1.4929614,0
6.739981200000003,1.4929614,0
6.7500681,1.4929614,0
6.760088000000003,1.4929614,0
6.770061400000003,1.4929614,0
6.780041599999997,1.4929614,0
6.789968799999997,1.4929614,0
6.800228500000003,1.4929614,0
6.809986799999997,1.4929614,0
6.820066400000002,1.4929614,0
6.830109700000001,1.4929614,0
6.840132199999999,1.4929614,0
6.850145900000001,1.4929614,0
6.859961599999998,1.4929614,0
6.8699777,1.4929614,0
6.880012000000001,1.4929614,0
6.8899715000000015,1.4929614,0
6.900205800000002,1.4929614,0
6.910190300000004,1.4929614,0
6.920361399999997,1.4929614,0
6.930121900000003,1.4929614,0
6.940165200000003,1.4929614,0
6.950255599999998,1.4929614,0
6.960080900000001,1.4929614,0
6.9702062,1.4929614,0
6.980119100000003,1.4929614,0
6.990082100000002,1.4929614,0
7.000079999999997,1.4929614,0
7.010046700000004,1.4929614,0
7.020096600000002,1.4929614,0
7.0300321,1.4929614,0
7.039914000000003,1.4929614,0
7.050218800000003,1.4929614,0
7.060042600000003,1.4929614,0
7.070056800000003,1.4929614,0
7.080047,1.4929614,0
7.0900344,1.4929614,0
7.100196799999999,1.4929614,0
7.1099295,1.4929614,0
7.1202963,1.4949997764461942,0
7.130324399999999,1.4983614161589267,0
7.140500699999997,1.501497848124125,0
7.150485400000001,1.5028813069466112,0
7.160300900000003,1.5076718874966315,0
7.170252300000001,1.511805889663729,0
7.180165299999999,1.518572802753601,0
7.190217600000004,1.531294013354594,0
7.200506500000003,1.5431361728710167,0
7.210380399999998,1.5640671101835115,0
7.220431500000004,1.5911303282010476,0
7.230381000000001,1.6313914837140424,0
7.240369000000001,1.640762822996656,0
7.25038,1.6614045603730137,0
7.2603583,1.7002836151407825,0
7.2703222000000025,1.7238426523350048,0
7.280168600000003,1.7745624889424054,0
7.290203900000002,1.8167299700511579,0
7.300335699999998,1.8843914117330494,0
7.310367800000002,1.9428108881277675,0
7.320264299999998,2.0520811114443793,0
7.3341967,2.106284503672537,0
7.3407953999999975,2.123795682226406,0
7.350476200000003,2.258036210140177,0
7.360231300000002,2.3039233751323267,0
7.370356800000003,2.3664689522171405,0
7.380208500000002,2.4882032512410013,0
7.3903356,2.6614717711390807,0
7.400426500000002,2.7847186011767127,0
7.410187700000002,3.061998679676124,0
7.4234566000000015,3.266023857998057,0
7.430241600000002,3.5288911559055007,0
7.440219400000004,3.752398394298066,0
7.450356400000004,4.025636108594009,0
7.463089500000002,4.354697195947081,0
7.470184099999997,4.550173371988041,0
7.480274899999998,4.75245400772832,0
7.490303599999997,4.989037617526732,0
7.500329800000003,5.088406543766483,0
7.514595999999997,5.190597118677034,0
7.520819099999997,5.066878353658739,0
7.530255799999999,5.198006519845759,0
7.5403009999999995,5.038374295085245,0
7.550499000000002,5.205430754645505,0
7.5602819,5.310944312117843,0
7.570290100000001,5.161107258447625,0
7.580188300000003,5.250289336893039,0
7.590216699999999,5.124575150834932,0
7.600342699999999,5.44310400232517,0
7.6102159,5.250289336893039,0
7.620234799999999,5.435204896059818,0
7.630229800000002,5.458949688579403,0
7.640763800000002,5.435204896059818,0
7.650275800000003,5.44310400232517,0
7.660171499999997,5.466896331951051,0
7.670218499999997,5.44310400232517,0
7.680275299999998,5.547243047539965,0
7.690266999999999,5.729765387115033,0
7.700314599999999,5.695979388205552,0
7.710221500000003,5.596228086525299,0
7.720494299999999,5.858897647865455,0
7.7303606999999985,5.637500384947417,0
7.740325400000003,5.965029276690851,0
7.750321800000002,5.763822758056602,0
7.760207299999998,5.850167785342203,0
7.770292699999999,5.867644987585125,0
7.780260499999997,5.7981536807136225,0
7.790162500000001,5.729765387115033,0
7.800877399999997,5.547243047539965,0
7.8102665999999985,5.738254203876421,0
7.820160000000001,5.654125213978834,0
7.830290699999999,5.5310448932559035,0
7.840192700000003,5.44310400232517,0
7.850370699999999,5.44310400232517,0
7.860294000000003,5.419453999270351,0
7.870207899999997,5.280495515201974,0
7.880180500000002,5.3185946485283795,0
7.8902339999999995,5.295689464903592,0
7.9008613000000025,5.168457620876828,0
7.9101671000000024,5.139144170051353,0
7.920357000000003,5.198006519845759,0
7.930190799999998,5.010097359277957,0
7.9402073999999985,4.933492164237235,0
7.952857999999999,4.9750678252675264,0
7.9608624999999975,4.811717148034032,0
7.970227999999999,4.75245400772832,0
7.980232100000002,4.694248060664865,0
7.990252599999998,4.643381707662481,0
8.0004512,4.525786462712617,0
8.010240500000002,4.550173371988041,0
8.020139300000004,4.447863009215968,0
8.0301786,4.383491901478728,0
8.040191100000001,4.348972727931358,0
8.0504271,4.236855119596617,0
8.060270799999998,4.270020776989198,0
8.070173600000004,4.204085071688536,0
8.080791300000001,4.275587183093811,0
8.090212399999999,4.309220425145312,0
8.100326799999998,4.220420940718179,0
8.1103041,4.292353354407833,0
8.120292400000004,4.198661526897799,0
8.130211500000001,4.214964756839351,0
8.1402559,4.193248818356781,0
8.1504342,4.348972727931358,0
8.160266999999997,4.331867857489674,0
8.170353300000002,4.281164733150875,0
8.180188000000001,4.270020776989198,0
8.190231400000002,4.3261890025226135,0
8.200457100000001,4.264465492571399,0
8.210166200000003,4.182455823463794,0
8.220314600000002,4.214964756839351,0
8.230331300000003,4.264465492571399,0
8.240250799999998,4.3604331243554055,0
8.250347599999998,4.270020776989198,0
8.260248699999998,4.286753449470591,0
8.270291399999998,4.198661526897799,0
8.2803611,4.193248818356781,0
8.2902719,4.286753449470591,0
8.300482600000002,4.20951947442318,0
8.310142900000002,4.198661526897799,0
8.3202061,4.25892130761927,0
8.3302269,4.320521493915344,0
8.340182400000003,4.47162403065012,0
8.3505593,4.507623886153713,0
8.360759800000004,4.556300643961566,0
8.3703213,4.791844123837453,0
8.3802655,5.0030634008624695,0
8.393470999999998,5.198006519845759,0
8.400550600000003,5.212869852773224,0
8.410185499999997,5.333941299963164,0
8.420246300000002,5.451018922611801,0
8.430264100000002,5.458949688579403,0
8.440382499999998,5.341637676374042,0
8.450430099999998,5.458949688579403,0
8.460241799999999,5.482837378116464,0
8.4702154,5.435204896059818,0
8.4801972,5.403765980228704,0
8.4902066,5.6458044870513815,0
8.500447100000002,5.514911402176358,0
8.510232100000003,5.704400565352053,0
8.520206600000002,5.755282855289889,0
8.530188899999999,5.885192238641251,0
8.5401575,5.755282855289889,0
8.550418700000002,5.7981536807136225,0
8.560205400000001,5.9293686750734675,0
8.570442700000001,5.97398909207301,0
8.580282500000003,6.010008088694971,8.99999996306633e-07
8.593581700000001,6.138368170237612,0.013349499999996794
8.600569399999998,6.435714282503059,0.020158799999997257
8.6102609,6.5965495799240745,0.02997829999999624
8.620162399999998,6.934080128015318,0.03992759999999862
8.630235499999998,7.122375332081784,0.04998229999999637
8.642502999999998,7.24766957253901,0.06222959999999489
8.6503899,7.293918879685199,0.07005949999999928
8.660224900000003,7.446810144218417,0.07999509999999788
8.670240100000001,7.41117389899744,0.08996219999999511
8.680221199999998,7.482660849647961,0.09993989999999542
8.690854999999999,7.542892112532513,0.11055569999999904
8.700948799999999,7.6159692035057525,0.12061999999999529
8.710259899999997,7.677540237620285,0.1300109999999961
8.720216999999998,7.665176724779058,0.13998480000000058
8.730471399999999,7.904364425065508,0.1501002999999983
8.740434800000003,8.060181092143798,0.1600807999999958
8.762813700000002,7.955888361417405,0.18246070000000003
8.7653435,8.08651605131745,0.18505359999999627
8.7848781,8.152816159873417,0.20459969999999572
8.785648299999998,8.314667798570671,0.20535489999999612
8.7904555,8.273839997665297,0.21012650000000122
8.801336499999998,8.273839997665297,0.22089179999999686
8.810391000000003,8.355741302653907,0.23002109999999476
8.820303500000001,8.480450865022997,0.2400767999999971
8.830378799999998,8.480450865022997,0.2500396000000009
8.840316800000004,8.355741302653907,0.25999929999999694
8.850452099999998,8.508470269933717,0.27010310000000004
8.860337899999998,8.621675420423669,0.28005539999999485
8.870227700000001,8.536601976918485,0.28994889999999884
8.880313100000002,8.751215137895052,0.3000708000000003
8.890224400000001,8.508470269933717,0.3099695999999952
8.900310900000001,8.853592720743801,0.3200252999999975
8.910324000000003,8.853592720743801,0.33002460000000156
8.920208199999998,8.927602077993871,0.3399543999999963
8.930235000000003,9.002355241650097,0.3499844999999979
8.944854300000003,9.032466444874892,0.3646034
8.950330999999998,9.032466444874892,0.37005669999999924
8.960188600000002,9.371762340174383,0.37993619999999595
8.970438700000003,8.94249296807631,0.39010779999999556
8.985725899999998,9.200248340363991,0.4053467999999967
9.0000195,9.26218092712718,0.4196604999999991
9.000815000000003,9.231152701241395,0.420552899999997
9.010175500000003,9.27774164451191,0.4299328999999972
9.0201888,9.482888682273867,0.43994259999999485
9.030221599999997,9.293333514473604,0.4499803
9.040170799999999,9.30895659937976,0.4599295999999953
9.050422599999997,9.595581734544421,0.470077400000001
9.0602156,9.466918080834294,0.4799599999999984
9.0702468,9.371762340174383,0.48995639999999696
9.080282500000003,9.32461096172274,0.5000181999999995
9.090195600000001,9.482888682273867,0.5099597999999972
9.100315899999998,9.293333514473604,0.5199937000000006
9.110281399999998,9.27774164451191,0.5299872000000008
9.120231699999998,9.482888682273867,0.5399574999999999
9.130211199999998,9.138809237726493,0.5499517999999952
9.140166800000003,9.200248340363991,0.5598950999999985
9.150423099999998,9.231152701241395,0.5700627000000011
9.160260800000003,9.09305139310744,0.579982600000001
9.170266900000001,9.123526107475662,0.5900280999999978
9.180204799999998,9.077859687091145,0.5999529999999993
9.190261499999998,9.123526107475662,0.6099503000000013
9.200357699999998,9.032466444874892,0.620001699999996
9.210235099999998,9.154122964824467,0.6299212999999995
9.2201399,8.987344746665283,0.6399131000000011
9.233762200000001,8.987344746665283,0.6533793999999986
9.240206,9.184842454704212,0.6599548999999953
9.2535563,8.987344746665283,0.673237499999999
9.267718299999999,8.972364242669451,0.6874390999999989
9.2707889,9.032466444874892,0.6905159999999952
9.284115300000003,9.26218092712718,0.7038826
9.290222499999999,9.002355241650097,0.709938600000001
9.300370999999998,9.123526107475662,0.7200083999999976
9.310257700000001,9.002355241650097,0.7299973999999949
9.320204400000001,9.002355241650097,0.7399595999999988
9.330180200000001,9.154122964824467,0.7499405999999951
9.340172899999999,9.123526107475662,0.7599388000000005
9.350347499999998,9.123526107475662,0.7700060999999963
9.3602646,9.09305139310744,0.7799795999999972
9.370541199999998,9.123526107475662,0.7901926999999986
9.380268700000002,7.293918879685199,0.7999825999999999
9.393432699999998,9.595581734544421,0.8131497999999979
9.4118572,8.853592720743801,0.8315318999999946
9.412476400000003,8.897909494439109,0.8322433999999959
9.426791600000001,8.751215137895052,0.8465142999999955
9.430205999999998,8.897909494439109,0.8499751999999958
9.4401874,8.751215137895052,0.8599298999999974
9.450501199999998,8.927602077993871,0.8700529999999986
9.460234800000002,8.94249296807631,0.8799834999999945
9.470257099999998,8.67896086002344,0.8899990999999972
9.480252300000004,8.751215137895052,0.8999880999999945
9.490251999999998,8.66459650744409,0.9100040000000007
9.500435000000003,8.838879453474007,0.920085499999999
9.510222400000004,8.824195583331818,0.9299601999999965
9.5202728,8.650260854860331,0.9400064000000015
9.530272699999998,8.736706421172222,0.9499277999999975
9.540177200000002,8.66459650744409,0.9599497999999969
9.550418999999998,8.536601976918485,0.9700654999999969
9.560234800000003,8.593204099345877,0.9799746999999996
9.570261199999997,8.564846436085226,0.9900256999999968
9.580241399999998,8.621675420423669,1.0000093999999962
9.590491399999998,8.912740939929662,1.0000093999999962
9.602661599999998,8.522522057577296,1.0000093999999962
9.618447699999997,8.424747169969082,1.0000093999999962
9.6203954,8.522522057577296,1.0000093999999962
9.6304972,8.314667798570671,1.0000093999999962
9.6402718,8.480450865022997,1.0000093999999962
9.650476900000001,8.452543313875262,1.0000093999999962
9.660302200000004,8.522522057577296,1.0000093999999962
9.6704,8.383260870307085,1.0000093999999962
9.680395400000002,8.342022743180927,1.0000093999999962
9.6903765,8.369487326701252,1.0000093999999962
9.700576400000003,8.21978259559808,1.0000093999999962
9.7104134,8.452543313875262,1.0000093999999962
9.720365700000002,8.397061988565584,1.0000093999999962
9.7311264,8.355741302653907,1.0000093999999962
9.740907499999999,8.21978259559808,1.0000093999999962
9.7505235,8.452543313875262,1.0000093999999962
9.760388599999999,8.424747169969082,1.0000093999999962
9.770385500000003,8.494446557780574,1.0000093999999962
9.780333200000001,8.410890736681248,1.0000093999999962
9.7903843,8.328331593408056,1.0000093999999962
9.8010224,8.508470269933717,1.0000093999999962
9.810357000000003,8.424747169969082,1.0000093999999962
9.8202705,8.328331593408056,1.0000093999999962
9.830311600000002,8.397061988565584,1.0000093999999962
9.840273099999997,8.424747169969082,1.0000093999999962
9.850534799999998,8.21978259559808,1.0000093999999962
9.860394399999997,8.452543313875262,1.0000093999999962
9.870412800000004,8.397061988565584,1.0000093999999962
9.880419199999999,8.424747169969082,1.0000093999999962
9.890335999999998,8.722226692884746,1.0000093999999962
9.9004664,8.452543313875262,1.0000093999999962
9.910267699999999,8.369487326701252,1.0000093999999962
9.920311900000002,8.273839997665297,1.0000093999999962
9.930404099999997,8.273839997665297,1.0000093999999962
9.940275200000002,8.273839997665297,1.0000093999999962
9.950588500000002,8.314667798570671,1.0000093999999962
9.96089,8.328331593408056,1.0000093999999962
9.970477000000002,8.246757239301694,1.0000093999999962
9.980313899999999,8.522522057577296,1.0000093999999962
9.990512500000001,8.08651605131745,1.0000093999999962
10.000546900000003,8.355741302653907,1.0000093999999962
10.010342200000004,8.047053062365295,1.0000093999999962
10.020432300000003,8.11295656128866,1.0000093999999962
10.030435099999998,8.073335404255426,1.0000093999999962
10.0403461,7.94296870865388,1.0000093999999962
10.050435999999998,7.955888361417405,1.0000093999999962
10.060859399999998,7.815183446581865,1.0000093999999962
10.0704432,7.802544922425701,1.0000093999999962
10.080464200000002,7.665176724779058,1.0000093999999962
10.090305100000002,7.640523756686739,1.0000093999999962
10.100549700000002,7.6159692035057525,1.0000093999999962
10.110314000000002,7.224683297447398,1.0000093999999962
10.120386500000002,6.912345705327855,1.0000093999999962
10.1303865,6.5965495799240745,1.0000093999999962
10.1404031,6.425831939575096,1.0000093999999962
10.150638999999998,5.947163315328091,1.0000093999999962
10.160386600000002,5.451018922611801,1.0000093999999962
10.1703519,5.081216123496028,1.0000093999999962
10.180486600000002,4.618252106430505,1.0000093999999962
10.190440100000004,4.389285476925941,1.0000093999999962
10.2005513,3.931074780310812,1.0000093999999962
10.210285400000004,3.7254070853153176,1.0000093999999962
10.220451599999997,3.33114017823965,1.0000093999999962
10.230504799999999,2.8786252954565414,1.0000093999999962
10.240392800000002,2.3841828800797837,1.0000093999999962
10.250506100000003,2.0257197519105454,1.0000093999999962
10.2603364,1.72619683012921,1.0000093999999962
10.270480900000003,1.6143557160797326,1.0000093999999962
10.280453000000001,1.5931813768840652,1.0000093999999962
10.290474500000002,1.5438909504059628,1.0000093999999962
10.300331499999999,1.4929614,1.0000093999999962
10.310184800000002,1.4929614,1.0000093999999962
10.3203362,1.4929614,1.0000093999999962
10.330272700000002,1.4929614,1.0000093999999962
10.3399456,1.4929614,1.0000093999999962
10.3502236,1.4929614,1.0000093999999962
10.360249699999997,1.4929614,1.0000093999999962
10.3699333,1.4929614,1.0000093999999962
10.380106099999999,1.4929614,1.0000093999999962
10.390081299999999,1.4929614,1.0000093999999962
10.400234900000001,1.4929614,1.0000093999999962
10.410135500000003,1.4929614,1.0000093999999962
10.420154699999998,1.4929614,1.0000093999999962
10.430129899999997,1.4929614,1.0000093999999962
10.440133199999998,1.4929614,1.0000093999999962
10.4501925,1.4929614,1.0000093999999962
10.460093200000003,1.4929614,1.0000093999999962
10.470137299999998,1.4929614,1.0000093999999962
10.480081900000002,1.4929614,1.0000093999999962
10.490071399999998,1.4929614,1.0000093999999962
10.5004444,1.4929614,1.0000093999999962
10.5099844,1.4929614,1.0000093999999962
10.520494800000002,1.4929614,1.0000093999999962
10.530203700000001,1.4929614,1.0000093999999962
10.540764000000003,1.4929614,1.0000093999999962
10.550394699999998,1.4929614,1.0000093999999962
10.5602625,1.4929614,1.0000093999999962
10.570359500000002,1.4929614,1.0000093999999962
10.5803856,1.4929614,1.0000093999999962
10.5902405,1.4929614,1.0000093999999962
