0.0005264000000018143,1.4929614,0
0.010222300000002349,1.4929614,0
0.026265300000002156,1.4929614,0
0.030250200000001115,1.4929614,0
0.04035710000000137,1.4929614,0
0.050471700000002784,1.4929614,0
0.06049000000000149,1.4929614,0
0.07029230000000197,1.4929614,0
0.08037840000000074,1.4929614,0
0.09017620000000193,1.4929614,0
0.100170600000002,1.4929614,0
0.11021450000000144,1.4929614,0
0.12016840000000073,1.4929614,0
0.13025130000000118,1.4929614,0
0.1401570999999997,1.4929614,0
0.15044360000000268,1.4929614,0
0.16017340000000146,1.4929614,0
0.1702186999999995,1.4929614,0
0.18027380000000193,1.4929614,0
0.19021060000000034,1.4929614,0
0.2002523000000025,1.4929614,0
0.21015850000000214,1.4929614,0
0.2202054000000011,1.4929614,0
0.23023200000000088,1.4929614,0
0.24021160000000208,1.4929614,0
0.25032790000000205,1.4929614,0
0.26028630000000064,1.4929614,0
0.27025210000000044,1.4929614,0
0.2803266000000022,1.4929614,0
0.29017939999999953,1.4929614,0
0.3003910000000012,1.4929614,0
0.3101495000000014,1.4929614,0
0.3201961000000004,1.4929614,0
0.33022100000000165,1.4929614,0
0.3402598999999995,1.4929614,0
0.35027520000000223,1.4929614,0
0.3602000000000025,1.4929614,0
0.37017210000000134,1.4929614,0
0.3802428000000013,1.4929614,0
0.3902054000000028,1.4929614,0
0.40026320000000126,1.4929614,0
0.41015529999999956,1.4929614,0
0.42017039999999994,1.4929614,0
0.4302519000000018,1.4929614,0
0.4401577000000003,1.4929614,0
0.4501753000000015,1.4929614,0
0.4602162000000014,1.4929614,0
0.47013839999999973,1.4929614,0
0.4802648000000005,1.4929614,0
0.49019480000000115,1.4929614,0
0.5002233000000018,1.4929614,0
0.5101960000000005,1.4929614,0
0.5201688000000004,1.4929614,0
0.5302450000000007,1.4929614,0
0.5402312000000009,1.4929614,0
0.5502909000000002,1.4929614,0
0.5602812999999998,1.4929614,0
0.5703553000000028,1.4929614,0
0.5803080000000023,1.4929614,0
0.590211,1.4929614,0
0.6003460000000018,1.4929614,0
0.6101644999999998,1.4929614,0
0.6201138999999998,1.4929614,0
0.6302648000000026,1.4929614,0
0.6402521000000014,1.4929614,0
0.6503121000000007,1.4929614,0
0.660254700000003,1.4929614,0
0.670385600000003,1.4929614,0
0.6803447000000027,1.4929614,0
0.6903131000000009,1.4929614,0
0.7002081000000011,1.4929614,0
0.7104907000000011,1.4929614,0
0.7201985000000022,1.4929614,0
0.7303002999999997,1.4929614,0
0.7401853000000003,1.4929614,0
0.7504367000000016,1.4929614,0
0.7601675000000014,1.4929614,0
0.7701372000000006,1.4929614,0
0.7803924000000002,1.4929614,0
0.7901511000000028,1.4929614,0
0.8002333999999998,1.4929614,0
0.8102030000000013,1.4929614,0
0.8201573000000018,1.4929614,0
0.8302286000000016,1.4929614,0
0.8401762000000019,1.4929614,0
0.8502874000000027,1.4929614,0
0.8602051000000017,1.4929614,0
0.8702885000000009,1.4929614,0
0.8802611999999996,1.4929614,0
0.890143700000003,1.4929614,0
0.9003262000000021,1.4929614,0
0.910125500000003,1.4929614,0
0.9203040000000016,1.4929614,0
0.9303033999999997,1.4929614,0
0.9401141000000024,1.4929614,0
0.9504106000000014,1.4929614,0
0.9601927000000003,1.4929614,0
0.9702191000000013,1.4929614,0
0.9803259000000004,1.4929614,0
0.9902914000000003,1.4929614,0
1.0002477000000027,1.4929614,0
1.0130164000000015,1.4929614,0
1.0204751000000023,1.4929614,0
1.0302711000000002,1.4929614,0
1.040179700000003,1.4929614,0
1.050301000000001,1.4929614,0
1.060222200000002,1.4929614,0
1.070192500000001,1.4929614,0
1.0802219000000015,1.4929614,0
1.0902336000000012,1.4929614,0
1.1002134000000012,1.4929614,0
1.1101834000000004,1.4929614,0
1.1202211999999996,1.4929614,0
1.1301798000000005,1.4929614,0
1.1401009000000002,1.4929614,0
1.1502842000000015,1.4929614,0
1.160216400000003,1.4929614,0
1.1702013000000022,1.4929614,0
1.180267200000003,1.4929614,0
1.1901351000000027,1.4929614,0
1.2001522000000016,1.4929614,0
1.210264800000001,1.4929614,0
1.220167700000001,1.4929614,0
1.2303101000000005,1.4929614,0
1.2401386000000016,1.4929614,0
1.2502935000000015,1.4929614,0
1.260200300000001,1.4929614,0
1.2702638999999998,1.4929614,0
1.2802992000000017,1.4929614,0
1.2902207000000026,1.4929614,0
1.300369400000001,1.4929614,0
1.3101532999999996,1.4929614,0
1.3201883000000016,1.4929614,0
1.3302517000000016,1.4929614,0
1.3404439000000004,1.4929614,0
1.3504755000000017,1.4929614,0
1.3603790000000018,1.4929614,0
1.3701658000000023,1.4929614,0
1.3802817000000012,1.4929614,0
1.3901219000000005,1.4929614,0
1.400177000000003,1.4929614,0
1.4101881000000027,1.4929614,0
1.4201764000000026,1.4929614,0
1.4303211000000005,1.4929614,0
1.4401322000000008,1.4929614,0
1.4501688000000001,1.4929614,0
1.4601889000000021,1.4929614,0
1.4702424,1.4929614,0
1.480163700000002,1.4929614,0
1.4902513000000006,1.4929614,0
1.5001822000000011,1.4929614,0
1.5102797000000017,1.4929614,0
1.5201919000000004,1.4929614,0
1.5302467000000028,1.4929614,0
1.540180300000003,1.4929614,0
1.5501813999999996,1.4929614,0
1.5601689000000007,1.4929614,0
1.5701453,1.4929614,0
1.5802493999999996,1.4929614,0
1.590196800000001,1.4929614,0
1.6001280000000015,1.4929614,0
1.610234000000002,1.4929614,0
1.6202816999999996,1.4929614,0
1.630330800000003,1.4929614,0
1.640156900000001,1.4929614,0
1.6503593000000016,1.4929614,0
1.6602549000000018,1.4929614,0
1.670293400000002,1.4929614,0
1.6802605000000028,1.4929614,0
1.690168100000001,1.4929614,0
1.7002811000000015,1.4929614,0
1.710226500000001,1.4929614,0
1.7201599000000023,1.4929614,0
1.7302606000000011,1.4929614,0
1.7401631000000002,1.4929614,0
1.7503969999999995,1.4929614,0
1.7601955000000018,1.4929614,0
1.7702393,1.4929614,0
1.7802498,1.4929614,0
1.790156500000002,1.4929614,0
1.8002122000000007,1.4929614,0
1.8102010000000028,1.4929614,0
1.8202415000000016,1.4929614,0
1.8304211000000024,1.4929614,0
1.8401251000000016,1.4929614,0
1.8502425000000002,1.4929614,0
1.8602319999999999,1.4929614,0
1.8702537000000028,1.4929614,0
1.8802491000000003,1.4929614,0
1.8902053000000016,1.4929614,0
1.9002090000000003,1.4929614,0
1.9101745,1.4929614,0
1.9202224,1.4929614,0
1.9303163000000012,1.4929614,0
1.9401609999999998,1.4929614,0
1.950430400000002,1.4929614,0
1.9601324000000027,1.4929614,0
1.9702511000000023,1.4929614,0
1.9802838000000023,1.4929614,0
1.9902121000000008,1.4929614,0
2.000140100000003,1.4929614,0
2.0102204000000015,1.4929614,0
2.0201845000000027,1.4929614,0
2.0304347000000007,1.4929614,0
2.0403239000000006,1.4929614,0
2.0505404000000027,1.4929614,0
2.0604212000000004,1.4929614,0
2.070458600000002,1.4929614,0
2.080257600000003,1.4929614,0
2.0903121999999996,1.4929614,0
2.1005494999999996,1.4929614,0
2.1103428000000015,1.4929614,0
2.1202097,1.4929614,0
2.1302418000000003,1.4929614,0
2.1400926000000027,1.4929614,0
2.150152500000001,1.4929614,0
2.1601453,1.4929614,0
2.170163800000001,1.4929614,0
2.1802589999999995,1.4929614,0
2.1901677,1.4929614,0
2.200468700000002,1.4929614,0
2.210144400000001,1.4929614,0
2.2202038,1.4929614,0
2.230367700000002,1.4929614,0
2.2401864000000025,1.4929614,0
2.2501663,1.4929614,0
2.260187300000002,1.4929614,0
2.2701714000000024,1.4929614,0
2.280190300000001,1.4929614,0
2.2902122000000027,1.4929614,0
2.3001478000000013,1.4929614,0
2.310190600000002,1.4929614,0
2.3201791000000007,1.4929614,0
2.330180200000001,1.4929614,0
2.340069800000002,1.4929614,0
2.3501890000000003,1.4929614,0
2.3601760000000027,1.4929614,0
2.3702080000000016,1.4929614,0
2.380314200000001,1.4929614,0
2.390133800000001,1.4929614,0
2.4001252000000015,1.4929614,0
2.4101408000000006,1.4929614,0
2.4202140000000014,1.4929614,0
2.430281100000002,1.4929614,0
2.4401953000000027,1.4929614,0
2.4502076000000024,1.4929614,0
2.4601536000000017,1.4929614,0
2.4702272,1.4929614,0
2.480285200000001,1.4929614,0
2.4901559000000013,1.4929614,0
2.500161600000002,1.4929614,0
2.5102123000000027,1.4929614,0
2.520212000000001,1.4929614,0
2.5302456000000006,1.4929614,0
2.5401950000000006,1.4929614,0
2.550270900000001,1.4929614,0
2.5602645000000024,1.4929614,0
2.5701877000000017,1.4929614,0
2.5801774,1.4929614,0
2.5901683999999996,1.4929614,0
2.600215300000002,1.4929614,0
2.610196000000002,1.4929614,0
2.6202007000000016,1.4929614,0
2.630260200000002,1.4929614,0
2.6402564999999996,1.4929614,0
2.650219800000002,1.4929614,0
2.6601735000000026,1.4929614,0
2.6701690000000013,1.4929614,0
2.6801674999999996,1.4929614,0
2.690184000000002,1.4929614,0
2.700227700000003,1.4929614,0
2.710182500000002,1.4929614,0
2.7202927000000017,1.4929614,0
2.7303560000000004,1.4929614,0
2.740381300000003,1.4929614,0
2.7503549000000014,1.4929614,0
2.7605692000000026,1.4929614,0
2.770181100000002,1.4929614,0
2.7802795000000025,1.4929614,0
2.790180300000003,1.4929614,0
2.8000909000000007,1.4929614,0
2.8101968,1.4929614,0
2.820184600000001,1.4929614,0
2.8302442000000028,1.4929614,0
2.8401712000000003,1.4929614,0
2.8501138000000026,1.4929614,0
2.8603007,1.4929614,0
2.8701693000000006,1.4929614,0
2.8802897000000023,1.4929614,0
2.890326400000003,1.4929614,0
2.9003855000000023,1.4929614,0
2.9102283,1.4929614,0
2.9202056000000027,1.4929614,0
2.930227900000002,1.4929614,0
2.9401551999999995,1.4929614,0
2.9503192000000027,1.4929614,0
2.960206300000003,1.4929614,0
2.970267700000001,1.4929614,0
2.9802449000000024,1.4929614,0
2.9901703000000026,1.4929614,0
3.0003702000000025,1.4929614,0
3.0102294,1.4929614,0
3.020211700000001,1.4929614,0
3.0302494000000024,1.4929614,0
3.040169900000002,1.4929614,0
3.050301300000001,1.4929614,0
3.0602917000000005,1.4929614,0
3.0702142000000023,1.4929614,0
3.080360800000001,1.4929614,0
3.090197800000002,1.4929614,0
3.100171900000003,1.4929614,0
3.110156700000001,1.4929614,0
3.1201852000000017,1.4929614,0
3.1302657000000025,1.4929614,0
3.140136400000003,1.4929614,0
3.150175000000001,1.4929614,0
3.1601403999999995,1.4929614,0
3.1706012,1.4929614,0
3.1803232,1.4929614,0
3.1902049000000012,1.4929614,0
3.2003327000000006,1.4929614,0
3.2102244000000013,1.4929614,0
3.2202807,1.4929614,0
3.2302394999999997,1.4929614,0
3.2402694000000025,1.4929614,0
3.2502206000000022,1.4929614,0
3.260276700000002,1.4929614,0
3.270145900000003,1.4929614,0
3.280291400000003,1.4929614,0
3.290237000000001,1.4929614,0
3.3002248000000023,1.4929614,0
3.3105554999999995,1.4929614,0
3.3203279000000023,1.4929614,0
3.3302518000000028,1.4929614,0
3.340153400000002,1.4929614,0
3.350163300000002,1.4929614,0
3.3601747000000017,1.4929614,0
3.370288000000002,1.4929614,0
3.3804006000000015,1.4929614,0
3.390371700000003,1.4929614,0
3.4005325000000006,1.4929614,0
3.410252800000002,1.4929614,0
3.4203806000000014,1.4929614,0
3.4303373000000015,1.4929614,0
3.4402178000000028,1.4929614,0
3.450124200000001,1.4929614,0
3.460302300000002,1.4929614,0
3.4702084000000006,1.4929614,0
3.480323000000002,1.4929614,0
3.490257500000002,1.4929614,0
3.5003057999999996,1.4929614,0
3.5102019999999996,1.4929614,0
3.520186500000001,1.4929614,0
3.5302474000000004,1.4929614,0
3.5401711999999996,1.4929614,0
3.5503251999999996,1.4929614,0
3.560183900000002,1.4929614,0
3.5701141000000014,1.4929614,0
3.5803089999999997,1.4929614,0
3.5901710000000016,1.4929614,0
3.6002051,1.4929614,0
3.6102247,1.4929614,0
3.6202243000000003,1.4929614,0
3.6303061999999997,1.4929614,0
3.6401676000000016,1.4929614,0
3.6501803000000024,1.4929614,0
3.6603713000000013,1.4929614,0
3.6702958000000017,1.4929614,0
3.680280500000002,1.4929614,0
3.6901876000000016,1.4929614,0
3.700121600000003,1.4929614,0
3.7102012,1.4929614,0
3.720199600000001,1.4929614,0
3.7303188000000027,1.4929614,0
3.740212100000001,1.4929614,0
3.750251000000002,1.4929614,0
3.7601533000000025,1.4929614,0
3.770171900000001,1.4929614,0
3.780314500000003,1.4929614,0
3.790185400000002,1.4929614,0
3.8001754000000005,1.4929614,0
3.810107900000002,1.4929614,0
3.8201912,1.4929614,0
3.8303569000000017,1.4929614,0
3.8401765999999995,1.4929614,0
3.850306,1.4929614,0
3.860242500000002,1.4929614,0
3.8702325,1.4929614,0
3.880201500000002,1.4929614,0
3.8902752000000014,1.4929614,0
3.9003350999999995,1.4929614,0
3.910201500000003,1.4929614,0
3.9201656000000007,1.4929614,0
3.9302167000000026,1.4929614,0
3.9401580000000003,1.4929614,0
3.9502515000000002,1.4929614,0
3.9601409000000025,1.4929614,0
3.970167400000001,1.4929614,0
3.9803403000000017,1.4929614,0
3.9902455000000003,1.4929614,0
4.000122400000002,1.4929614,0
4.010294900000002,1.4929614,0
4.020166700000001,1.4929614,0
4.0302167,1.4929614,0
4.0403889,1.4929614,0
4.050440000000002,1.4929614,0
4.0603013000000026,1.4929614,0
4.0702122,1.4929614,0
4.0804388,1.4929614,0
4.090195900000001,1.4929614,0
4.1001966,1.4929614,0
4.110195400000002,1.4929614,0
4.1201492,1.4929614,0
4.1302059,1.4929614,0
4.140106500000002,1.4929614,0
4.1502464,1.4929614,0
4.160171500000001,1.4929614,0
4.170200700000002,1.4929614,0
4.180272500000001,1.4929614,0
4.1901562000000006,1.4929614,0
4.2001442,1.4929614,0
4.210182800000002,1.4929614,0
4.220166500000001,1.4929614,0
4.230264200000001,1.4929614,0
4.240174400000001,1.4929614,0
4.250173400000001,1.4929614,0
4.260138000000001,1.4929614,0
4.2701761000000005,1.4929614,0
4.280291500000001,1.4929614,0
4.290382900000001,1.4929614,0
4.300182500000002,1.4929614,0
4.310169300000002,1.4929614,0
4.320167600000001,1.4929614,0
4.330235200000001,1.4929614,0
4.3401654,1.4929614,0
4.350410400000001,1.4929614,0
4.360276500000001,1.4929614,0
4.370290700000002,1.4929614,0
4.380249900000003,1.4929614,0
4.3901638,1.4929614,0
4.400180600000002,1.4929614,0
4.410503800000001,1.4929614,0
4.4201856,1.4929614,0
4.4303442,1.4929614,0
4.4402705000000005,1.4929614,0
4.450128300000003,1.4929614,0
4.4601501,1.4929614,0
4.470207000000002,1.4929614,0
4.480273200000003,1.4929614,0
4.490228300000002,1.4929614,0
4.5001599,1.4929614,0
4.5102141000000024,1.4929614,0
4.520266100000001,1.4929614,0
4.5302592,1.4929614,0
4.5401673,1.4929614,0
4.5502398,1.4929614,0
4.560189700000002,1.4929614,0
4.5703192,1.4929614,0
4.580363500000001,1.4929614,0
4.590231000000003,1.4929614,0
4.600149900000002,1.4929614,0
4.6102308,1.4929614,0
4.6202656,1.4929614,0
4.630225600000003,1.4929614,0
4.640167100000003,1.4929614,0
4.6501345,1.4929614,0
4.660128700000001,1.4929614,0
4.670257500000002,1.4929614,0
4.680300500000001,1.4929614,0
4.690307000000001,1.4929614,0
4.700151100000003,1.4929614,0
4.710182100000001,1.4929614,0
4.720464700000001,1.4929614,0
4.730242700000002,1.4929614,0
4.740295200000002,1.4929614,0
4.7502189,1.4929614,0
4.7603875,1.4929614,0
4.770160100000002,1.4929614,0
4.7802729,1.4929614,0
4.790198700000001,1.4929614,0
4.800275800000001,1.4929614,0
4.810225000000003,1.4929614,0
4.820204,1.4929614,0
4.8302105,1.4929614,0
4.840286900000002,1.4929614,0
4.850094200000001,1.4929614,0
4.860108200000003,1.4929614,0
4.8702594999999995,1.4929614,0
4.880225900000003,1.4929614,0
4.890356500000003,1.4929614,0
4.9002101000000025,1.4929614,0
4.910286200000002,1.4929614,0
4.920187500000001,1.4929614,0
4.930282900000002,1.4929614,0
4.940155000000001,1.4929614,0
4.950295800000003,1.4929614,0
4.960222600000002,1.4929614,0
4.9701965,1.4929614,0
4.980353000000001,1.4929614,0
4.990220100000002,1.4929614,0
5.000121100000001,1.4929614,0
5.0101520000000015,1.4929614,0
5.0201536,1.4929614,0
5.030252300000001,1.4929614,0
5.040280900000003,1.4929614,0
5.0501228000000005,1.4929614,0
5.0600989,1.4929614,0
5.070241900000003,1.4929614,0
5.080271800000002,1.4929614,0
5.0905226,1.4929614,0
5.100187600000002,1.4929614,0
5.1102001,1.4929614,0
5.120173400000002,1.4929614,0
5.130212700000001,1.4929614,0
5.1401302000000015,1.4929614,0
5.150172000000001,1.4929614,0
5.160096600000003,1.4929614,0
5.1702169,1.4929614,0
5.1803314,1.4929614,0
5.1901802,1.4929614,0
5.200102000000001,1.4929614,0
5.210199600000003,1.4929614,0
5.220178800000003,1.4929614,0
5.230249200000003,1.4929614,0
5.2401801,1.4929614,0
5.2501873,1.4929614,0
5.2601209,1.4929614,0
5.2702469,1.4929614,0
5.280200100000002,1.4929614,0
5.2903339,1.4929614,0
5.300110800000002,1.4929614,0
5.310101300000003,1.4929614,0
5.320258000000003,1.4929614,0
5.330312300000003,1.4929614,0
5.3401739,1.4929614,0
5.350549300000001,1.4929614,0
5.3604898,1.4929614,0
5.3704334,1.4929614,0
5.3803163000000005,1.4929614,0
5.3903804000000015,1.4929614,0
5.400199100000002,1.4929614,0
5.410123300000002,1.4929614,0
5.420096000000001,1.4929614,0
5.4302226000000005,1.4929614,0
5.4401227,1.4929614,0
5.450205500000003,1.4929614,0
5.4601611000000005,1.4929614,0
5.470162600000002,1.4929614,0
5.480288400000003,1.4929614,0
5.490267300000003,1.4929614,0
5.500175200000001,1.4929614,0
5.510301800000001,1.4929614,0
5.5203591,1.4929614,0
5.530196500000002,1.4929614,0
5.540109700000002,1.4929614,0
5.5501998000000015,1.4929614,0
5.560106700000002,1.4929614,0
5.5702725000000015,1.4929614,0
5.5802800999999995,1.4929614,0
5.590137300000002,1.4929614,0
5.600194700000003,1.4929614,0
5.6101773,1.4929614,0
5.6201015000000005,1.4929614,0
5.630267500000002,1.4929614,0
5.6401945,1.4929614,0
5.650122200000002,1.4929614,0
5.660185200000001,1.4929614,0
5.6702631,1.4929614,0
5.680176800000002,1.4929614,0
5.690262000000001,1.4929614,0
5.700227000000002,1.4929614,0
5.710148200000003,1.4929614,0
5.720180900000003,1.4929614,0
5.730213500000001,1.4929614,0
5.740220800000003,1.4929614,0
5.7502329,1.4929614,0
5.7601758000000025,1.4929614,0
5.770151900000002,1.4929614,0
5.7802592,1.4929614,0
5.790105500000003,1.4929614,0
5.800378200000001,1.4929614,0
5.8101606,1.4929614,0
5.8202058,1.4929614,0
5.830248400000002,1.4929614,0
5.840225200000003,1.4929614,0
5.850072400000002,1.4929614,0
5.860164000000001,1.4929614,0
5.870159300000001,1.4929614,0
5.880194100000001,1.4929614,0
5.890233200000001,1.4929614,0
5.900095500000003,1.4929614,0
5.910189800000001,1.4929614,0
5.920231600000001,1.4929614,0
5.930275600000002,1.4929614,0
5.940173400000003,1.4929614,0
5.950288500000003,1.4929614,0
5.9601434,1.4929614,0
5.970303900000001,1.4929614,0
5.980376200000002,1.4929614,0
5.990411100000003,1.4929614,0
6.000440700000002,1.4929614,0
6.0104409000000025,1.4929614,0
6.020141200000001,1.4929614,0
6.030197100000002,1.4929614,0
6.0401823000000014,1.4929614,0
6.0501617,1.4929614,0
6.060113100000002,1.4929614,0
6.0701608,1.4929614,0
6.080199,1.4929614,0
6.0900817000000025,1.4929614,0
6.1001131000000015,1.4929614,0
6.110237300000001,1.4929614,0
6.120283800000003,1.4929614,0
6.130255400000003,1.4929614,0
6.1401090000000025,1.4929614,0
6.150090900000002,1.4929614,0
6.160105900000001,1.4929614,0
6.170167900000003,1.4929614,0
6.1802686000000016,1.4929614,0
6.190249400000003,1.4929614,0
6.2002332,1.4929614,0
6.210214400000002,1.4929614,0
6.2202632000000015,1.4929614,0
6.2302823000000025,1.4929614,0
6.240178100000001,1.4929614,0
6.250244600000002,1.4929614,0
6.260102,1.4929614,0
6.270166,1.4929614,0
6.2802127,1.4929614,0
6.290139800000002,1.4929614,0
6.300226300000002,1.4929614,0
6.310198500000002,1.4929614,0
6.320384400000002,1.4929614,0
6.3303253999999995,1.4929614,0
6.340120600000002,1.4929614,0
6.350124600000001,1.4929614,0
6.3600773,1.4929614,0
6.370238800000003,1.4929614,0
6.380347800000003,1.4929614,0
6.390208900000001,1.4929614,0
6.400092900000001,1.4929614,0
6.410207200000002,1.4929614,0
6.4202063,1.4929614,0
6.430179800000001,1.4929614,0
6.440226800000001,1.4929614,0
6.450191700000001,1.4929614,0
6.460107300000001,1.4929614,0
6.470163400000001,1.4929614,0
6.4802374,1.4929614,0
6.4901256000000025,1.4929614,0
6.500150900000001,1.4929614,0
6.510111800000001,1.4929614,0
6.520238300000003,1.4929614,0
6.530353100000003,1.4929614,0
6.540118100000001,1.4929614,0
6.550112900000002,1.4929614,0
6.560093800000001,1.4929614,0
6.570183800000002,1.4929614,0
6.5803279,1.4929614,0
6.5901377,1.4929614,0
6.600278100000001,1.4929614,0
6.610327100000003,1.4929614,0
6.6204373000000025,1.4929614,0
6.630280500000001,1.4929614,0
6.64021,1.4929614,0
6.6501643,1.4929614,0
6.660321400000001,1.4929614,0
6.670132600000002,1.4929614,0
6.680179600000002,1.4929614,0
6.690089200000003,1.4929614,0
6.700185700000002,1.4929614,0
6.710203700000001,1.4929614,0
6.720186600000002,1.4929614,0
6.7302076,1.4929614,0
6.740109800000003,1.4929614,0
6.7501496,1.4929614,0
6.760216500000002,1.4929614,0
6.770291400000001,1.4929614,0
6.780161,1.4929614,0
6.790131800000001,1.4929614,0
6.800248700000001,1.4929614,0
6.810178500000003,1.4929614,0
6.820238700000001,1.4929614,0
6.8302751000000015,1.4929614,0
6.840134800000001,1.4929614,0
6.850114600000001,1.4929614,0
6.8602370000000015,1.4929614,0
6.8701950000000025,1.4929614,0
6.880206100000002,1.4929614,0
6.8901318000000025,1.4929614,0
6.900244800000003,1.4929614,0
6.910236100000002,1.4929614,0
6.920213100000002,1.4929614,0
6.930297300000003,1.4929614,0
6.940158400000001,1.4929614,0
6.950424900000002,1.4929614,0
6.9601535000000005,1.4929614,0
6.970270900000003,1.4929614,0
6.980256400000002,1.4929614,0
6.990081400000001,1.4929614,0
7.000158200000001,1.4929614,0
7.010162900000001,1.4929614,0
7.020583500000001,1.493755187500903,0
7.030511000000001,1.497527657175582,0
7.040749400000003,1.5001947389650898,0
7.050508600000001,1.509021050475575,0
7.060426500000002,1.5192765613426678,0
7.0704514,1.5404234343267473,0
7.0806172000000025,1.5557786268697045,0
7.090456800000002,1.5931813768840652,0
7.100469500000003,1.6297001541825682,0
7.1104208,1.6738617965768412,0
7.120806100000003,1.7110855950775148,0
7.1305081,1.7383274090090268,0
7.140501,1.7711633745507216,0
7.150665400000001,1.803903020455368,0
7.160524800000001,1.8108943091007847,0
7.1705811,1.8260190494455204,0
7.181074200000001,1.7909756682573081,0
7.190376200000003,1.7633889499304238,0
7.201062700000001,1.7363455278316857,0
7.210798100000002,1.7155599008947042,0
7.2206522,1.7383274090090268,0
7.2305738999999996,1.7774264095689971,0
7.240666100000002,1.8186986500052906,0
7.2507494,1.8554990786046484,0
7.260452400000002,1.8226716239735905,0
7.2704412000000005,1.7995334366254383,0
7.280474600000002,1.8461083115400183,0
7.2904239,1.880463171551905,0
7.301151100000002,1.9294164821391442,0
7.310402500000002,2.013006052509221,0
7.3237451,2.0577341405960836,0
7.3305571,2.2488700823783345,0
7.340410600000002,2.4022546530223905,0
7.3506333999999995,2.4942128816106766,0
7.360446200000002,2.584433475876166,0
7.3704377,2.6614717711390807,0
7.380475000000001,2.6779933571856644,0
7.390352500000002,2.699578117674015,0
7.400449100000003,2.699578117674015,0
7.410474200000003,2.714185323032208,0
7.420463000000002,2.746442061927534,0
7.430394500000002,2.7092967653734723,0
7.440421400000002,2.761615022358159,0
7.450398500000002,2.8456855464464796,0
7.460388900000002,2.824160834590081,0
7.470511900000002,2.9180676193997024,0
7.4804311000000006,3.0094357577045794,0
7.4933613,3.0588570250186478,0
7.500632700000001,3.1492425948471263,0
7.510408000000002,3.258932355027342,0
7.520446,3.3055382474235118,0
7.530588400000003,3.3986433923200696,0
7.540503100000002,3.508599869870389,0
7.550664100000002,3.5493863727556167,0
7.560490400000003,3.5994192385366217,0
7.5704542,3.6943238762749417,0
7.580428900000001,3.707591984051622,0
7.590386600000002,3.8447449486106637,0
7.600582200000002,3.935962616077921,0
7.610464800000003,3.9556120097847174,0
7.620448100000001,4.082047149202822,0
7.633252500000001,4.076867436343846,0
7.6404426,4.1450185145715945,0
7.650520700000001,4.177075493939835,0
7.660910300000001,4.182455823463794,0
7.6704291,4.348972727931358,0
7.680431600000002,4.348972727931358,0
7.6903854,4.303586819778257,0
7.700617300000001,4.3604331243554055,0
7.710447500000001,4.3604331243554055,0
7.720993800000002,4.348972727931358,0
7.7305736,4.320521493915344,0
7.740431000000001,4.366180536100056,0
7.750408800000002,4.3604331243554055,0
7.760437200000002,4.264465492571399,0
7.770523800000003,4.193248818356781,0
7.7806447,4.286753449470591,0
7.790454200000003,4.236855119596617,0
7.8004180000000005,4.270020776989198,0
7.810419700000001,4.3261890025226135,0
7.8204286,4.3950906511189265,0
7.830467200000001,4.389285476925941,0
7.840435300000003,4.513665973999837,0
7.850392200000002,4.605762493882691,0
7.8604172000000005,4.675077740771481,0
7.870595400000003,4.75245400772832,0
7.8806822000000025,4.845104980444953,0
7.8911704,4.8250322290347345,0
7.900608000000002,4.968103855907675,0
7.910542900000003,5.010097359277957,0
7.923729900000001,5.010097359277957,0
7.930529400000001,6.455538361358687,8.999999998593466e-07
7.9445245,5.257818241962262,0
7.960127700000001,5.220323843985317,0
7.9607119,5.2729213009106,0
7.970393900000001,5.341637676374042,0
7.980525200000002,5.357076684510473,0
7.9904385,5.310944312117843,0
8.000481400000002,5.571662089694587,0
8.010485300000003,5.4908318446744335,0
8.020385000000001,5.571662089694587,0
8.030560400000002,4.865298530396866,0
8.043170500000002,5.704400565352053,0
8.060269700000003,5.712838601706433,0
8.060867100000003,5.704400565352053,0
8.070434800000001,5.858897647865455,0
8.0805638,5.911645071212362,0
8.0903962,5.78954518471769,0
8.100506300000003,5.850167785342203,0
8.110451300000001,5.858897647865455,0
8.1204836,5.850167785342203,0
8.1305044,5.7981536807136225,0
8.140599300000002,5.755282855289889,0
8.150631,6.010008088694971,1.0000000010279564e-06
8.164909600000001,5.982966845017518,0
8.178051800000002,5.982966845017518,0
8.180510400000003,6.251288226892488,6.999999975221272e-07
8.193441700000001,5.333941299963164,0
8.2072039,6.037212067551826,7.000000010748408e-07
8.2204412,5.982966845017518,0
8.2210784,6.073738876518667,7.000000010748408e-07
8.234347500000002,6.289534513875581,0.013196000000000652
8.240464600000003,6.0829163286647,0.01932289999999881
8.2504709,6.101326389554399,0.029309800000000052
8.2604507,6.101326389554399,0.039335200000000015
8.270442000000003,6.194489442460147,0.049335299999999194
8.280466200000003,6.299143989175471,0.059363399999998734
8.2904637,6.289534513875581,0.06933859999999825
8.300412700000003,6.299143989175471,0.07931669999999968
8.310645100000002,6.617018288369059,0.08943089999999998
8.320491100000002,6.289534513875581,0.099388900000001
8.330612000000002,6.4061264490717855,0.10941610000000068
8.340441600000002,6.366951147619736,0.11934889999999854
8.3504395,6.49542520288607,0.12932699999999997
8.3604372,6.347480709865341,0.13934539999999984
8.3704864,6.435714282503059,0.14937249999999835
8.380758200000002,6.617018288369059,0.1595417999999995
8.390476900000003,6.415969341581473,0.16935979999999873
8.400377500000001,6.586345887857524,0.17928209999999822
8.410507300000003,6.5965495799240745,0.18939749999999833
8.4204541,6.318420692837231,0.19932640000000035
8.430509,6.934080128015318,0.20937259999999824
8.440450300000002,6.74156490855173,0.21936219999999906
8.450448300000001,6.525550439437387,0.22926280000000077
8.4604596,6.5965495799240745,0.23933620000000033
8.470482100000002,6.5965495799240745,0.24937249999999977
8.4804058,5.920498011343938,0
8.495604800000002,6.475441895334031,7.999999986907369e-07
8.511791200000001,6.337774657733094,0.01609189999999927
8.512680800000002,6.308772702657734,0.01706839999999943
8.520578100000002,6.435714282503059,0.024963100000000793
8.530618800000003,6.435714282503059,0.03497639999999791
8.540452300000002,6.299143989175471,0.044813699999998846
8.550418100000002,6.27994423832014,0.054778400000000005
8.5605917,6.435714282503059,0.06494039999999757
8.570486800000001,6.376715611123658,0.07490049999999826
8.580558800000002,5.403765980228704,0
8.5932374,6.138368170237612,7.000000010748408e-07
8.6066772,6.337774657733094,0.013450000000002404
8.610448600000002,6.241774367469408,0.01721590000000006
8.620415700000002,6.138368170237612,0.02719809999999967
8.630465000000001,6.213346689581242,0.03725350000000205
8.640376100000001,6.019057951718768,0.0471667999999994
8.650461,6.0645797609342535,0.057186800000000204
8.660388900000001,5.9293686750734675,0
8.6731656,5.695979388205552,0
8.680491100000001,5.5310448932559035,0
8.690454000000003,5.579834383443626,0
8.700414300000002,5.5229700809732805,0
8.7104362,5.380351298636114,0
8.720457200000002,5.435204896059818,0
8.730504200000002,5.372577572356361,0
8.740404000000002,5.250289336893039,0
8.750329500000003,5.010097359277957,0
8.760491700000003,4.858553880234452,0
8.773293900000002,4.630791777478766,0
8.780614800000002,4.550173371988041,0
8.790407400000003,4.637080447607629,0
8.800385200000001,4.75245400772832,0
8.8105075,4.858553880234452,0
8.820453400000002,4.94038684094419,0
8.830441,4.933492164237235,0
8.840468400000002,4.865298530396866,0
8.850432600000001,4.919744110019454,0
8.860357100000002,4.858553880234452,0
8.870478000000002,4.954217631447924,0
8.8804479,4.933492164237235,0
8.890471100000003,4.94729532080311,0
8.900450600000003,4.858553880234452,0
8.9106342,4.906050938180612,0
8.920422300000002,4.968103855907675,0
8.930536800000002,4.811717148034032,0
8.940408900000001,4.77208998078598,0
8.9505403,4.912890677516396,0
8.960544500000001,4.878828366150185,0
8.970457800000002,4.865298530396866,0
8.980518700000001,4.076867436343846,0
8.990456000000002,4.765531561429901,0
9.000369900000003,4.765531561429901,0
9.010401600000002,4.75245400772832,0
9.0204442,4.739428659760467,0
9.030378200000001,4.71998806789923,0
9.040500700000003,4.637080447607629,0
9.0504174,4.643381707662481,0
9.060522000000002,4.745934821072582,0
9.070450700000002,4.643381707662481,0
9.080478900000003,4.649695582848366,0
9.090454400000002,4.618252106430505,0
9.100387700000002,4.580932645749876,0
9.1104458,4.656022098420796,0
9.120404500000003,4.75245400772832,0
9.1304352,4.8250322290347345,0
9.140410600000003,4.745934821072582,0
9.150681800000001,4.687845169568926,0
9.160431900000003,4.624515672121202,0
9.1704428,4.580932645749876,0
9.180495,4.574756159003951,0
9.1906022,4.580932645749876,0
9.2006786,4.544058342312084,0
9.210718400000001,4.4537854557067424,0
9.220574300000003,4.483576014805055,0
9.2306104,3.9213283869714335,0
9.243790800000003,4.531864912061239,0
9.2603504,4.574756159003951,0
9.2609019,4.550173371988041,0
9.270490000000002,4.630791777478766,0
9.2804696,4.675077740771481,0
9.290378400000002,4.878828366150185,0
9.300427300000003,4.851822705892051,0
9.3104431,4.899224864653134,0
9.320408,4.726455309120502,0
9.330569700000002,4.675077740771481,0
9.340450100000002,4.662361279685841,0
9.350295200000001,4.47162403065012,0
9.3604336,4.3604331243554055,0
9.370419600000002,4.3604331243554055,0
9.3805716,4.3261890025226135,0
9.390451900000002,4.436053591759902,0
9.4005683,4.348972727931358,0
9.410509300000001,4.3604331243554055,0
9.420421100000002,4.389285476925941,0
9.4304609,4.20951947442318,0
9.440438400000001,4.513665973999837,0
9.450385500000003,4.441952395781175,0
9.4604383,4.343259697410357,0
9.4704048,4.519720158113891,0
9.4804548,4.618252106430505,0
9.490375500000003,4.4656659426628345,0
9.5004752,4.550173371988041,0
9.510418100000003,4.4537854557067424,0
9.520485700000002,4.507623886153713,0
9.530426900000002,4.550173371988041,0
9.540510100000002,4.556300643961566,0
9.5504277,4.562440182741756,0
9.560451800000003,4.71998806789923,0
9.5704502,4.694248060664865,0
9.580487700000003,4.885613605860449,0
9.5904314,4.687845169568926,0
9.600401600000001,4.8250322290347345,0
9.610533,4.77208998078598,0
9.620387400000002,4.739428659760467,0
9.6304555,4.851822705892051,0
9.640472600000003,4.8250322290347345,0
9.6504021,4.858553880234452,0
9.660446,4.851822705892051,0
9.670541,4.919744110019454,0
9.6804801,6.166344624693092,7.000000010748408e-07
9.693308000000002,5.024207550283497,0
9.7067981,5.074040069694855,0
9.710405400000003,5.081216123496028,0
9.7205811,5.168457620876828,0
9.7306035,5.088406543766483,0
9.740467200000001,5.280495515201974,0
9.7505098,5.198006519845759,0
9.760449100000002,5.235276624986227,0
9.770411000000003,5.571662089694587,0
9.780494700000002,5.190597118677034,0
9.790383900000002,5.3185946485283795,0
9.8009044,5.250289336893039,0
9.810721100000002,5.3185946485283795,0
9.820825900000003,5.303309261089653,0
9.830464200000002,5.3185946485283795,0
9.841031700000002,5.612687495743965,0
9.850531700000001,5.612687495743965,0
9.8604296,5.555366454334036,0
9.8704921,5.514911402176358,0
9.880424400000003,6.0645797609342535,6.999999975221272e-07
9.8936734,5.858897647865455,0
9.907432100000001,5.89399222016673,0
9.9104007,5.938257097883617,0
9.920554800000001,5.991962571435397,0
9.930650800000002,5.982966845017518,0
9.9406596,6.0009763073095606,1.0000000010279564e-06
9.9566589,6.185089067084062,0.016060700000000594
9.960921500000001,6.27994423832014,0.020336000000000354
9.9705254,6.27994423832014,0.029924799999999863
9.9804754,6.386499623096539,0.03994379999999964
9.9904708,5.4908318446744335,0
10.0034135,6.270373124148044,7.000000010748408e-07
10.016714500000003,6.270373124148044,0.013304700000002612
10.020459900000002,6.175707473670507,0.017033000000001408
10.0304499,6.101326389554399,0.02705309999999983
10.040469600000002,6.010008088694971,0.03707330000000297
10.050358300000003,6.101326389554399,0.04695910000000225
10.0604233,6.010008088694971,0.05700960000000066
10.0704737,5.704400565352053,0
10.0838864,5.364819377992077,0
10.0903873,5.212869852773224,0
10.100405300000002,4.8924124296296645,0
10.113623200000003,5.153771582052348,0
10.126781600000001,5.212869852773224,0
10.1304467,5.451018922611801,0
10.1404605,5.885192238641251,0
10.150506100000001,5.920498011343938,0
10.1604828,5.7467600152602865,0
10.1705887,5.729765387115033,0
10.1804874,5.712838601706433,0
10.1904158,5.704400565352053,0
10.200514300000002,5.695979388205552,0
10.210435,5.763822758056602,0
10.2205805,5.721293531020849,0
10.2304675,5.670816675502524,0
10.240424700000002,5.687575036582215,0
10.2503664,5.850167785342203,0
10.2604425,5.78954518471769,0
10.270446800000002,5.867644987585125,0
10.2805137,5.867644987585125,0
10.291007,5.982966845017518,0
10.300573100000001,5.982966845017518,0
10.3104491,6.0463163929775785,7.999999986907369e-07
10.325356300000003,6.010008088694971,0.014909699999996917
10.3304243,6.0009763073095606,0.01999670000000009
10.340460100000001,6.073738876518667,0.030022899999998742
10.350452100000002,6.194489442460147,0.03998509999999911
10.360424300000002,6.1198102381647095,0.04998419999999726
10.3706092,6.129079925238219,0.060044999999998794
10.3806328,6.1198102381647095,0.0701067999999978
10.390596900000002,6.260821133074819,0.08011780000000002
10.400787400000002,6.138368170237612,0.09028229999999837
10.4106147,6.2228036367552635,0.10008869999999703
10.420679100000001,6.2228036367552635,0.11020710000000022
10.4304615,6.232279516750141,0.1200400999999971
10.4405505,6.185089067084062,0.1300732999999994
10.4504044,6.147675010315886,0.13996429999999904
10.460412600000002,6.129079925238219,0.14997909999999948
10.4704796,6.0463163929775785,0.1600143999999979
10.480457300000001,6.138368170237612,0.16998689999999783
10.4903947,6.1198102381647095,0.17998219999999776
10.500414800000001,6.0829163286647,0.18998089999999834
10.5103988,6.101326389554399,0.19995389999999702
10.520511600000003,6.101326389554399,0.21003349999999799
10.530538400000001,6.110559071938329,0.22010239999999825
10.5403935,6.289534513875581,0.2299568999999977
10.5504694,6.318420692837231,0.24000179999999816
10.560961600000002,6.0829163286647,0.25052960000000013
10.570449500000002,6.0829163286647,0.25999779999999717
10.580405600000002,6.129079925238219,0.26996299999999707
10.590445900000002,6.028125932580405,0.2800196999999969
10.600409000000003,6.213346689581242,0.2899776000000003
10.610407600000002,5.97398909207301,0
10.6231458,6.0829163286647,6.999999975221272e-07
10.636462300000002,6.0463163929775785,0.013315199999997418
10.640482300000002,6.0829163286647,0.01729869999999778
10.650414600000001,6.138368170237612,0.02725500000000025
10.6604399,6.251288226892488,0.03731029999999791
10.670420200000002,6.185089067084062,0.047300099999997514
10.6804983,6.129079925238219,0.057340399999997516
10.6904289,6.028125932580405,0.06729199999999835
10.700564,6.028125932580405,0.07741030000000038
10.7103951,6.101326389554399,0.08724869999999996
10.720444200000003,5.982966845017518,0
10.733323500000001,5.729765387115033,0
10.740989600000002,5.629212874450519,0
10.750399900000001,5.514911402176358,0
10.760407500000003,5.4908318446744335,0
10.770457500000003,5.451018922611801,0
10.780445700000001,5.357076684510473,0
10.7904291,5.212869852773224,0
10.800393200000002,5.198006519845759,0
10.810446500000001,5.250289336893039,0
10.820437900000002,5.341637676374042,0
10.830481800000001,5.175822698741421,0
10.8405913,5.161107258447625,0
10.850717,5.198006519845759,0
10.860501000000003,5.288084893080466,0
10.870450900000002,5.288084893080466,0
10.880510700000002,5.380351298636114,0
10.890443000000001,5.310944312117843,0
10.900467300000003,5.333941299963164,0
10.910417500000001,5.326260300922612,0
10.9210955,5.3185946485283795,0
10.930609700000002,5.326260300922612,0
10.940419900000002,5.333941299963164,0
10.950850900000002,5.280495515201974,0
10.960520000000002,5.326260300922612,0
10.970531100000002,5.205430754645505,0
10.9805265,5.198006519845759,0
10.990431100000002,5.168457620876828,0
11.000394400000001,5.146450562348289,0
11.010357800000001,5.088406543766483,0
11.0204731,5.227792758097766,0
11.030402900000002,5.198006519845759,0
11.040623,5.161107258447625,0
11.0504529,5.117312465639354,0
11.060600700000002,5.198006519845759,0
11.070716100000002,5.183202521501721,0
11.0805699,5.131852375935964,0
11.090460100000001,5.168457620876828,0
11.100618100000002,5.161107258447625,0
11.1104369,5.183202521501721,0
11.120483500000002,5.066878353658739,0
11.1304598,5.088406543766483,0
11.14038,4.926611263103525,0
11.1541842,4.851822705892051,0
11.1604341,4.982045736503327,0
11.170423800000002,5.0030634008624695,0
11.183711800000001,4.899224864653134,0
11.197684600000002,4.758986245804439,0
11.200348400000003,4.899224864653134,0
11.210379500000002,4.77208998078598,0
11.220455000000001,4.785246235677236,0
11.230437300000002,4.681455071457933,0
11.240482100000001,4.587121497830505,0
11.250402600000001,4.845104980444953,0
11.260396500000002,4.618252106430505,0
11.270419200000003,4.587121497830505,0
11.280872200000001,4.656022098420796,0
11.290374100000001,4.649695582848366,0
11.3007281,4.8250322290347345,0
11.3104258,4.838400677022255,0
11.320389900000002,4.765531561429901,0
11.330476,4.778661530106355,0
11.3403855,4.865298530396866,0
11.3504367,4.878828366150185,0
11.360441300000002,4.798455220978574,0
11.3704554,4.858553880234452,0
11.3805075,4.878828366150185,0
11.390560500000003,4.713533748234534,0
11.400528600000001,4.818368030996101,0
11.410349400000001,4.8317097688067285,0
11.420485300000003,5.010097359277957,0
11.433580300000003,5.045478945958075,0
11.440588400000003,5.175822698741421,0
11.4503773,5.198006519845759,0
11.4603745,5.205430754645505,0
11.470405600000003,5.280495515201974,0
11.480491400000002,5.227792758097766,0
11.490395200000002,5.198006519845759,0
11.500419400000002,5.198006519845759,0
11.5104556,5.153771582052348,0
11.520421200000001,5.168457620876828,0
11.5305885,5.153771582052348,0
11.5404704,5.288084893080466,0
11.550515,5.066878353658739,0
11.560421100000003,5.066878353658739,0
11.5704755,5.024207550283497,0
11.5805796,5.102830598819589,0
11.5904545,5.161107258447625,0
11.600437300000003,5.095611359267912,0
11.610356200000002,5.0030634008624695,0
11.6204958,5.117312465639354,0
11.6304957,5.010097359277957,0
11.640464300000001,4.9750678252675264,0
11.653152200000001,5.190597118677034,0
11.6664819,5.059730946740808,0
11.670449700000002,5.102830598819589,0
11.680409000000001,5.081216123496028,0
11.6903362,5.102830598819589,0
11.700553300000003,5.066878353658739,0
11.7103559,5.017145399687578,0
11.720406100000002,5.074040069694855,0
11.7305983,4.968103855907675,0
11.7460697,4.885613605860449,0
11.750626200000003,4.865298530396866,0
11.760546900000001,4.94729532080311,0
11.7706421,5.0030634008624695,0
11.7847389,5.031283839314333,0
11.7903841,5.059730946740808,0
11.800455300000003,4.982045736503327,0
11.814261600000002,5.045478945958075,0
11.827375800000002,5.117312465639354,0
11.830381300000003,5.038374295085245,0
11.840436,4.968103855907675,0
11.8534076,5.066878353658739,0
11.866788,5.074040069694855,0
11.870564000000002,5.095611359267912,0
11.8805087,5.052597820351426,0
11.890402300000002,5.124575150834932,0
11.900488200000002,5.310944312117843,0
11.910368300000002,5.161107258447625,0
11.920439100000003,5.198006519845759,0
11.930432800000002,5.250289336893039,0
11.940381200000001,5.395945471383927,0
11.950605600000003,5.295689464903592,0
11.9604328,5.333941299963164,0
11.970439600000002,5.388140587926246,0
11.980360100000002,5.3185946485283795,0
11.990442000000002,5.4908318446744335,0
12.0003776,5.380351298636114,0
12.0103726,5.403765980228704,0
12.0205035,5.44310400232517,0
12.030542500000003,5.435204896059818,0
12.040441300000001,5.466896331951051,0
12.050434500000001,5.555366454334036,0
12.060365100000002,5.419453999270351,0
12.070555600000002,5.458949688579403,0
12.0805316,5.498842316165114,0
12.090289900000002,5.5880230381356535,0
12.1004702,5.547243047539965,0
12.1104129,5.44310400232517,0
12.1204797,5.612687495743965,0
12.1305911,5.662462599012697,0
12.140412600000001,5.982966845017518,0
12.150437,5.629212874450519,0
12.160438500000001,5.7467600152602865,0
12.170467900000002,5.7467600152602865,0
12.180436200000003,5.704400565352053,0
12.190489900000003,5.721293531020849,0
12.200488800000002,5.704400565352053,0
12.210391100000002,5.721293531020849,0
12.2204549,5.662462599012697,0
12.230425500000003,5.629212874450519,0
12.240395000000003,5.704400565352053,0
12.250527600000002,5.695979388205552,0
12.260432300000002,5.729765387115033,0
12.2704092,5.6458044870513815,0
12.2804192,5.721293531020849,0
12.290981300000002,5.670816675502524,0
12.300459800000002,5.850167785342203,0
12.3104121,5.7723797577200475,0
12.320454700000003,5.780953888508232,0
12.3304434,5.596228086525299,0
12.340865400000002,5.885192238641251,0
12.350417200000003,5.89399222016673,0
12.3605905,6.101326389554399,1.0000000010279564e-06
12.3760406,6.010008088694971,0.01547210000000021
12.3805467,6.138368170237612,0.019990299999999905
12.3904916,6.27994423832014,0.029958400000001717
12.4005668,6.445616409894751,0.03992280000000292
12.4104359,6.606773699795757,0.04993390000000275
12.4204708,6.879906645592216,0.05991690000000105
12.430532000000003,6.955901662500982,0.06995940000000189
12.440927600000002,7.293918879685199,0.08034230000000164
12.453156400000001,7.167618265175428,0.09259570000000039
12.4604624,7.3405396652208985,0.09991760000000127
12.470705800000001,7.363990293871589,0.11008350000000178
12.480454300000002,7.555010811416895,0.11990350000000305
12.490459100000002,7.840536452576179,0.12989669999999975
12.500385700000002,7.727242302704185,0.1398752000000023
12.510421700000002,7.802544922425701,0.1498903000000027
12.5204631,7.94296870865388,0.15990520000000075
12.530559500000003,7.917206792001785,0.1700020000000002
12.540357700000001,8.08651605131745,0.17984280000000297
12.553881100000002,8.355741302653907,0.19332810000000222
12.5604607,8.166155927514222,0.19990000000000308
12.570447700000003,8.328331593408056,0.2098651000000018
12.5805611,8.383260870307085,0.21999369999999985
12.590529500000002,8.508470269933717,0.22997259999999997
12.600495200000001,8.424747169969082,0.23994140000000286
12.610959900000001,8.314667798570671,0.2504141000000004
12.620426000000002,8.383260870307085,0.2599220000000031
12.630467600000003,8.287422055190799,0.2699288000000024
12.640939900000003,8.179522401387631,0.2803732000000032
12.6505726,8.67896086002344,0.28999860000000055
12.660596600000002,8.607425524228983,0.30003360000000256
12.670605400000003,8.593204099345877,0.30999820000000256
12.680392300000001,8.67896086002344,0.3198717000000002
12.6904526,8.66459650744409,0.3298994000000022
12.7004488,7.94296870865388,0.3398828000000016
12.714822700000003,8.736706421172222,0.3542605000000023
12.728994100000001,8.794915799605649,0.3684646000000029
12.730418500000003,8.736706421172222,0.36991450000000015
12.740425300000002,8.751215137895052,0.37988730000000004
12.750411800000002,8.765752901088112,0.3898778000000007
12.7603842,8.67896086002344,0.3998517000000028
12.770453500000002,8.838879453474007,0.4098934000000014
12.7804192,8.883107682196407,0.4198771000000008
12.790422500000002,9.017395787665905,0.42990170000000205
12.804586400000002,9.047567273559713,0.4439965000000008
12.8105279,9.032466444874892,0.45001710000000017
12.820462900000003,9.017395787665905,0.45992740000000154
12.830511300000001,8.536601976918485,0.4699309000000014
12.844544800000001,9.246651300076511,0.4840257000000001
12.859183300000002,9.32461096172274,0.49854390000000137
12.8602798,9.27774164451191,0.49978180000000094
12.870576100000001,9.032466444874892,0.5100432000000019
12.880509,9.26218092712718,0.5199062000000012
12.890376,9.62807059588681,0.5298651000000021
12.900430700000001,9.387542439694219,0.5398969999999998
12.910349,9.482888682273867,0.5498355000000004
12.9204154,9.450979388677672,0.5598758000000004
12.930494600000003,8.550710084276984,0.5699182
12.946295500000002,9.231152701241395,0.5857399000000001
12.9607475,9.450979388677672,0.600177200000001
12.9613777,9.466918080834294,0.600868000000002
12.9707158,9.563222569082706,0.6100706000000002
12.980572300000002,9.450979388677672,0.6200050000000026
12.9907523,8.94249296807631,0.6301200000000016
13.0078678,9.482888682273867,0.6472389000000014
13.022299400000001,9.62807059588681,0.661747100000003
13.0229468,9.231152701241395,0.662443200000002
13.030498000000001,9.530992581754338,0.6699753000000008
13.0404217,9.466918080834294,0.6798628000000022
13.050548000000003,9.57938597223622,0.6899088000000013
13.060437,9.466918080834294,0.6998507000000025
13.070998800000002,9.482888682273867,0.710463500000003
13.080485900000003,9.61180992079036,0.7199762000000014
13.0904035,9.482888682273867,0.7298654000000013
13.100410200000002,9.450979388677672,0.7398577000000017
13.1103561,9.677048205357805,0.7498181000000024
13.120515000000001,9.482888682273867,0.7600026
13.130937600000003,9.466918080834294,0.770393600000002
13.1403934,9.74281048940505,0.7798545000000026
13.150669700000002,9.498891256878826,0.790019400000002
13.160414800000002,9.677048205357805,0.7999026000000029
13.1703921,9.70986358518506,0.8098786000000011
13.1809057,9.595581734544421,0.8203709000000003
13.190406000000003,9.482888682273867,0.8298975000000013
13.2005434,9.530992581754338,0.8399619999999999
13.2107545,9.435072542049229,0.8501026000000032
13.2204543,9.51492586865949,0.8598928000000008
13.2303988,9.482888682273867,0.8698829000000003
13.240404900000001,9.387542439694219,0.8798638000000025
13.250444300000002,9.498891256878826,0.8899168000000017
13.2604358,9.356013769314421,0.899894500000002
13.270511600000003,9.32461096172274,0.910009800000001
13.2804106,9.30895659937976,0.9198925000000031
13.290421600000002,9.215685068627405,0.9298836000000001
13.3004453,8.897909494439109,0.9398667000000032
13.3138359,8.927602077993871,0.953310700000003
13.3203897,8.972364242669451,0.9598858000000021
13.330394300000002,9.017395787665905,0.9698913000000005
13.343344000000002,8.853592720743801,0.9828062000000024
13.357080500000002,8.987344746665283,0.996530700000001
13.360482900000001,8.853592720743801,0.9998988000000004
13.3704532,8.853592720743801,1.0098850000000006
13.380607600000001,8.927602077993871,1.0098850000000006
13.392011800000002,8.987344746665283,1.0098850000000006
13.407832800000001,8.987344746665283,1.0098850000000006
13.410498400000002,8.987344746665283,1.0098850000000006
13.420736000000002,9.047567273559713,1.0098850000000006
13.430572300000001,9.123526107475662,1.0098850000000006
13.4404571,9.017395787665905,1.0098850000000006
13.450675500000003,9.032466444874892,1.0098850000000006
13.4605171,8.897909494439109,1.0098850000000006
13.4705139,8.972364242669451,1.0098850000000006
13.480665400000003,8.972364242669451,1.0098850000000006
13.490556600000001,8.853592720743801,1.0098850000000006
13.5005673,8.957413669740566,1.0098850000000006
13.510546700000003,9.077859687091145,1.0098850000000006
13.520597900000002,9.138809237726493,1.0098850000000006
13.530682600000002,9.032466444874892,1.0098850000000006
13.540476700000003,9.017395787665905,1.0098850000000006
13.5506517,8.987344746665283,1.0098850000000006
13.5605169,9.002355241650097,1.0098850000000006
13.570777200000002,9.047567273559713,1.0098850000000006
13.580579800000002,8.987344746665283,1.0098850000000006
13.590560700000001,9.047567273559713,1.0098850000000006
13.600463700000002,9.246651300076511,1.0098850000000006
13.6105026,8.987344746665283,1.0098850000000006
13.620867,9.077859687091145,1.0098850000000006
13.630763000000002,9.16946735002452,1.0098850000000006
13.6406521,8.912740939929662,1.0098850000000006
13.650696700000001,8.94249296807631,1.0098850000000006
13.660627300000002,8.838879453474007,1.0098850000000006
13.670589800000002,8.972364242669451,1.0098850000000006
13.680544600000001,8.987344746665283,1.0098850000000006
13.690458200000002,9.047567273559713,1.0098850000000006
13.7006494,8.853592720743801,1.0098850000000006
13.710558000000002,9.002355241650097,1.0098850000000006
13.720497300000002,9.06269833412371,1.0098850000000006
13.730538600000003,9.032466444874892,1.0098850000000006
13.740465100000002,9.047567273559713,1.0098850000000006
13.750633500000003,8.987344746665283,1.0098850000000006
13.760565500000002,9.002355241650097,1.0098850000000006
13.7705223,9.077859687091145,1.0098850000000006
13.780614700000001,8.883107682196407,1.0098850000000006
13.790549900000002,9.002355241650097,1.0098850000000006
13.800605700000002,8.987344746665283,1.0098850000000006
13.8106705,8.987344746665283,1.0098850000000006
13.820546100000001,8.987344746665283,1.0098850000000006
13.8305401,8.987344746665283,1.0098850000000006
13.8405655,8.957413669740566,1.0098850000000006
13.850670400000002,9.047567273559713,1.0098850000000006
13.8605375,8.927602077993871,1.0098850000000006
13.870756400000001,9.002355241650097,1.0098850000000006
13.8806416,9.017395787665905,1.0098850000000006
13.890518100000001,8.957413669740566,1.0098850000000006
13.900795800000001,9.06269833412371,1.0098850000000006
13.910565700000003,9.032466444874892,1.0098850000000006
13.920563400000002,9.002355241650097,1.0098850000000006
13.930579100000003,9.09305139310744,1.0098850000000006
13.940545,9.032466444874892,1.0098850000000006
13.950712900000003,8.868335443994296,1.0098850000000006
13.960513600000002,9.032466444874892,1.0098850000000006
13.970701700000003,8.912740939929662,1.0098850000000006
13.980682000000002,8.927602077993871,1.0098850000000006
13.990487900000002,8.972364242669451,1.0098850000000006
14.000551300000001,9.184842454704212,1.0098850000000006
14.010495000000002,8.751215137895052,1.0098850000000006
14.0204895,8.824195583331818,1.0098850000000006
14.0305943,8.765752901088112,1.0098850000000006
14.0405066,8.824195583331818,1.0098850000000006
14.050747300000001,8.883107682196407,1.0098850000000006
14.060595600000003,8.838879453474007,1.0098850000000006
14.070543400000002,8.824195583331818,1.0098850000000006
14.080589400000001,9.09305139310744,1.0098850000000006
14.090512400000001,9.16946735002452,1.0098850000000006
14.1009502,9.123526107475662,1.0098850000000006
14.1106777,9.30895659937976,1.0098850000000006
14.120543900000001,9.387542439694219,1.0098850000000006
14.130573100000003,9.184842454704212,1.0098850000000006
14.1404779,9.27774164451191,1.0098850000000006
14.150608900000002,9.340296664120023,1.0098850000000006
14.160601200000002,9.387542439694219,1.0098850000000006
14.170490700000002,9.154122964824467,1.0098850000000006
14.1805922,9.215685068627405,1.0098850000000006
14.1905967,9.435072542049229,1.0098850000000006
14.200610700000002,9.435072542049229,1.0098850000000006
14.2107013,9.200248340363991,1.0098850000000006
14.220716900000003,9.403354130994348,1.0098850000000006
14.231082400000002,9.26218092712718,1.0098850000000006
14.240947000000002,9.26218092712718,1.0098850000000006
14.250771500000003,9.200248340363991,1.0098850000000006
14.2607845,9.32461096172274,1.0098850000000006
14.270612500000002,9.231152701241395,1.0098850000000006
14.280813600000002,9.200248340363991,1.0098850000000006
14.290996800000002,9.293333514473604,1.0098850000000006
14.3006746,9.435072542049229,1.0098850000000006
14.310486100000002,9.246651300076511,1.0098850000000006
14.320830400000002,9.340296664120023,1.0098850000000006
14.3306882,9.30895659937976,1.0098850000000006
14.3406384,9.30895659937976,1.0098850000000006
14.350446300000002,9.154122964824467,1.0098850000000006
14.3604838,9.293333514473604,1.0098850000000006
14.370625500000003,9.26218092712718,1.0098850000000006
14.3805114,9.32461096172274,1.0098850000000006
