0.0004139999999992483,1.4929614,0
0.01038210000000106,1.4929614,0
0.025740799999997677,1.4929614,0
0.03030249999999768,1.4929614,0
0.04032940000000096,1.4929614,0
0.050266600000000494,1.4929614,0
0.06033790000000039,1.4929614,0
0.07031950000000009,1.4929614,0
0.08026410000000084,1.4929614,0
0.09023630000000082,1.4929614,0
0.10021679999999833,1.4929614,0
0.11038719999999813,1.4929614,0
0.12054930000000041,1.4929614,0
0.1304754999999993,1.4929614,0
0.14041599999999832,1.4929614,0
0.1504252000000008,1.4929614,0
0.16023110000000074,1.4929614,0
0.17044019999999804,1.4929614,0
0.18036030000000025,1.4929614,0
0.19021959999999893,1.4929614,0
0.20026379999999833,1.4929614,0
0.2105144999999986,1.4929614,0
0.22022129999999862,1.4929614,0
0.23021699999999967,1.4929614,0
0.24022599999999983,1.4929614,0
0.250294199999999,1.4929614,0
0.2603340999999979,1.4929614,0
0.27025000000000077,1.4929614,0
0.2802347999999988,1.4929614,0
0.29027010000000075,1.4929614,0
0.30037379999999914,1.4929614,0
0.3103380999999992,1.4929614,0
0.3202978999999999,1.4929614,0
0.3302897999999992,1.4929614,0
0.3401670999999986,1.4929614,0
0.3503149999999984,1.4929614,0
0.36031380000000013,1.4929614,0
0.3703719999999997,1.4929614,0
0.3802941000000004,1.4929614,0
0.390322900000001,1.4929614,0
0.4002370000000006,1.4929614,0
0.4103369000000008,1.4929614,0
0.42028339999999886,1.4929614,0
0.43019359999999907,1.4929614,0
0.4402386000000007,1.4929614,0
0.4503002000000009,1.4929614,0
0.4605232000000008,1.4929614,0
0.47036500000000103,1.4929614,0
0.48046469999999886,1.4929614,0
0.4904256999999994,1.4929614,0
0.5004254999999986,1.4929614,0
0.510530499999998,1.4929614,0
0.5203670000000002,1.4929614,0
0.5304703999999987,1.4929614,0
0.540250099999998,1.4929614,0
0.5503402999999985,1.4929614,0
0.5604359999999993,1.4929614,0
0.5703840999999983,1.4929614,0
0.5803212000000002,1.4929614,0
0.5902187999999988,1.4929614,0
0.6002627999999994,1.4929614,0
0.6103078000000011,1.4929614,0
0.6203046999999984,1.4929614,0
0.6304093000000002,1.4929614,0
0.6403239999999997,1.4929614,0
0.650300399999999,1.4929614,0
0.6603576000000011,1.4929614,0
0.6703735999999978,1.4929614,0
0.6802598999999994,1.4929614,0
0.6903605000000006,1.4929614,0
0.7001811999999994,1.4929614,0
0.710233800000001,1.4929614,0
0.7203683000000005,1.4929614,0
0.7302150000000012,1.4929614,0
0.740385100000001,1.4929614,0
0.7502679000000008,1.4929614,0
0.7602978,1.4929614,0
0.7703476999999985,1.4929614,0
0.7803019999999989,1.4929614,0
0.7902069999999988,1.4929614,0
0.8002298000000003,1.4929614,0
0.8104328999999986,1.4929614,0
0.8202888999999978,1.4929614,0
0.8302224000000002,1.4929614,0
0.8405695000000009,1.4929614,0
0.8503632000000003,1.4929614,0
0.8604173999999993,1.4929614,0
0.8703448999999992,1.4929614,0
0.8802613999999984,1.4929614,0
0.8903010999999985,1.4929614,0
0.9002258999999988,1.4929614,0
0.9102944999999991,1.4929614,0
0.9203919999999997,1.4929614,0
0.9302305000000004,1.4929614,0
0.9402514000000011,1.4929614,0
0.9502504999999992,1.4929614,0
0.9602973999999982,1.4929614,0
0.9703452999999982,1.4929614,0
0.9801955999999983,1.4929614,0
0.9902179000000011,1.4929614,0
1.0002880999999988,1.4929614,0
1.0132253999999996,1.4929614,0
1.0203305999999976,1.4929614,0
1.0302852999999992,1.4929614,0
1.0403172999999981,1.4929614,0
1.0502991999999978,1.4929614,0
1.0602707999999978,1.4929614,0
1.070371699999999,1.4929614,0
1.0802481999999998,1.4929614,0
1.0902956999999986,1.4929614,0
1.1002124999999978,1.4929614,0
1.110398700000001,1.4929614,0
1.1203295000000004,1.4929614,0
1.1302579999999978,1.4929614,0
1.1402266999999995,1.4929614,0
1.1503151000000003,1.4929614,0
1.160341299999999,1.4929614,0
1.1704176000000004,1.4929614,0
1.1802725999999986,1.4929614,0
1.190181599999999,1.4929614,0
1.200361000000001,1.4929614,0
1.2104105999999994,1.4929614,0
1.2203602999999994,1.4929614,0
1.2303396000000006,1.4929614,0
1.2401912999999993,1.4929614,0
1.2502959999999987,1.4929614,0
1.2605511000000007,1.4929614,0
1.2703521000000002,1.4929614,0
1.280265400000001,1.4929614,0
1.2902413999999993,1.4929614,0
1.3002545999999988,1.4929614,0
1.3103949999999998,1.4929614,0
1.320341899999999,1.4929614,0
1.3302897999999992,1.4929614,0
1.3402208999999985,1.4929614,0
1.350250599999999,1.4929614,0
1.3603170999999996,1.4929614,0
1.3704931999999985,1.4929614,0
1.3802382999999985,1.4929614,0
1.3901854,1.4929614,0
1.4002409999999976,1.4929614,0
1.4104071000000005,1.4929614,0
1.420269900000001,1.4929614,0
1.4302399999999977,1.4929614,0
1.4402292999999986,1.4929614,0
1.4503011999999984,1.4929614,0
1.4602663000000007,1.4929614,0
1.4703240999999991,1.4929614,0
1.4802973000000001,1.4929614,0
1.4904051999999979,1.4929614,0
1.500296200000001,1.4929614,0
1.5102401999999984,1.4929614,0
1.520291499999999,1.4929614,0
1.5303044999999997,1.4929614,0
1.5402713999999982,1.4929614,0
1.550291099999999,1.4929614,0
1.5602634999999978,1.4929614,0
1.570355499999998,1.4929614,0
1.580299199999999,1.4929614,0
1.5903232999999979,1.4929614,0
1.6002498000000003,1.4929614,0
1.6103631999999983,1.4929614,0
1.6203296999999992,1.4929614,0
1.6302456999999997,1.4929614,0
1.6402178999999997,1.4929614,0
1.650238899999998,1.4929614,0
1.6603986000000006,1.4929614,0
1.6703544000000008,1.4929614,0
1.680302900000001,1.4929614,0
1.690312800000001,1.4929614,0
1.7002594999999978,1.4929614,0
1.710302500000001,1.4929614,0
1.7202808999999988,1.4929614,0
1.7302283000000003,1.4929614,0
1.7402917000000002,1.4929614,0
1.7502788999999979,1.4929614,0
1.7603633999999992,1.4929614,0
1.7702925999999977,1.4929614,0
1.7802529999999983,1.4929614,0
1.790273299999999,1.4929614,0
1.8002430999999994,1.4929614,0
1.810512799999998,1.4929614,0
1.8204083000000004,1.4929614,0
1.8303212999999978,1.4929614,0
1.8405065,1.4929614,0
1.8504433999999996,1.4929614,0
1.860292600000001,1.4929614,0
1.8703927,1.4929614,0
1.880256799999998,1.4929614,0
1.890411199999999,1.4929614,0
1.9002648999999998,1.4929614,0
1.9102490000000003,1.4929614,0
1.9203872000000004,1.4929614,0
1.9302314999999979,1.4929614,0
1.9402384999999995,1.4929614,0
1.9502708999999996,1.4929614,0
1.960306899999999,1.4929614,0
1.9703192999999999,1.4929614,0
1.980242399999998,1.4929614,0
1.9901890000000009,1.4929614,0
2.0001666999999976,1.4929614,0
2.0103368999999986,1.4929614,0
2.0202606000000003,1.4929614,0
2.0301982999999986,1.4929614,0
2.040337900000001,1.4929614,0
2.0503327999999996,1.4929614,0
2.0602941999999977,1.4929614,0
2.0704278999999985,1.4929614,0
2.0802537,1.4929614,0
2.0903872999999997,1.4929614,0
2.1002466999999996,1.4929614,0
2.110254300000001,1.4929614,0
2.1203432000000006,1.4929614,0
2.1303139999999985,1.4929614,0
2.140314400000001,1.4929614,0
2.150361799999999,1.4929614,0
2.1605001,1.4929614,0
2.1705535000000005,1.4929614,0
2.180551099999999,1.4929614,0
2.190372,1.4929614,0
2.2004409000000003,1.4929614,0
2.2105594999999987,1.4929614,0
2.2204382000000003,1.4929614,0
2.2303454999999985,1.4929614,0
2.2404419000000004,1.4929614,0
2.2503256,1.4929614,0
2.2603662,1.4929614,0
2.270386200000001,1.4929614,0
2.280288800000001,1.4929614,0
2.2903510999999988,1.4929614,0
2.300260699999999,1.4929614,0
2.3103175999999976,1.4929614,0
2.3203737999999987,1.4929614,0
2.3302929,1.4929614,0
2.3401742,1.4929614,0
2.350258799999999,1.4929614,0
2.360246499999999,1.4929614,0
2.3703795999999997,1.4929614,0
2.3802819,1.4929614,0
2.3902003999999977,1.4929614,0
2.400216999999998,1.4929614,0
2.410370699999998,1.4929614,0
2.420388199999998,1.4929614,0
2.430443499999999,1.4929614,0
2.4402839999999983,1.4929614,0
2.4502619999999986,1.4929614,0
2.4604488999999994,1.4929614,0
2.4703964999999997,1.4929614,0
2.480268800000001,1.4929614,0
2.4902534000000003,1.4929614,0
2.500258500000001,1.4929614,0
2.510292700000001,1.4929614,0
2.5203798000000006,1.4929614,0
2.530384599999998,1.4929614,0
2.540220099999999,1.4929614,0
2.5502509999999994,1.4929614,0
2.5602771000000004,1.4929614,0
2.5703920999999994,1.4929614,0
2.5802838,1.4929614,0
2.5903992000000002,1.4929614,0
2.6002702000000006,1.4929614,0
2.610324500000001,1.4929614,0
2.6203839,1.4929614,0
2.6302245000000006,1.4929614,0
2.640183799999999,1.4929614,0
2.650264400000001,1.4929614,0
2.6603113999999977,1.4929614,0
2.670345600000001,1.4929614,0
2.6802753999999993,1.4929614,0
2.690355199999999,1.4929614,0
2.700213099999999,1.4929614,0
2.710339099999999,1.4929614,0
2.7203428999999986,1.4929614,0
2.7303271000000002,1.4929614,0
2.7403188999999983,1.4929614,0
2.7503117999999986,1.4929614,0
2.7603450999999986,1.4929614,0
2.770616499999999,1.4929614,0
2.7802821999999985,1.4929614,0
2.790365699999999,1.4929614,0
2.8003307,1.4929614,0
2.8104501000000006,1.4929614,0
2.8203363999999986,1.4929614,0
2.8302277999999994,1.4929614,0
2.840399999999999,1.4929614,0
2.850273299999998,1.4929614,0
2.8602695999999987,1.4929614,0
2.870324199999999,1.4929614,0
2.8803160000000005,1.4929614,0
2.8903567999999993,1.4929614,0
2.9002668000000007,1.4929614,0
2.9102612000000008,1.4929614,0
2.920350799999998,1.4929614,0
2.9302554999999977,1.4929614,0
2.9403398000000003,1.4929614,0
2.950297499999998,1.4929614,0
2.9603791999999984,1.4929614,0
2.970236100000001,1.4929614,0
2.9801958000000006,1.4929614,0
2.9902929999999976,1.4929614,0
3.0002764000000006,1.4929614,0
3.010328399999999,1.4929614,0
3.0204020999999983,1.4929614,0
3.0302483000000002,1.4929614,0
3.040183299999999,1.4929614,0
3.0502792999999997,1.4929614,0
3.060350100000001,1.4929614,0
3.0703308000000007,1.4929614,0
3.0802030999999985,1.4929614,0
3.0902382999999993,1.4929614,0
3.100317499999999,1.4929614,0
3.1103199000000004,1.4929614,0
3.1203921,1.4929614,0
3.1304726999999986,1.4929614,0
3.140221999999998,1.4929614,0
3.1502218000000006,1.4929614,0
3.1602773000000006,1.4929614,0
3.1703760999999986,1.4929614,0
3.180261599999998,1.4929614,0
3.1902656999999977,1.4929614,0
3.2002637000000007,1.4929614,0
3.2103791999999984,1.4929614,0
3.220282000000001,1.4929614,0
3.2302304,1.4929614,0
3.2403355000000005,1.4929614,0
3.2503193999999986,1.4929614,0
3.2604219999999984,1.4929614,0
3.2703565999999995,1.4929614,0
3.2802769000000005,1.4929614,0
3.290214800000001,1.4929614,0
3.3002937999999986,1.4929614,0
3.310265300000001,1.4929614,0
3.320387,1.4929614,0
3.3304395999999983,1.4929614,0
3.340225,1.4929614,0
3.3502548999999995,1.4929614,0
3.360276899999999,1.4929614,0
3.370391999999999,1.4929614,0
3.3802927999999994,1.4929614,0
3.390250899999998,1.4929614,0
3.4002491,1.4929614,0
3.4102995999999983,1.4929614,0
3.4204042999999977,1.4929614,0
3.4302650999999997,1.4929614,0
3.440237700000001,1.4929614,0
3.450299300000001,1.4929614,0
3.460484900000001,1.4929614,0
3.4704265999999997,1.4929614,0
3.480496500000001,1.4929614,0
3.4903145,1.4929614,0
3.5003048999999997,1.4929614,0
3.510436200000001,1.4929614,0
3.520533499999999,1.4929614,0
3.5302933000000003,1.4929614,0
3.5401889000000004,1.4929614,0
3.5502822999999992,1.4929614,0
3.560333700000001,1.4929614,0
3.5703873,1.4929614,0
3.5802960000000006,1.4929614,0
3.5901604999999996,1.4929614,0
3.6002764999999997,1.4929614,0
3.610342899999999,1.4929614,0
3.6203418999999997,1.4929614,0
3.6301871000000006,1.4929614,0
3.640221399999998,1.4929614,0
3.650291899999999,1.4929614,0
3.66029,1.4929614,0
3.6704647,1.4929614,0
3.680307599999999,1.4929614,0
3.6902170000000005,1.4929614,0
3.700264999999998,1.4929614,0
3.7102642999999986,1.4929614,0
3.7205951000000006,1.4929614,0
3.7304578,1.4929614,0
3.7404723000000004,1.4929614,0
3.750450999999998,1.4929614,0
3.760489400000001,1.4929614,0
3.770510599999998,1.4929614,0
3.7802556000000003,1.4929614,0
3.7902407999999994,1.4929614,0
3.800498300000001,1.4929614,0
3.810376099999999,1.4929614,0
3.8203773000000005,1.4929614,0
3.8302802999999983,1.4929614,0
3.840233399999999,1.4929614,0
3.8502726000000003,1.4929614,0
3.860512400000001,1.4929614,0
3.8703630999999987,1.4929614,0
3.8803020000000004,1.4929614,0
3.8902696,1.4929614,0
3.900257100000001,1.4929614,0
3.9103198,1.4929614,0
3.9203589999999977,1.4929614,0
3.930333000000001,1.4929614,0
3.9402030000000003,1.4929614,0
3.950230399999999,1.4929614,0
3.9603102999999997,1.4929614,0
3.9704343999999985,1.4929614,0
3.980295599999998,1.4929614,0
3.9902263,1.4929614,0
4.0002183,1.4929614,0
4.010361199999998,1.4929614,0
4.020326699999998,1.4929614,0
4.030180899999998,1.4929614,0
4.0402252999999995,1.4929614,0
4.050309200000001,1.4929614,0
4.0603786,1.4929614,0
4.070332199999999,1.4929614,0
4.080173899999998,1.4929614,0
4.090207499999998,1.4929614,0
4.100272999999998,1.4929614,0
4.1104716,1.4929614,0
4.120224199999999,1.4929614,0
4.130274400000001,1.4929614,0
4.140239300000001,1.4929614,0
4.1503555,1.4929614,0
4.160365200000001,1.4929614,0
4.1703855999999995,1.4929614,0
4.180330999999999,1.4929614,0
4.1902446,1.4929614,0
4.2002822,1.4929614,0
4.210354500000001,1.4929614,0
4.2202561,1.4929614,0
4.230260399999999,1.4929614,0
4.240251000000001,1.4929614,0
4.250308799999999,1.4929614,0
4.260363999999999,1.4929614,0
4.270367499999999,1.4929614,0
4.2802063,1.4929614,0
4.290227099999999,1.4929614,0
4.300314799999999,1.4929614,0
4.310303399999999,1.4929614,0
4.3204308000000005,1.4929614,0
4.330278499999999,1.4929614,0
4.340201099999998,1.4929614,0
4.350264499999998,1.4929614,0
4.360499999999998,1.4929614,0
4.370538400000001,1.4929614,0
4.3802427,1.4929614,0
4.390174299999998,1.4929614,0
4.4002583999999985,1.4929614,0
4.4105825,1.4929614,0
4.420387899999998,1.4929614,0
4.4302220000000005,1.4929614,0
4.440262799999999,1.4929614,0
4.450292399999999,1.4929614,0
4.4604897,1.4929614,0
4.470368000000001,1.4929614,0
4.4802435,1.4929614,0
4.490191599999999,1.4929614,0
4.500301799999999,1.4929614,0
4.5103452,1.4929614,0
4.520312799999999,1.4929614,0
4.5302647,1.4929614,0
4.540191499999999,1.4929614,0
4.550318999999998,1.4929614,0
4.560365999999998,1.4929614,0
4.570439999999998,1.4929614,0
4.5802057000000005,1.4929614,0
4.590192299999998,1.4929614,0
4.600300000000001,1.4929614,0
4.610436100000001,1.4929614,0
4.620422099999999,1.4929614,0
4.630173799999998,1.4929614,0
4.640269400000001,1.4929614,0
4.650293699999999,1.4929614,0
4.660655299999998,1.4929614,0
4.670306199999999,1.4929614,0
4.6802812,1.4929614,0
4.690214000000001,1.4929614,0
4.700258699999999,1.4929614,0
4.7103031999999985,1.4929614,0
4.720303999999999,1.4929614,0
4.730289899999999,1.4929614,0
4.7402388,1.4929614,0
4.7502776,1.4929614,0
4.760291899999999,1.4929614,0
4.770378600000001,1.4929614,0
4.780296700000001,1.4929614,0
4.7902190000000004,1.4929614,0
4.800329099999999,1.4929614,0
4.810541699999998,1.4929614,0
4.820307100000001,1.4929614,0
4.830214399999999,1.4929614,0
4.840323099999999,1.4929614,0
4.850320799999999,1.4929614,0
4.860329499999999,1.4929614,0
4.870278799999998,1.4929614,0
4.880281,1.4929614,0
4.890253599999998,1.4929614,0
4.900254099999998,1.4929614,0
4.910310799999998,1.4929614,0
4.920205299999999,1.4929614,0
4.930275699999999,1.4929614,0
4.940252600000001,1.4929614,0
4.950287299999999,1.4929614,0
4.960280300000001,1.4929614,0
4.970331399999999,1.4929614,0
4.9802803,1.4929614,0
4.9902692,1.4929614,0
5.000256199999999,1.4929614,0
5.010517099999998,1.4929614,0
5.020322,1.4929614,0
5.030236200000001,1.4929614,0
5.0401962000000005,1.4929614,0
5.050268299999999,1.4929614,0
5.060479600000001,1.4929614,0
5.070500199999998,1.4929614,0
5.080416,1.4929614,0
5.090587299999999,1.4929614,0
5.1003143999999985,1.4929614,0
5.110519,1.4929614,0
5.120361499999998,1.4929614,0
5.1302746,1.4929614,0
5.140209800000001,1.4929614,0
5.1502816,1.4929614,0
5.160364999999999,1.4929614,0
5.1703619,1.4929614,0
5.180190100000001,1.4929614,0
5.190236599999999,1.4929614,0
5.200271000000001,1.4929614,0
5.2104317999999985,1.4929614,0
5.220207299999998,1.4929614,0
5.230206199999998,1.4929614,0
5.2402269,1.4929614,0
5.250338299999999,1.4929614,0
5.2603531,1.4929614,0
5.270233900000001,1.4929614,0
5.2801905,1.4929614,0
5.290250199999999,1.4929614,0
5.300226899999998,1.4929614,0
5.3104537,1.4929614,0
5.320151599999999,1.4929614,0
5.330320699999998,1.4929614,0
5.3403496,1.4929614,0
5.3503292999999985,1.4929614,0
5.360474,1.4929614,0
5.370347800000001,1.4929614,0
5.3802759999999985,1.4929614,0
5.3902088,1.4929614,0
5.400272600000001,1.4929614,0
5.4106609,1.4929614,0
5.420427099999998,1.4929614,0
5.430308499999999,1.4929614,0
5.4401554999999995,1.4929614,0
5.450246799999999,1.4929614,0
5.460401099999999,1.4929614,0
5.470208799999998,1.4929614,0
5.4801553,1.4929614,0
5.490250799999998,1.4929614,0
5.500212399999999,1.4929614,0
5.5102741,1.4929614,0
5.520450399999998,1.4929614,0
5.5304875,1.4929614,0
5.540486999999999,1.4929614,0
5.5502959999999995,1.4929614,0
5.5604321,1.4929614,0
5.570758999999999,1.4929614,0
5.580438600000001,1.4929614,0
5.590449400000001,1.4929614,0
5.6002346,1.4929614,0
5.610438200000001,1.4929614,0
5.6202331,1.4929614,0
5.630238200000001,1.4929614,0
5.640175499999998,1.4929614,0
5.650267100000001,1.4929614,0
5.6603888,1.4929614,0
5.6702668,1.4929614,0
5.6801835999999994,1.4929614,0
5.6902382,1.4929614,0
5.700209099999999,1.4929614,0
5.710277299999998,1.4929614,0
5.7202421,1.4929614,0
5.730288599999998,1.4929614,0
5.740221699999999,1.4929614,0
5.750299399999999,1.4929614,0
5.760298599999999,1.4929614,0
5.7703135,1.4929614,0
5.780253699999999,1.4929614,0
5.790264099999998,1.4929614,0
5.800294999999998,1.4929614,0
5.810364400000001,1.4929614,0
5.820263999999998,1.4929614,0
5.8301531,1.4929614,0
5.840184399999998,1.4929614,0
5.8502975,1.4929614,0
5.860410299999998,1.4929614,0
5.870210199999999,1.4929614,0
5.880314899999998,1.4929614,0
5.890271200000001,1.4929614,0
5.900199799999999,1.4929614,0
5.910262499999998,1.4929614,0
5.9202808000000005,1.4929614,0
5.930277999999998,1.4929614,0
5.9401799,1.4929614,0
5.9503398999999995,1.4929614,0
5.960441499999998,1.4929614,0
5.9703272,1.4929614,0
5.980218799999999,1.4929614,0
5.9901583999999986,1.4929614,0
6.000237800000001,1.4929614,0
6.010439599999998,1.4929614,0
6.020197799999998,1.4929614,0
6.0301770999999995,1.4929614,0
6.040203899999998,1.4929614,0
6.0502953999999995,1.4929614,0
6.060341900000001,1.4929614,0
6.0702308999999985,1.4929614,0
6.080377800000001,1.4929614,0
6.090286799999998,1.4929614,0
6.1002708000000005,1.4929614,0
6.110528200000001,1.4929614,0
6.1202246,1.4929614,0
6.130385399999998,1.4929614,0
6.1402076,1.4929614,0
6.150208499999998,1.4929614,0
6.1604044999999985,1.4929614,0
6.170342899999998,1.4929614,0
6.180322999999998,1.4929614,0
6.1901306,1.4929614,0
6.200206699999999,1.4929614,0
6.210460399999999,1.4929614,0
6.220223699999998,1.4929614,0
6.230224700000001,1.4929614,0
6.240158900000001,1.4929614,0
6.250286899999999,1.4929614,0
6.260286699999998,1.4929614,0
6.2702274,1.4929614,0
6.280195799999998,1.4929614,0
6.290244999999999,1.4929614,0
6.300164200000001,1.4929614,0
6.3104005,1.4929614,0
6.320186199999998,1.4929614,0
6.3302598,1.4929614,0
6.3401686999999995,1.4929614,0
6.350130199999999,1.4929614,0
6.3603925,1.4929614,0
6.370417400000001,1.4929614,0
6.3803187,1.4929614,0
6.390194600000001,1.4929614,0
6.400140199999999,1.4929614,0
6.4103496,1.4929614,0
6.420286300000001,1.4929614,0
6.4301615000000005,1.4929614,0
6.4401565000000005,1.4929614,0
6.4502542,1.4929614,0
6.460268599999999,1.4929614,0
6.470279999999999,1.4929614,0
6.4801906,1.4929614,0
6.4902199,1.4929614,0
6.5002587,1.4929614,0
6.510296999999998,1.4929614,0
6.520206299999998,1.4929614,0
6.530246299999998,1.4929614,0
6.540160499999999,1.4929614,0
6.550204099999998,1.4929614,0
6.560275999999998,1.4929614,0
6.570384300000001,1.4929614,0
6.580245099999999,1.4929614,0
6.590214499999998,1.4929614,0
6.6001702999999985,1.4929614,0
6.6103296,1.4929614,0
6.620190699999998,1.4929614,0
6.630226499999999,1.4929614,0
6.640184099999999,1.4929614,0
6.650300699999999,1.4929614,0
6.660340599999998,1.4929614,0
6.6701941,1.4929614,0
6.6801390000000005,1.4929614,0
6.690374899999998,1.4929614,0
6.7002337999999995,1.4929614,0
6.710448400000001,1.4929614,0
6.720388199999999,1.4929614,0
6.730319399999999,1.4929614,0
6.740192499999999,1.4929614,0
6.750173999999998,1.4929614,0
6.760282199999999,1.4929614,0
6.770327399999999,1.4929614,0
6.7801519,1.4929614,0
6.790161600000001,1.4929614,0
6.800212999999999,1.4929614,0
6.810510900000001,1.4929614,0
6.8202238999999985,1.4929614,0
6.830364100000001,1.4929614,0
6.840298699999998,1.4929614,0
6.8502905,1.4929614,0
6.8604807,1.4929614,0
6.870414799999999,1.4929614,0
6.880332899999999,1.4929614,0
6.890489299999999,1.4929614,0
6.9003575999999995,1.4929614,0
6.9106255999999995,1.4929614,0
6.920615599999998,1.4929614,0
6.930426000000001,1.4929614,0
6.9401692,1.4929614,0
6.9501805999999995,1.4929614,0
6.960331799999999,1.4929614,0
6.9703661,1.4929614,0
6.9802637999999995,1.4929614,0
6.990178999999998,1.4929614,0
7.000188699999999,1.4929614,0
7.0104058999999985,1.4929614,0
7.0202643999999985,1.4929614,0
7.030252699999998,1.4929614,0
7.040273199999998,1.4929614,0
7.0503716999999995,1.4929614,0
7.060213300000001,1.4929614,0
7.0703344,1.4929614,0
7.080159800000001,1.4929614,0
7.090301099999998,1.4929614,0
7.100184800000001,1.4929614,0
7.1102752,1.4929614,0
7.120146899999998,1.4929614,0
7.130268000000001,1.4929614,0
7.140216800000001,1.4929614,0
7.150153100000001,1.4929614,0
7.1602907999999985,1.4929614,0
7.170277800000001,1.4929614,0
7.180156499999999,1.4929614,0
7.190262199999999,1.4929614,0
7.200203500000001,1.4929614,0
7.210624599999999,1.4929614,0
7.2202898,1.4929614,0
7.230197399999998,1.4929614,0
7.2401889,1.4929614,0
7.250289800000001,1.4929614,0
7.2602431,1.4929614,0
7.2706798,1.4929614,0
7.280151,1.4929614,0
7.290368600000001,1.4929614,0
7.300396599999999,1.4929614,0
7.3102418,1.4929614,0
7.320430299999998,1.4929614,0
7.330531000000001,1.4929614,0
7.3403950999999985,1.4929614,0
7.3503756,1.4929614,0
7.360430999999998,1.4929614,0
7.370639399999998,1.4929614,0
7.380345800000001,1.4929614,0
7.390257999999999,1.4929614,0
7.400447700000001,1.4929614,0
7.410573599999999,1.4929614,0
7.4203075,1.4929614,0
7.4301998000000005,1.4929614,0
7.440149099999999,1.4929614,0
7.450336199999999,1.4929614,0
7.460608000000001,1.4929614,0
7.470268999999998,1.4929614,0
7.4802295,1.4929614,0
7.490252099999999,1.4929614,0
7.500180499999999,1.4929614,0
7.5102717000000005,1.4929614,0
7.5203813,1.4929614,0
7.530220799999999,1.4929614,0
7.540148800000001,1.4929614,0
7.5501693,1.4929614,0
7.5602254,1.4929614,0
7.570434599999999,1.4929614,0
7.5802698,1.4929614,0
7.590204400000001,1.4929614,0
7.6002589,1.4929614,0
7.6106096,1.5010313268262976,0
7.6206052,1.5204876847864301,0
7.6305030999999985,1.534138659011253,0
7.640601799999999,1.5587554973495876,0
7.6505464,1.581284886756186,0
7.6605454,1.5831370443288622,0
7.670607799999999,1.5707547279285858,0
7.680475599999998,1.5660286444958216,0
7.690451400000001,1.544656369140993,0
7.7005613,1.5188055147826163,0
7.710599200000001,1.514787744676428,0
7.720602199999998,1.5120290625651018,0
7.730577999999998,1.5085226109554155,0
7.740555699999998,1.5132735301782378,0
7.750505,1.5186308063433633,0
7.760842199999999,1.5277817462237169,0
7.770513600000001,1.5457685815746485,0
7.780497199999999,1.5771629141508614,0
7.790562699999999,1.6022580983596109,0
7.8005715,1.6146054771897487,0
7.8107904999999995,1.665577747759533,0
7.820591,1.7247814993866524,0
7.8304236,1.7526535316497553,0
7.840579999999999,1.743860047886914,0
7.850547599999999,1.78559943746327,0
7.8605896999999985,1.7398242595240772,0
7.870576400000001,1.713759433160966,0
7.880512199999998,1.6731262215214113,0
7.8905557,1.6753418030821172,0
7.900449699999999,1.6669912160763867,0
7.910612199999999,1.72619683012921,0
7.920775599999999,1.7921835851535741,0
7.930568999999998,1.967957113947887,0
7.9404696,2.0856696686013985,0
7.953870599999998,2.3913682462632435,0
7.960611,2.721554921657495,0
7.9706124,2.9469245794964065,0
7.980481000000001,3.2238972270365185,0
7.994239999999998,3.417829597383815,0
8.000500200000001,3.3237887302246483,0
8.0107726,3.3683417575532006,0
8.020608,3.3164666292684615,0
8.0304867,3.1793866441128307,0
8.0406376,3.0588570250186478,0
8.0505259,3.0714614316217785,0
8.0605607,3.0873594033135787,0
8.0706226,3.3091737582173146,0
8.0804631,3.445014663186515,0
8.090492699999999,3.7120324069624946,0
8.1005294,4.160998918930918,0
8.113572899999998,4.309220425145312,0
8.120619899999998,4.568592012886777,0
8.1306094,4.618252106430505,0
8.1404635,4.745934821072582,0
8.150424399999999,4.662361279685841,0
8.160614599999999,4.75245400772832,0
8.1706438,4.726455309120502,0
8.1805512,4.745934821072582,0
8.1905146,4.872056683357902,0
8.200447099999998,4.8250322290347345,0
8.210549499999999,5.031283839314333,0
8.2234972,5.198006519845759,0
8.230497,5.4908318446744335,0
8.2405015,5.563506124199345,0
8.250439700000001,5.806779410930027,0
8.260616599999999,5.938257097883617,0
8.270629199999998,6.101326389554399,1.1000000021965661e-06
8.283941500000001,6.073738876518667,0.013359600000001137
8.290523999999998,6.175707473670507,0.019928900000000027
8.300459400000001,6.101326389554399,0.02987940000000222
8.310551199999999,6.0463163929775785,0.03988080000000238
8.3206837,6.0645797609342535,0.050021300000000934
8.3306221,6.1198102381647095,0.05993450000000067
8.3404916,6.194489442460147,0.06990650000000187
8.3504623,6.328087998305943,0.0798798000000005
8.360609799999999,6.465480176582687,0.08998070000000169
8.3706928,6.445616409894751,0.10001349999999931
8.380638999999999,6.617018288369059,0.10994990000000016
8.390465299999999,6.773171422726079,0.11988679999999974
8.4005021,6.6272833866223495,0.1299083000000003
8.410532400000001,6.6272833866223495,0.1398893000000001
8.420598599999998,6.815609520161351,0.14995970000000014
8.430449799999998,6.783749139762662,0.15983639999999966
8.440706500000001,6.934080128015318,0.17007620000000045
8.4505175,5.704400565352053,0
8.4648708,6.586345887857524,1.0000000010279564e-06
8.479330000000001,6.647875276492737,0.014401899999999301
8.480415699999998,6.647875276492737,0.015566199999998531
8.4904772,6.6272833866223495,0.02559570000000022
8.5005436,6.425831939575096,0.03564129999999821
8.5104969,6.586345887857524,0.045571999999999946
8.520537699999998,6.606773699795757,0.055626799999998866
8.530535399999998,6.5965495799240745,0.06564949999999925
8.5405424,6.7205990086718055,0.07562689999999961
8.5504568,6.762614839982228,0.0855959999999989
8.560672999999998,6.565999623962232,0.09578850000000116
8.5707123,6.606773699795757,0.10577209999999937
8.5806452,6.555856970748401,0.11569360000000017
8.590706699999998,6.762614839982228,0.1257768999999982
8.6005878,6.337774657733094,0.13566219999999873
8.6106832,6.435714282503059,0.14567320000000095
8.6207845,6.525550439437387,0.15577150000000017
8.630509,6.576162582781321,0.16558159999999944
8.640675599999998,6.337774657733094,0.1757156999999978
8.6505251,6.4061264490717855,0.18563190000000063
8.660745599999998,6.565999623962232,0.19574169999999924
8.670639599999998,6.525550439437387,0.2057038999999996
8.680545500000001,6.5154886037481425,0.2156412000000003
8.6905262,6.318420692837231,0.22561520000000002
8.7005661,6.138368170237612,0.2356341999999998
8.7106876,6.386499623096539,0.24574309999999855
8.720645099999999,6.318420692837231,0.25570319999999924
8.730466199999999,6.318420692837231,0.26556030000000064
8.740518599999998,6.328087998305943,0.27566389999999785
8.750477,6.299143989175471,0.28561329999999785
8.7606411,6.347480709865341,0.2957447000000002
8.7706382,6.415969341581473,0.30568720000000127
8.7804638,6.435714282503059,0.31560460000000035
8.790482999999998,6.415969341581473,0.3256295999999992
8.800546699999998,6.308772702657734,0.3356539000000005
8.8105425,6.396303222674444,0.34563209999999955
8.8206311,6.445616409894751,0.3556725000000007
8.8304564,6.49542520288607,0.3655474000000005
8.840542,6.425831939575096,0.3756801999999979
8.850583399999998,6.386499623096539,0.3856681000000002
8.860812499999998,6.270373124148044,0.3958474999999986
8.870745199999998,6.185089067084062,0.4057415999999989
8.880539299999999,5.89399222016673,0
8.894299999999998,5.7467600152602865,0
8.900606,5.763822758056602,0
8.910612399999998,5.571662089694587,0
8.9206377,5.5310448932559035,0
8.930504599999999,5.620941922410643,0
8.9404866,5.44310400232517,0
8.950495199999999,5.403765980228704,0
8.960852199999998,5.498842316165114,0
8.970509,5.44310400232517,0
8.980430299999998,5.403765980228704,0
8.990580299999998,5.44310400232517,0
9.000526,5.3185946485283795,0
9.0105738,5.326260300922612,0
9.0206132,5.295689464903592,0
9.0304902,5.198006519845759,0
9.0405643,5.257818241962262,0
9.050564399999999,5.198006519845759,0
9.060563599999998,5.326260300922612,0
9.0705751,5.3185946485283795,0
9.080538399999998,5.295689464903592,0
9.090506999999999,5.2729213009106,0
9.100502899999999,5.303309261089653,0
9.110693900000001,5.146450562348289,0
9.120577399999998,5.205430754645505,0
9.1304588,5.235276624986227,0
9.140420299999999,5.198006519845759,0
9.1505158,5.205430754645505,0
9.160601100000001,5.235276624986227,0
9.170617499999999,5.038374295085245,0
9.180564,5.161107258447625,0
9.190479400000001,5.045478945958075,0
9.200533,4.459719758943291,0
9.213094299999998,5.102830598819589,0
9.226147099999999,5.131852375935964,0
9.230412699999999,5.0030634008624695,0
9.2404574,5.131852375935964,0
9.250424500000001,5.102830598819589,0
9.260563699999999,5.168457620876828,0
9.270711599999998,5.117312465639354,0
9.2806845,5.161107258447625,0
9.290674600000003,5.183202521501721,0
9.3007146,4.968103855907675,0
9.3178227,5.153771582052348,0
9.3366446,5.295689464903592,0
9.337304199999998,5.153771582052348,0
9.3406564,5.175822698741421,0
9.3507003,5.198006519845759,0
9.360843699999997,5.175822698741421,0
9.370592899999998,5.153771582052348,0
9.380681899999999,5.310944312117843,0
9.390610199999998,5.198006519845759,0
9.400631400000002,5.380351298636114,0
9.410592899999997,5.198006519845759,0
9.4206942,5.161107258447625,0
9.430467499999999,5.117312465639354,0
9.440507199999999,5.161107258447625,0
9.4504947,5.153771582052348,0
9.4605703,5.175822698741421,0
9.470716699999997,5.198006519845759,0
9.480443399999999,5.265362219909473,0
9.4904869,5.265362219909473,0
9.500498700000001,5.242775474586181,0
9.510651199999998,5.066878353658739,0
9.520586600000001,5.357076684510473,0
9.530459100000002,5.372577572356361,0
9.540463899999999,5.388140587926246,0
9.550498699999999,5.227792758097766,0
9.560645899999997,5.310944312117843,0
9.570578499999996,5.102830598819589,0
9.580500299999997,5.066878353658739,0
9.590519899999997,4.989037617526732,0
9.605285899999998,4.954217631447924,0
9.610755099999999,4.858553880234452,0
9.6205845,4.77208998078598,0
9.630487600000002,4.662361279685841,0
9.640519699999999,4.624515672121202,0
9.650559899999998,4.574756159003951,0
9.660584100000001,4.531864912061239,0
9.6706152,4.513665973999837,0
9.6804353,4.418427800460581,0
9.6910703,4.270020776989198,0
9.700539999999997,4.320521493915344,0
9.710542599999997,4.4955759026401,0
9.720697199999996,4.519720158113891,0
9.730514900000003,4.71998806789923,0
9.740532199999997,5.131852375935964,0
9.7547438,5.435204896059818,0
9.760723399999996,5.89399222016673,0
9.7706832,6.073738876518667,1.4000000021496817e-06
9.7835483,6.27994423832014,0.012938500000004183
9.790481,6.386499623096539,0.01984440000000376
9.800491199999996,6.289534513875581,0.02985559999999765
9.810614600000001,6.435714282503059,0.03992610000000241
9.820568100000003,6.328087998305943,0.049906499999998744
9.830600599999997,6.27994423832014,0.05989910000000265
9.8404406,6.328087998305943,0.06979979999999841
9.850525599999997,6.4061264490717855,0.07991129999999913
9.860543100000001,6.415969341581473,0.08987199999999973
9.870731399999997,6.565999623962232,0.09999340000000245
9.8805962,6.565999623962232,0.10991520000000321
9.890417399999997,6.49542520288607,0.11980799999999903
9.900590000000001,6.9998074648463415,0.12997800000000126
9.910542299999996,6.966845205721355,0.13988890000000254
9.920694400000002,6.966845205721355,0.14996130000000107
9.930593600000002,6.934080128015318,0.15989420000000365
9.940421800000003,7.01083890754158,0.16980339999999927
9.953288200000003,7.09988923293321,0.18265149999999863
9.960610000000003,7.044065922350272,0.18993540000000309
9.970531100000002,6.138368170237612,0.19990909999999928
9.984046999999997,5.571662089694587,0
9.9981188,5.242775474586181,0
10.000445599999999,5.50686882463041,0
10.010795899999998,6.241774367469408,7.000000010748408e-07
10.023802500000002,6.934080128015318,0.013151600000000485
10.0305289,6.923202049463866,0.019845400000001234
10.040486399999999,6.9998074648463415,0.029846700000000226
10.0505049,6.955901662500982,0.0398461999999995
10.0605179,6.555856970748401,0.04979670000000169
10.070631999999996,6.337774657733094,0.059913600000001566
10.080574499999997,6.15700048270041,0.06980839999999944
10.090535899999999,6.213346689581242,0.07981720000000081
10.100456299999998,7.446810144218417,0.08982550000000344
10.113507399999996,6.337774657733094,0.10281820000000153
10.126638299999996,6.396303222674444,0.11595319999999987
10.130517499999996,6.668549698877585,0.11984199999999845
10.1404949,6.74156490855173,0.1297982000000033
10.1505401,6.79434803340286,0.13974240000000293
10.160575100000003,6.815609520161351,0.14986809999999906
10.170513999999997,6.752079349304772,0.15984680000000395
10.180455600000002,6.879906645592216,0.16978209999999905
10.190476599999997,6.79434803340286,0.17979509999999976
10.2004557,6.668549698877585,0.18977389999999872
10.2105308,6.773171422726079,0.19984529999999978
10.220540299999996,6.576162582781321,0.20986770000000377
10.230474700000002,6.606773699795757,0.21978100000000467
10.240405299999999,6.710147465681302,0.22972910000000013
10.250489700000003,6.445616409894751,0.2398293000000038
10.260615799999997,6.5965495799240745,0.24989140000000276
10.2704904,6.6272833866223495,0.25980320000000034
10.280447299999999,6.658202150477414,0.2698013000000046
10.2905826,6.8262721983256105,0.27992069999999813
10.300551999999996,6.783749139762662,0.28984609999999833
10.3107599,6.762614839982228,0.30001800000000145
10.3207479,6.699716804887621,0.3099197000000018
10.330539100000003,6.535632418935098,0.3198817000000034
10.340521699999996,6.5965495799240745,0.32985610000000065
10.350508699999999,5.5880230381356535,0
10.363778199999999,6.647875276492737,8.000000022434506e-07
10.377062899999999,6.606773699795757,0.013243500000001518
10.380470500000001,6.804968146042268,0.016711999999998284
10.390463099999998,6.79434803340286,0.02669790000000205
10.4004573,6.858388484023861,0.036677099999998575
10.410801900000003,6.955901662500982,0.04687789999999836
10.420818099999998,7.055185970536476,0.056870899999999835
10.4358431,7.293918879685199,0.07191499999999706
10.440625099999998,7.317182651729675,0.07675729999999703
10.450649499999997,7.35225325423583,0.0867968000000019
10.4607374,7.375750831076357,0.09680809999999695
10.470730199999998,7.423028897842612,0.10689639999999656
10.480626399999998,7.293918879685199,0.1168067999999991
10.490513800000002,7.122375332081784,0.12667530000000227
10.500582999999999,7.066328281073982,0.13675010000000043
10.510637099999997,6.934080128015318,0.1468007
10.5238881,7.044065922350272,0.1600717999999972
10.538094999999998,7.01083890754158,0.1743218000000013
10.540365000000001,7.111121039461668,0.17660860000000156
10.550453099999999,6.934080128015318,0.18666139999999842
10.5641295,7.032968092035166,0.20029089999999883
10.5770907,6.934080128015318,0.21327439999999598
10.591003899999997,7.032968092035166,0.22718350000000243
10.591677499999996,6.934080128015318,0.22792659999999643
10.606562199999999,7.677540237620285,0.24277959999999865
10.6190596,6.934080128015318,0.2552702999999994
10.633055300000002,6.934080128015318,0.2692377999999991
10.6337488,6.783749139762662,0.26997260000000267
10.640612400000002,6.879906645592216,0.27679020000000065
10.650458100000002,6.912345705327855,0.28668900000000264
10.660677800000002,6.773171422726079,0.29680460000000153
10.670578300000003,6.752079349304772,0.3067385000000016
10.680537899999997,6.576162582781321,0.31671289999999885
10.6904648,6.752079349304772,0.3266965999999982
10.700459199999997,6.5965495799240745,0.336666000000001
10.7106037,6.74156490855173,0.3467607999999984
10.720674799999998,6.6893069845681055,0.3567778999999973
10.730448699999997,6.783749139762662,0.36666909999999575
10.740533,6.586345887857524,0.37675219999999854
10.750537799999996,6.576162582781321,0.38674909999999585
10.760651500000002,6.586345887857524,0.3968239000000011
10.7706193,6.465480176582687,0.4068035999999964
10.780495000000002,6.475441895334031,0.41673060000000106
10.790410199999997,6.485423557459608,0.4266555999999966
10.800449899999997,6.485423557459608,0.4366787999999957
10.810794999999999,6.565999623962232,0.4469167000000027
10.8207144,6.386499623096539,0.4567624999999964
10.830503899999997,6.337774657733094,0.46667850000000044
10.840486999999996,6.435714282503059,0.4766925999999998
10.850431800000003,6.270373124148044,0.48666399999999754
10.860601699999997,6.475441895334031,0.4967788000000013
10.870558199999998,6.435714282503059,0.5067211
10.880525200000001,6.455538361358687,0.5166861000000011
10.890492700000003,6.545734582569215,0.5267000999999993
10.900588999999997,6.606773699795757,0.5367442000000011
10.910493199999998,6.49542520288607,0.5466979999999992
10.920614800000003,6.6893069845681055,0.5567276999999962
10.9305837,6.668549698877585,0.566761200000002
10.940611099999998,6.606773699795757,0.5768435999999966
10.950383500000001,6.74156490855173,0.5866316999999981
10.960728099999997,6.5965495799240745,0.5968718999999965
10.970537999999998,6.505446871620019,0.6066774999999964
10.9805383,6.783749139762662,0.6167276999999984
10.990442999999999,6.658202150477414,0.6266755999999987
11.000464199999996,6.901511052181899,0.6366920999999977
11.010676199999999,6.731071475665324,0.6468228000000025
11.020595,6.74156490855173,0.6567397999999969
11.0304358,6.586345887857524,0.6666543999999988
11.040443500000002,6.731071475665324,0.6766787999999977
11.050476500000002,6.710147465681302,0.686699400000002
11.060550300000003,6.658202150477414,0.6966952000000006
11.0705411,6.74156490855173,0.7067143000000016
11.080731999999998,6.647875276492737,0.7168598999999958
11.0907074,6.6893069845681055,0.7268162000000018
11.100741300000003,6.658202150477414,0.736825599999996
11.110759899999998,6.731071475665324,0.7468405999999987
11.1206782,6.658202150477414,0.7568322999999992
11.1306802,6.731071475665324,0.7667872999999972
11.140656299999996,6.79434803340286,0.7768000000000015
11.150548399999998,6.966845205721355,0.7867054000000024
11.160748400000003,6.762614839982228,0.7968775000000008
11.170618599999997,6.934080128015318,0.8068030000000022
11.180491599999996,6.647875276492737,0.8167236999999972
11.190428099999998,6.668549698877585,0.8266592000000017
11.2004473,7.088679867569163,0.8366794000000013
11.2134492,6.8262721983256105,0.8496020999999985
11.226896699999998,6.934080128015318,0.863063099999998
11.2304849,6.901511052181899,0.8666999000000004
11.240501000000002,6.86913680573084,0.8767132999999987
11.250496599999998,7.24766957253901,0.8867138000000025
11.263218899999998,6.804968146042268,0.8994183000000007
11.276400500000001,6.890698046687361,0.9126084999999975
11.2804808,6.923202049463866,0.916641300000002
11.290447,6.934080128015318,0.9266597000000019
11.300534200000001,6.934080128015318,0.9367340000000013
11.310603800000003,7.01083890754158,0.9467987999999963
11.323480599999996,6.9449799844945455,0.9597061999999994
11.338094900000002,6.815609520161351,0.9743015999999969
11.3403669,6.934080128015318,0.9766150000000025
11.3504273,6.955901662500982,0.9866339000000011
11.360593899999998,6.678917963083457,0.9967894999999984
11.370615,6.485423557459608,1.006769300000002
11.380766899999998,6.366951147619736,1.006769300000002
11.393525400000001,6.27994423832014,1.006769300000002
11.409191299999996,6.15700048270041,1.006769300000002
11.4108436,6.185089067084062,1.006769300000002
11.420716200000001,6.299143989175471,1.006769300000002
11.430669199999997,6.138368170237612,1.006769300000002
11.440796499999998,6.147675010315886,1.006769300000002
11.450699700000001,5.44310400232517,1.006769300000002
11.460877199999999,5.97398909207301,1.006769300000002
11.470653300000002,5.867644987585125,1.006769300000002
11.4806272,5.729765387115033,1.006769300000002
11.490634899999996,5.712838601706433,1.006769300000002
11.500680899999999,5.97398909207301,1.006769300000002
11.511010999999996,5.5880230381356535,1.006769300000002
11.520645000000002,5.704400565352053,1.006769300000002
11.530602799999997,5.902809819266964,1.006769300000002
11.540754899999996,5.982966845017518,1.006769300000002
11.550617799999998,6.0645797609342535,1.006769300000002
11.560750200000001,6.1198102381647095,1.006769300000002
11.570665900000002,6.465480176582687,1.006769300000002
11.580617099999998,6.5965495799240745,1.006769300000002
11.590560699999997,6.617018288369059,1.006769300000002
11.600591299999998,7.077492898532053,1.006769300000002
11.610723700000001,7.032968092035166,1.006769300000002
11.620781999999998,6.86913680573084,1.006769300000002
11.630645299999998,6.710147465681302,1.006769300000002
11.640482200000001,6.934080128015318,1.006769300000002
11.650627200000002,6.934080128015318,1.006769300000002
11.660803999999999,6.901511052181899,1.006769300000002
11.670661000000003,6.901511052181899,1.006769300000002
11.680627399999999,6.804968146042268,1.006769300000002
11.690734499999998,6.783749139762662,1.006769300000002
11.700596099999999,6.934080128015318,1.006769300000002
11.7107861,6.879906645592216,1.006769300000002
11.720723399999997,6.934080128015318,1.006769300000002
11.730868399999999,7.077492898532053,1.006769300000002
11.740575200000002,7.111121039461668,1.006769300000002
11.7504913,6.966845205721355,1.006769300000002
11.760691999999999,7.044065922350272,1.006769300000002
11.7707817,7.111121039461668,1.006769300000002
11.7806864,7.111121039461668,1.006769300000002
11.790718900000002,7.167618265175428,1.006769300000002
11.8006502,7.044065922350272,1.006769300000002
11.810792499999998,7.293918879685199,1.006769300000002
11.8206578,7.317182651729675,1.006769300000002
11.830590299999997,7.282321842828364,1.006769300000002
11.840627499999997,7.677540237620285,1.006769300000002
11.850675500000001,7.47068670608361,1.006769300000002
11.860874500000001,7.665176724779058,1.006769300000002
11.870691999999998,7.399342586455758,1.006769300000002
11.8806248,7.506681101523312,1.006769300000002
11.890697699999997,7.3405396652208985,1.006769300000002
11.900804100000002,7.293918879685199,1.006769300000002
11.910721799999997,7.317182651729675,1.006769300000002
11.920706899999999,7.111121039461668,1.006769300000002
11.9306154,6.890698046687361,1.006769300000002
11.940505100000003,6.966845205721355,1.006769300000002
11.950599500000003,7.077492898532053,1.006769300000002
11.960796000000002,6.912345705327855,1.006769300000002
11.970745299999997,7.270747976866626,1.006769300000002
11.9805511,7.167618265175428,1.006769300000002
11.990555700000002,7.363990293871589,1.006769300000002
12.0005381,7.282321842828364,1.006769300000002
12.011384899999996,7.434907630411287,1.006769300000002
12.020740599999996,7.224683297447398,1.006769300000002
12.030597200000003,7.1789856653167865,1.006769300000002
12.0408288,7.066328281073982,1.006769300000002
12.050633699999999,6.586345887857524,1.006769300000002
12.0607927,6.6893069845681055,1.006769300000002
12.070709299999997,6.783749139762662,1.006769300000002
12.080662599999997,6.194489442460147,1.006769300000002
12.0905263,5.695979388205552,1.006769300000002
12.100562599999996,4.745934821072582,1.006769300000002
12.110670599999999,3.2066406812991475,1.006769300000002
12.120758699999996,2.3823955022932037,1.006769300000002
12.130847500000002,1.7958364615996816,1.006769300000002
12.140609699999999,1.5461066061236706,1.006769300000002
12.150600400000002,1.5265792725329475,1.006769300000002
12.1608631,1.5069632786523126,1.006769300000002
12.170769899999996,1.503285782959964,1.006769300000002
12.180284800000003,1.4929614,1.006769300000002
12.190317700000001,1.4929614,1.006769300000002
12.200330700000002,1.4929614,1.006769300000002
12.210472699999997,1.4929614,1.006769300000002
12.220441000000001,1.4929614,1.006769300000002
12.230253900000001,1.4929614,1.006769300000002
12.240294300000002,1.4929614,1.006769300000002
12.250388299999997,1.4929614,1.006769300000002
12.260374599999999,1.4929614,1.006769300000002
12.270402699999998,1.4929614,1.006769300000002
12.2803386,1.4929614,1.006769300000002
12.290418000000003,1.4929614,1.006769300000002
12.300307400000001,1.4929614,1.006769300000002
12.310411199999997,1.4929614,1.006769300000002
12.320450899999997,1.4929614,1.006769300000002
12.3305577,1.4929614,1.006769300000002
12.3403208,1.4929614,1.006769300000002
12.350298799999997,1.4929614,1.006769300000002
12.360450999999998,1.4929614,1.006769300000002
12.370477399999999,1.4929614,1.006769300000002
12.380344000000001,1.4929614,1.006769300000002
