0.0004986000000002377,1.4929614,0
0.01041890000000123,1.4929614,0
0.02623880000000156,1.4929614,0
0.030316500000001412,1.4929614,0
0.04034040000000161,1.4929614,0
0.05040639999999996,1.4929614,0
0.060308300000002646,1.4929614,0
0.07028430000000085,1.4929614,0
0.08039910000000106,1.4929614,0
0.09017110000000272,1.4929614,0
0.1002084000000032,1.4929614,0
0.11016930000000258,1.4929614,0
0.12022220000000061,1.4929614,0
0.13029390000000163,1.4929614,0
0.14014650000000017,1.4929614,0
0.15016330000000266,1.4929614,0
0.16018100000000146,1.4929614,0
0.1703019000000019,1.4929614,0
0.18025960000000296,1.4929614,0
0.19034070000000014,1.4929614,0
0.20015260000000268,1.4929614,0
0.21016090000000176,1.4929614,0
0.22027510000000206,1.4929614,0
0.23027380000000264,1.4929614,0
0.24031060000000082,1.4929614,0
0.2503357000000008,1.4929614,0
0.2601741000000004,1.4929614,0
0.2702632999999999,1.4929614,0
0.28023980000000037,1.4929614,0
0.29013060000000124,1.4929614,0
0.30024210000000195,1.4929614,0
0.3102644000000012,1.4929614,0
0.3202908000000022,1.4929614,0
0.33075950000000276,1.4929614,0
0.3401568000000026,1.4929614,0
0.35021010000000175,1.4929614,0
0.3602557000000033,1.4929614,0
0.3702707000000025,1.4929614,0
0.3802125000000025,1.4929614,0
0.3901962000000019,1.4929614,0
0.40021130000000227,1.4929614,0
0.41014900000000054,1.4929614,0
0.4202040000000018,1.4929614,0
0.4303986000000002,1.4929614,0
0.44017000000000195,1.4929614,0
0.45026790000000005,1.4929614,0
0.46013260000000145,1.4929614,0
0.47092790000000306,1.4929614,0
0.4802453,1.4929614,0
0.4902152000000015,1.4929614,0
0.500230700000003,1.4929614,0
0.5102992000000022,1.4929614,0
0.5202502000000031,1.4929614,0
0.5301560000000016,1.4929614,0
0.5402549000000008,1.4929614,0
0.5501761000000016,1.4929614,0
0.5602980000000031,1.4929614,0
0.5702562000000029,1.4929614,0
0.5803662000000003,1.4929614,0
0.5902090000000015,1.4929614,0
0.6007351000000014,1.4929614,0
0.6102240000000023,1.4929614,0
0.6203324000000023,1.4929614,0
0.6302610000000008,1.4929614,0
0.6401471000000001,1.4929614,0
0.6502797000000022,1.4929614,0
0.6602410000000027,1.4929614,0
0.6701903000000016,1.4929614,0
0.680257300000001,1.4929614,0
0.6901667000000025,1.4929614,0
0.7002316000000022,1.4929614,0
0.7101826000000031,1.4929614,0
0.7203019000000026,1.4929614,0
0.7301665000000028,1.4929614,0
0.7402408999999999,1.4929614,0
0.750170200000003,1.4929614,0
0.7602752000000024,1.4929614,0
0.7703008000000011,1.4929614,0
0.7803342999999998,1.4929614,0
0.7902449000000011,1.4929614,0
0.8001763000000004,1.4929614,0
0.8101690000000019,1.4929614,0
0.8202157000000021,1.4929614,0
0.8301975000000006,1.4929614,0
0.8401989000000007,1.4929614,0
0.8503172000000028,1.4929614,0
0.8601548000000001,1.4929614,0
0.8702550000000002,1.4929614,0
0.8802414000000027,1.4929614,0
0.8901664000000018,1.4929614,0
0.9001621000000029,1.4929614,0
0.9101618000000009,1.4929614,0
0.9202129000000028,1.4929614,0
0.9304045000000016,1.4929614,0
0.940375600000003,1.4929614,0
0.9504148000000008,1.4929614,0
0.9604355000000027,1.4929614,0
0.9703983000000029,1.4929614,0
0.9805205000000008,1.4929614,0
0.9904359000000014,1.4929614,0
1.0002268,1.4929614,0
1.0105394000000025,1.4929614,0
1.0245824,1.4929614,0
1.0303580000000032,1.4929614,0
1.040301300000003,1.4929614,0
1.0504677999999998,1.4929614,0
1.0601388000000007,1.4929614,0
1.0702039000000028,1.4929614,0
1.0802263000000032,1.4929614,0
1.0901925000000006,1.4929614,0
1.1001988000000011,1.4929614,0
1.1101782,1.4929614,0
1.1202342000000023,1.4929614,0
1.1302363,1.4929614,0
1.1424264000000015,1.4929614,0
1.1504818000000014,1.4929614,0
1.1604723000000021,1.4929614,0
1.170415000000002,1.4929614,0
1.1803184000000009,1.4929614,0
1.1905146000000002,1.4929614,0
1.2002329000000032,1.4929614,0
1.2101966000000033,1.4929614,0
1.220349500000001,1.4929614,0
1.2303949000000003,1.4929614,0
1.240196400000002,1.4929614,0
1.2501539000000008,1.4929614,0
1.2602277000000015,1.4929614,0
1.270233000000001,1.4929614,0
1.2803859000000024,1.4929614,0
1.2901290000000003,1.4929614,0
1.300325800000003,1.4929614,0
1.3102389000000016,1.4929614,0
1.3202941000000017,1.4929614,0
1.3303042000000005,1.4929614,0
1.3403030000000022,1.4929614,0
1.3502277000000014,1.4929614,0
1.3601982000000028,1.4929614,0
1.3702468000000003,1.4929614,0
1.3802292999999999,1.4929614,0
1.3902156000000012,1.4929614,0
1.4002103000000012,1.4929614,0
1.4101779000000008,1.4929614,0
1.4202866000000007,1.4929614,0
1.4303269000000007,1.4929614,0
1.440315400000003,1.4929614,0
1.4501830000000027,1.4929614,0
1.460183200000003,1.4929614,0
1.470191500000002,1.4929614,0
1.4808364000000012,1.4929614,0
1.4908047000000018,1.4929614,0
1.500191100000002,1.4929614,0
1.5102215,1.4929614,0
1.5202884000000019,1.4929614,0
1.5303175000000024,1.4929614,0
1.5402672000000024,1.4929614,0
1.5501983000000017,1.4929614,0
1.5601795000000003,1.4929614,0
1.5701766,1.4929614,0
1.5802419000000008,1.4929614,0
1.5903041000000009,1.4929614,0
1.6002292000000011,1.4929614,0
1.6101394000000013,1.4929614,0
1.6201658000000023,1.4929614,0
1.6302292000000023,1.4929614,0
1.6402199000000017,1.4929614,0
1.6506452000000031,1.4929614,0
1.6601240000000033,1.4929614,0
1.6702530000000024,1.4929614,0
1.6802832000000016,1.4929614,0
1.6902116000000014,1.4929614,0
1.7002874000000006,1.4929614,0
1.7102081000000027,1.4929614,0
1.7202011000000006,1.4929614,0
1.7302363000000014,1.4929614,0
1.7402080000000026,1.4929614,0
1.7501694000000008,1.4929614,0
1.760207900000001,1.4929614,0
1.7706947,1.4929614,0
1.7802820000000033,1.4929614,0
1.7904119000000023,1.4929614,0
1.8001485000000024,1.4929614,0
1.8102260000000001,1.4929614,0
1.8201837000000012,1.4929614,0
1.830195500000002,1.4929614,0
1.8402798000000011,1.4929614,0
1.8502332000000017,1.4929614,0
1.8602163000000012,1.4929614,0
1.870288900000002,1.4929614,0
1.8804037999999998,1.4929614,0
1.8901851,1.4929614,0
1.9000791000000028,1.4929614,0
1.9101759999999999,1.4929614,0
1.9202156000000024,1.4929614,0
1.9302256,1.4929614,0
1.9403514000000008,1.4929614,0
1.9501890000000017,1.4929614,0
1.9601465000000005,1.4929614,0
1.970267400000001,1.4929614,0
1.980269800000002,1.4929614,0
1.9902903000000016,1.4929614,0
2.0002089000000005,1.4929614,0
2.010792700000003,1.4929614,0
2.020256800000002,1.4929614,0
2.0302498,1.4929614,0
2.040293400000003,1.4929614,0
2.050356500000003,1.4929614,0
2.060386000000001,1.4929614,0
2.070298600000001,1.4929614,0
2.080407700000002,1.4929614,0
2.090176900000003,1.4929614,0
2.1002356000000013,1.4929614,0
2.110249600000003,1.4929614,0
2.1202398000000002,1.4929614,0
2.130245300000002,1.4929614,0
2.140188900000002,1.4929614,0
2.1501654000000023,1.4929614,0
2.1601645000000005,1.4929614,0
2.170178100000001,1.4929614,0
2.180220100000003,1.4929614,0
2.1903463000000016,1.4929614,0
2.200234000000002,1.4929614,0
2.2101317000000016,1.4929614,0
2.2203069000000006,1.4929614,0
2.230226100000003,1.4929614,0
2.240183100000003,1.4929614,0
2.250729900000003,1.4929614,0
2.2601644000000007,1.4929614,0
2.2701998000000003,1.4929614,0
2.2803459000000004,1.4929614,0
2.2902298000000023,1.4929614,0
2.3002176,1.4929614,0
2.310173500000001,1.4929614,0
2.3202108000000017,1.4929614,0
2.330362300000001,1.4929614,0
2.3402144000000007,1.4929614,0
2.3502507,1.4929614,0
2.360114600000003,1.4929614,0
2.3707089000000003,1.4929614,0
2.3802485000000004,1.4929614,0
2.3903876000000004,1.4929614,0
2.4002529000000017,1.4929614,0
2.4101979,1.4929614,0
2.4202146000000013,1.4929614,0
2.4302305000000004,1.4929614,0
2.4402956000000025,1.4929614,0
2.4501288000000017,1.4929614,0
2.4601494000000024,1.4929614,0
2.470199600000001,1.4929614,0
2.480340400000003,1.4929614,0
2.490289500000003,1.4929614,0
2.500414000000003,1.4929614,0
2.5101288000000004,1.4929614,0
2.5203301000000025,1.4929614,0
2.530472800000002,1.4929614,0
2.540433,1.4929614,0
2.5503605,1.4929614,0
2.560151600000001,1.4929614,0
2.5703175000000016,1.4929614,0
2.580271100000001,1.4929614,0
2.5902319000000027,1.4929614,0
2.6001523000000013,1.4929614,0
2.610195300000001,1.4929614,0
2.6202489,1.4929614,0
2.630224600000002,1.4929614,0
2.6402252000000033,1.4929614,0
2.650174200000002,1.4929614,0
2.6602341000000003,1.4929614,0
2.6701903000000016,1.4929614,0
2.6803380000000026,1.4929614,0
2.6902738,1.4929614,0
2.7001667000000005,1.4929614,0
2.7101602000000007,1.4929614,0
2.720183600000002,1.4929614,0
2.730315000000001,1.4929614,0
2.740205300000003,1.4929614,0
2.750272800000001,1.4929614,0
2.760095400000001,1.4929614,0
2.7702533000000003,1.4929614,0
2.780198800000001,1.4929614,0
2.790176500000001,1.4929614,0
2.800212000000002,1.4929614,0
2.8101340000000015,1.4929614,0
2.8202437000000025,1.4929614,0
2.8303239,1.4929614,0
2.8402337000000024,1.4929614,0
2.8507735000000025,1.4929614,0
2.8602451,1.4929614,0
2.870302800000001,1.4929614,0
2.8803842000000017,1.4929614,0
2.8905296000000007,1.4929614,0
2.9004374000000013,1.4929614,0
2.910539400000001,1.4929614,0
2.920361100000001,1.4929614,0
2.9303447000000027,1.4929614,0
2.9403454000000018,1.4929614,0
2.950269900000002,1.4929614,0
2.960257200000001,1.4929614,0
2.970485400000001,1.4929614,0
2.980322300000001,1.4929614,0
2.9903144000000026,1.4929614,0
3.000146800000003,1.4929614,0
3.0102812000000014,1.4929614,0
3.020258700000003,1.4929614,0
3.0302036,1.4929614,0
3.0402427000000003,1.4929614,0
3.050251300000003,1.4929614,0
3.0601891000000023,1.4929614,0
3.0701752000000013,1.4929614,0
3.0801649000000033,1.4929614,0
3.0902640000000012,1.4929614,0
3.1001577000000005,1.4929614,0
3.110234300000002,1.4929614,0
3.1202463000000016,1.4929614,0
3.1302042000000014,1.4929614,0
3.1402639000000008,1.4929614,0
3.1507324000000025,1.4929614,0
3.1602624000000006,1.4929614,0
3.1701752000000027,1.4929614,0
3.1802071000000005,1.4929614,0
3.190246100000003,1.4929614,0
3.200248000000002,1.4929614,0
3.2101665000000033,1.4929614,0
3.2202176000000016,1.4929614,0
3.230248000000003,1.4929614,0
3.2402747000000005,1.4929614,0
3.2502093000000016,1.4929614,0
3.2602949000000017,1.4929614,0
3.270235200000002,1.4929614,0
3.2802935000000026,1.4929614,0
3.2902387000000033,1.4929614,0
3.3001780000000025,1.4929614,0
3.3102949000000024,1.4929614,0
3.320223600000002,1.4929614,0
3.330232600000002,1.4929614,0
3.3401747999999998,1.4929614,0
3.3502921000000008,1.4929614,0
3.360159200000002,1.4929614,0
3.3703213000000005,1.4929614,0
3.380503300000001,1.4929614,0
3.3902157000000024,1.4929614,0
3.4002713,1.4929614,0
3.410123600000002,1.4929614,0
3.420278800000002,1.4929614,0
3.430228300000003,1.4929614,0
3.440335400000002,1.4929614,0
3.450215700000001,1.4929614,0
3.4602032000000023,1.4929614,0
3.4702540000000006,1.4929614,0
3.4802408000000007,1.4929614,0
3.490227100000002,1.4929614,0
3.5002327000000015,1.4929614,0
3.5103215,1.4929614,0
3.520220300000002,1.4929614,0
3.5302199000000023,1.4929614,0
3.540241400000003,1.4929614,0
3.550234300000003,1.4929614,0
3.560121900000002,1.4929614,0
3.5702279000000026,1.4929614,0
3.5802549,1.4929614,0
3.5902635000000025,1.4929614,0
3.600251700000001,1.4929614,0
3.610247900000001,1.4929614,0
3.6202706000000013,1.4929614,0
3.6301893000000014,1.4929614,0
3.6402441000000003,1.4929614,0
3.6501720000000013,1.4929614,0
3.6602642000000003,1.4929614,0
3.6701839000000014,1.4929614,0
3.680287800000002,1.4929614,0
3.690341,1.4929614,0
3.7002057000000015,1.4929614,0
3.710348200000002,1.4929614,0
3.720283300000002,1.4929614,0
3.730270800000003,1.4929614,0
3.740220100000002,1.4929614,0
3.7501472000000007,1.4929614,0
3.7601910000000025,1.4929614,0
3.7702513000000017,1.4929614,0
3.780245100000002,1.4929614,0
3.790193700000003,1.4929614,0
3.8001828000000017,1.4929614,0
3.810161700000002,1.4929614,0
3.8202946000000004,1.4929614,0
3.8302247000000023,1.4929614,0
3.840154100000003,1.4929614,0
3.8501720000000006,1.4929614,0
3.8601999000000013,1.4929614,0
3.8702691000000016,1.4929614,0
3.8803115000000012,1.4929614,0
3.8903111000000017,1.4929614,0
3.900142500000001,1.4929614,0
3.9101954000000028,1.4929614,0
3.920195300000003,1.4929614,0
3.9301808000000023,1.4929614,0
3.9401968000000025,1.4929614,0
3.950164100000002,1.4929614,0
3.9602217000000017,1.4929614,0
3.9702372000000032,1.4929614,0
3.9801917000000024,1.4929614,0
3.9908417000000007,1.4929614,0
4.000231500000002,1.4929614,0
4.010151200000003,1.4929614,0
4.0201797,1.4929614,0
4.030181900000002,1.4929614,0
4.040274400000001,1.4929614,0
4.0502993000000025,1.4929614,0
4.060378200000002,1.4929614,0
4.0702652000000015,1.4929614,0
4.0802078,1.4929614,0
4.090181400000002,1.4929614,0
4.1001449,1.4929614,0
4.1101834,1.4929614,0
4.120237100000001,1.4929614,0
4.130332000000003,1.4929614,0
4.140267900000001,1.4929614,0
4.150187500000001,1.4929614,0
4.160153700000002,1.4929614,0
4.1702365000000015,1.4929614,0
4.180196000000002,1.4929614,0
4.190329500000001,1.4929614,0
4.200337100000002,1.4929614,0
4.2103596,1.4929614,0
4.220433200000002,1.4929614,0
4.230323400000003,1.4929614,0
4.240417400000002,1.4929614,0
4.250398200000003,1.4929614,0
4.260179900000001,1.4929614,0
4.270159400000001,1.4929614,0
4.280172700000001,1.4929614,0
4.2901605000000025,1.4929614,0
4.300182700000001,1.4929614,0
4.310179900000001,1.4929614,0
4.320316000000002,1.4929614,0
4.330142600000002,1.4929614,0
4.3403913,1.4929614,0
4.350149000000002,1.4929614,0
4.360155500000001,1.4929614,0
4.370266100000002,1.4929614,0
4.3802375,1.4929614,0
4.390097100000002,1.4929614,0
4.4002253000000024,1.4929614,0
4.410172900000003,1.4929614,0
4.420187100000003,1.4929614,0
4.4302323,1.4929614,0
4.4401638000000005,1.4929614,0
4.450226700000002,1.4929614,0
4.460213600000003,1.4929614,0
4.470722800000001,1.4929614,0
4.480170900000001,1.4929614,0
4.490296800000003,1.4929614,0
4.500147400000003,1.4929614,0
4.5106283000000005,1.4929614,0
4.520227300000002,1.4929614,0
4.530281600000002,1.4929614,0
4.540306600000001,1.4929614,0
4.550252,1.4929614,0
4.560759100000002,1.4929614,0
4.570218100000002,1.4929614,0
4.580206100000002,1.4929614,0
4.5901501000000025,1.4929614,0
4.600785300000002,1.4929614,0
4.610121900000003,1.4929614,0
4.620189500000002,1.4929614,0
4.630264,1.4929614,0
4.640378900000002,1.4929614,0
4.6506942,1.4929614,0
4.6601202000000015,1.4929614,0
4.670225200000001,1.4929614,0
4.680229700000002,1.4929614,0
4.690176700000002,1.4929614,0
4.700247400000002,1.4929614,0
4.710136100000003,1.4929614,0
4.7202059,1.4929614,0
4.730207100000001,1.4929614,0
4.7403069,1.4929614,0
4.750192600000002,1.4929614,0
4.760209100000001,1.4929614,0
4.770270200000002,1.4929614,0
4.780183900000001,1.4929614,0
4.790139500000002,1.4929614,0
4.8001544,1.4929614,0
4.810223800000003,1.4929614,0
4.820392100000003,1.4929614,0
4.8304659,1.4929614,0
4.8404374000000026,1.4929614,0
4.850387700000002,1.4929614,0
4.860393700000003,1.4929614,0
4.870259300000001,1.4929614,0
4.880258000000001,1.4929614,0
4.890440000000002,1.4929614,0
4.900211900000002,1.4929614,0
4.9101663,1.4929614,0
4.920172400000002,1.4929614,0
4.9302448000000005,1.4929614,0
4.940387900000001,1.4929614,0
4.9501831,1.4929614,0
4.960076400000002,1.4929614,0
4.970181700000001,1.4929614,0
4.980259,1.4929614,0
4.9907629,1.4929614,0
5.0002565000000025,1.4929614,0
5.010228100000003,1.4929614,0
5.020247300000001,1.4929614,0
5.030720500000001,1.4929614,0
5.040225400000001,1.4929614,0
5.050283200000003,1.4929614,0
5.060129400000001,1.4929614,0
5.070195700000003,1.4929614,0
5.080282100000002,1.4929614,0
5.090302000000001,1.4929614,0
5.1003398,1.4929614,0
5.110124800000001,1.4929614,0
5.120241700000001,1.4929614,0
5.130217000000002,1.4929614,0
5.1402660000000004,1.4929614,0
5.150230400000002,1.4929614,0
5.1601143,1.4929614,0
5.170217500000003,1.4929614,0
5.180358900000002,1.4929614,0
5.190186000000001,1.4929614,0
5.200405700000001,1.4929614,0
5.210235600000001,1.4929614,0
5.2203327,1.4929614,0
5.230240500000001,1.4929614,0
5.240273300000002,1.4929614,0
5.250700200000001,1.4929614,0
5.260197100000003,1.4929614,0
5.270264600000001,1.4929614,0
5.280395700000003,1.4929614,0
5.290241000000002,1.4929614,0
5.300226800000001,1.4929614,0
5.310145900000002,1.4929614,0
5.320241800000002,1.4929614,0
5.3301935,1.4929614,0
5.3402244,1.4929614,0
5.350142600000002,1.4929614,0
5.3601849,1.4929614,0
5.3702631000000025,1.4929614,0
5.380181200000003,1.4929614,0
5.3901619000000025,1.4929614,0
5.400175200000003,1.4929614,0
5.4101356,1.4929614,0
5.420228100000003,1.4929614,0
5.4302018000000025,1.4929614,0
5.440223100000001,1.4929614,0
5.4502427,1.4929614,0
5.460168100000001,1.4929614,0
5.4702129,1.4929614,0
5.480215900000001,1.4929614,0
5.490226800000002,1.4929614,0
5.500123500000001,1.4929614,0
5.510125700000003,1.4929614,0
5.520218900000003,1.4929614,0
5.5303264,1.4929614,0
5.540399500000003,1.4929614,0
5.550217700000001,1.4929614,0
5.560120000000001,1.4929614,0
5.5702748,1.4929614,0
5.580180300000002,1.4929614,0
5.590241900000002,1.4929614,0
5.600253400000003,1.4929614,0
5.6101113,1.4929614,0
5.620241700000001,1.4929614,0
5.6302191000000015,1.4929614,0
5.6401395,1.4929614,0
5.650191700000001,1.4929614,0
5.6601731000000015,1.4929614,0
5.670188000000003,1.4929614,0
5.680225800000002,1.4929614,0
5.690186000000001,1.4929614,0
5.7002615,1.4929614,0
5.7102159000000015,1.4929614,0
5.720223800000003,1.4929614,0
5.730260600000001,1.4929614,0
5.740210000000001,1.4929614,0
5.7501569,1.4929614,0
5.760150900000003,1.4929614,0
5.770273000000003,1.4929614,0
5.780168200000002,1.4929614,0
5.790186300000002,1.4929614,0
5.800274000000002,1.4929614,0
5.810264,1.4929614,0
5.820229700000002,1.4929614,0
5.830188700000001,1.4929614,0
5.840181000000001,1.4929614,0
5.850153600000002,1.4929614,0
5.860110900000002,1.4929614,0
5.870232600000001,1.4929614,0
5.880330000000001,1.4929614,0
5.890306500000001,1.4929614,0
5.900182600000001,1.4929614,0
5.9103390000000005,1.4929614,0
5.920234300000001,1.4929614,0
5.930145200000002,1.4929614,0
5.940218900000001,1.4929614,0
5.9502208,1.4929614,0
5.9601629,1.4929614,0
5.9703230000000005,1.4929614,0
5.9802813000000015,1.4929614,0
5.990260200000002,1.4929614,0
6.000283600000003,1.4929614,0
6.0103738,1.4929614,0
6.020214500000002,1.4929614,0
6.0301883000000025,1.4929614,0
6.040138200000001,1.4929614,0
6.050175800000002,1.4929614,0
6.060259200000001,1.4929614,0
6.070315100000002,1.4929614,0
6.080317600000001,1.4929614,0
6.0903329,1.4929614,0
6.1002115,1.4929614,0
6.110141800000001,1.4929614,0
6.1206201,1.4929614,0
6.1302488,1.4929614,0
6.140188800000001,1.4929614,0
6.1502999,1.4929614,0
6.1601675,1.4929614,0
6.1703747,1.4929614,0
6.1802642,1.4929614,0
6.190232400000003,1.4929614,0
6.200238200000001,1.4929614,0
6.2101319,1.4929614,0
6.220206800000003,1.4929614,0
6.2307664,1.4929614,0
6.240317800000003,1.4929614,0
6.250423100000003,1.4929614,0
6.260370900000002,1.4929614,0
6.2702773,1.4929614,0
6.2804448000000015,1.4929614,0
6.290165700000003,1.4929614,0
6.300395700000003,1.4929614,0
6.310199100000002,1.4929614,0
6.3202636000000005,1.4929614,0
6.330168800000003,1.4929614,0
6.340677600000003,1.4929614,0
6.3501668,1.4929614,0
6.360149500000002,1.4929614,0
6.370405700000003,1.4929614,0
6.380262400000003,1.4929614,0
6.390218300000001,1.4929614,0
6.4001877,1.4929614,0
6.4102174000000005,1.4929614,0
6.420289800000003,1.4929614,0
6.430246,1.4929614,0
6.440216200000002,1.4929614,0
6.450143100000002,1.4929614,0
6.4601559,1.4929614,0
6.470190300000002,1.4929614,0
6.480172900000003,1.4929614,0
6.490438600000001,1.4929614,0
6.500259100000001,1.4929614,0
6.510134900000001,1.4929614,0
6.520167000000001,1.4929614,0
6.530158400000001,1.4929614,0
6.5401235,1.4929614,0
6.550227400000001,1.4929614,0
6.560244500000003,1.4929614,0
6.5701882000000005,1.4929614,0
6.580196800000003,1.4929614,0
6.590260600000001,1.4929614,0
6.600133100000001,1.4929614,0
6.610255200000001,1.4929614,0
6.6201577,1.4929614,0
6.630184,1.4929614,0
6.640306300000002,1.4929614,0
6.650382800000003,1.4929614,0
6.660371300000001,1.4929614,0
6.670386200000003,1.4929614,0
6.680372200000001,1.4929614,0
6.6904003,1.4929614,0
6.7002454,1.4929614,0
6.710157800000001,1.4929614,0
6.720469300000001,1.4929614,0
6.730387700000001,1.4929614,0
6.7402770000000025,1.4929614,0
6.7502648,1.4929614,0
6.7601768,1.4929614,0
6.770203800000001,1.4929614,0
6.7801677,1.4929614,0
6.790164700000002,1.4929614,0
6.800370700000002,1.4929614,0
6.8101853000000006,1.4929614,0
6.820157900000002,1.4929614,0
6.830235200000001,1.4929614,0
6.840156800000003,1.4929614,0
6.850189400000001,1.4929614,0
6.860164800000003,1.4929614,0
6.870200800000003,1.4929614,0
6.8801673,1.4929614,0
6.890233900000002,1.4929614,0
6.9001946000000025,1.4929614,0
6.9101807000000015,1.4929614,0
6.920217300000001,1.4929614,0
6.930236900000001,1.4929614,0
6.9401975,1.4929614,0
6.9502199000000005,1.4929614,0
6.960145700000002,1.4929614,0
6.970247800000003,1.4929614,0
6.980237300000002,1.4929614,0
6.9902631,1.4929614,0
7.0001885,1.4929614,0
7.0102899,1.4929614,0
7.0202326,1.4929614,0
7.030175500000002,1.4929614,0
7.040185700000002,1.4929614,0
7.050295000000002,1.4929614,0
7.060217600000001,1.4929614,0
7.070149300000001,1.4929614,0
7.0801792,1.4929614,0
7.090175100000003,1.4929614,0
7.100192600000003,1.4929614,0
7.110401600000003,1.4929614,0
7.120139300000002,1.4929614,0
7.130641500000003,1.4956639266595184,0
7.1406524000000005,1.505154617717407,0
7.150485900000003,1.5191580921935541,0
7.160494,1.5335194622757573,0
7.170478200000002,1.537655546176295,0
7.1805188000000015,1.544436583528701,0
7.190579600000003,1.547711149878884,0
7.200664500000002,1.5535663749482944,0
7.210713100000003,1.5526770852519105,0
7.220464500000002,1.5487666213221183,0
7.230580300000003,1.5594505216527392,0
7.240532400000003,1.5714065696423845,0
7.2509285000000006,1.589919245293043,0
7.2604501,1.6176418999687565,0
7.270939500000001,1.6652261439849891,0
7.2805207,1.711529009534322,0
7.290581600000003,1.755297263594916,0
7.300567300000001,1.795224600741294,0
7.3104856,1.939199665174394,0
7.320737000000001,1.9955093757102156,0
7.330581300000002,2.0387422711118934,0
7.343720900000001,2.107519106871547,0
7.350594200000003,2.1392004969525447,0
7.360456000000003,2.165711196148938,0
7.3705196000000015,2.1849098363085755,0
7.380639900000002,2.190494624365768,0
7.391080600000002,2.21473478930731,0
7.4005884,1.967957113947887,0
7.413089800000002,2.3203737985251105,0
7.4270435,2.3388533518431904,0
7.430551600000001,2.4862080406142164,0
7.440515900000001,2.5542033355265574,0
7.4507448000000025,2.7364274373417308,0
7.4603836,2.9266641890353133,0
7.4703997000000015,3.2731437837883997,0
7.4836293000000005,3.578426186353979,0
7.4905416,3.8589182958239516,0
7.500494300000003,4.531864912061239,0
7.513618300000001,4.556300643961566,0
7.5204804,4.77208998078598,0
7.530550100000003,4.885613605860449,0
7.5405063000000006,4.811717148034032,0
7.550468200000001,5.310944312117843,0
7.563135000000003,5.153771582052348,0
7.570695400000002,5.2729213009106,0
7.580481500000001,5.482837378116464,0
7.590492600000001,5.596228086525299,0
7.6004830000000005,5.695979388205552,0
7.610413900000001,5.850167785342203,0
7.620495400000003,6.0829163286647,7.999999986907369e-07
7.633604400000003,6.260821133074819,0.013144399999998058
7.640585100000003,6.485423557459608,0.020036799999999744
7.650576700000002,6.731071475665324,0.030027499999999208
7.660453,6.901511052181899,0.0400149999999968
7.6704494000000025,7.077492898532053,0.04999559999999903
7.683229300000001,6.9449799844945455,0.06271569999999826
7.6972384,7.224683297447398,0.07675629999999956
7.710727600000002,7.293918879685199,0.09025439999999918
7.711394900000002,7.3055391338252935,0.09093929999999872
7.7204789,7.542892112532513,0.10003599999999935
7.7306688,7.6159692035057525,0.1101335999999975
7.7407467000000025,7.482660849647961,0.12013359999999906
7.750577400000001,7.677540237620285,0.130065799999997
7.760443700000003,7.7522428396548655,0.14000139999999917
7.7704223,8.03395126240779,0.149953
7.783807100000001,7.968833879342992,0.16333769999999959
7.797034500000002,8.11295656128866,0.17657879999999793
7.8113016,8.08651605131745,0.19078089999999648
7.811970000000002,8.166155927514222,0.1915510999999981
7.820445600000003,8.099723086052473,0.19996749999999963
7.830485800000002,8.08651605131745,0.20997429999999895
7.840472700000003,8.192915634959567,0.2199586999999994
7.850496400000001,8.260285077108826,0.22999949999999814
7.860599700000002,8.397061988565584,0.24015329999999935
7.870428,7.652837914252965,0.24996989999999997
7.882973300000003,8.67896086002344,0.2625088999999967
7.896318300000001,8.564846436085226,0.27586279999999874
7.900491800000001,8.550710084276984,0.2799993999999977
7.910398800000003,8.751215137895052,0.2899499999999975
7.920462000000001,8.693353970055812,0.30000869999999935
7.930544700000002,8.751215137895052,0.3100293999999977
7.940545700000001,8.824195583331818,0.3200089999999989
7.950434000000001,8.751215137895052,0.3299871999999979
7.960410800000002,8.67896086002344,0.3399602999999978
7.970480600000002,8.809541051581752,0.35002099999999814
7.9806062,8.809541051581752,0.360060899999997
7.990604300000001,8.94249296807631,0.3700828999999999
8.000430000000001,8.957413669740566,0.3799898999999982
8.0106204,9.077859687091145,0.39011399999999696
8.024902400000002,9.16946735002452,0.4044472999999975
8.0306952,9.26218092712718,0.4100816999999992
8.040500000000002,9.154122964824467,0.419978399999998
8.050608200000003,9.184842454704212,0.4300331999999969
8.061056100000002,9.16946735002452,0.44057509999999667
8.070733,9.498891256878826,0.45025779999999926
8.080598300000002,9.27774164451191,0.46007749999999703
8.090735300000002,9.200248340363991,0.4701058999999965
8.100573200000003,9.26218092712718,0.4800305999999992
8.110481200000002,9.231152701241395,0.4899895999999977
8.1208107,9.403354130994348,0.5002806
8.131145400000001,9.482888682273867,0.5105788999999987
8.140992400000002,9.482888682273867,0.5205166999999982
8.150487900000002,9.70986358518506,0.5299960999999982
8.160724300000002,10.062467506865458,0
8.174957500000001,10.629068884658762,0
8.181144300000003,9.842445630505686,2.099999999671809e-06
8.1952694,10.011184305278535,0
8.211648500000003,10.0282445284255,0
8.212349600000003,10.062467506865458,0
8.2211013,10.045338906161959,0
8.230751700000003,10.466030194963013,0
8.241160200000003,10.430196189971806,0
8.250920700000002,10.288284968133446,0
8.260848300000003,9.994158168480158,1.999999998503199e-06
8.2771763,10.358956758122659,0
8.294352400000001,10.394505234710364,0
8.295242900000002,10.323550191432286,0
8.300931700000003,10.484001020187893,0
8.310739100000003,10.323550191432286,0
8.3208047,10.131325511697408,0
8.3306666,10.114059332608491,0
8.3406819,10.200736589911823,0
8.350656500000003,10.376713222184142,0
8.360543,10.305899947177094,0
8.370602000000002,10.448095275470884,0
8.3806626,10.484001020187893,0
8.3907247,10.538129649812095,0
8.400575900000003,10.448095275470884,0
8.410482100000003,10.200736589911823,0
8.420755100000001,10.376713222184142,0
8.431054600000003,10.665699973533705,0
8.440889700000003,10.412332866869404,0
8.4508644,10.57439625326279,0
8.4610956,10.556244818241767,0
8.470874100000003,10.757921311448747,0
8.4805724,10.57439625326279,0
8.490869700000001,10.684070537921636,0
8.5008412,10.592584027480942,0
8.5106563,10.448095275470884,0
8.520696000000001,10.720922074010135,0
8.530633100000003,10.869811163624185,0
8.540705500000001,10.813698403261705,0
8.551121600000002,10.869811163624185,0
8.5606674,10.907407150123706,0
8.5704767,10.57439625326279,0
8.5807231,11.021101638525018,0
8.595249300000003,11.429950433021594,0
8.601136,10.869811163624185,0
8.615042200000001,11.002057685548928,0
8.628697800000001,11.059303998863323,0
8.6308082,11.136168679632782,0
8.640817900000002,10.92626161260162,0
8.654727700000002,10.983051782416258,0
8.6606132,11.04018371752037,0
8.6761467,11.078462559035042,0
8.680807400000003,11.04018371752037,0
8.6906745,10.983051782416258,0
8.706164000000001,10.888590358886962,0
8.710570100000002,11.002057685548928,0
8.7243366,10.983051782416258,0
8.7394259,11.04018371752037,0
8.753147000000002,10.888590358886962,0
8.7540063,10.92626161260162,0
8.768627200000001,10.813698403261705,0
8.770673300000002,10.70247788020399,0
8.7807092,10.869811163624185,0
8.7907018,10.813698403261705,0
8.800544900000002,10.851069489218567,0
8.811236800000003,10.776476503078216,0
8.820607000000003,11.059303998863323,0
8.833890200000003,10.888590358886962,0
8.8488605,10.869811163624185,0
8.850896000000002,10.964083853103384,0
8.8608474,10.776476503078216,0
8.870656700000001,10.851069489218567,0
8.8806522,10.907407150123706,0
8.890954,10.776476503078216,0
8.900522800000001,10.665699973533705,0
8.910612400000002,10.57439625326279,0
8.920645400000002,10.665699973533705,0
8.930909600000003,10.484001020187893,0
8.9406773,10.57439625326279,0
8.950568500000003,10.556244818241767,0
8.960700300000003,10.610808213647339,0
8.970622800000001,10.79506884222607,0
8.980817700000003,10.57439625326279,0
8.990710100000001,10.011184305278535,0
9.000527400000003,10.57439625326279,0
9.010984500000003,10.484001020187893,0
9.0206616,10.484001020187893,0
9.030838800000001,10.448095275470884,0
9.040783300000001,10.323550191432286,0
9.050623300000002,10.341235771500035,0
9.060595600000003,10.945153821738554,0
9.070652500000001,10.466030194963013,0
9.080742200000003,10.592584027480942,0
9.090735500000001,10.57439625326279,0
9.100569100000001,10.520050675513097,0
9.1105598,10.394505234710364,0
9.120659900000003,10.341235771500035,0
9.130714600000001,10.165961639818944,0
9.1412045,10.412332866869404,0
9.150573000000001,10.376713222184142,0
9.1606412,10.448095275470884,0
9.170677900000001,10.538129649812095,0
9.1806272,10.70247788020399,0
9.190705600000001,10.757921311448747,0
9.200671100000001,11.155481122997937,0
9.215682900000001,11.04018371752037,0
9.220543000000003,11.174832229900465,0
9.2307828,11.390268448168516,0
9.240738400000001,11.097659474669772,0
9.2505746,10.92626161260162,0
9.2643898,10.851069489218567,0
9.2705625,10.739403193116889,0
9.280907600000003,10.869811163624185,0
9.2908276,11.04018371752037,0
9.306073300000001,11.116894822555212,0
9.3107054,11.155481122997937,0
9.320671500000003,11.272170432059934,0
9.330657600000002,11.390268448168516,0
9.340587500000002,11.390268448168516,0
9.350628700000001,11.44985102784893,0
9.3606975,11.174832229900465,0
9.3706937,11.350744874221816,0
9.380824,11.44985102784893,0
9.390698200000003,11.429950433021594,0
9.400578900000003,11.509792177642064,0
9.410699100000002,11.41008959960924,0
9.4206751,11.469791463693667,0
9.4312389,11.489771820317557,0
9.440783500000002,11.69178869158578,0
9.450567900000003,11.549953214879066,0
9.460645000000003,11.41008959960924,0
9.4707085,11.469791463693667,0
9.480650700000002,11.350744874221816,0
9.490653700000003,11.350744874221816,0
9.5005333,11.489771820317557,0
9.510544300000003,11.753185830962098,0
9.520561800000003,11.429950433021594,0
9.530658000000003,11.390268448168516,0
9.5406674,11.753185830962098,0
9.550616600000001,11.509792177642064,0
9.560546300000002,11.489771820317557,0
9.5705655,11.712213486956044,0
9.5807231,11.590275217982127,0
9.591043300000003,11.390268448168516,0
9.600708800000003,11.44985102784893,0
9.610541100000003,11.489771820317557,0
9.6206408,11.174832229900465,0
9.630735300000001,11.059303998863323,0
9.640669600000003,11.233118306652,0
9.650690200000003,11.194222077744826,0
9.660629200000002,11.059303998863323,0
9.670587700000002,11.059303998863323,0
9.680683600000002,10.629068884658762,0
9.6953092,10.945153821738554,0
9.7008117,10.520050675513097,0
9.7107536,10.25316052398179,0
9.720680500000004,10.25316052398179,0
9.730925200000005,10.323550191432286,0
9.740524000000004,9.875923924978945,1.9999999949504854e-06
9.753849800000001,10.011184305278535,0
9.769406300000004,9.926393124720537,2.0000000020559128e-06
9.7840114,9.644363824876494,0.014594700000003513
9.784626300000003,9.660689672932362,0.015252300000000218
9.790505,9.75933342781462,0.021040400000003956
9.800406800000001,9.94328359581091,0.030983200000001432
9.810629500000001,10.011184305278535,0
9.826642000000003,9.926393124720537,2.099999996119095e-06
9.8427927,9.75933342781462,0.016146399999996675
9.843458200000004,8.927602077993871,0.016930999999999585
9.860245600000002,10.165961639818944,0
9.861079300000004,9.792478607692077,2.1000000032245225e-06
9.877577599999999,10.011184305278535,0
9.895328500000002,10.466030194963013,0
9.896143500000004,9.792478607692077,2.199999997287705e-06
9.911543900000002,9.74281048940505,0.015421199999998692
9.912300599999998,10.062467506865458,0
9.927166199999998,9.74281048940505,1.700000005655511e-06
9.940800300000003,9.977166049925785,0.01358019999999982
9.941364799999999,9.70986358518506,0.014232700000000875
9.950553100000004,10.288284968133446,0
9.964401300000002,9.74281048940505,1.6999999985500835e-06
9.978749699999998,9.842445630505686,0.014366400000000112
9.980705000000004,10.079630399050409,0
9.995005200000005,9.994158168480158,2.099999996119095e-06
10.010339300000002,10.25316052398179,0
10.011101300000004,9.74281048940505,1.9999999949504854e-06
10.0255671,10.011184305278535,0
10.039988699999999,9.994158168480158,1.5999999973814738e-06
10.041007400000002,10.09682765136841,0
10.0563417,9.909536400813906,1.8999999937818757e-06
10.0705864,10.0282445284255,0
10.071242300000005,9.859168038600663,1.900000000887303e-06
10.084996499999999,9.498891256878826,0.013682400000000428
10.0904469,9.51492586865949,0.019141900000001044
10.100524500000002,9.74281048940505,0.029169400000000678
10.110593300000001,10.18333172739613,0
10.126731100000004,9.482888682273867,2.2999999984563146e-06
10.1409536,9.909536400813906,0.014167100000001653
10.141577600000002,9.994158168480158,0.014917799999999204
10.150523600000003,9.72632056384844,0.023800399999998945
10.160456200000002,9.909536400813906,0.03369509999999565
10.170434000000004,9.644363824876494,0.04373590000000149
10.180596500000004,9.51492586865949,0.053861099999998885
10.190420900000003,9.70986358518506,0.06369829999999865
10.200573100000003,9.74281048940505,0.07384599999999608
10.210453900000001,9.77588944516893,0.08373999999999882
10.220639899999998,9.994158168480158,0.09389889999999923
10.2307096,10.011184305278535,0
10.2448217,9.30895659937976,2.7000000031307536e-06
10.2584549,9.70986358518506,0.013669100000001322
10.260516400000004,9.644363824876494,0.015758300000001668
10.270445599999999,9.530992581754338,0.025685400000000413
10.280478800000001,9.57938597223622,0.03568250000000006
10.290569800000004,9.693439487586987,0.04572130000000385
10.3004286,9.842445630505686,0.05564380000000568
10.310347400000001,9.74281048940505,0.06560699999999997
10.3204892,9.482888682273867,0.07572300000000354
10.330702400000003,9.51492586865949,0.08581560000000366
10.341074200000005,9.595581734544421,0.09621650000000415
10.350664400000003,9.595581734544421,0.10579950000000338
10.360572999999999,9.530992581754338,0.11572860000000418
10.370739500000003,9.450979388677672,0.12590630000000402
10.3807236,9.842445630505686,0.13592360000000525
10.390759300000003,9.595581734544421,0.14594150000000639
10.400573000000005,9.466918080834294,0.15571790000000618
10.4108391,9.660689672932362,0.1660069000000064
10.420485799999998,9.482888682273867,0.17568930000000194
10.431088400000004,9.419197477321548,0.1862346000000059
10.441010100000003,9.482888682273867,0.19623610000000014
10.4503928,9.51492586865949,0.2056180000000012
10.4605639,9.435072542049229,0.2157927000000015
10.470908900000001,9.482888682273867,0.22614410000000618
10.4804791,9.435072542049229,0.23566380000000464
10.491176200000002,9.482888682273867,0.24632770000000193
10.5004897,9.482888682273867,0.2556685999999999
10.510380000000001,9.200248340363991,0.2656417000000033
10.520481800000002,9.387542439694219,0.27572460000000376
10.530465199999998,9.482888682273867,0.28563580000000144
10.540597899999998,9.482888682273867,0.29567240000000083
10.550413200000005,9.482888682273867,0.3056440000000009
10.560400099999999,9.530992581754338,0.3156472000000008
10.570722900000003,9.54709146043023,0.32596420000000137
10.580549300000005,9.482888682273867,0.33578460000000376
10.590503600000002,9.51492586865949,0.34569730000000476
10.600477700000003,9.466918080834294,0.3556765000000013
10.610439799999998,9.693439487586987,0.36569590000000574
10.6205933,9.482888682273867,0.37580520000000206
10.630499600000004,9.62807059588681,0.38570340000000414
10.640666800000002,9.482888682273867,0.3958649000000065
10.650402500000002,9.644363824876494,0.40563410000000033
10.660374700000002,9.72632056384844,0.41560740000000607
10.670538699999998,9.563222569082706,0.4257709000000034
10.680511300000003,9.677048205357805,0.4356817000000035
10.691081800000003,10.851069489218567,0
10.7054856,9.75933342781462,1.700000005655511e-06
10.7200533,9.51492586865949,0.01450420000000463
10.720641099999998,9.693439487586987,0.015190300000000434
10.730541500000005,9.57938597223622,0.02499580000000634
10.7406228,9.72632056384844,0.03505770000000297
10.750431000000003,9.54709146043023,0.04494370000000458
10.760380900000005,9.77588944516893,0.0548935000000057
10.770467,9.482888682273867,0.0649248
10.780592500000001,9.660689672932362,0.07509520000000691
10.790459100000003,9.482888682273867,0.08490870000000683
10.800464999999999,9.54709146043023,0.09494040000000581
10.810448600000004,9.693439487586987,0.10491460000000075
10.820548400000003,9.62807059588681,0.11504170000000613
10.830525000000005,9.70986358518506,0.12501600000000224
10.8404542,9.403354130994348,0.1349316000000016
10.850469100000002,9.563222569082706,0.14493580000000605
10.860435500000005,9.62807059588681,0.15492040000000173
10.870500799999999,9.62807059588681,0.1650008000000014
10.8804026,9.57938597223622,0.17488540000000086
10.8905591,9.693439487586987,0.18502390000000446
10.900396400000002,9.842445630505686,0.19489890000000543
10.9104304,9.693439487586987,0.20490720000000096
10.920563400000002,9.842445630505686,0.21500770000000102
10.9304934,9.660689672932362,0.224960700000004
10.940428,9.994158168480158,0.23491220000000368
10.950983699999998,10.288284968133446,0
10.966433500000004,9.926393124720537,1.9999999949504854e-06
10.979623499999999,9.74281048940505,0.01318239999999804
10.9805819,9.859168038600663,0.014132599999996387
10.990598899999998,9.926393124720537,0.02414909999999537
11.000591100000005,10.011184305278535,0
11.015635300000003,9.977166049925785,2.3999999996249244e-06
11.028920799999998,9.825756633804376,0.01332790000000017
11.0304787,9.94328359581091,0.01492969999999616
11.040498700000004,9.94328359581091,0.02491389999999427
11.050612400000002,10.011184305278535,0
11.065138800000003,9.977166049925785,1.6999999985500835e-06
11.0785594,9.466918080834294,0.013353000000002169
11.080462900000004,9.70986358518506,0.015286000000003241
11.090545500000001,9.994158168480158,0.025360400000003835
11.100449600000001,9.75933342781462,0.03530310000000014
11.1105969,9.693439487586987,0.045422199999997304
11.120413500000002,9.595581734544421,0.05528929999999832
11.130441200000003,9.77588944516893,0.0653055000000009
11.140424499999998,9.74281048940505,0.07524560000000236
11.150585000000003,10.114059332608491,0
11.165622000000003,9.809100981740718,1.5000000033182914e-06
11.1794209,10.305899947177094,0
11.194375500000003,10.18333172739613,0
11.1951262,10.09682765136841,0
11.200835700000003,10.011184305278535,0
11.210392000000002,9.032466444874892,2.0000000020559128e-06
11.223914400000002,9.909536400813906,0.013538300000000447
11.230394700000002,9.842445630505686,0.02003119999999825
11.240415899999999,9.994158168480158,0.030025899999998273
11.250519,8.736706421172222,0.040124499999997454
11.2635471,10.011184305278535,0
11.280175199999999,10.18333172739613,0
11.281226100000001,10.131325511697408,0
11.290622700000004,9.842445630505686,2.2000000043931323e-06
11.3038092,9.909536400813906,0.013243600000002687
11.310391400000004,9.825756633804376,0.01986190000000221
11.320764300000004,10.09682765136841,0
11.335219200000001,10.0282445284255,0
11.340623099999998,9.825756633804376,1.8999999937818757e-06
11.356788400000003,10.0282445284255,0
11.3738317,10.165961639818944,0
11.374607200000003,9.450979388677672,1.5000000033182914e-06
11.3903535,9.403354130994348,0.0156565999999998
11.391036000000003,9.54709146043023,0.016410900000003892
11.400473700000003,9.498891256878826,0.025808400000002507
11.410479300000002,9.74281048940505,0.03581180000000472
11.420502000000003,9.89271335666411,0.04580010000000101
11.430578700000002,9.74281048940505,0.055836700000000405
11.440552200000003,9.909536400813906,0.06587439999999845
11.450427100000002,9.482888682273867,0.0758055000000013
11.460333700000003,9.70986358518506,0.08572380000000379
11.470418400000003,9.563222569082706,0.09579760000000448
11.480632000000004,10.011184305278535,0
11.494807400000003,10.062467506865458,0
11.500497400000004,9.215685068627405,1.5000000033182914e-06
11.514112900000004,9.909536400813906,0.013621100000001718
11.520486200000004,9.371762340174383,0.020018700000001388
11.530505600000001,9.977166049925785,0.03000430000000165
11.540585400000001,9.77588944516893,0.04001540000000148
11.550494400000002,9.859168038600663,0.05002290000000187
11.560402,9.595581734544421,0.05995860000000164
11.570501000000004,9.792478607692077,0.07002700000000317
11.580443200000001,9.825756633804376,0.07995480000000299
11.590537600000001,9.466918080834294,0.08999529999999822
11.600461800000001,9.387542439694219,0.10000939999999758
11.610379599999998,9.61180992079036,0.10993990000000053
11.620457300000002,9.644363824876494,0.12000900000000314
11.630685600000003,9.30895659937976,0.13008829999999705
11.640488000000001,9.450979388677672,0.13997919999999908
11.650469400000002,9.660689672932362,0.1499615000000034
11.660418199999999,9.595581734544421,0.1599398999999977
11.670527199999999,9.419197477321548,0.17003110000000277
11.680871499999999,9.677048205357805,0.18034120000000087
11.690539300000001,9.498891256878826,0.19003500000000173
11.700376200000004,9.72632056384844,0.19991389999999853
11.710444400000004,9.482888682273867,0.2099410000000006
11.7205185,9.57938597223622,0.21999919999999662
11.730584799999999,9.62807059588681,0.23008279999999814
11.7404568,9.74281048940505,0.23994350000000253
11.750465600000002,9.926393124720537,0.24999199999999888
11.760715999999999,10.011184305278535,0
11.775694500000004,9.994158168480158,1.6999999985500835e-06
11.789773700000001,9.977166049925785,0.014109899999994013
11.7907817,9.859168038600663,0.01507519999999829
11.800549100000001,10.0282445284255,0
11.814855900000001,10.011184305278535,0
11.820445100000004,9.909536400813906,1.6000000044869012e-06
11.8340827,10.062467506865458,0
11.849475899999998,10.011184305278535,0
11.8507036,10.2707051838414,0
11.860774000000003,10.011184305278535,0
11.870844299999998,10.045338906161959,0
11.8808769,10.200736589911823,0
11.8907864,10.200736589911823,0
11.900673100000002,10.062467506865458,0
11.910899699999998,10.25316052398179,0
11.9206367,10.200736589911823,0
11.9306813,10.376713222184142,0
11.940751100000004,10.305899947177094,0
11.9506038,10.23565091837597,0
11.960548300000003,10.200736589911823,0
11.970524999999999,10.323550191432286,0
11.980649000000003,10.25316052398179,0
11.991208500000003,10.25316052398179,0
12.000592399999999,10.305899947177094,0
12.010487200000004,9.123526107475662,1.7999999997186933e-06
12.023880299999998,10.323550191432286,0
12.039991000000004,10.23565091837597,0
12.040760200000005,10.2707051838414,0
12.050642100000001,10.448095275470884,0
12.0605339,10.218176296985487,0
12.070600100000004,10.200736589911823,0
12.080574899999998,10.2707051838414,0
12.090798000000003,10.25316052398179,0
12.100766700000005,10.25316052398179,0
12.110647700000005,10.2707051838414,0
12.1210378,10.2707051838414,0
12.1308288,10.394505234710364,0
12.140669400000004,10.341235771500035,0
12.150748100000005,10.131325511697408,0
12.160548800000004,10.09682765136841,0
12.170729400000003,10.045338906161959,0
12.180857800000002,10.011184305278535,0
12.190683000000003,9.792478607692077,2.2000000043931323e-06
12.2060292,9.677048205357805,0.015318399999998178
12.210745400000004,9.859168038600663,0.02007470000000211
12.220580200000004,9.61180992079036,0.02991039999999856
12.230721900000002,9.74281048940505,0.04001050000000106
12.2408495,10.011184305278535,0
12.256943799999998,9.70986358518506,2.300000005561742e-06
12.274422600000005,10.448095275470884,0
12.275203399999999,9.57938597223622,2.500000000793534e-06
12.290188600000004,9.825756633804376,0.015002199999997856
12.290942900000001,10.18333172739613,0
12.3071224,10.011184305278535,0
12.310336700000004,9.94328359581091,1.700000005655511e-06
12.323632900000003,9.644363824876494,0.013290900000001216
12.3305598,9.72632056384844,0.020114400000004196
12.340430800000004,9.62807059588681,0.030072200000006433
12.3504386,9.51492586865949,0.040100200000004804
12.3603785,9.26218092712718,0.050047200000001624
12.370462700000001,9.32461096172274,0.06009730000000246
12.380456800000001,8.94249296807631,0.070077100000006
12.395187500000002,8.987344746665283,0.08483780000000252
12.400452699999999,9.340296664120023,0.09010830000000425
12.413464399999999,9.215685068627405,0.10303340000000105
12.420609899999999,9.215685068627405,0.110282600000005
12.430400800000005,9.27774164451191,0.12000689999999992
12.440468900000003,9.246651300076511,0.1300714000000056
12.450496600000005,9.32461096172274,0.1400640000000024
12.4605025,9.371762340174383,0.15012000000000114
12.470962000000004,9.403354130994348,0.16058639999999968
12.4805204,9.215685068627405,0.17012370000000487
12.490449900000005,9.184842454704212,0.18006180000000427
12.5004643,9.184842454704212,0.19007140000000078
12.5103525,9.09305139310744,0.2000330000000048
12.520513900000001,8.579011088888649,0.21015420000000518
12.5346625,8.927602077993871,0.2243468000000064
12.5404929,8.751215137895052,0.2301186000000044
12.5505471,8.987344746665283,0.240166600000002
12.560469200000004,8.66459650744409,0.2501410000000064
12.570429300000004,8.824195583331818,0.26009470000000334
12.580535000000001,8.650260854860331,0.2701509000000044
12.590528000000003,8.707775895113674,0.2800968000000026
12.6004136,8.853592720743801,0.2900695000000013
12.610442700000004,8.765752901088112,0.30012150000000304
12.620416500000001,8.621675420423669,0.3100680000000011
12.630600900000001,8.550710084276984,0.32014970000000176
12.640555299999999,8.522522057577296,0.33015200000000533
12.650484899999999,8.314667798570671,0.34011170000000135
12.6604067,8.536601976918485,0.35005230000000154
12.670424800000003,8.369487326701252,0.36006970000000393
12.680513399999999,8.060181092143798,0.3701129000000023
12.690563700000002,7.815183446581865,0.3801532000000023
12.703793200000003,7.94296870865388,0.39345360000000085
12.710455499999998,8.047053062365295,0.40013330000000025
12.724793100000003,7.865991073689227,0.4144339000000059
12.740194400000004,7.815183446581865,0.4297535000000039
12.740908399999999,7.878756617124858,0.43053480000000377
12.750405500000003,7.94296870865388,0.4400818000000015
12.760385000000003,8.166155927514222,0.45006940000000384
12.7750174,7.3055391338252935,0.4646113000000014
12.7902491,8.073335404255426,0.47986840000000086
12.790922500000004,7.891547717195478,0.4806114000000008
12.806689899999999,7.840536452576179,0.4963606000000027
12.810425599999999,7.739730070915215,0.5000787000000031
12.820428600000003,7.167618265175428,0.5100814000000042
12.830466300000001,7.293918879685199,0.5201343000000023
12.840460199999999,7.518727305915347,0.5300846000000021
12.850401300000005,7.482660849647961,0.5400648000000032
12.860487000000003,7.09988923293321,0.5501103
12.870503600000003,6.86913680573084,0.5601118000000014
12.883415100000004,9.977166049925785,0.5730792000000022
12.896574900000001,6.934080128015318,0.5862341000000058
12.9104202,6.86913680573084,0.6000670000000028
12.910987700000003,6.8262721983256105,0.6006817000000026
12.920443299999999,6.966845205721355,0.6100867000000036
12.930458300000002,6.966845205721355,0.6200786000000065
12.940487900000004,7.213224593376143,0.6300891000000064
12.952918,6.901511052181899,0.6425312000000005
12.9664665,7.077492898532053,0.6560084000000046
12.978814700000004,6.762614839982228,0.6685080000000028
12.993114100000003,6.890698046687361,0.6827778000000038
12.993871500000001,6.9449799844945455,0.6835168000000067
13.000432700000001,6.923202049463866,0.6900769000000011
13.0107867,6.783749139762662,0.7004353000000023
13.020448500000004,7.01083890754158,0.7100657000000012
13.0337171,6.783749139762662,0.7233915000000053
13.047191000000002,7.055185970536476,0.7368356000000063
13.0597885,7.122375332081784,0.7494482000000033
13.060455999999999,7.293918879685199,0.7501343000000062
13.070468000000002,7.213224593376143,0.7601346000000007
13.080364800000002,7.293918879685199,0.7700115000000025
13.090411200000002,7.293918879685199,0.7800156000000058
13.100497999999998,7.224683297447398,0.7901332000000068
13.110359599999999,7.567153771952609,0.8000032000000061
13.120591900000004,7.423028897842612,0.8101991000000055
13.130482600000004,7.293918879685199,0.8201520000000002
13.140446999999998,7.224683297447398,0.8300900000000055
13.150439800000004,7.236164941859489,0.840120000000006
13.160410700000003,7.09988923293321,0.8500714000000045
13.1704702,7.293918879685199,0.8601076000000063
13.180502,6.9449799844945455,0.8700443000000035
13.1935902,7.190375823008391,0.8832447999999999
13.207286800000002,7.328849479972434,0.8968109000000055
13.210367800000004,7.213224593376143,0.9000495000000015
13.220437700000002,7.375750831076357,0.9100692000000024
13.230525600000004,7.259197235504502,0.9200965000000068
13.240629600000002,7.144951555755833,0.9302129000000008
13.250551600000005,7.122375332081784,0.9401149000000046
13.260518800000003,7.190375823008391,0.9501657000000066
13.270438500000001,7.224683297447398,0.9601086000000052
13.280410499999999,7.066328281073982,0.9700393000000034
13.290530400000005,7.1789856653167865,0.9801300000000026
13.300441600000003,7.190375823008391,0.9900800000000061
13.310466299999998,7.1336521558107355,1.0001026000000053
13.320693200000004,7.236164941859489,1.0001026000000053
13.331912599999999,9.09305139310744,1.0001026000000053
13.347832499999999,7.077492898532053,1.0001026000000053
13.3507098,6.966845205721355,1.0001026000000053
13.3606004,6.955901662500982,1.0001026000000053
13.370875700000003,6.934080128015318,1.0001026000000053
13.380707500000003,6.879906645592216,1.0001026000000053
13.390615300000004,7.09988923293321,1.0001026000000053
13.4005087,7.144951555755833,1.0001026000000053
13.410638299999999,7.224683297447398,1.0001026000000053
13.420604800000003,7.1789856653167865,1.0001026000000053
13.4305238,7.1336521558107355,1.0001026000000053
13.4409794,7.066328281073982,1.0001026000000053
13.4509219,6.966845205721355,1.0001026000000053
13.4606094,6.988798062988308,1.0001026000000053
13.470699900000003,7.055185970536476,1.0001026000000053
13.481105700000004,7.044065922350272,1.0001026000000053
13.490646700000003,7.09988923293321,1.0001026000000053
13.5007518,7.259197235504502,1.0001026000000053
13.510583300000004,7.518727305915347,1.0001026000000053
13.5205485,7.293918879685199,1.0001026000000053
13.530685100000003,7.840536452576179,1.0001026000000053
13.540747400000004,8.369487326701252,1.0001026000000053
13.550635000000003,7.853251035826392,1.0001026000000053
13.560809500000001,7.789931650057636,1.0001026000000053
13.570558200000004,8.273839997665297,1.0001026000000053
13.580624400000001,7.968833879342992,1.0001026000000053
13.590683100000003,8.369487326701252,1.0001026000000053
13.6007419,8.260285077108826,1.0001026000000053
13.6104642,8.152816159873417,1.0001026000000053
13.620574100000002,7.878756617124858,1.0001026000000053
13.630578700000004,7.764780658974222,1.0001026000000053
13.6405895,7.994802717912391,1.0001026000000053
13.6507368,8.301031304013586,1.0001026000000053
13.660512300000004,8.152816159873417,1.0001026000000053
13.670502000000003,8.342022743180927,1.0001026000000053
13.680587200000002,8.21978259559808,1.0001026000000053
13.690760300000004,8.438631343854855,1.0001026000000053
13.700611400000003,8.08651605131745,1.0001026000000053
13.7105712,8.152816159873417,1.0001026000000053
13.7206765,7.802544922425701,1.0001026000000053
13.731168,7.878756617124858,1.0001026000000053
13.740703300000003,8.007826142431599,1.0001026000000053
13.750841400000002,8.073335404255426,1.0001026000000053
13.760552200000003,8.508470269933717,1.0001026000000053
13.770764400000001,8.08651605131745,1.0001026000000053
13.780801499999999,8.08651605131745,1.0001026000000053
13.790634300000004,8.099723086052473,1.0001026000000053
13.800478000000002,8.08651605131745,1.0001026000000053
13.810593,8.126216529959919,1.0001026000000053
13.8205797,8.522522057577296,1.0001026000000053
13.8305769,8.494446557780574,1.0001026000000053
13.840707400000003,8.369487326701252,1.0001026000000053
13.850602400000003,8.08651605131745,1.0001026000000053
13.860490600000002,8.260285077108826,1.0001026000000053
13.870560000000001,8.342022743180927,1.0001026000000053
13.880587600000002,8.233256430132531,1.0001026000000053
13.8905997,7.994802717912391,1.0001026000000053
13.900690900000004,7.665176724779058,1.0001026000000053
13.910519099999998,7.917206792001785,1.0001026000000053
13.920601100000003,7.482660849647961,1.0001026000000053
13.930647500000003,7.865991073689227,1.0001026000000053
13.9407331,6.966845205721355,1.0001026000000053
13.950654000000004,7.45873648687406,1.0001026000000053
13.960542900000004,7.542892112532513,1.0001026000000053
13.970727100000001,7.1789856653167865,1.0001026000000053
13.980624600000002,7.077492898532053,1.0001026000000053
13.991023000000002,6.901511052181899,1.0001026000000053
14.000669300000002,7.066328281073982,1.0001026000000053
14.010682800000001,6.804968146042268,1.0001026000000053
14.020762000000001,6.923202049463866,1.0001026000000053
14.030888800000003,6.988798062988308,1.0001026000000053
14.040827500000002,6.606773699795757,1.0001026000000053
14.050763499999999,6.815609520161351,1.0001026000000053
14.060839000000005,6.923202049463866,1.0001026000000053
14.070817900000005,6.86913680573084,1.0001026000000053
14.080895800000004,6.773171422726079,1.0001026000000053
14.091090900000001,7.032968092035166,1.0001026000000053
14.100995999999999,6.86913680573084,1.0001026000000053
14.110739400000003,7.088679867569163,1.0001026000000053
14.120740999999999,7.055185970536476,1.0001026000000053
14.130757900000003,6.934080128015318,1.0001026000000053
14.1405839,7.1789856653167865,1.0001026000000053
14.1506996,7.190375823008391,1.0001026000000053
14.160643100000005,7.45873648687406,1.0001026000000053
14.1706653,7.190375823008391,1.0001026000000053
14.1806022,6.783749139762662,1.0001026000000053
14.190712900000005,6.586345887857524,1.0001026000000053
14.200517999999999,6.6272833866223495,1.0001026000000053
14.2106757,5.876409839490586,1.0001026000000053
14.221151700000004,5.956087363031768,1.0001026000000053
14.230555500000005,5.168457620876828,1.0001026000000053
14.240656500000004,4.933492164237235,1.0001026000000053
14.251039500000001,4.123859913704242,1.0001026000000053
14.260552,3.7254070853153176,1.0001026000000053
14.2706457,3.216973894025502,1.0001026000000053
14.280593,2.520675337760939,1.0001026000000053
14.290537500000003,1.8328151650548474,1.0001026000000053
14.3005818,1.6540090539608725,1.0001026000000053
14.310602300000003,1.5071728931678656,1.0001026000000053
14.320357000000005,1.4929614,1.0001026000000053
