0.00043170000000003483,1.4929614,0
0.010298300000002314,1.4929614,0
0.025177800000001582,1.4929614,0
0.030187099999999134,1.4929614,0
0.040128100000000444,1.4929614,0
0.05022209999999916,1.4929614,0
0.06037249999999972,1.4929614,0
0.07019100000000122,1.4929614,0
0.08045500000000061,1.4929614,0
0.09034079999999989,1.4929614,0
0.10031299999999987,1.4929614,0
0.11038180000000253,1.4929614,0
0.12019300000000044,1.4929614,0
0.13006710000000155,1.4929614,0
0.14015380000000022,1.4929614,0
0.15007200000000154,1.4929614,0
0.16021570000000196,1.4929614,0
0.1701738000000006,1.4929614,0
0.18013460000000237,1.4929614,0
0.1901381999999998,1.4929614,0
0.20011709999999994,1.4929614,0
0.21018839999999983,1.4929614,0
0.2200766999999999,1.4929614,0
0.23007550000000165,1.4929614,0
0.24017850000000251,1.4929614,0
0.25032910000000186,1.4929614,0
0.2601727999999994,1.4929614,0
0.2701545000000003,1.4929614,0
0.2800678000000012,1.4929614,0
0.2902333000000006,1.4929614,0
0.30017080000000007,1.4929614,0
0.31022199999999955,1.4929614,0
0.32006950000000245,1.4929614,0
0.3300711000000014,1.4929614,0
0.34027530000000183,1.4929614,0
0.3500626000000011,1.4929614,0
0.360163,1.4929614,0
0.37008730000000156,1.4929614,0
0.38012080000000026,1.4929614,0
0.3901582999999995,1.4929614,0
0.400084200000002,1.4929614,0
0.41020699999999977,1.4929614,0
0.4200934000000025,1.4929614,0
0.4301546999999992,1.4929614,0
0.4404204000000007,1.4929614,0
0.45018070000000066,1.4929614,0
0.4602082000000003,1.4929614,0
0.47008300000000247,1.4929614,0
0.48016010000000264,1.4929614,0
0.4902152000000015,1.4929614,0
0.5000686999999999,1.4929614,0
0.5101918000000012,1.4929614,0
0.5200719000000014,1.4929614,0
0.5301343000000003,1.4929614,0
0.5402817000000013,1.4929614,0
0.550112900000002,1.4929614,0
0.5603249000000012,1.4929614,0
0.5701511000000004,1.4929614,0
0.580105200000002,1.4929614,0
0.5903571999999997,1.4929614,0
0.6002170000000007,1.4929614,0
0.6102767,1.4929614,0
0.6201125000000012,1.4929614,0
0.6301763000000022,1.4929614,0
0.6401816999999994,1.4929614,0
0.6500507000000013,1.4929614,0
0.6602928000000006,1.4929614,0
0.670156900000002,1.4929614,0
0.6801783000000015,1.4929614,0
0.6903013000000016,1.4929614,0
0.7001241,1.4929614,0
0.7101906000000007,1.4929614,0
0.7201495000000016,1.4929614,0
0.7303025000000005,1.4929614,0
0.7401096000000003,1.4929614,0
0.7500643999999994,1.4929614,0
0.7602509000000026,1.4929614,0
0.7701419000000023,1.4929614,0
0.7803021000000001,1.4929614,0
0.7904171000000026,1.4929614,0
0.8001795000000023,1.4929614,0
0.8104326000000022,1.4929614,0
0.8201522000000026,1.4929614,0
0.8301557000000024,1.4929614,0
0.8402417,1.4929614,0
0.8501049999999992,1.4929614,0
0.8601609000000003,1.4929614,0
0.8701954000000001,1.4929614,0
0.8803228000000018,1.4929614,0
0.8902806000000005,1.4929614,0
0.9001683000000007,1.4929614,0
0.9102181999999992,1.4929614,0
0.9200876000000022,1.4929614,0
0.9301653999999999,1.4929614,0
0.9402267000000002,1.4929614,0
0.9500934000000001,1.4929614,0
0.9601676000000019,1.4929614,0
0.9701161999999997,1.4929614,0
0.9802193999999993,1.4929614,0
0.9904512000000025,1.4929614,0
1.000108100000002,1.4929614,0
1.010322600000002,1.4929614,0
1.0231577000000023,1.4929614,0
1.0302338000000013,1.4929614,0
1.0402631000000007,1.4929614,0
1.0501675000000006,1.4929614,0
1.0601796000000014,1.4929614,0
1.0703185000000026,1.4929614,0
1.080186900000001,1.4929614,0
1.0902698999999991,1.4929614,0
1.1003709000000015,1.4929614,0
1.1101808999999996,1.4929614,0
1.120082,1.4929614,0
1.1301376000000012,1.4929614,0
1.1401879000000008,1.4929614,0
1.1500871000000004,1.4929614,0
1.1604933000000024,1.4929614,0
1.1701198999999995,1.4929614,0
1.1801045000000023,1.4929614,0
1.1901755000000023,1.4929614,0
1.2000720000000022,1.4929614,0
1.2101415000000024,1.4929614,0
1.220175300000001,1.4929614,0
1.2302192000000005,1.4929614,0
1.2401605999999994,1.4929614,0
1.2501555999999994,1.4929614,0
1.2602620000000009,1.4929614,0
1.2701218999999995,1.4929614,0
1.2803821000000006,1.4929614,0
1.2901120000000006,1.4929614,0
1.3000868000000025,1.4929614,0
1.3101970000000023,1.4929614,0
1.3200900000000004,1.4929614,0
1.3302307000000013,1.4929614,0
1.3402309999999993,1.4929614,0
1.350071400000001,1.4929614,0
1.360262800000001,1.4929614,0
1.3701827000000009,1.4929614,0
1.3800942999999997,1.4929614,0
1.3901105000000022,1.4929614,0
1.400242800000001,1.4929614,0
1.4104089000000002,1.4929614,0
1.420262000000001,1.4929614,0
1.4302440999999995,1.4929614,0
1.4402971999999998,1.4929614,0
1.4501093000000012,1.4929614,0
1.4603199000000018,1.4929614,0
1.470109100000002,1.4929614,0
1.480139900000001,1.4929614,0
1.490195400000001,1.4929614,0
1.5001449000000022,1.4929614,0
1.5102578000000015,1.4929614,0
1.5200929999999993,1.4929614,0
1.5301205000000024,1.4929614,0
1.5401558000000009,1.4929614,0
1.5501775000000002,1.4929614,0
1.5602733999999998,1.4929614,0
1.5701090000000022,1.4929614,0
1.580089300000001,1.4929614,0
1.5901856999999993,1.4929614,0
1.6001806999999992,1.4929614,0
1.6102914000000013,1.4929614,0
1.6201302999999996,1.4929614,0
1.6301398999999996,1.4929614,0
1.6402151000000025,1.4929614,0
1.6502000000000017,1.4929614,0
1.6602092000000006,1.4929614,0
1.6701481999999999,1.4929614,0
1.6803449000000015,1.4929614,0
1.6902876000000013,1.4929614,0
1.7001297999999991,1.4929614,0
1.710258200000002,1.4929614,0
1.7201124000000014,1.4929614,0
1.730155100000001,1.4929614,0
1.7402532000000015,1.4929614,0
1.7501189000000004,1.4929614,0
1.7602598,1.4929614,0
1.7701227999999993,1.4929614,0
1.7801880000000025,1.4929614,0
1.7902427000000003,1.4929614,0
1.800128700000002,1.4929614,0
1.8102348,1.4929614,0
1.8200749000000016,1.4929614,0
1.8301827000000017,1.4929614,0
1.8401200000000024,1.4929614,0
1.8500636000000021,1.4929614,0
1.8602597000000003,1.4929614,0
1.8701317999999993,1.4929614,0
1.8801533,1.4929614,0
1.8902107000000008,1.4929614,0
1.9002181,1.4929614,0
1.9102251999999993,1.4929614,0
1.9200523000000018,1.4929614,0
1.9302744999999994,1.4929614,0
1.940146600000002,1.4929614,0
1.950071900000001,1.4929614,0
1.9602564000000022,1.4929614,0
1.9701167999999996,1.4929614,0
1.9802525000000024,1.4929614,0
1.9901923000000004,1.4929614,0
2.0001728000000014,1.4929614,0
2.010157200000002,1.4929614,0
2.020126900000001,1.4929614,0
2.0302054,1.4929614,0
2.0403112000000014,1.4929614,0
2.0502512999999993,1.4929614,0
2.060355900000001,1.4929614,0
2.0703753999999996,1.4929614,0
2.080241100000002,1.4929614,0
2.0903937,1.4929614,0
2.1000893000000005,1.4929614,0
2.1103144,1.4929614,0
2.1201030000000003,1.4929614,0
2.1300509000000005,1.4929614,0
2.140170300000001,1.4929614,0
2.1502084000000004,1.4929614,0
2.1602582000000012,1.4929614,0
2.1701450000000015,1.4929614,0
2.1800810000000013,1.4929614,0
2.1901094000000008,1.4929614,0
2.2002202000000004,1.4929614,0
2.2102438000000006,1.4929614,0
2.220040300000001,1.4929614,0
2.2300931000000013,1.4929614,0
2.240173600000002,1.4929614,0
2.2500868999999994,1.4929614,0
2.2601978000000003,1.4929614,0
2.270038500000002,1.4929614,0
2.2800905,1.4929614,0
2.2902720999999993,1.4929614,0
2.3000731000000023,1.4929614,0
2.310266800000001,1.4929614,0
2.320132600000001,1.4929614,0
2.33005,1.4929614,0
2.340136900000001,1.4929614,0
2.3502013999999996,1.4929614,0
2.3601522999999993,1.4929614,0
2.3700749000000023,1.4929614,0
2.3801203000000015,1.4929614,0
2.3903172999999995,1.4929614,0
2.4001149999999996,1.4929614,0
2.4101263000000017,1.4929614,0
2.4200979999999994,1.4929614,0
2.4301511,1.4929614,0
2.4403906000000006,1.4929614,0
2.4501766000000025,1.4929614,0
2.460180000000001,1.4929614,0
2.4701281,1.4929614,0
2.4801372000000015,1.4929614,0
2.4901435999999997,1.4929614,0
2.500073199999999,1.4929614,0
2.5104103,1.4929614,0
2.5201320000000003,1.4929614,0
2.5301164000000007,1.4929614,0
2.540194500000002,1.4929614,0
2.5501600000000018,1.4929614,0
2.560205100000001,1.4929614,0
2.5701560000000008,1.4929614,0
2.5800889,1.4929614,0
2.5901799000000025,1.4929614,0
2.600137700000001,1.4929614,0
2.6101761000000003,1.4929614,0
2.620093400000002,1.4929614,0
2.630304800000001,1.4929614,0
2.6403122000000003,1.4929614,0
2.6502774000000002,1.4929614,0
2.6604189,1.4929614,0
2.670247700000001,1.4929614,0
2.680347900000001,1.4929614,0
2.6903255,1.4929614,0
2.7001503000000007,1.4929614,0
2.710288200000001,1.4929614,0
2.7201296,1.4929614,0
2.7301801999999995,1.4929614,0
2.740226700000001,1.4929614,0
2.7500601000000024,1.4929614,0
2.7601976000000015,1.4929614,0
2.7702363000000005,1.4929614,0
2.7801215,1.4929614,0
2.790151699999999,1.4929614,0
2.8000741,1.4929614,0
2.8102020000000003,1.4929614,0
2.8200619000000025,1.4929614,0
2.8301234000000015,1.4929614,0
2.8402341,1.4929614,0
2.8500805000000007,1.4929614,0
2.8602954999999994,1.4929614,0
2.8701852999999993,1.4929614,0
2.8801570000000005,1.4929614,0
2.8902354000000017,1.4929614,0
2.900069900000002,1.4929614,0
2.910456700000001,1.4929614,0
2.920156200000001,1.4929614,0
2.9300616999999995,1.4929614,0
2.9402082000000007,1.4929614,0
2.950117500000001,1.4929614,0
2.960227100000001,1.4929614,0
2.970114200000001,1.4929614,0
2.9800998000000014,1.4929614,0
2.9903216000000015,1.4929614,0
3.0001405000000005,1.4929614,0
3.0101958000000018,1.4929614,0
3.020127500000001,1.4929614,0
3.030098800000001,1.4929614,0
3.040239500000002,1.4929614,0
3.050123899999999,1.4929614,0
3.0602177000000026,1.4929614,0
3.0701944999999995,1.4929614,0
3.0800924000000016,1.4929614,0
3.090227900000002,1.4929614,0
3.1000727999999995,1.4929614,0
3.1102103999999997,1.4929614,0
3.120153300000002,1.4929614,0
3.1300607000000014,1.4929614,0
3.140117,1.4929614,0
3.1501192000000025,1.4929614,0
3.1602193000000014,1.4929614,0
3.1700858000000025,1.4929614,0
3.180257100000002,1.4929614,0
3.1902545999999994,1.4929614,0
3.2001299000000003,1.4929614,0
3.2102190999999998,1.4929614,0
3.220162300000002,1.4929614,0
3.230197199999999,1.4929614,0
3.240252999999999,1.4929614,0
3.2500969000000026,1.4929614,0
3.2601688000000024,1.4929614,0
3.2700946,1.4929614,0
3.280106700000001,1.4929614,0
3.2903620999999994,1.4929614,0
3.300214199999999,1.4929614,0
3.310355600000001,1.4929614,0
3.3200766,1.4929614,0
3.3302991000000013,1.4929614,0
3.3402071000000007,1.4929614,0
3.350064700000001,1.4929614,0
3.3602419999999995,1.4929614,0
3.3700943000000017,1.4929614,0
3.3800763000000025,1.4929614,0
3.3901710000000023,1.4929614,0
3.4000897000000023,1.4929614,0
3.4102552000000017,1.4929614,0
3.4200446000000007,1.4929614,0
3.4300960000000025,1.4929614,0
3.440176900000001,1.4929614,0
3.4502820000000014,1.4929614,0
3.4602565,1.4929614,0
3.4701257000000005,1.4929614,0
3.480056900000001,1.4929614,0
3.4902463000000026,1.4929614,0
3.5000707999999996,1.4929614,0
3.510269300000001,1.4929614,0
3.5201493,1.4929614,0
3.5301442000000023,1.4929614,0
3.5401676,1.4929614,0
3.550097600000001,1.4929614,0
3.5602470000000004,1.4929614,0
3.5700854,1.4929614,0
3.5800858000000026,1.4929614,0
3.5901539000000007,1.4929614,0
3.6001675000000013,1.4929614,0
3.6102808999999993,1.4929614,0
3.620135000000001,1.4929614,0
3.6302021000000018,1.4929614,0
3.6401384000000014,1.4929614,0
3.6500897000000023,1.4929614,0
3.6602145999999998,1.4929614,0
3.6701206000000006,1.4929614,0
3.680189800000001,1.4929614,0
3.6902530999999996,1.4929614,0
3.7001629000000023,1.4929614,0
3.7102441000000006,1.4929614,0
3.7200954000000017,1.4929614,0
3.7300932000000024,1.4929614,0
3.7403369000000026,1.4929614,0
3.7500804000000016,1.4929614,0
3.7601390000000023,1.4929614,0
3.7700926999999993,1.4929614,0
3.780291300000002,1.4929614,0
3.7902568999999993,1.4929614,0
3.8001894000000007,1.4929614,0
3.8101252999999993,1.4929614,0
3.8200683000000026,1.4929614,0
3.8302378000000026,1.4929614,0
3.8403094000000024,1.4929614,0
3.850158799999999,1.4929614,0
3.8602209999999992,1.4929614,0
3.870100100000002,1.4929614,0
3.8801170999999997,1.4929614,0
3.8902099999999997,1.4929614,0
3.9000821000000023,1.4929614,0
3.910168600000002,1.4929614,0
3.9200829000000006,1.4929614,0
3.9301603000000007,1.4929614,0
3.940418700000002,1.4929614,0
3.9502881000000016,1.4929614,0
3.9603692000000024,1.4929614,0
3.9701437000000013,1.4929614,0
3.980096200000002,1.4929614,0
3.9901750000000007,1.4929614,0
4.000103200000002,1.4929614,0
4.0103258,1.4929614,0
4.0201198,1.4929614,0
4.030064800000002,1.4929614,0
4.040242299999999,1.4929614,0
4.050091999999999,1.4929614,0
4.0601983,1.4929614,0
4.0702696,1.4929614,0
4.080073900000002,1.4929614,0
4.090174000000001,1.4929614,0
4.100104099999999,1.4929614,0
4.110094500000002,1.4929614,0
4.120085100000001,1.4929614,0
4.130145300000002,1.4929614,0
4.140342499999999,1.4929614,0
4.150093099999999,1.4929614,0
4.160271300000002,1.4929614,0
4.1700782000000025,1.4929614,0
4.180108199999999,1.4929614,0
4.1902279,1.4929614,0
4.200113999999999,1.4929614,0
4.210309900000002,1.4929614,0
4.220094500000002,1.4929614,0
4.230153000000001,1.4929614,0
4.240280900000002,1.4929614,0
4.250046000000001,1.4929614,0
4.2602133,1.4929614,0
4.270084300000001,1.4929614,0
4.280041400000002,1.4929614,0
4.290358000000001,1.4929614,0
4.300148500000002,1.4929614,0
4.3101264000000015,1.4929614,0
4.3200869,1.4929614,0
4.330181800000002,1.4929614,0
4.340295400000002,1.4929614,0
4.350168400000001,1.4929614,0
4.3603308,1.4929614,0
4.370099100000001,1.4929614,0
4.380076500000001,1.4929614,0
4.390161000000003,1.4929614,0
4.400148099999999,1.4929614,0
4.4101932999999995,1.4929614,0
4.420189199999999,1.4929614,0
4.430084900000001,1.4929614,0
4.440214700000002,1.4929614,0
4.4500736,1.4929614,0
4.4602316,1.4929614,0
4.470320000000001,1.4929614,0
4.4800799,1.4929614,0
4.4902307000000015,1.4929614,0
4.500065899999999,1.4929614,0
4.510237,1.4929614,0
4.520148800000001,1.4929614,0
4.530094999999999,1.4929614,0
4.540272000000002,1.4929614,0
4.5504088,1.4929614,0
4.561994500000001,1.4929614,0
4.570537300000002,1.4929614,0
4.580156500000001,1.4929614,0
4.5901897,1.4929614,0
4.6001194000000005,1.4929614,0
4.6102226,1.4929614,0
4.6201118,1.4929614,0
4.630093200000001,1.4929614,0
4.6401711,1.4929614,0
4.650162999999999,1.4929614,0
4.660305900000001,1.4929614,0
4.670179400000002,1.4929614,0
4.6800964,1.4929614,0
4.69023,1.4929614,0
4.700071900000001,1.4929614,0
4.710151700000001,1.4929614,0
4.720149299999999,1.4929614,0
4.730137300000003,1.4929614,0
4.740165000000001,1.4929614,0
4.750136400000002,1.4929614,0
4.760161200000002,1.4929614,0
4.770084300000001,1.4929614,0
4.7800267000000005,1.4929614,0
4.7902223,1.4929614,0
4.8000708,1.4929614,0
4.8102537000000005,1.4929614,0
4.8201128,1.4929614,0
4.830076900000002,1.4929614,0
4.840151900000002,1.4929614,0
4.850116100000001,1.4929614,0
4.860315800000002,1.4929614,0
4.870153999999999,1.4929614,0
4.8802389999999995,1.4929614,0
4.8901471,1.4929614,0
4.9001804,1.4929614,0
4.9101824,1.4929614,0
4.920118200000001,1.4929614,0
4.930103500000001,1.4929614,0
4.940283600000001,1.4929614,0
4.950108800000002,1.4929614,0
4.960162,1.4929614,0
4.9701673,1.4929614,0
4.980134500000002,1.4929614,0
4.990273999999999,1.4929614,0
5.0001183000000005,1.4929614,0
5.010340899999999,1.4929614,0
5.0200789000000015,1.4929614,0
5.030080099999999,1.4929614,0
5.040141000000002,1.4929614,0
5.050222399999999,1.4929614,0
5.060400700000002,1.4929614,0
5.0702189,1.4929614,0
5.080091200000002,1.4929614,0
5.090242100000001,1.4929614,0
5.100010900000001,1.4929614,0
5.110182000000002,1.4929614,0
5.120108699999999,1.4929614,0
5.1302138,1.4929614,0
5.140254600000002,1.4929614,0
5.150388500000002,1.4929614,0
5.160382300000002,1.4929614,0
5.1701677,1.4929614,0
5.180476200000001,1.4929614,0
5.190251700000001,1.4929614,0
5.2000727,1.4929614,0
5.210184300000002,1.4929614,0
5.220133199999999,1.4929614,0
5.230060699999999,1.4929614,0
5.240178400000001,1.4929614,0
5.250057300000002,1.4929614,0
5.260295200000002,1.4929614,0
5.270079500000001,1.4929614,0
5.279984800000001,1.4929614,0
5.290161600000001,1.4929614,0
5.300088200000001,1.4929614,0
5.310177100000001,1.4929614,0
5.320087400000002,1.4929614,0
5.330186700000002,1.4929614,0
5.340316600000001,1.4929614,0
5.350065300000001,1.4929614,0
5.360210800000001,1.4929614,0
5.3701443,1.4929614,0
5.380156599999999,1.4929614,0
5.390188600000002,1.4929614,0
5.400164100000001,1.4929614,0
5.4101896000000025,1.4929614,0
5.420082100000002,1.4929614,0
5.430076400000001,1.4929614,0
5.440289500000002,1.4929614,0
5.450083599999999,1.4929614,0
5.4602459,1.4929614,0
5.470103099999999,1.4929614,0
5.480431299999999,1.4929614,0
5.490315900000002,1.4929614,0
5.500178699999999,1.4929614,0
5.5102502000000015,1.4929614,0
5.520129900000001,1.4929614,0
5.530071700000001,1.4929614,0
5.540104200000002,1.4929614,0
5.550155100000001,1.4929614,0
5.560244700000002,1.4929614,0
5.570206300000002,1.4929614,0
5.5800515,1.4929614,0
5.5901344,1.4929614,0
5.6001166,1.4929614,0
5.6101949,1.4929614,0
5.620166300000001,1.4929614,0
5.630189900000001,1.4929614,0
5.6401202999999995,1.4929614,0
5.650115800000002,1.4929614,0
5.6602146,1.4929614,0
5.670109700000001,1.4929614,0
5.680151600000002,1.4929614,0
5.690211600000001,1.4929614,0
5.7001186,1.4929614,0
5.7102276,1.4929614,0
5.720076800000001,1.4929614,0
5.7301369000000015,1.4929614,0
5.740134900000001,1.4929614,0
5.750325700000001,1.4929614,0
5.760316500000002,1.4929614,0
5.770345800000001,1.4929614,0
5.7804337,1.4929614,0
5.790205200000003,1.4929614,0
5.800097600000001,1.4929614,0
5.810242000000002,1.4929614,0
5.8202880000000015,1.4929614,0
5.830111800000001,1.4929614,0
5.840109300000002,1.4929614,0
5.8501093,1.4929614,0
5.860281199999999,1.4929614,0
5.870067300000002,1.4929614,0
5.880228900000002,1.4929614,0
5.890153900000001,1.4929614,0
5.9001338000000025,1.4929614,0
5.910206200000001,1.4929614,0
5.920172700000002,1.4929614,0
5.930131899999999,1.4929614,0
5.940144400000001,1.4929614,0
5.950127999999999,1.4929614,0
5.960349600000001,1.4929614,0
5.970148000000002,1.4929614,0
5.980139000000001,1.4929614,0
5.990161400000002,1.4929614,0
6.000171900000002,1.4929614,0
6.010336200000001,1.4929614,0
6.0200948000000025,1.4929614,0
6.030100000000001,1.4929614,0
6.040134300000002,1.4929614,0
6.050127200000002,1.4929614,0
6.0602634,1.4929614,0
6.070251200000001,1.4929614,0
6.080065600000001,1.4929614,0
6.0901298,1.4929614,0
6.100064800000002,1.4929614,0
6.1103857999999995,1.4929614,0
6.1201151,1.4929614,0
6.130058300000002,1.4929614,0
6.1401273,1.4929614,0
6.1501166000000005,1.4929614,0
6.1602809,1.4929614,0
6.170178700000001,1.4929614,0
6.180111500000002,1.4929614,0
6.190134100000002,1.4929614,0
6.200088000000001,1.4929614,0
6.210180000000001,1.4929614,0
6.220055300000002,1.4929614,0
6.230100800000002,1.4929614,0
6.2401549,1.4929614,0
6.250106800000001,1.4929614,0
6.2602746000000025,1.4929614,0
6.270099900000002,1.4929614,0
6.280074200000001,1.4929614,0
6.290157499999999,1.4929614,0
6.3001099000000025,1.4929614,0
6.3101654000000025,1.4929614,0
6.320111000000001,1.4929614,0
6.330176700000003,1.4929614,0
6.3402493,1.4929614,0
6.3502969,1.4929614,0
6.360330100000002,1.4929614,0
6.370186700000001,1.4929614,0
6.380246400000001,1.4929614,0
6.390096,1.4929614,0
6.4001886,1.4929614,0
6.410231500000002,1.4929614,0
6.420111300000002,1.4929614,0
6.4300462,1.4929614,0
6.4402106,1.4929614,0
6.4501297000000015,1.4929614,0
6.460090600000001,1.4929614,0
6.470041500000001,1.4929614,0
6.4800358,1.4929614,0
6.490166900000002,1.4929614,0
6.5001155,1.4929614,0
6.5103486,1.4929614,0
6.520115400000002,1.4929614,0
6.530123100000001,1.4929614,0
6.5401647999999994,1.4929614,0
6.550102800000001,1.4929614,0
6.5601795,1.4929614,0
6.5701027,1.4929614,0
6.5800705000000015,1.4929614,0
6.590167600000001,1.4929614,0
6.600135999999999,1.4929614,0
6.610306000000001,1.4929614,0
6.620103500000003,1.4929614,0
6.630282400000002,1.4929614,0
6.640235700000002,1.4929614,0
6.6500232,1.4929614,0
6.660254300000002,1.4929614,0
6.670077500000001,1.4929614,0
6.680063400000002,1.4929614,0
6.6901875,1.4929614,0
6.700197599999999,1.4929614,0
6.710186700000001,1.4929614,0
6.7200886,1.4929614,0
6.730094900000001,1.4929614,0
6.740149900000002,1.4929614,0
6.750128500000002,1.4929614,0
6.7601893,1.4929614,0
6.7700791,1.4929614,0
6.780064100000001,1.4929614,0
6.790457200000002,1.4929614,0
6.8001738,1.4929614,0
6.8102205,1.4929614,0
6.820170000000001,1.4929614,0
6.830082300000001,1.4929614,0
6.840148200000002,1.4929614,0
6.8500561,1.4929614,0
6.860296399999999,1.4929614,0
6.8701024,1.4929614,0
6.880120399999999,1.4929614,0
6.8901231,1.4929614,0
6.900106400000002,1.4929614,0
6.9102861,1.4929614,0
6.920127000000001,1.4929614,0
6.930091600000001,1.4929614,0
6.940126200000002,1.4929614,0
6.950324500000001,1.4929614,0
6.9603044999999995,1.4929614,0
6.970279100000003,1.4929614,0
6.9801188,1.4929614,0
6.9902944,1.4929614,0
7.000194400000002,1.4929614,0
7.0101972,1.4929614,0
7.020054099999999,1.4929614,0
7.030130400000001,1.4929614,0
7.0401855,1.4929614,0
7.0500983999999995,1.4929614,0
7.0602146999999995,1.4929614,0
7.070210200000002,1.4929614,0
7.080144000000001,1.4929614,0
7.090156199999999,1.4929614,0
7.100210400000002,1.4929614,0
7.110097400000001,1.4929614,0
7.1201361,1.4929614,0
7.130082699999999,1.4929614,0
7.1400697000000015,1.4929614,0
7.150126700000001,1.4929614,0
7.1602146,1.4929614,0
7.170198600000003,1.4929614,0
7.180190100000001,1.4929614,0
7.1902057,1.4929614,0
7.2002673,1.4929614,0
7.210349600000001,1.4929614,0
7.220090500000001,1.4929614,0
7.230128400000002,1.4929614,0
7.2401655,1.4929614,0
7.250040200000001,1.4929614,0
7.260172600000001,1.4929614,0
7.270086299999999,1.4929614,0
7.280209299999999,1.4929614,0
7.290196300000002,1.4929614,0
7.300139300000001,1.4929614,0
7.310327300000001,1.4929614,0
7.320092800000001,1.4929614,0
7.330229900000003,1.4929614,0
7.340158200000001,1.4929614,0
7.350217400000002,1.4929614,0
7.360232100000001,1.4929614,0
7.370179700000001,1.4929614,0
7.3800968000000005,1.4929614,0
7.3901883999999995,1.4929614,0
7.400168000000001,1.4929614,0
7.410298300000001,1.4929614,0
7.420066200000001,1.4929614,0
7.430086299999999,1.4929614,0
7.440137,1.4929614,0
7.450079000000002,1.4929614,0
7.4602827000000005,1.4929614,0
7.4701375,1.4929614,0
7.480101700000002,1.4929614,0
7.490157500000002,1.4929614,0
7.5000292,1.4929614,0
7.510380000000001,1.4929614,0
7.520130999999999,1.4929614,0
7.530106700000001,1.4929614,0
7.540302100000002,1.4929614,0
7.550209900000002,1.4929614,0
7.5602219999999996,1.4929614,0
7.5703157999999995,1.4929614,0
7.5804939000000005,1.4929614,0
7.590128500000002,1.4929614,0
7.6002165999999995,1.4929614,0
7.610261000000001,1.4929614,0
7.620051,1.4929614,0
7.630133799999999,1.4929614,0
7.6401106,1.4929614,0
7.6501076999999995,1.4929614,0
7.660276500000002,1.4929614,0
7.670038000000002,1.4929614,0
7.680139400000002,1.4929614,0
7.6900896,1.4929614,0
7.700037999999999,1.4929614,0
7.710296100000001,1.4929614,0
7.720107600000002,1.4929614,0
7.730125600000001,1.4929614,0
7.740267599999999,1.4929614,0
7.750045700000001,1.4929614,0
7.7602885000000015,1.4929614,0
7.770090500000002,1.4929614,0
7.780216200000002,1.4929614,0
7.7902767,1.4929614,0
7.800202800000001,1.4929614,0
7.8104105,1.4929614,0
7.820101100000002,1.4929614,0
7.8301357,1.4929614,0
7.8401903,1.4929614,0
7.850073500000001,1.4929614,0
7.860267500000003,1.4929614,0
7.8700747,1.4929614,0
7.880073500000002,1.4929614,0
7.8901530000000015,1.4929614,0
7.900062500000001,1.4929614,0
7.910357300000001,1.4929614,0
7.920180500000001,1.4929614,0
7.930147699999999,1.4929614,0
7.9401513,1.4929614,0
7.9501116,1.4929614,0
7.960323800000001,1.4929614,0
7.970088400000002,1.4929614,0
7.9800751000000005,1.4929614,0
7.990193100000003,1.4929614,0
8.0000794,1.4929614,0
8.0102817,1.4929614,0
8.020104200000002,1.4929614,0
8.030121300000001,1.4929614,0
8.0401968,1.4929614,0
8.050059100000002,1.4929614,0
8.0602643,1.4929614,0
8.0702064,1.4929614,0
8.0800862,1.4929614,0
8.090263700000001,1.4929614,0
8.100114600000001,1.4929614,0
8.1101909,1.4929614,0
8.1199966,1.4929614,0
8.1301052,1.4929614,0
8.1400641,1.4929614,0
8.150059300000002,1.4929614,0
8.1602149,1.4929614,0
8.1700366,1.4929614,0
8.180393200000001,1.5105965377243196,0
8.190498000000002,1.5800102416762936,0
8.2004902,1.6920225924296965,0
8.210740900000001,1.795224600741294,0
8.2205515,1.8681535543403707,0
8.2304983,1.9995728830733335,0
8.2405969,2.020385271248681,0
8.2561048,2.0332782142189707,0
8.260660700000003,2.1250653428282402,0
8.270423300000001,2.2611161106752746,0
8.2806019,2.3405535581864845,0
8.2905832,2.584433475876166,0
8.300303200000002,2.909522474752665,0
8.310476600000001,3.266023857998057,0
8.3238938,3.6636728001724186,0
8.3309167,4.010465449431882,0
8.344610200000002,4.108101676209187,0
8.350403500000002,4.320521493915344,0
8.360611300000002,4.550173371988041,0
8.370374600000002,4.713533748234534,0
8.380375400000002,4.954217631447924,0
8.3903796,5.3185946485283795,0
8.4038821,5.695979388205552,0
8.4105268,6.386499623096539,1.4999999997655777e-06
8.4241265,6.617018288369059,0.013567699999999405
8.4304892,6.8262721983256105,0.019940299999998246
8.4404839,7.122375332081784,0.029998700000000156
8.453126600000001,7.055185970536476,0.04267319999999941
8.460435400000001,7.213224593376143,0.04997469999999993
8.4703357,7.375750831076357,0.0598711999999999
8.480341500000002,6.6893069845681055,0.06990379999999874
8.4935179,7.640523756686739,0.08301539999999719
8.505980100000002,7.878756617124858,0.09548879999999826
8.510554000000003,7.865991073689227,0.0999838000000004
8.5204187,7.677540237620285,0.10994189999999904
8.530388900000002,8.233256430132531,0.11989349999999988
8.545092500000003,8.593204099345877,0.1346129999999981
8.550421200000002,8.987344746665283,0.1399784000000004
8.560605500000001,9.123526107475662,0.1500035000000004
8.574047200000003,9.184842454704212,0.16354729999999762
8.580387900000002,9.184842454704212,0.1699325999999992
8.5904889,9.27774164451191,0.17996139999999983
8.6003526,9.293333514473604,0.18986899999999807
8.610616800000003,9.450979388677672,0.20007550000000052
8.6203687,9.482888682273867,0.2099146999999988
8.630368400000002,9.482888682273867,0.2199247999999976
8.64041,9.644363824876494,0.22994999999999877
8.6504883,9.842445630505686,0.2399388999999985
8.6605815,9.75933342781462,0.2500043000000005
8.6705298,10.23565091837597,0
8.6847651,10.0282445284255,0
8.690704800000002,10.25316052398179,0
8.700533700000001,10.323550191432286,0
8.7106459,10.358956758122659,0
8.720560500000001,10.520050675513097,0
8.7305405,10.466030194963013,0
8.7407902,10.592584027480942,0
8.7505181,10.556244818241767,0
8.760714100000001,10.57439625326279,0
8.770401200000002,10.200736589911823,0
8.780514400000001,10.629068884658762,0
8.7911362,10.629068884658762,0
8.800556100000001,10.610808213647339,0
8.8106856,10.538129649812095,0
8.820468600000002,10.629068884658762,0
8.8304623,10.665699973533705,0
8.840898,10.647366113557899,0
8.850997500000002,10.813698403261705,0
8.860860500000001,10.757921311448747,0
8.8706748,10.832365260703382,0
8.880604600000002,10.851069489218567,0
8.890532100000001,10.665699973533705,0
8.900462000000001,10.57439625326279,0
8.910643200000003,10.57439625326279,0
8.9205081,10.647366113557899,0
8.930690600000002,10.629068884658762,0
8.940918800000002,10.592584027480942,0
8.950617400000002,10.70247788020399,0
8.9606323,10.739403193116889,0
8.970643800000001,10.907407150123706,0
8.980527300000002,10.739403193116889,0
8.990528300000001,10.70247788020399,0
9.0006344,10.79506884222607,0
9.010787100000002,10.629068884658762,0
9.020549500000001,10.869811163624185,0
9.030552800000002,10.869811163624185,0
9.040581800000002,10.629068884658762,0
9.0510011,10.665699973533705,0
9.060689800000002,10.739403193116889,0
9.070690300000003,10.983051782416258,0
9.080602900000002,11.002057685548928,0
9.093847700000001,10.907407150123706,0
9.108511100000001,10.665699973533705,0
9.110559600000002,11.155481122997937,0
9.123943700000002,10.851069489218567,0
9.138828400000001,11.04018371752037,0
9.1526998,10.964083853103384,0
9.1534373,10.610808213647339,0
9.1689261,10.869811163624185,0
9.170898600000001,10.394505234710364,0
9.1805698,10.430196189971806,0
9.1905557,10.610808213647339,0
9.200520700000002,10.288284968133446,0
9.210621500000002,10.448095275470884,0
9.2205014,10.288284968133446,0
9.2304551,10.341235771500035,0
9.241173,10.2707051838414,0
9.250465600000002,9.77588944516893,2.099999999671809e-06
9.263606,9.74281048940505,0.01320209999999733
9.270371,9.032466444874892,0.019983099999997478
9.2804271,9.660689672932362,0.030017899999997155
9.290500600000001,9.30895659937976,0.040088099999998406
9.300299800000001,9.30895659937976,0.04992949999999752
9.3104625,9.184842454704212,0.060076499999997424
9.3204448,9.138809237726493,0.07002959999999803
9.330359000000001,9.215685068627405,0.07996639999999999
9.3405293,9.340296664120023,0.09012629999999788
9.3505109,9.09305139310744,0.10009489999999843
9.360404600000003,8.912740939929662,0.11002659999999764
9.373679200000002,8.722226692884746,0.12329689999999971
9.380568100000001,10.341235771500035,0
9.3959145,8.480450865022997,2.8000000007466497e-06
9.4097358,8.593204099345877,0.013822199999999896
9.410485900000001,8.550710084276984,0.014544900000000638
9.420369,8.536601976918485,0.02446610000000149
9.4303824,8.736706421172222,0.03448720000000094
9.4404224,8.342022743180927,0.04450160000000025
9.450575,8.273839997665297,0.05457039999999935
9.460663,8.480450865022997,0.06462080000000014
9.470568500000002,8.02087563986406,0.07458430000000149
9.4807479,7.994802717912391,0.08474580000000032
9.495568900000002,8.03395126240779,0.0996838000000011
9.5091462,8.383260870307085,0.1132275000000007
9.510463100000003,7.739730070915215,0.11455450000000056
9.523231600000003,8.166155927514222,0.12724569999999957
9.538038200000003,8.139503045106144,0.14208560000000148
9.540541600000001,8.383260870307085,0.1446031000000012
9.5503788,7.94296870865388,0.15447969999999955
9.5645126,8.233256430132531,0.16860199999999992
9.5788093,8.233256430132531,0.1829351999999993
9.580394900000002,8.152816159873417,0.18451669999999964
9.5905113,8.233256430132531,0.19462019999999924
9.600359300000001,8.21978259559808,0.20446139999999957
9.610556900000002,8.139503045106144,0.2146043000000013
9.6204432,8.233256430132531,0.2244932999999989
9.630373500000001,8.20633568180298,0.23445949999999982
9.6404244,8.301031304013586,0.24450789999999856
9.6503752,8.607425524228983,0.25443969999999894
9.6609272,8.912740939929662,0.2650213999999984
9.670403200000003,8.987344746665283,0.27449499999999816
9.680530700000002,8.972364242669451,0.2845401999999986
9.6904806,9.231152701241395,0.2945177000000001
9.7035074,8.707775895113674,0.30763040000000075
9.7174671,8.522522057577296,0.32160599999999917
9.720337100000002,8.550710084276984,0.32445960000000085
9.730405300000001,8.522522057577296,0.3345142999999986
9.740458500000003,8.650260854860331,0.3445356000000004
9.7503614,8.751215137895052,0.35444499999999834
9.7605046,8.94249296807631,0.3645576999999989
9.7703584,9.077859687091145,0.3744708999999986
9.7833054,9.032466444874892,0.387390700000001
9.7905279,9.032466444874892,0.3945860000000003
9.8002851,9.371762340174383,0.40441020000000094
9.810900800000002,9.123526107475662,0.41500050000000144
9.820402100000003,9.184842454704212,0.42449720000000113
9.830387600000002,9.138809237726493,0.43447570000000013
9.840550100000002,9.077859687091145,0.4445666000000017
9.8503133,8.912740939929662,0.4544062000000011
9.864672200000001,8.957413669740566,0.46875229999999846
9.8703128,9.032466444874892,0.47443739999999934
9.8836838,9.077859687091145,0.48779869999999903
9.8904481,9.032466444874892,0.49450999999999823
9.9003527,9.435072542049229,0.5044545000000014
9.910530100000003,9.450979388677672,0.5146060999999982
9.920404400000002,9.435072542049229,0.5245303999999997
9.930473200000002,9.466918080834294,0.5345565000000008
9.940546300000001,9.387542439694219,0.5445957999999997
9.9503363,9.466918080834294,0.554468700000001
9.960924200000001,9.498891256878826,0.5649750000000004
9.970299700000002,9.498891256878826,0.5744295999999984
9.980397500000002,9.466918080834294,0.5845236999999983
9.9904525,9.482888682273867,0.5945143000000002
10.000351000000002,9.482888682273867,0.6044395999999992
10.010549100000002,9.498891256878826,0.6146288999999996
10.020291,9.595581734544421,0.6244042000000007
10.030437900000003,9.154122964824467,0.6344971000000008
10.040493400000003,9.70986358518506,0.644558700000001
10.0504794,9.482888682273867,0.654574499999999
10.0605628,9.809100981740718,0.6645390999999989
10.070545800000001,9.74281048940505,0.6745410000000014
10.080540900000003,9.482888682273867,0.6845998999999985
10.090607300000002,9.677048205357805,0.6945547999999988
10.1003935,9.693439487586987,0.7044694000000007
10.110619200000002,9.563222569082706,0.714629200000001
10.120485300000002,9.77588944516893,0.724532700000001
10.1303846,9.660689672932362,0.7344892999999999
10.1405748,9.792478607692077,0.7446482000000003
10.1503713,9.61180992079036,0.7544706999999988
10.1605353,9.75933342781462,0.7645522000000007
10.170581300000002,9.825756633804376,0.7745849000000007
10.1806847,9.72632056384844,0.784668400000001
10.1909448,9.994158168480158,0.7947048000000017
10.2005588,9.77588944516893,0.8045818000000011
10.2105128,9.75933342781462,0.8144999000000013
10.220332600000003,9.70986358518506,0.8244222000000008
10.230412100000002,9.859168038600663,0.8344951000000016
10.2405149,9.482888682273867,0.8445661000000015
10.250309700000003,9.960207881646939,0.8544379000000006
10.260468,9.842445630505686,0.8645518999999986
10.270353400000001,9.51492586865949,0.8744593000000016
10.280426900000002,9.482888682273867,0.8844832999999994
10.2905695,9.977166049925785,0.8946049000000009
10.300331800000002,9.403354130994348,0.9044613999999989
10.310500100000002,9.74281048940505,0.914579100000001
10.3204037,9.644363824876494,0.9245280999999999
10.3304008,9.859168038600663,0.9344834000000013
10.3405718,9.435072542049229,0.9446237999999987
10.3504118,9.70986358518506,0.9544737000000012
10.3608932,9.72632056384844,0.9649740000000016
10.37033,9.70986358518506,0.9744704000000013
10.3803378,9.75933342781462,0.9844654999999989
10.390469500000002,9.595581734544421,0.9945523999999999
10.4004428,9.909536400813906,1.0045034999999984
10.4107177,9.563222569082706,1.0045034999999984
10.422118900000001,9.62807059588681,1.0045034999999984
10.4385741,8.897909494439109,1.0045034999999984
10.440564900000002,9.75933342781462,1.0045034999999984
10.4504904,9.859168038600663,1.0045034999999984
10.4606699,9.644363824876494,1.0045034999999984
10.4704798,9.677048205357805,1.0045034999999984
10.480842300000003,9.926393124720537,1.0045034999999984
10.490758800000002,9.77588944516893,1.0045034999999984
10.5005128,9.693439487586987,1.0045034999999984
10.5108031,9.909536400813906,1.0045034999999984
10.520520600000001,9.825756633804376,1.0045034999999984
10.530443900000002,9.51492586865949,1.0045034999999984
10.540547100000001,9.595581734544421,1.0045034999999984
10.5505493,9.51492586865949,1.0045034999999984
10.5606717,9.74281048940505,1.0045034999999984
10.5709227,9.809100981740718,1.0045034999999984
10.5804872,9.466918080834294,1.0045034999999984
10.5906713,9.693439487586987,1.0045034999999984
10.6004653,9.371762340174383,1.0045034999999984
10.610663200000001,9.51492586865949,1.0045034999999984
10.620529900000001,9.660689672932362,1.0045034999999984
10.6305413,9.660689672932362,1.0045034999999984
10.640653800000003,9.032466444874892,1.0045034999999984
10.6505649,9.530992581754338,1.0045034999999984
10.660599700000002,9.70986358518506,1.0045034999999984
10.6705346,9.693439487586987,1.0045034999999984
10.6804251,9.74281048940505,1.0045034999999984
10.6907229,9.859168038600663,1.0045034999999984
10.700585800000002,10.2707051838414,1.0045034999999984
10.710667700000002,9.530992581754338,1.0045034999999984
10.720635700000003,9.72632056384844,1.0045034999999984
10.7304702,9.466918080834294,1.0045034999999984
10.740525000000002,9.435072542049229,1.0045034999999984
10.750795,9.435072542049229,1.0045034999999984
10.7607924,9.435072542049229,1.0045034999999984
10.770693100000003,9.450979388677672,1.0045034999999984
10.780716000000002,9.809100981740718,1.0045034999999984
10.790528600000002,9.595581734544421,1.0045034999999984
10.800354800000001,9.792478607692077,1.0045034999999984
10.810581800000001,9.693439487586987,1.0045034999999984
10.8204569,9.875923924978945,1.0045034999999984
10.830634500000002,9.72632056384844,1.0045034999999984
10.840682400000002,9.75933342781462,1.0045034999999984
10.8505401,9.72632056384844,1.0045034999999984
10.8606777,9.693439487586987,1.0045034999999984
10.8705329,9.595581734544421,1.0045034999999984
10.8805029,9.184842454704212,1.0045034999999984
10.890656400000001,9.693439487586987,1.0045034999999984
10.9006185,9.644363824876494,1.0045034999999984
10.910713700000002,9.563222569082706,1.0045034999999984
10.9204462,9.61180992079036,1.0045034999999984
10.9305415,9.70986358518506,1.0045034999999984
10.940705400000002,9.89271335666411,1.0045034999999984
10.9506017,9.74281048940505,1.0045034999999984
10.960674100000002,9.77588944516893,1.0045034999999984
10.9704872,9.563222569082706,1.0045034999999984
10.980506600000002,9.57938597223622,1.0045034999999984
10.990667300000002,9.77588944516893,1.0045034999999984
11.0004955,9.72632056384844,1.0045034999999984
11.0107882,9.563222569082706,1.0045034999999984
11.0206388,9.74281048940505,1.0045034999999984
11.030418400000002,9.74281048940505,1.0045034999999984
11.040612200000002,9.72632056384844,1.0045034999999984
11.050627300000002,9.660689672932362,1.0045034999999984
11.060650600000002,9.563222569082706,1.0045034999999984
11.070751600000001,9.62807059588681,1.0045034999999984
11.0804608,11.814952460536821,1.0045034999999984
11.0906925,9.94328359581091,1.0045034999999984
11.100607500000002,9.57938597223622,1.0045034999999984
11.110579600000001,9.677048205357805,1.0045034999999984
11.1204726,9.74281048940505,1.0045034999999984
11.130580300000002,9.859168038600663,1.0045034999999984
11.1407147,9.530992581754338,1.0045034999999984
11.1505772,9.660689672932362,1.0045034999999984
11.1605812,9.54709146043023,1.0045034999999984
11.1704465,9.57938597223622,1.0045034999999984
11.180446200000002,10.114059332608491,1.0045034999999984
11.190581300000002,9.530992581754338,1.0045034999999984
11.200435000000002,9.482888682273867,1.0045034999999984
11.210708500000003,9.530992581754338,1.0045034999999984
11.2205346,9.482888682273867,1.0045034999999984
11.230359500000002,8.522522057577296,1.0045034999999984
11.2406678,9.660689672932362,1.0045034999999984
11.2504897,9.70986358518506,1.0045034999999984
11.260599500000001,9.677048205357805,1.0045034999999984
11.270620300000001,9.530992581754338,1.0045034999999984
11.280475900000003,9.644363824876494,1.0045034999999984
11.290528000000002,9.530992581754338,1.0045034999999984
11.300419000000002,9.563222569082706,1.0045034999999984
11.3107054,9.27774164451191,1.0045034999999984
11.320545800000001,9.54709146043023,1.0045034999999984
11.3305744,9.809100981740718,1.0045034999999984
11.3405931,9.482888682273867,1.0045034999999984
11.3507401,9.482888682273867,1.0045034999999984
11.360699400000001,9.435072542049229,1.0045034999999984
11.370795000000001,9.498891256878826,1.0045034999999984
11.3807155,9.435072542049229,1.0045034999999984
11.390648300000002,9.677048205357805,1.0045034999999984
11.400413700000001,9.482888682273867,1.0045034999999984
11.4106254,9.450979388677672,1.0045034999999984
