0.0004595999999992273,1.4929614,0
0.010173900000001623,1.4929614,0
0.025101299999999327,1.4929614,0
0.030184999999999462,1.4929614,0
0.040258099999999075,1.4929614,0
0.05016330000000124,1.4929614,0
0.060143499999998795,1.4929614,0
0.07039160000000066,1.4929614,0
0.0804657000000013,1.4929614,0
0.09040720000000135,1.4929614,0
0.10032879999999977,1.4929614,0
0.11037939999999935,1.4929614,0
0.12025820000000209,1.4929614,0
0.13028740000000028,1.4929614,0
0.14028079999999932,1.4929614,0
0.1502075000000005,1.4929614,0
0.1601670999999989,1.4929614,0
0.17024059999999963,1.4929614,0
0.18013690000000082,1.4929614,0
0.19033699999999953,1.4929614,0
0.2001697,1.4929614,0
0.21015960000000078,1.4929614,0
0.22020960000000045,1.4929614,0
0.2301788000000009,1.4929614,0
0.24023139999999898,1.4929614,0
0.2502753999999996,1.4929614,0
0.26013320000000206,1.4929614,0
0.2703723000000018,1.4929614,0
0.28025200000000083,1.4929614,0
0.2901744999999991,1.4929614,0
0.3005013000000005,1.4929614,0
0.31020290000000017,1.4929614,0
0.32030419999999893,1.4929614,0
0.33040100000000194,1.4929614,0
0.3402138000000008,1.4929614,0
0.3501283000000015,1.4929614,0
0.36048919999999995,1.4929614,0
0.3702886000000021,1.4929614,0
0.38006650000000164,1.4929614,0
0.3902093000000022,1.4929614,0
0.40012749999999997,1.4929614,0
0.4102129000000012,1.4929614,0
0.4203296999999999,1.4929614,0
0.43012799999999984,1.4929614,0
0.4401642999999993,1.4929614,0
0.45019299999999873,1.4929614,0
0.46014399999999966,1.4929614,0
0.4705459999999988,1.4929614,0
0.48012110000000163,1.4929614,0
0.4902511000000018,1.4929614,0
0.5002029000000014,1.4929614,0
0.5101724999999995,1.4929614,0
0.5204717999999993,1.4929614,0
0.5302284999999998,1.4929614,0
0.5401914999999988,1.4929614,0
0.5501602000000005,1.4929614,0
0.5601665000000011,1.4929614,0
0.5703393000000005,1.4929614,0
0.5805405000000015,1.4929614,0
0.5902242999999991,1.4929614,0
0.6001553000000008,1.4929614,0
0.610186800000001,1.4929614,0
0.620262799999999,1.4929614,0
0.6302823999999987,1.4929614,0
0.6402940000000008,1.4929614,0
0.6501976999999997,1.4929614,0
0.6602399000000005,1.4929614,0
0.6704816000000022,1.4929614,0
0.6801500000000011,1.4929614,0
0.6902052999999988,1.4929614,0
0.7003103999999993,1.4929614,0
0.7105564000000015,1.4929614,0
0.7204604000000003,1.4929614,0
0.7303370999999999,1.4929614,0
0.7403013999999999,1.4929614,0
0.7501847000000019,1.4929614,0
0.7602572999999992,1.4929614,0
0.7704003999999998,1.4929614,0
0.7801384999999996,1.4929614,0
0.7906891000000016,1.4929614,0
0.8003868999999995,1.4929614,0
0.8104066000000003,1.4929614,0
0.8203479999999992,1.4929614,0
0.8304752000000022,1.4929614,0
0.840354099999999,1.4929614,0
0.8503450000000008,1.4929614,0
0.8601528999999992,1.4929614,0
0.870363900000001,1.4929614,0
0.8801425999999992,1.4929614,0
0.8901865999999998,1.4929614,0
0.9001649,1.4929614,0
0.9101658999999991,1.4929614,0
0.9203517000000012,1.4929614,0
0.9301724,1.4929614,0
0.9403235000000016,1.4929614,0
0.9504096000000004,1.4929614,0
0.9601603999999995,1.4929614,0
0.9701933000000018,1.4929614,0
0.9801977000000015,1.4929614,0
0.9903511999999992,1.4929614,0
1.0002285000000022,1.4929614,0
1.0102493000000017,1.4929614,0
1.0232259,1.4929614,0
1.0301720000000003,1.4929614,0
1.0402659000000014,1.4929614,0
1.0502141000000016,1.4929614,0
1.0602757999999994,1.4929614,0
1.070230900000002,1.4929614,0
1.0801982000000017,1.4929614,0
1.090218199999999,1.4929614,0
1.1001233,1.4929614,0
1.1102582000000005,1.4929614,0
1.1202520000000007,1.4929614,0
1.1302342000000003,1.4929614,0
1.1402205000000016,1.4929614,0
1.1501577999999988,1.4929614,0
1.160302699999999,1.4929614,0
1.1705284999999996,1.4929614,0
1.1802835000000016,1.4929614,0
1.1903778000000003,1.4929614,0
1.2001668999999993,1.4929614,0
1.2101165999999992,1.4929614,0
1.2202653000000012,1.4929614,0
1.2302071000000012,1.4929614,0
1.2402589000000006,1.4929614,0
1.2503782,1.4929614,0
1.2601730000000018,1.4929614,0
1.270283599999999,1.4929614,0
1.2802101000000015,1.4929614,0
1.2903769999999994,1.4929614,0
1.3003837000000011,1.4929614,0
1.3102064999999996,1.4929614,0
1.3203315000000018,1.4929614,0
1.330437400000001,1.4929614,0
1.3403776,1.4929614,0
1.350257599999999,1.4929614,0
1.3602211000000004,1.4929614,0
1.370265700000001,1.4929614,0
1.380223700000002,1.4929614,0
1.3902670000000015,1.4929614,0
1.4004225999999989,1.4929614,0
1.4100786999999997,1.4929614,0
1.4202385,1.4929614,0
1.4301490000000001,1.4929614,0
1.440244100000001,1.4929614,0
1.4501959000000006,1.4929614,0
1.4601080999999994,1.4929614,0
1.4702316999999994,1.4929614,0
1.480162,1.4929614,0
1.4901888999999997,1.4929614,0
1.5002245999999992,1.4929614,0
1.5101769000000012,1.4929614,0
1.520355900000002,1.4929614,0
1.5301778000000006,1.4929614,0
1.5402215999999989,1.4929614,0
1.5501919999999991,1.4929614,0
1.5602610000000006,1.4929614,0
1.570427500000001,1.4929614,0
1.5801136000000007,1.4929614,0
1.590251300000002,1.4929614,0
1.6001250999999996,1.4929614,0
1.6101346999999997,1.4929614,0
1.6203509999999994,1.4929614,0
1.6301522000000013,1.4929614,0
1.6402114999999995,1.4929614,0
1.6501656999999987,1.4929614,0
1.6602409000000016,1.4929614,0
1.6703598,1.4929614,0
1.6802183,1.4929614,0
1.6901725000000027,1.4929614,0
1.700142999999997,1.4929614,0
1.7102672999999982,1.4929614,0
1.7202343000000013,1.4929614,0
1.7302029000000019,1.4929614,0
1.7402835000000039,1.4929614,0
1.7504618999999977,1.4929614,0
1.7603026000000028,1.4929614,0
1.770327100000003,1.4929614,0
1.7802132999999998,1.4929614,0
1.790269000000002,1.4929614,0
1.8001713000000024,1.4929614,0
1.8101626999999993,1.4929614,0
1.8202554000000006,1.4929614,0
1.8303319999999985,1.4929614,0
1.8405597,1.4929614,0
1.8503485000000026,1.4929614,0
1.8602934000000033,1.4929614,0
1.870531100000001,1.4929614,0
1.8803957000000011,1.4929614,0
1.890326199999997,1.4929614,0
1.9001633000000027,1.4929614,0
1.9104199000000008,1.4929614,0
1.9204161999999982,1.4929614,0
1.9302413999999999,1.4929614,0
1.9402290000000022,1.4929614,0
1.950167300000004,1.4929614,0
1.9601023000000026,1.4929614,0
1.970281,1.4929614,0
1.9801149999999978,1.4929614,0
1.9902957999999984,1.4929614,0
2.000208200000003,1.4929614,0
2.010150799999998,1.4929614,0
2.0202880000000007,1.4929614,0
2.0301317999999995,1.4929614,0
2.0402909000000022,1.4929614,0
2.0501839000000004,1.4929614,0
2.0601687999999996,1.4929614,0
2.070185600000002,1.4929614,0
2.0801573000000033,1.4929614,0
2.090193599999999,1.4929614,0
2.1002025000000017,1.4929614,0
2.110200800000001,1.4929614,0
2.1202585999999997,1.4929614,0
2.130110100000003,1.4929614,0
2.140266699999998,1.4929614,0
2.150185499999999,1.4929614,0
2.160152199999999,1.4929614,0
2.1702800999999994,1.4929614,0
2.1802198999999973,1.4929614,0
2.190279699999998,1.4929614,0
2.2000991000000027,1.4929614,0
2.2102503999999996,1.4929614,0
2.2203877999999975,1.4929614,0
2.230136800000004,1.4929614,0
2.240228199999997,1.4929614,0
2.250259700000001,1.4929614,0
2.260175199999999,1.4929614,0
2.270219500000003,1.4929614,0
2.2802295999999984,1.4929614,0
2.290200800000001,1.4929614,0
2.3004345000000015,1.4929614,0
2.3102243000000016,1.4929614,0
2.3201897000000002,1.4929614,0
2.3301812999999996,1.4929614,0
2.3402230000000017,1.4929614,0
2.350138600000001,1.4929614,0
2.360166999999997,1.4929614,0
2.3702682999999993,1.4929614,0
2.3801243999999997,1.4929614,0
2.3904554000000005,1.4929614,0
2.400284499999998,1.4929614,0
2.410355899999999,1.4929614,0
2.420348699999998,1.4929614,0
2.430190699999997,1.4929614,0
2.4404432999999983,1.4929614,0
2.450261900000001,1.4929614,0
2.4601206999999974,1.4929614,0
2.4701907000000034,1.4929614,0
2.480162800000002,1.4929614,0
2.490242500000001,1.4929614,0
2.5001833000000033,1.4929614,0
2.510172599999997,1.4929614,0
2.520222000000004,1.4929614,0
2.530085800000002,1.4929614,0
2.540338300000002,1.4929614,0
2.5501416999999975,1.4929614,0
2.5601746999999975,1.4929614,0
2.5703254000000015,1.4929614,0
2.580111500000001,1.4929614,0
2.590250400000002,1.4929614,0
2.600171500000002,1.4929614,0
2.6104112000000015,1.4929614,0
2.6203134000000006,1.4929614,0
2.630203999999999,1.4929614,0
2.640304900000004,1.4929614,0
2.6501588,1.4929614,0
2.660156800000003,1.4929614,0
2.6703325000000007,1.4929614,0
2.6801339000000013,1.4929614,0
2.6902522999999974,1.4929614,0
2.7001995999999977,1.4929614,0
2.7102701000000025,1.4929614,0
2.7203228999999993,1.4929614,0
2.7301569999999984,1.4929614,0
2.7402421999999973,1.4929614,0
2.7501425000000026,1.4929614,0
2.7601546,1.4929614,0
2.7702872999999997,1.4929614,0
2.7801369000000022,1.4929614,0
2.7902825999999976,1.4929614,0
2.8001523000000006,1.4929614,0
2.8102281999999974,1.4929614,0
2.820459800000002,1.4929614,0
2.8301371000000017,1.4929614,0
2.8402841999999993,1.4929614,0
2.8501983000000024,1.4929614,0
2.860168399999999,1.4929614,0
2.8702619000000027,1.4929614,0
2.8802050000000037,1.4929614,0
2.8901672000000005,1.4929614,0
2.9001042000000012,1.4929614,0
2.910205099999999,1.4929614,0
2.9202696999999986,1.4929614,0
2.9301902999999996,1.4929614,0
2.9401464999999973,1.4929614,0
2.950226200000003,1.4929614,0
2.9602623999999977,1.4929614,0
2.970436499999998,1.4929614,0
2.9800996000000026,1.4929614,0
2.990169200000004,1.4929614,0
3.0004709999999974,1.4929614,0
3.010212799999998,1.4929614,0
3.0202687000000026,1.4929614,0
3.0301596999999987,1.4929614,0
3.040223300000001,1.4929614,0
3.050172500000002,1.4929614,0
3.0601276000000013,1.4929614,0
3.070280699999998,1.4929614,0
3.0801944999999975,1.4929614,0
3.090200000000003,1.4929614,0
3.100208700000003,1.4929614,0
3.1102216000000027,1.4929614,0
3.120303800000002,1.4929614,0
3.130246399999997,1.4929614,0
3.140259399999998,1.4929614,0
3.150458900000004,1.4929614,0
3.160179900000003,1.4929614,0
3.1702887000000004,1.4929614,0
3.180250700000002,1.4929614,0
3.190257899999999,1.4929614,0
3.2001960999999994,1.4929614,0
3.210306700000004,1.4929614,0
3.2204175000000035,1.4929614,0
3.230161299999999,1.4929614,0
3.2406369999999995,1.4929614,0
3.250269799999998,1.4929614,0
3.2601820000000004,1.4929614,0
3.2701932000000014,1.4929614,0
3.2802494000000024,1.4929614,0
3.290327099999999,1.4929614,0
3.300167799999997,1.4929614,0
3.310132000000003,1.4929614,0
3.3202432,1.4929614,0
3.330186099999999,1.4929614,0
3.3403259999999975,1.4929614,0
3.3505632999999975,1.4929614,0
3.360077699999998,1.4929614,0
3.3702266000000023,1.4929614,0
3.3801208000000003,1.4929614,0
3.390236899999998,1.4929614,0
3.400114799999997,1.4929614,0
3.410230400000003,1.4929614,0
3.4203791999999993,1.4929614,0
3.4301286999999974,1.4929614,0
3.4403408000000013,1.4929614,0
3.450148800000001,1.4929614,0
3.460113900000003,1.4929614,0
3.4702034000000026,1.4929614,0
3.4801663000000005,1.4929614,0
3.4902558,1.4929614,0
3.5004338999999973,1.4929614,0
3.5101899000000003,1.4929614,0
3.5202500999999984,1.4929614,0
3.5301677,1.4929614,0
3.5402772999999996,1.4929614,0
3.550115400000003,1.4929614,0
3.5603485999999975,1.4929614,0
3.570393799999998,1.4929614,0
3.5803876000000017,1.4929614,0
3.5904336999999984,1.4929614,0
3.600303000000004,1.4929614,0
3.6102729999999994,1.4929614,0
3.6205382999999998,1.4929614,0
3.6301163999999986,1.4929614,0
3.6405388000000016,1.4929614,0
3.650235700000003,1.4929614,0
3.6602028000000004,1.4929614,0
3.6710382999999993,1.4929614,0
3.6801322000000027,1.4929614,0
3.6902584999999988,1.4929614,0
3.700290899999999,1.4929614,0
3.7101849000000016,1.4929614,0
3.720373000000002,1.4929614,0
3.7301503999999994,1.4929614,0
3.740247400000001,1.4929614,0
3.7502574000000024,1.4929614,0
3.7602475999999996,1.4929614,0
3.770282100000003,1.4929614,0
3.780149999999999,1.4929614,0
3.7903021999999993,1.4929614,0
3.8001976999999982,1.4929614,0
3.8101667000000035,1.4929614,0
3.8203384999999983,1.4929614,0
3.830114000000002,1.4929614,0
3.840269400000004,1.4929614,0
3.850194000000002,1.4929614,0
3.8602484000000032,1.4929614,0
3.870469800000002,1.4929614,0
3.8801294000000013,1.4929614,0
3.8901819000000017,1.4929614,0
3.9003297000000003,1.4929614,0
3.9102557000000004,1.4929614,0
3.9203112000000004,1.4929614,0
3.930391499999999,1.4929614,0
3.9404772000000037,1.4929614,0
3.9502967000000027,1.4929614,0
3.960251200000002,1.4929614,0
3.9704391,1.4929614,0
3.9802780999999996,1.4929614,0
3.990195800000002,1.4929614,0
4.000124700000001,1.4929614,0
4.010241000000001,1.4929614,0
4.0203804000000005,1.4929614,0
4.030119300000003,1.4929614,0
4.0403181,1.4929614,0
4.050167199999997,1.4929614,0
4.0601877,1.4929614,0
4.070371899999998,1.4929614,0
4.0801303,1.4929614,0
4.090203500000001,1.4929614,0
4.1001902,1.4929614,0
4.110299699999999,1.4929614,0
4.120272700000001,1.4929614,0
4.130138700000003,1.4929614,0
4.140355999999997,1.4929614,0
4.150234699999999,1.4929614,0
4.160172000000003,1.4929614,0
4.170338299999997,1.4929614,0
4.180187199999999,1.4929614,0
4.190173200000004,1.4929614,0
4.200180000000003,1.4929614,0
4.210180399999999,1.4929614,0
4.220518200000001,1.4929614,0
4.230139600000001,1.4929614,0
4.240340099999997,1.4929614,0
4.250220800000001,1.4929614,0
4.260111299999998,1.4929614,0
4.270603999999999,1.4929614,0
4.280102200000002,1.4929614,0
4.290234500000004,1.4929614,0
4.300216800000001,1.4929614,0
4.310143000000004,1.4929614,0
4.320276200000002,1.4929614,0
4.330149800000001,1.4929614,0
4.340280499999999,1.4929614,0
4.3502003999999985,1.4929614,0
4.3601851000000025,1.4929614,0
4.370306800000002,1.4929614,0
4.380208799999998,1.4929614,0
4.390342000000004,1.4929614,0
4.400253499999998,1.4929614,0
4.410185300000002,1.4929614,0
4.420448499999999,1.4929614,0
4.430134899999999,1.4929614,0
4.440175099999998,1.4929614,0
4.450180799999998,1.4929614,0
4.460169300000004,1.4929614,0
4.470315800000002,1.4929614,0
4.480517900000002,1.4929614,0
4.490242199999997,1.4929614,0
4.500124200000002,1.4929614,0
4.510252399999999,1.4929614,0
4.520303900000002,1.4929614,0
4.530225200000004,1.4929614,0
4.540225300000003,1.4929614,0
4.5502210000000005,1.4929614,0
4.5601749,1.4929614,0
4.570377399999998,1.4929614,0
4.580153199999998,1.4929614,0
4.590299199999997,1.4929614,0
4.600195900000003,1.4929614,0
4.610091599999997,1.4929614,0
4.620351200000002,1.4929614,0
4.630185699999998,1.4929614,0
4.640320299999999,1.4929614,0
4.650152800000001,1.4929614,0
4.660123499999997,1.4929614,0
4.670283099999999,1.4929614,0
4.6801400000000015,1.4929614,0
4.690182700000001,1.4929614,0
4.700168500000004,1.4929614,0
4.710198599999998,1.4929614,0
4.720378400000001,1.4929614,0
4.730221399999998,1.4929614,0
4.7402181,1.4929614,0
4.7502885000000035,1.4929614,0
4.760110599999997,1.4929614,0
4.770411500000002,1.4929614,0
4.7801258,1.4929614,0
4.790180100000001,1.4929614,0
4.800122100000003,1.4929614,0
4.810147899999997,1.4929614,0
4.820443400000002,1.4929614,0
4.830120299999997,1.4929614,0
4.840260499999999,1.4929614,0
4.850230099999997,1.4929614,0
4.860126700000002,1.4929614,0
4.870289399999997,1.4929614,0
4.8801925,1.4929614,0
4.890665800000001,1.4929614,0
4.900151800000003,1.4929614,0
4.910180600000004,1.4929614,0
4.920333800000002,1.4929614,0
4.930100400000001,1.4929614,0
4.9402775000000005,1.4929614,0
4.950211600000003,1.4929614,0
4.9601294,1.4929614,0
4.970300399999999,1.4929614,0
4.980152699999998,1.4929614,0
4.9902343999999985,1.4929614,0
5.0002627,1.4929614,0
5.010166400000003,1.4929614,0
5.020451399999999,1.4929614,0
5.030185899999999,1.4929614,0
5.040239,1.4929614,0
5.050223799999998,1.4929614,0
5.060261599999997,1.4929614,0
5.070346600000001,1.4929614,0
5.080239900000002,1.4929614,0
5.090252700000001,1.4929614,0
5.100151000000004,1.4929614,0
5.110418100000004,1.4929614,0
5.1203629999999976,1.4929614,0
5.130348300000001,1.4929614,0
5.140483699999997,1.4929614,0
5.150403699999998,1.4929614,0
5.160457999999998,1.4929614,0
5.170267000000003,1.4929614,0
5.180297199999998,1.4929614,0
5.190465400000001,1.4929614,0
5.200349100000004,1.4929614,0
5.210149100000002,1.4929614,0
5.220184500000002,1.4929614,0
5.2301524000000015,1.4929614,0
5.240337600000004,1.4929614,0
5.250516300000001,1.4929614,0
5.260136899999999,1.4929614,0
5.2702612,1.4929614,0
5.2801519,1.4929614,0
5.290137899999998,1.4929614,0
5.300149900000001,1.4929614,0
5.3101445,1.4929614,0
5.320239000000001,1.4929614,0
5.3301415999999975,1.4929614,0
5.340282899999998,1.4929614,0
5.350135399999999,1.4929614,0
5.360141200000001,1.4929614,0
5.370286399999998,1.4929614,0
5.380208199999998,1.4929614,0
5.390302200000001,1.4929614,0
5.400213299999997,1.4929614,0
5.410100100000001,1.4929614,0
5.420133100000001,1.4929614,0
5.430184400000002,1.4929614,0
5.440606199999998,1.4929614,0
5.450234799999997,1.4929614,0
5.460472000000003,1.4929614,0
5.4703355999999985,1.4929614,0
5.480173800000003,1.4929614,0
5.4901847,1.4929614,0
5.5001842,1.4929614,0
5.510114800000004,1.4929614,0
5.520236599999997,1.4929614,0
5.530189399999998,1.4929614,0
5.540242599999999,1.4929614,0
5.550232399999999,1.4929614,0
5.560212900000003,1.4929614,0
5.570306100000003,1.4929614,0
5.580145000000002,1.4929614,0
5.590159499999999,1.4929614,0
5.600479900000003,1.4929614,0
5.610146399999998,1.4929614,0
5.620305299999998,1.4929614,0
5.630174699999998,1.4929614,0
5.6402049000000005,1.4929614,0
5.650202700000001,1.4929614,0
5.6601988999999975,1.4929614,0
5.670325300000002,1.4929614,0
5.680167900000001,1.4929614,0
5.690270500000004,1.4929614,0
5.7002146000000025,1.4929614,0
5.710291599999998,1.4929614,0
5.7204032,1.4929614,0
5.730105100000003,1.4929614,0
5.7401199999999974,1.4929614,0
5.750130900000002,1.4929614,0
5.760216300000003,1.4929614,0
5.770277200000002,1.4929614,0
5.780244000000003,1.4929614,0
5.790111400000001,1.4929614,0
5.8001419,1.4929614,0
5.810168699999998,1.4929614,0
5.8202888,1.4929614,0
5.830170600000002,1.4929614,0
5.840161600000002,1.4929614,0
5.850234399999998,1.4929614,0
5.860190700000004,1.4929614,0
5.8702945,1.4929614,0
5.880177099999997,1.4929614,0
5.890275799999998,1.4929614,0
5.9003337999999985,1.4929614,0
5.910370800000003,1.4929614,0
5.920327399999998,1.4929614,0
5.930390799999998,1.4929614,0
5.940314000000001,1.4929614,0
5.950328400000004,1.4929614,0
5.9601828999999995,1.4929614,0
5.9703269999999975,1.4929614,0
5.980114800000003,1.4929614,0
5.990265800000003,1.4929614,0
6.000283600000003,1.4929614,0
6.010108199999998,1.4929614,0
6.020377199999999,1.4929614,0
6.030124299999997,1.4929614,0
6.0403221999999985,1.4929614,0
6.0502144000000015,1.4929614,0
6.060080400000004,1.4929614,0
6.0702566000000004,1.4929614,0
6.080121699999999,1.4929614,0
6.090287099999998,1.4929614,0
6.100115500000001,1.4929614,0
6.110173000000003,1.4929614,0
6.120203699999998,1.4929614,0
6.1301229999999975,1.4929614,0
6.140290100000001,1.4929614,0
6.150163800000001,1.4929614,0
6.160382800000001,1.4929614,0
6.170273100000003,1.4929614,0
6.180109000000002,1.4929614,0
6.190344699999997,1.4929614,0
6.2001802999999995,1.4929614,0
6.210171500000001,1.4929614,0
6.220350199999999,1.4929614,0
6.230179200000002,1.4929614,0
6.240268499999999,1.4929614,0
6.250421799999998,1.4929614,0
6.260202200000002,1.4929614,0
6.2702805999999995,1.4929614,0
6.280239399999999,1.4929614,0
6.290156799999998,1.4929614,0
6.300166599999997,1.4929614,0
6.310177899999999,1.4929614,0
6.320255500000002,1.4929614,0
6.330112200000002,1.4929614,0
6.340196200000001,1.4929614,0
6.3501695,1.4929614,0
6.360097699999997,1.4929614,0
6.370293600000004,1.4929614,0
6.380122200000002,1.4929614,0
6.3901546000000025,1.4929614,0
6.400166499999997,1.4929614,0
6.410179399999997,1.4929614,0
6.420172000000001,1.4929614,0
6.430127800000001,1.4929614,0
6.4405371,1.4929614,0
6.450111300000003,1.4929614,0
6.460223499999998,1.4929614,0
6.4702952000000025,1.4929614,0
6.480228699999998,1.4929614,0
6.4900783,1.4929614,0
6.500115800000003,1.4929614,0
6.510183599999998,1.4929614,0
6.5202326,1.4929614,0
6.5300777,1.4929614,0
6.5402445,1.4929614,0
6.550157200000001,1.4929614,0
6.560245500000001,1.4929614,0
6.5702487000000005,1.4929614,0
6.580132400000004,1.4929614,0
6.590279100000004,1.4929614,0
6.600499400000004,1.4929614,0
6.610242300000003,1.4929614,0
6.6204453,1.4929614,0
6.630082399999999,1.4929614,0
6.6400808,1.4929614,0
6.650115700000001,1.4929614,0
6.660108700000002,1.4929614,0
6.670176400000003,1.4929614,0
6.680231300000003,1.4929614,0
6.6906702,1.4929614,0
6.700423200000003,1.4929614,0
6.710360299999998,1.4929614,0
6.7203552,1.4929614,0
6.730174099999999,1.4929614,0
6.740257100000001,1.4929614,0
6.750073499999999,1.4929614,0
6.760461499999998,1.4929614,0
6.770553700000001,1.4929614,0
6.780188700000004,1.4929614,0
6.790489999999998,1.4929614,0
6.800202599999999,1.4929614,0
6.810090199999998,1.4929614,0
6.820269099999997,1.4929614,0
6.8302976000000015,1.4929614,0
6.840204200000002,1.4929614,0
6.850239899999998,1.4929614,0
6.8601654,1.4929614,0
6.8702866,1.4929614,0
6.8801688,1.4929614,0
6.8901805,1.4929614,0
6.900190500000001,1.4929614,0
6.9101175999999995,1.4929614,0
6.920753699999999,1.4929614,0
6.930314600000003,1.4929614,0
6.940363099999999,1.4929614,0
6.950281000000004,1.4929614,0
6.960244500000002,1.4929614,0
6.970464,1.4929614,0
6.9802357000000015,1.4929614,0
6.990180600000002,1.4929614,0
7.000471400000002,1.4929614,0
7.010183900000001,1.4929614,0
7.020470099999997,1.4929614,0
7.030128300000001,1.4929614,0
7.040209300000001,1.4929614,0
7.0500373,1.4929614,0
7.060086499999997,1.4929614,0
7.070278299999998,1.4929614,0
7.080249100000003,1.4929614,0
7.090220700000003,1.4929614,0
7.100192800000002,1.4929614,0
7.110532499999998,1.4929614,0
7.1201206,1.4929614,0
7.1301056,1.4929614,0
7.140644100000003,1.4929614,0
7.150099300000001,1.4929614,0
7.160070400000002,1.4929614,0
7.170164700000001,1.4929614,0
7.180150699999999,1.4929614,0
7.1903121,1.4929614,0
7.200193900000002,1.4929614,0
7.210087899999998,1.4929614,0
7.2203911000000005,1.4929614,0
7.230190499999999,1.4929614,0
7.240324399999999,1.4929614,0
7.250317000000003,1.4929614,0
7.2601669000000015,1.4929614,0
7.2704438000000025,1.4929614,0
7.280194100000003,1.4929614,0
7.2902276000000015,1.4929614,0
7.3001667999999995,1.4929614,0
7.310108399999997,1.4929614,0
7.320173199999999,1.4929614,0
7.3301157,1.4929614,0
7.340285299999998,1.4929614,0
7.3501051,1.4929614,0
7.360171000000001,1.4929614,0
7.370324000000004,1.4929614,0
7.380092300000001,1.4929614,0
7.390136099999999,1.4929614,0
7.4001041,1.4929614,0
7.410091000000001,1.4929614,0
7.420422199999997,1.4929614,0
7.430216100000003,1.4929614,0
7.440244100000001,1.4929614,0
7.450033699999999,1.4929614,0
7.460469099999997,1.4929614,0
7.4702603,1.4929614,0
7.480199200000001,1.4929614,0
7.4902011,1.4929614,0
7.500121800000002,1.4929614,0
7.5101534,1.4929614,0
7.520194099999998,1.4929614,0
7.5301238999999995,1.4929614,0
7.540204799999998,1.4929614,0
7.550110699999998,1.4929614,0
7.560136,1.4929614,0
7.5702079,1.4929614,0
7.580104200000001,1.4929614,0
7.590221399999997,1.4929614,0
7.600157799999998,1.4929614,0
7.610261299999998,1.4929614,0
7.620448799999998,1.4929614,0
7.6301044000000005,1.4929614,0
7.640156500000003,1.4929614,0
7.6503238000000024,1.4929614,0
7.660196400000004,1.4929614,0
7.670269099999999,1.4929614,0
7.680100000000003,1.4929614,0
7.690238100000002,1.4929614,0
7.700255200000001,1.4929614,0
7.710264100000003,1.4929614,0
7.720545899999998,1.4929614,0
7.730386600000003,1.4929614,0
7.740696700000001,1.4929614,0
7.750304200000002,1.4929614,0
7.760373299999998,1.4929614,0
7.770419199999999,1.4929614,0
7.780345699999998,1.4929614,0
7.790355599999998,1.4929614,0
7.800336200000004,1.4929614,0
7.810246399999997,1.4929614,0
7.820234499999998,1.4929614,0
7.830145600000002,1.4929614,0
7.840141000000003,1.4929614,0
7.850125599999998,1.4929614,0
7.860278299999997,1.4929614,0
7.870265199999999,1.4929614,0
7.8800436000000005,1.4929614,0
7.890288099999999,1.4929614,0
7.9001553000000015,1.4929614,0
7.910133700000003,1.4929614,0
7.9201099,1.4929614,0
7.930087,1.4929614,0
7.940251199999999,1.4929614,0
7.9503421,1.4929614,0
7.960457300000002,1.4929614,0
7.970362999999999,1.4929614,0
7.980196900000003,1.4929614,0
7.9900886,1.4929614,0
8.000114099999998,1.4929614,0
8.010176000000001,1.4929614,0
8.0202205,1.4929614,0
8.030147,1.4929614,0
8.040197800000001,1.4929614,0
8.050095200000001,1.4929614,0
8.060051899999998,1.4929614,0
8.070225,1.4929614,0
8.080051699999999,1.4929614,0
8.090266100000001,1.4929614,0
8.100434900000003,1.4929614,0
8.110174800000003,1.4929614,0
8.120451000000003,1.4929614,0
8.130168900000001,1.4929614,0
8.140221400000001,1.4929614,0
8.150189099999999,1.4929614,0
8.1600744,1.4929614,0
8.170229499999998,1.4929614,0
8.180065800000001,1.4929614,0
8.190316500000002,1.4929614,0
8.200192899999998,1.4929614,0
8.210161399999997,1.4929614,0
8.2203096,1.4929614,0
8.2301389,1.4929614,0
8.240192200000003,1.4929614,0
8.250414800000001,1.4929614,0
8.260101499999998,1.4929614,0
8.2701706,1.4929614,0
8.280256200000004,1.4929614,0
8.290288000000004,1.4929614,0
8.300232899999997,1.4929614,0
8.310206299999997,1.4929614,0
8.320189,1.4929614,0
8.330083000000002,1.4929614,0
8.3401687,1.4929614,0
8.350072099999998,1.4929614,0
8.360055700000004,1.4929614,0
8.370271500000001,1.4929614,0
8.380140099999998,1.4929614,0
8.390331199999999,1.4929614,0
8.400196700000002,1.4929614,0
8.410109599999998,1.4929614,0
8.420286400000002,1.4929614,0
8.430118999999998,1.4929614,0
8.440286200000003,1.4929614,0
8.450132799999999,1.4929614,0
8.4600941,1.4929614,0
8.4701405,1.4929614,0
8.480131700000001,1.4929614,0
8.4901458,1.4929614,0
8.500075600000002,1.4929614,0
8.510151999999998,1.4929614,0
8.520134300000002,1.4929614,0
8.530066900000001,1.4929614,0
8.5402366,1.4929614,0
8.550117700000001,1.4929614,0
8.560407099999999,1.4929614,0
8.570174100000003,1.4929614,0
8.580055299999998,1.4929614,0
8.590212700000002,1.4929614,0
8.600181800000001,1.4929614,0
8.610140100000002,1.4929614,0
8.6202094,1.4929614,0
8.630589800000003,1.4929614,0
8.640183200000003,1.4929614,0
8.650173299999999,1.4929614,0
8.660354300000002,1.4929614,0
8.670184800000001,1.4929614,0
8.680138499999998,1.4929614,0
8.690217500000003,1.4929614,0
8.700136200000003,1.4929614,0
8.710143199999997,1.4929614,0
8.7203947,1.4929614,0
8.730096199999998,1.4929614,0
8.740356499999997,1.4929614,0
8.750304300000003,1.4929614,0
8.760334,1.4929614,0
8.770367100000001,1.4929614,0
8.7802389,1.4929614,0
8.790253399999997,1.4929614,0
8.800211400000002,1.4929614,0
8.810190499999997,1.4929614,0
8.8203155,1.4929614,0
8.8300956,1.4929614,0
8.8402843,1.4929614,0
8.850101000000002,1.4929614,0
8.860109899999998,1.4929614,0
8.870252200000003,1.4929614,0
8.880214100000003,1.4929614,0
8.890248300000003,1.4929614,0
8.900147400000002,1.4929614,0
8.910167800000004,1.4929614,0
8.920169200000004,1.4929614,0
8.930197200000002,1.4929614,0
8.940359700000002,1.4929614,0
8.950308499999998,1.4929614,0
8.960082700000001,1.4929614,0
8.970348899999998,1.4929614,0
8.980077399999999,1.4929614,0
8.9901586,1.4929614,0
9.0001721,1.4929614,0
9.010117700000002,1.4929614,0
9.0202059,1.4929614,0
9.0301009,1.4929614,0
9.040219300000004,1.4929614,0
9.050289,1.4929614,0
9.0601269,1.4929614,0
9.070197,1.4929614,0
9.080573299999998,1.4967589087050504,0
9.0905803,1.5238045116124348,0
9.100574199999997,1.559590362490269,0
9.110357900000004,1.6207520784223166,0
9.120395299999998,1.7187455872792141,0
9.130431000000002,1.7891728281765233,0
9.140539699999998,1.837653969966441,0
9.150432000000002,1.8533102571638032,0
9.160505900000004,1.8750292136101272,0
9.170396400000001,1.8636380588470618,0
9.180342600000003,1.8321294206976761,0
9.190572600000003,1.8147730668112763,0
9.200442899999999,1.8057945073643697,0
9.210380999999998,1.8154240637248136,0
9.220649800000004,1.8273674205877593,0
9.230547700000002,1.8569656060185253,0
9.240451200000003,1.8843914117330494,0
9.250690499999997,1.967957113947887,0
9.260396399999998,2.0520811114443793,0
9.2736138,2.126337545292293,0
9.280382500000002,2.1670647716655607,0
9.2904786,2.213285969031911,0
9.300526500000004,2.242820153700272,0
9.310397700000003,2.292602280453833,0
9.320541400000003,2.2877986919473856,0
9.3303978,2.281438576793002,0
9.340632499999998,2.2657591224456106,0
9.3503878,2.245839068118692,0
9.360481800000002,2.2893966867934625,0
9.3705304,2.325373425197407,0
9.380368099999998,2.40774704162919,0
9.390624600000002,2.588821580137389,0
9.400426799999998,2.7044277228890015,0
9.410428500000002,2.821494380264045,0
9.420417200000003,2.8268326271612345,0
9.430420699999999,2.973393931426066,0
9.440544899999999,3.136018421311343,0
9.4531779,3.2100781990336418,0
9.460389200000002,3.3796480931864337,0
9.470508600000002,3.4845166596908506,0
9.480391099999999,3.6334478492987046,0
9.4905045,3.707591984051622,0
9.500416600000001,3.8589182958239516,0
9.5104075,3.9116209013381265,0
9.520495099999998,4.015512225424479,0
9.534033899999997,4.160998918930918,0
9.540701499999997,4.2533881999560625,0
9.550496500000001,4.562440182741756,0
9.5603901,4.668713152000239,0
9.570471099999999,4.94729532080311,0
9.580368300000004,5.205430754645505,0
9.5932916,5.435204896059818,0
9.600419700000003,5.466896331951051,0
9.610375699999999,5.982966845017518,0
9.620484099999999,6.129079925238219,1.5000000033182914e-06
9.633543199999998,6.435714282503059,0.013141900000000817
9.6405362,6.647875276492737,0.02013260000000372
9.650395600000003,6.565999623962232,0.02999030000000147
9.6603834,6.955901662500982,0.03997189999999762
9.670455400000002,6.988798062988308,0.05005690000000129
9.680429699999998,6.988798062988308,0.05995850000000047
9.6905243,7.111121039461668,0.07006319999999988
9.703761900000003,7.270747976866626,0.08334150000000307
9.710479300000003,7.282321842828364,0.09004589999999979
9.720559399999999,7.446810144218417,0.10010859999999866
9.730385499999997,7.60372870967274,0.10998080000000243
9.740564900000003,7.677540237620285,0.12009700000000123
9.750691799999998,7.840536452576179,0.1301879000000028
9.760589699999997,7.94296870865388,0.14013750000000158
9.770771099999997,8.047053062365295,0.15026660000000192
9.787784899999998,8.152816159873417,0.16728390000000104
9.790683399999999,8.20633568180298,0.17011600000000016
9.800491299999997,8.192915634959567,0.18007459999999753
9.810524800000003,8.342022743180927,0.19003680000000145
9.820610199999997,8.328331593408056,0.20012830000000292
9.830415100000003,8.233256430132531,0.21002510000000285
9.840537699999999,8.522522057577296,0.21998609999999985
9.850451999999997,8.607425524228983,0.23007789999999773
9.860401199999998,8.522522057577296,0.24001410000000334
9.870495599999998,8.707775895113674,0.2500430999999992
9.8804004,8.972364242669451,0.2599816999999973
9.890545799999998,8.94249296807631,0.2701145999999994
9.900388499999998,8.897909494439109,0.2799564999999973
9.910356399999998,9.06269833412371,0.28993859999999927
9.924476499999997,8.853592720743801,0.30405730000000375
9.938321600000002,8.838879453474007,0.3178383999999994
9.940571300000002,9.09305139310744,0.32013789999999887
9.9545842,9.06269833412371,0.3341718
9.960445200000002,8.987344746665283,0.3400601000000023
9.975562199999999,9.123526107475662,0.35512250000000023
9.988928399999999,9.231152701241395,0.36851339999999766
9.9904649,9.184842454704212,0.37004890000000046
10.000363399999998,9.123526107475662,0.3799915000000027
10.010357900000002,9.450979388677672,0.38995580000000274
10.020589999999999,9.154122964824467,0.4001412000000002
10.030446599999998,9.340296664120023,0.40997409999999945
10.040481200000002,9.26218092712718,0.4200271999999998
10.050444300000002,9.482888682273867,0.43004880000000156
10.060414299999998,9.26218092712718,0.44002629999999954
10.070463000000004,9.138809237726493,0.45001609999999914
10.080461399999997,9.200248340363991,0.46007190000000264
10.090520599999998,9.30895659937976,0.4701145000000011
10.100436299999998,9.293333514473604,0.4800541999999979
10.110365299999998,9.387542439694219,0.48995640000000407
10.120477399999999,9.419197477321548,0.5000745999999978
10.130545599999998,9.293333514473604,0.5100504999999984
10.140509600000001,9.340296664120023,0.5200609000000043
10.1503515,9.482888682273867,0.5299669999999992
10.160362300000003,9.595581734544421,0.5399639000000036
10.170557600000002,9.482888682273867,0.5500947000000025
10.180481499999999,9.30895659937976,0.5600436000000002
10.190452200000003,9.482888682273867,0.5700897999999981
10.200462199999997,9.482888682273867,0.5800683000000006
10.210354700000003,9.57938597223622,0.589981299999998
10.220498200000002,9.482888682273867,0.6000591000000028
10.230460299999997,9.498891256878826,0.6100460999999981
10.240588899999999,9.530992581754338,0.6201361999999975
10.250409300000001,9.482888682273867,0.6300039999999996
10.2604939,9.482888682273867,0.6401204000000007
10.2704144,9.466918080834294,0.6500312000000008
10.280387400000002,9.466918080834294,0.6599926000000025
10.290562700000002,9.371762340174383,0.6700794999999999
10.300396200000002,9.340296664120023,0.6799675999999977
10.310481199999998,9.403354130994348,0.6900529999999989
10.320427199999997,9.340296664120023,0.7000185999999999
10.3303655,9.340296664120023,0.7099645999999993
10.3405245,9.246651300076511,0.7200400999999985
10.350441099999998,9.340296664120023,0.7300570000000022
10.360339000000003,9.27774164451191,0.7399705999999995
10.370512699999999,9.482888682273867,0.7500681
10.380364200000002,9.30895659937976,0.7599694000000028
10.390519099999999,9.154122964824467,0.7700468000000029
10.4004659,9.435072542049229,0.7800165000000021
10.4104466,9.51492586865949,0.7900646000000009
10.420464899999999,9.62807059588681,0.8000493999999989
10.430367099999998,9.293333514473604,0.8099855000000034
10.440493500000002,9.371762340174383,0.8200202000000019
10.450612399999997,9.419197477321548,0.8301519999999982
10.460385500000001,9.30895659937976,0.8400159999999985
10.470509999999997,9.371762340174383,0.8501053000000027
10.480345100000001,9.387542439694219,0.8599488999999991
10.490513399999998,9.387542439694219,0.8700712999999993
10.500490300000003,9.27774164451191,0.8800507999999994
10.510421399999998,9.26218092712718,0.890022100000003
10.5205701,9.30895659937976,0.9001281000000034
10.530692700000003,9.246651300076511,0.910185300000002
10.540658700000002,9.246651300076511,0.9201285999999982
10.550600700000004,9.27774164451191,0.9301190999999989
10.5607027,9.435072542049229,0.9401702999999983
10.570694799999998,9.215685068627405,0.9502463000000034
10.5805632,9.246651300076511,0.9601091000000039
10.590508300000003,9.27774164451191,0.9700793000000019
10.600582000000003,9.30895659937976,0.9801452000000026
10.610390000000002,9.077859687091145,0.989978200000003
10.620545800000002,9.246651300076511,1.0000567000000018
10.630570300000002,8.987344746665283,1.0000567000000018
10.641976800000002,8.987344746665283,1.0000567000000018
10.657650500000003,8.883107682196407,1.0000567000000018
10.660485399999999,8.751215137895052,1.0000567000000018
10.6707106,9.017395787665905,1.0000567000000018
10.680560499999999,8.824195583331818,1.0000567000000018
10.690802300000001,8.897909494439109,1.0000567000000018
10.700557099999997,8.707775895113674,1.0000567000000018
10.710632799999999,8.957413669740566,1.0000567000000018
10.720650300000003,8.824195583331818,1.0000567000000018
10.730498099999998,8.897909494439109,1.0000567000000018
10.740620200000002,8.838879453474007,1.0000567000000018
10.750583200000001,8.912740939929662,1.0000567000000018
10.760622300000001,8.853592720743801,1.0000567000000018
10.770713299999997,7.9300748693738,1.0000567000000018
10.780447299999999,8.67896086002344,1.0000567000000018
10.790774599999999,8.564846436085226,1.0000567000000018
10.800578600000001,8.314667798570671,1.0000567000000018
10.8107039,9.842445630505686,1.0000567000000018
10.820860199999998,8.522522057577296,1.0000567000000018
10.830662000000004,7.878756617124858,1.0000567000000018
10.8406369,7.423028897842612,1.0000567000000018
10.850582500000002,6.9449799844945455,1.0000567000000018
10.8605187,6.415969341581473,1.0000567000000018
10.8704903,6.6272833866223495,1.0000567000000018
10.880614100000003,7.144951555755833,1.0000567000000018
10.8906961,7.665176724779058,1.0000567000000018
10.9006416,7.579321042711515,1.0000567000000018
10.910833000000004,7.567153771952609,1.0000567000000018
10.920766200000003,7.35225325423583,1.0000567000000018
10.930528600000002,7.167618265175428,1.0000567000000018
10.940609100000003,6.934080128015318,1.0000567000000018
10.9505507,6.5965495799240745,1.0000567000000018
10.9604633,6.6893069845681055,1.0000567000000018
10.970737900000003,6.010008088694971,1.0000567000000018
10.980509599999998,6.0829163286647,1.0000567000000018
10.9906601,6.0829163286647,1.0000567000000018
11.0007151,6.366951147619736,1.0000567000000018
11.010613300000003,6.386499623096539,1.0000567000000018
11.0206522,7.47068670608361,1.0000567000000018
11.0305502,6.934080128015318,1.0000567000000018
11.040558599999997,7.144951555755833,1.0000567000000018
11.050538600000003,7.077492898532053,1.0000567000000018
11.0605956,7.677540237620285,1.0000567000000018
11.0706967,6.815609520161351,1.0000567000000018
11.080622400000003,6.762614839982228,1.0000567000000018
11.0906679,6.435714282503059,1.0000567000000018
11.100543899999998,6.535632418935098,1.0000567000000018
11.110489299999998,6.934080128015318,1.0000567000000018
11.120609800000004,6.0829163286647,1.0000567000000018
11.1305908,6.175707473670507,1.0000567000000018
11.140738900000002,6.147675010315886,1.0000567000000018
11.150580599999998,6.166344624693092,1.0000567000000018
11.160702800000003,6.260821133074819,1.0000567000000018
11.170602799999998,6.073738876518667,1.0000567000000018
11.1806062,6.545734582569215,1.0000567000000018
11.190645600000003,6.617018288369059,1.0000567000000018
11.200715199999998,6.545734582569215,1.0000567000000018
11.210507300000003,6.637569035616036,1.0000567000000018
11.2205175,6.606773699795757,1.0000567000000018
11.230475900000002,6.647875276492737,1.0000567000000018
11.240692500000002,6.445616409894751,1.0000567000000018
11.2507588,6.299143989175471,1.0000567000000018
11.260900999999997,6.425831939575096,1.0000567000000018
11.270620200000003,6.49542520288607,1.0000567000000018
11.280571299999998,6.0009763073095606,1.0000567000000018
11.2906112,5.982966845017518,1.0000567000000018
11.300489800000001,6.0829163286647,1.0000567000000018
11.310517400000002,5.78954518471769,1.0000567000000018
11.320628,5.867644987585125,1.0000567000000018
11.330646700000003,5.920498011343938,1.0000567000000018
11.340692400000002,5.704400565352053,1.0000567000000018
11.350571299999999,5.704400565352053,1.0000567000000018
11.3605388,4.954217631447924,1.0000567000000018
11.370718400000001,5.44310400232517,1.0000567000000018
11.380569700000002,5.198006519845759,1.0000567000000018
11.3906554,4.919744110019454,1.0000567000000018
11.400758199999999,4.732935497767326,1.0000567000000018
11.410599599999998,4.544058342312084,1.0000567000000018
11.420596600000003,4.371939454170687,1.0000567000000018
11.4306506,4.171705914321434,1.0000567000000018
11.440722399999999,4.071698072558067,1.0000567000000018
11.4504649,3.9853824191140568,1.0000567000000018
11.460657099999999,3.950684914502795,1.0000567000000018
11.470574200000001,3.8589182958239516,1.0000567000000018
11.481045700000003,3.8827303405725577,1.0000567000000018
11.490907,3.784300364546165,1.0000567000000018
11.500742700000004,3.7164817196059605,1.0000567000000018
11.5106441,3.5452709168378425,1.0000567000000018
11.5208382,3.301910000385119,1.0000567000000018
11.530540899999998,3.445014663186515,1.0000567000000018
11.540813800000002,3.1861593270248654,1.0000567000000018
11.550590499999998,2.906685467755824,1.0000567000000018
11.560658699999998,2.8648042628401384,1.0000567000000018
11.570484200000003,2.62003472923619,1.0000567000000018
11.580548100000001,2.4842168164209233,1.0000567000000018
11.590687299999999,2.345674627379986,1.0000567000000018
11.600630299999999,2.061153192337736,1.0000567000000018
11.610446699999997,1.8666423645175738,1.0000567000000018
11.6205973,1.7568962393066967,1.0000567000000018
11.6305203,1.6666367881902626,1.0000567000000018
