0.0005380999999999858,1.4929614,0
0.010141900000000703,1.4929614,0
0.026310500000001014,1.4929614,0
0.030312000000002115,1.4929614,0
0.04021540000000101,1.4929614,0
0.05017030000000133,1.4929614,0
0.06026070000000061,1.4929614,0
0.0702980999999987,1.4929614,0
0.08033280000000076,1.4929614,0
0.09028840000000216,1.4929614,0
0.10016260000000088,1.4929614,0
0.11025710000000188,1.4929614,0
0.12015770000000003,1.4929614,0
0.13025359999999964,1.4929614,0
0.1403111000000017,1.4929614,0
0.1503009999999989,1.4929614,0
0.16035769999999872,1.4929614,0
0.17044710000000052,1.4929614,0
0.18036169999999885,1.4929614,0
0.1903094000000003,1.4929614,0
0.20031700000000185,1.4929614,0
0.21027700000000138,1.4929614,0
0.220228800000001,1.4929614,0
0.23023669999999896,1.4929614,0
0.24020390000000091,1.4929614,0
0.2502005000000018,1.4929614,0
0.26021259999999913,1.4929614,0
0.2702366000000005,1.4929614,0
0.28021770000000146,1.4929614,0
0.29023970000000077,1.4929614,0
0.30018869999999964,1.4929614,0
0.3102741000000009,1.4929614,0
0.32023120000000205,1.4929614,0
0.3306927000000002,1.4929614,0
0.3406550999999993,1.4929614,0
0.35019760000000133,1.4929614,0
0.3602121000000018,1.4929614,0
0.37023530000000093,1.4929614,0
0.3801716000000006,1.4929614,0
0.39022879999999915,1.4929614,0
0.40018699999999896,1.4929614,0
0.4102452999999997,1.4929614,0
0.42024629999999874,1.4929614,0
0.4303144000000003,1.4929614,0
0.4401870999999993,1.4929614,0
0.4501621,1.4929614,0
0.4603085,1.4929614,0
0.47014580000000095,1.4929614,0
0.48017349999999936,1.4929614,0
0.49020300000000105,1.4929614,0
0.5001773000000007,1.4929614,0
0.5102301999999987,1.4929614,0
0.5201776000000002,1.4929614,0
0.5301986000000021,1.4929614,0
0.540246800000002,1.4929614,0
0.5501785999999989,1.4929614,0
0.560244400000002,1.4929614,0
0.5708209999999987,1.4929614,0
0.5801820000000006,1.4929614,0
0.5902478000000002,1.4929614,0
0.6002501000000002,1.4929614,0
0.6102993000000012,1.4929614,0
0.6201962999999999,1.4929614,0
0.6302529999999997,1.4929614,0
0.6401842000000002,1.4929614,0
0.6501711000000014,1.4929614,0
0.6603516999999997,1.4929614,0
0.6702146999999989,1.4929614,0
0.6801981999999995,1.4929614,0
0.6902468000000006,1.4929614,0
0.7001671999999992,1.4929614,0
0.7102003000000003,1.4929614,0
0.720226799999999,1.4929614,0
0.7303800000000003,1.4929614,0
0.740174200000002,1.4929614,0
0.7501877000000015,1.4929614,0
0.7602496000000016,1.4929614,0
0.7703746000000002,1.4929614,0
0.7801551999999994,1.4929614,0
0.790208100000001,1.4929614,0
0.800242100000002,1.4929614,0
0.8102432000000022,1.4929614,0
0.8201907999999989,1.4929614,0
0.8302282000000005,1.4929614,0
0.8402746000000008,1.4929614,0
0.850154100000001,1.4929614,0
0.8602205000000005,1.4929614,0
0.8702973000000007,1.4929614,0
0.8803038000000001,1.4929614,0
0.8902402000000009,1.4929614,0
0.9001474000000016,1.4929614,0
0.910275200000001,1.4929614,0
0.9202262999999995,1.4929614,0
0.9302588000000007,1.4929614,0
0.9402235000000019,1.4929614,0
0.950175999999999,1.4929614,0
0.9603068000000015,1.4929614,0
0.9703037999999999,1.4929614,0
0.9801976000000003,1.4929614,0
0.9903291000000003,1.4929614,0
1.0008704000000002,1.4929614,0
1.0153707999999995,1.4929614,0
1.020309600000001,1.4929614,0
1.0303010000000015,1.4929614,0
1.0402433000000002,1.4929614,0
1.0501895999999995,1.4929614,0
1.060220300000001,1.4929614,0
1.0701728000000017,1.4929614,0
1.0802665000000005,1.4929614,0
1.0902996000000016,1.4929614,0
1.1001632000000008,1.4929614,0
1.1100999999999992,1.4929614,0
1.1201945000000002,1.4929614,0
1.130294899999999,1.4929614,0
1.1402035999999995,1.4929614,0
1.1502237000000015,1.4929614,0
1.1602101000000005,1.4929614,0
1.1702116999999994,1.4929614,0
1.180295300000001,1.4929614,0
1.1901788000000018,1.4929614,0
1.2001370999999992,1.4929614,0
1.2102184999999999,1.4929614,0
1.2202349000000012,1.4929614,0
1.2302812000000003,1.4929614,0
1.240264100000001,1.4929614,0
1.2502028000000003,1.4929614,0
1.2602797000000017,1.4929614,0
1.2702302000000003,1.4929614,0
1.2803071000000017,1.4929614,0
1.2902307999999998,1.4929614,0
1.3001728000000021,1.4929614,0
1.3103702999999989,1.4929614,0
1.320205699999999,1.4929614,0
1.330211000000002,1.4929614,0
1.3403293000000005,1.4929614,0
1.3502183999999993,1.4929614,0
1.3603048000000015,1.4929614,0
1.370228700000002,1.4929614,0
1.3802464000000008,1.4929614,0
1.3902895000000015,1.4929614,0
1.4002790999999988,1.4929614,0
1.4101768999999997,1.4929614,0
1.4201832000000003,1.4929614,0
1.4302826999999994,1.4929614,0
1.440287999999999,1.4929614,0
1.4501659999999994,1.4929614,0
1.4602207000000007,1.4929614,0
1.4702316000000017,1.4929614,0
1.4803043000000002,1.4929614,0
1.4902449000000004,1.4929614,0
1.5001730000000002,1.4929614,0
1.510167599999999,1.4929614,0
1.520202900000001,1.4929614,0
1.530266600000001,1.4929614,0
1.5402431000000014,1.4929614,0
1.550308600000001,1.4929614,0
1.5601672999999998,1.4929614,0
1.5703177000000004,1.4929614,0
1.5802192999999995,1.4929614,0
1.5902171000000003,1.4929614,0
1.6001747000000002,1.4929614,0
1.6102623999999999,1.4929614,0
1.6202508000000009,1.4929614,0
1.6302182000000016,1.4929614,0
1.6402891000000004,1.4929614,0
1.6501723999999989,1.4929614,0
1.6603609000000006,1.4929614,0
1.670232600000002,1.4929614,0
1.680144600000002,1.4929614,0
1.6902001999999996,1.4929614,0
1.7001957999999995,1.4929614,0
1.7104034000000006,1.4929614,0
1.7204003000000014,1.4929614,0
1.730422100000002,1.4929614,0
1.7403393999999999,1.4929614,0
1.7503248000000013,1.4929614,0
1.7602857000000007,1.4929614,0
1.7701680000000017,1.4929614,0
1.7803854000000001,1.4929614,0
1.7904924000000015,1.4929614,0
1.800272500000002,1.4929614,0
1.8102309000000005,1.4929614,0
1.820182299999999,1.4929614,0
1.8301996000000003,1.4929614,0
1.840187499999999,1.4929614,0
1.8501627999999997,1.4929614,0
1.8602735000000017,1.4929614,0
1.870257500000001,1.4929614,0
1.8801933999999996,1.4929614,0
1.890224100000001,1.4929614,0
1.900174100000001,1.4929614,0
1.9103287000000009,1.4929614,0
1.9201924999999989,1.4929614,0
1.9302382999999992,1.4929614,0
1.9403775000000003,1.4929614,0
1.9504269,1.4929614,0
1.9603514000000004,1.4929614,0
1.9702787000000015,1.4929614,0
1.9803552999999994,1.4929614,0
1.9902993000000002,1.4929614,0
2.0003978999999994,1.4929614,0
2.0102790000000006,1.4929614,0
2.0201710000000013,1.4929614,0
2.0301711000000005,1.4929614,0
2.040224000000002,1.4929614,0
2.0501815000000008,1.4929614,0
2.0602064999999996,1.4929614,0
2.0702649000000015,1.4929614,0
2.0802207999999993,1.4929614,0
2.0902093000000015,1.4929614,0
2.100155100000002,1.4929614,0
2.1101600000000005,1.4929614,0
2.1202018000000002,1.4929614,0
2.1302231999999997,1.4929614,0
2.1402591000000015,1.4929614,0
2.150167100000001,1.4929614,0
2.1602864000000004,1.4929614,0
2.170271500000002,1.4929614,0
2.180271000000001,1.4929614,0
2.190235699999999,1.4929614,0
2.2002901,1.4929614,0
2.2102269999999997,1.4929614,0
2.220191800000002,1.4929614,0
2.230239100000002,1.4929614,0
2.2402939999999987,1.4929614,0
2.250133999999999,1.4929614,0
2.260223,1.4929614,0
2.2701916000000004,1.4929614,0
2.280180699999999,1.4929614,0
2.2902541999999997,1.4929614,0
2.300217,1.4929614,0
2.310138600000002,1.4929614,0
2.320260900000001,1.4929614,0
2.3302110999999996,1.4929614,0
2.3401552999999993,1.4929614,0
2.3507035999999992,1.4929614,0
2.360302000000001,1.4929614,0
2.370179799999999,1.4929614,0
2.380201200000002,1.4929614,0
2.390224800000002,1.4929614,0
2.4002149999999993,1.4929614,0
2.410250999999999,1.4929614,0
2.4201739000000018,1.4929614,0
2.4301741999999997,1.4929614,0
2.4402443,1.4929614,0
2.4502091999999998,1.4929614,0
2.4607925,1.4929614,0
2.4702398000000017,1.4929614,0
2.480382900000002,1.4929614,0
2.4901687999999993,1.4929614,0
2.500178000000002,1.4929614,0
2.5103496000000014,1.4929614,0
2.5201999000000015,1.4929614,0
2.5301791000000016,1.4929614,0
2.5402327000000007,1.4929614,0
2.550156900000001,1.4929614,0
2.5602832000000006,1.4929614,0
2.5701859999999996,1.4929614,0
2.580271100000001,1.4929614,0
2.5906857999999993,1.4929614,0
2.6002618999999996,1.4929614,0
2.6102007,1.4929614,0
2.620189,1.4929614,0
2.630231900000002,1.4929614,0
2.6402292000000003,1.4929614,0
2.650114000000002,1.4929614,0
2.6601844999999997,1.4929614,0
2.6701535000000014,1.4929614,0
2.680208799999999,1.4929614,0
2.6903183000000013,1.4929614,0
2.700209100000002,1.4929614,0
2.710212900000002,1.4929614,0
2.7203018000000014,1.4929614,0
2.730277700000002,1.4929614,0
2.7403861999999997,1.4929614,0
2.750816199999999,1.4929614,0
2.7601671000000003,1.4929614,0
2.7701236000000016,1.4929614,0
2.780303400000001,1.4929614,0
2.790282099999999,1.4929614,0
2.8001921000000003,1.4929614,0
2.8101820999999987,1.4929614,0
2.8201211000000015,1.4929614,0
2.8302318,1.4929614,0
2.8402606000000006,1.4929614,0
2.8501070000000013,1.4929614,0
2.8602470999999987,1.4929614,0
2.8702782000000013,1.4929614,0
2.8802570000000003,1.4929614,0
2.890240000000002,1.4929614,0
2.9002032,1.4929614,0
2.910186200000002,1.4929614,0
2.920157800000002,1.4929614,0
2.930196200000001,1.4929614,0
2.940225399999999,1.4929614,0
2.9501293000000004,1.4929614,0
2.9601538000000005,1.4929614,0
2.970174,1.4929614,0
2.9807138,1.4929614,0
2.990272700000002,1.4929614,0
3.0002879,1.4929614,0
3.010254400000001,1.4929614,0
3.0206762000000005,1.4929614,0
3.0303445000000018,1.4929614,0
3.0402272000000004,1.4929614,0
3.0500988000000007,1.4929614,0
3.0602248000000003,1.4929614,0
3.0701502000000005,1.4929614,0
3.080199499999999,1.4929614,0
3.0903677000000016,1.4929614,0
3.1001693999999986,1.4929614,0
3.1102017999999987,1.4929614,0
3.1202222000000006,1.4929614,0
3.130312700000001,1.4929614,0
3.140661099999999,1.4929614,0
3.1502117,1.4929614,0
3.1602403999999993,1.4929614,0
3.1701148000000003,1.4929614,0
3.1802442000000006,1.4929614,0
3.1902495,1.4929614,0
3.200179300000002,1.4929614,0
3.210190400000002,1.4929614,0
3.220561199999999,1.4929614,0
3.2302736000000003,1.4929614,0
3.240264800000002,1.4929614,0
3.2501117000000015,1.4929614,0
3.2602155999999987,1.4929614,0
3.2701554,1.4929614,0
3.2802541000000005,1.4929614,0
3.290224200000001,1.4929614,0
3.3002328,1.4929614,0
3.3101942000000015,1.4929614,0
3.3201521000000014,1.4929614,0
3.330293700000002,1.4929614,0
3.340274300000001,1.4929614,0
3.350294999999999,1.4929614,0
3.3603468999999997,1.4929614,0
3.3703129999999994,1.4929614,0
3.380283200000001,1.4929614,0
3.3903254999999994,1.4929614,0
3.4001872000000013,1.4929614,0
3.410309699999999,1.4929614,0
3.4202061000000015,1.4929614,0
3.4303656999999994,1.4929614,0
3.4403028000000013,1.4929614,0
3.450089000000002,1.4929614,0
3.4601685999999994,1.4929614,0
3.470127399999999,1.4929614,0
3.480192299999999,1.4929614,0
3.490257800000002,1.4929614,0
3.5003563,1.4929614,0
3.5106006,1.4929614,0
3.521131499999999,1.4929614,0
3.5304234,1.4929614,0
3.540277400000001,1.4929614,0
3.5502965999999994,1.4929614,0
3.5605399999999996,1.4929614,0
3.5704372000000006,1.4929614,0
3.5805584999999986,1.4929614,0
3.5902905999999994,1.4929614,0
3.6002264000000004,1.4929614,0
3.610247700000002,1.4929614,0
3.6203822999999993,1.4929614,0
3.630323100000002,1.4929614,0
3.640278200000001,1.4929614,0
3.6501701000000004,1.4929614,0
3.6602141999999986,1.4929614,0
3.670258799999999,1.4929614,0
3.6801777000000016,1.4929614,0
3.6902355,1.4929614,0
3.7001656999999994,1.4929614,0
3.710163999999999,1.4929614,0
3.720157499999999,1.4929614,0
3.730241200000002,1.4929614,0
3.740210600000001,1.4929614,0
3.7502029000000014,1.4929614,0
3.7602250999999995,1.4929614,0
3.770188700000002,1.4929614,0
3.780267300000002,1.4929614,0
3.7901644999999995,1.4929614,0
3.800287000000001,1.4929614,0
3.8102061999999997,1.4929614,0
3.820147000000002,1.4929614,0
3.8303116000000017,1.4929614,0
3.8402230000000017,1.4929614,0
3.8502483000000005,1.4929614,0
3.8602436000000004,1.4929614,0
3.8703494999999997,1.4929614,0
3.8801483999999995,1.4929614,0
3.8903721000000004,1.4929614,0
3.9001759000000007,1.4929614,0
3.9102543999999995,1.4929614,0
3.9201963000000006,1.4929614,0
3.930239199999999,1.4929614,0
3.940266000000001,1.4929614,0
3.9502992,1.4929614,0
3.9601979000000007,1.4929614,0
3.9702491,1.4929614,0
3.9803321999999994,1.4929614,0
3.990245699999999,1.4929614,0
4.000138100000001,1.4929614,0
4.010154,1.4929614,0
4.020202600000001,1.4929614,0
4.030404600000001,1.4929614,0
4.0403234999999995,1.4929614,0
4.050191999999999,1.4929614,0
4.0603753000000005,1.4929614,0
4.070181399999999,1.4929614,0
4.080266099999999,1.4929614,0
4.090278900000001,1.4929614,0
4.1002124,1.4929614,0
4.110231200000001,1.4929614,0
4.120196,1.4929614,0
4.130280899999999,1.4929614,0
4.1403207,1.4929614,0
4.150690000000001,1.4929614,0
4.160306800000001,1.4929614,0
4.170251799999999,1.4929614,0
4.180490899999999,1.4929614,0
4.190214300000001,1.4929614,0
4.200138500000001,1.4929614,0
4.2101220999999995,1.4929614,0
4.220163899999999,1.4929614,0
4.2303049,1.4929614,0
4.240264700000001,1.4929614,0
4.250146900000001,1.4929614,0
4.260274899999999,1.4929614,0
4.2701876,1.4929614,0
4.280267500000001,1.4929614,0
4.2902688,1.4929614,0
4.300166600000001,1.4929614,0
4.3102479,1.4929614,0
4.320774400000001,1.4929614,0
4.330272600000001,1.4929614,0
4.3401663,1.4929614,0
4.350183900000001,1.4929614,0
4.360814300000001,1.4929614,0
4.370271800000001,1.4929614,0
4.380189000000001,1.4929614,0
4.390223899999999,1.4929614,0
4.400198100000001,1.4929614,0
4.410218499999999,1.4929614,0
4.420233700000001,1.4929614,0
4.430121200000002,1.4929614,0
4.440701700000002,1.4929614,0
4.450226400000002,1.4929614,0
4.4602951,1.4929614,0
4.4707802,1.4929614,0
4.480285500000001,1.4929614,0
4.4901859,1.4929614,0
4.500314700000001,1.4929614,0
4.510290699999999,1.4929614,0
4.5201768000000015,1.4929614,0
4.530254200000002,1.4929614,0
4.5401822,1.4929614,0
4.550203,1.4929614,0
4.560727799999999,1.4929614,0
4.5701939,1.4929614,0
4.580284599999999,1.4929614,0
4.5902777000000015,1.4929614,0
4.600086300000001,1.4929614,0
4.610180800000002,1.4929614,0
4.6202358,1.4929614,0
4.6301831,1.4929614,0
4.6406907,1.4929614,0
4.650189300000001,1.4929614,0
4.6602438,1.4929614,0
4.6702327,1.4929614,0
4.6802645,1.4929614,0
4.690273300000001,1.4929614,0
4.700212499999999,1.4929614,0
4.710241,1.4929614,0
4.720149200000002,1.4929614,0
4.7302921,1.4929614,0
4.740229200000002,1.4929614,0
4.750239799999999,1.4929614,0
4.7601051000000005,1.4929614,0
4.770127800000001,1.4929614,0
4.780260000000002,1.4929614,0
4.790252500000001,1.4929614,0
4.800109899999999,1.4929614,0
4.8102354,1.4929614,0
4.820206200000001,1.4929614,0
4.830173300000002,1.4929614,0
4.840290800000002,1.4929614,0
4.8501841,1.4929614,0
4.8602436,1.4929614,0
4.870170999999999,1.4929614,0
4.8806961000000015,1.4929614,0
4.890170399999999,1.4929614,0
4.900126499999999,1.4929614,0
4.9103703,1.4929614,0
4.9201865,1.4929614,0
4.930206000000002,1.4929614,0
4.9402712000000015,1.4929614,0
4.950216700000002,1.4929614,0
4.960239999999999,1.4929614,0
4.9702813,1.4929614,0
4.980295999999999,1.4929614,0
4.990216499999999,1.4929614,0
5.0001733,1.4929614,0
5.010165400000002,1.4929614,0
5.020135100000001,1.4929614,0
5.0301832,1.4929614,0
5.0401712,1.4929614,0
5.050159799999999,1.4929614,0
5.060304300000002,1.4929614,0
5.070405000000001,1.4929614,0
5.0804343,1.4929614,0
5.0904238,1.4929614,0
5.100368500000002,1.4929614,0
5.110342599999999,1.4929614,0
5.1208083,1.4929614,0
5.130231600000002,1.4929614,0
5.140432000000001,1.4929614,0
5.150221200000001,1.4929614,0
5.1603069999999995,1.4929614,0
5.1702072,1.4929614,0
5.1802008000000015,1.4929614,0
5.190213499999999,1.4929614,0
5.200210200000001,1.4929614,0
5.210227400000001,1.4929614,0
5.220261400000002,1.4929614,0
5.2302274,1.4929614,0
5.240687099999999,1.4929614,0
5.2506597,1.4929614,0
5.260294999999999,1.4929614,0
5.270167799999999,1.4929614,0
5.280169400000002,1.4929614,0
5.2903169000000005,1.4929614,0
5.300126599999999,1.4929614,0
5.3102518,1.4929614,0
5.3202265,1.4929614,0
5.330183600000002,1.4929614,0
5.340166799999999,1.4929614,0
5.3501546,1.4929614,0
5.3602823000000015,1.4929614,0
5.3703167,1.4929614,0
5.380213000000001,1.4929614,0
5.390194700000002,1.4929614,0
5.4002631,1.4929614,0
5.410248500000002,1.4929614,0
5.420170599999999,1.4929614,0
5.430340700000002,1.4929614,0
5.4402414000000014,1.4929614,0
5.4501957999999995,1.4929614,0
5.460269400000001,1.4929614,0
5.4701868000000005,1.4929614,0
5.480186500000002,1.4929614,0
5.490783100000002,1.4929614,0
5.5002104,1.4929614,0
5.510204000000002,1.4929614,0
5.520229700000002,1.4929614,0
5.530204399999999,1.4929614,0
5.5401919,1.4929614,0
5.550194699999999,1.4929614,0
5.5601658,1.4929614,0
5.570139900000001,1.4929614,0
5.580282100000002,1.4929614,0
5.590215799999999,1.4929614,0
5.600218000000002,1.4929614,0
5.610183299999999,1.4929614,0
5.6201557000000015,1.4929614,0
5.630365699999999,1.4929614,0
5.640212999999999,1.4929614,0
5.650146599999999,1.4929614,0
5.660134800000002,1.4929614,0
5.670190999999999,1.4929614,0
5.680485600000001,1.4929614,0
5.690409299999999,1.4929614,0
5.700272699999999,1.4929614,0
5.710302900000002,1.4929614,0
5.720220699999999,1.4929614,0
5.7305457,1.4929614,0
5.7403537,1.4929614,0
5.750209099999999,1.4929614,0
5.760205800000001,1.4929614,0
5.770166200000002,1.4929614,0
5.780264200000001,1.4929614,0
5.790315800000002,1.4929614,0
5.800104400000002,1.4929614,0
5.810170800000002,1.4929614,0
5.8201611,1.4929614,0
5.8302224,1.4929614,0
5.8402774000000015,1.4929614,0
5.850330800000002,1.4929614,0
5.860189200000001,1.4929614,0
5.870205800000001,1.4929614,0
5.8802664,1.4929614,0
5.8903295,1.4929614,0
5.900171499999999,1.4929614,0
5.910139400000002,1.4929614,0
5.9201829,1.4929614,0
5.930250900000001,1.4929614,0
5.940224300000001,1.4929614,0
5.950131599999999,1.4929614,0
5.960105800000001,1.4929614,0
5.9702211,1.4929614,0
5.980221499999999,1.4929614,0
5.9902359999999994,1.4929614,0
6.0007053,1.4929614,0
6.0102589,1.4929614,0
6.0202028,1.4929614,0
6.0302556,1.4929614,0
6.040260100000001,1.4929614,0
6.050211400000002,1.4929614,0
6.060060799999999,1.4929614,0
6.070203899999999,1.4929614,0
6.0802926,1.4929614,0
6.0903308,1.4929614,0
6.1001584000000015,1.4929614,0
6.1101961,1.4929614,0
6.1201533999999995,1.4929614,0
6.130240100000002,1.4929614,0
6.140279700000001,1.4929614,0
6.150151099999999,1.4929614,0
6.160617500000001,1.4929614,0
6.170124399999999,1.4929614,0
6.180276299999999,1.4929614,0
6.1902127,1.4929614,0
6.200285100000002,1.4929614,0
6.210787100000001,1.4929614,0
6.2202363,1.4929614,0
6.230261299999999,1.4929614,0
6.240272700000002,1.4929614,0
6.2501950000000015,1.4929614,0
6.260239000000002,1.4929614,0
6.2702034,1.4929614,0
6.280201600000002,1.4929614,0
6.290304800000001,1.4929614,0
6.300220500000002,1.4929614,0
6.3102053,1.4929614,0
6.320224,1.4929614,0
6.330184299999999,1.4929614,0
6.3401107,1.4929614,0
6.350206100000001,1.4929614,0
6.360212499999999,1.4929614,0
6.3702042,1.4929614,0
6.380225800000002,1.4929614,0
6.390134700000001,1.4929614,0
6.400176399999999,1.4929614,0
6.410312300000001,1.4929614,0
6.420184500000001,1.4929614,0
6.430219000000001,1.4929614,0
6.4402212,1.4929614,0
6.4502019,1.4929614,0
6.460779299999999,1.4929614,0
6.470177400000001,1.4929614,0
6.4802742,1.4929614,0
6.490227300000001,1.4929614,0
6.5007068,1.4929614,0
6.510241100000002,1.4929614,0
6.520251099999999,1.4929614,0
6.5303018,1.4929614,0
6.5402624,1.4929614,0
6.550138199999999,1.4929614,0
6.560081100000001,1.4929614,0
6.5701635,1.4929614,0
6.580242600000002,1.4929614,0
6.5902397000000015,1.4929614,0
6.600032200000001,1.4929614,0
6.610164300000001,1.4929614,0
6.620149999999999,1.4929614,0
6.630261300000001,1.4929614,0
6.6402021,1.4929614,0
6.650138699999999,1.4929614,0
6.6601037000000005,1.4929614,0
6.670125599999999,1.4929614,0
6.6803588000000005,1.4929614,0
6.6903167,1.4929614,0
6.7008163,1.4929614,0
6.710331199999999,1.4929614,0
6.7201699999999995,1.4929614,0
6.7303035000000015,1.4929614,0
6.740201599999999,1.4929614,0
6.750230999999999,1.4929614,0
6.7601227,1.4929614,0
6.770160100000002,1.4929614,0
6.780242300000001,1.4929614,0
6.790292100000002,1.4929614,0
6.800127,1.4929614,0
6.810184899999999,1.4929614,0
6.8201669,1.4929614,0
6.830251499999999,1.4929614,0
6.8404083,1.4929614,0
6.8502849999999995,1.4929614,0
6.860360700000001,1.4929614,0
6.870337200000002,1.4929614,0
6.880398400000001,1.4929614,0
6.8903248999999995,1.4929614,0
6.900355099999999,1.4929614,0
6.9102323000000005,1.4929614,0
6.920385800000002,1.4929614,0
6.930338299999999,1.4929614,0
6.940428600000001,1.4929614,0
6.950148600000002,1.4929614,0
6.960159400000002,1.4929614,0
6.9701319999999996,1.4929614,0
6.9801787,1.4929614,0
6.990178199999999,1.4929614,0
7.0001432,1.4929614,0
7.0101972,1.4929614,0
7.020149799999999,1.4929614,0
7.030279199999999,1.4929614,0
7.040173800000002,1.4929614,0
7.0501358,1.4929614,0
7.060184,1.4929614,0
7.070219000000002,1.4929614,0
7.0802011,1.4929614,0
7.0901385999999995,1.4929614,0
7.1001560999999995,1.4929614,0
7.1102281000000005,1.4929614,0
7.120256699999999,1.4929614,0
7.1301773,1.4929614,0
7.1401763,1.4929614,0
7.150149800000001,1.4929614,0
7.160251500000001,1.4929614,0
7.1701665000000006,1.4929614,0
7.180189800000001,1.4929614,0
7.190228000000001,1.4929614,0
7.200689100000002,1.4929614,0
7.210311100000002,1.4929614,0
7.220189699999999,1.4929614,0
7.230222399999999,1.4929614,0
7.240273800000001,1.4929614,0
7.250147699999999,1.4929614,0
7.260213700000001,1.4929614,0
7.2702183,1.4929614,0
7.280197399999999,1.4929614,0
7.290208400000001,1.4929614,0
7.300156000000001,1.4929614,0
7.310286300000001,1.4929614,0
7.320234200000002,1.4929614,0
7.330233500000002,1.4929614,0
7.340194799999999,1.4929614,0
7.3501388,1.4929614,0
7.360080700000001,1.4929614,0
7.3702605000000005,1.4929614,0
7.380341300000001,1.4929614,0
7.390242400000002,1.4929614,0
7.400250500000002,1.4929614,0
7.410290700000001,1.4929614,0
7.420114300000002,1.4929614,0
7.430211,1.4929614,0
7.4401847,1.4929614,0
7.450157700000002,1.4929614,0
7.460374999999999,1.4929614,0
7.470161700000002,1.4929614,0
7.480178600000002,1.4929614,0
7.490179699999999,1.4929614,0
7.500150600000001,1.4929614,0
7.510159000000002,1.4929614,0
7.520291,1.4929614,0
7.530186700000002,1.4929614,0
7.540141200000001,1.4929614,0
7.5501836,1.4929614,0
7.560518000000002,1.4929614,0
7.570376200000002,1.4929614,0
7.580333400000001,1.4929614,0
7.590376599999999,1.4929614,0
7.6002458,1.4929614,0
7.610363500000002,1.4929614,0
7.6203678,1.4929614,0
7.630177400000001,1.4929614,0
7.640300800000002,1.4929614,0
7.6501684999999995,1.4929614,0
7.6602067,1.4929614,0
7.670129200000002,1.4929614,0
7.680154699999999,1.4929614,0
7.690230700000001,1.4929614,0
7.7002206000000015,1.4929614,0
7.710160300000002,1.4929614,0
7.7206337000000005,1.4929614,0
7.7302161,1.4929614,0
7.740206499999999,1.4929614,0
7.750211499999999,1.4929614,0
7.760092,1.4929614,0
7.770564400000001,1.4950214188078457,0
7.780546700000002,1.5049077242487163,0
7.790546200000001,1.5132735301782378,0
7.800449199999999,1.5348570090308546,0
7.810464200000002,1.5491226881824318,0
7.820430000000002,1.5535663749482944,0
7.830495500000001,1.575600882158711,0
7.840580899999999,1.5881296535224207,0
7.8504241000000015,1.603162977838384,0
7.860585799999999,1.6189287424572167,0
7.870722700000002,1.6395583447495483,0
7.8804494,1.6662830684515275,0
7.8905232000000005,1.722907553170792,0
7.900452000000001,1.7826541938503582,0
7.9104986,1.8666423645175738,0
7.9205197,1.946451116732677,0
7.930475999999999,2.123795682226406,0
7.9433513,2.32203700877801,0
7.9505614000000016,2.6614717711390807,0
7.960486100000001,3.1066480163688723,0
7.973802800000001,3.6163654870591087,0
7.980607599999999,4.000402127695384,0
7.994272900000002,4.3950906511189265,0
8.000551300000001,4.75245400772832,0
8.010644800000001,4.989037617526732,0
8.020465999999999,5.212869852773224,0
8.033858600000002,5.604449561432766,0
8.0405515,5.982966845017518,0
8.050681700000002,6.010008088694971,9.000000034120603e-07
8.064208400000002,6.425831939575096,0.01349930000000299
8.0705453,6.5965495799240745,0.019840600000001984
8.080514100000002,6.783749139762662,0.029820400000001968
8.0904721,7.032968092035166,0.03978430000000088
8.102835500000001,7.111121039461668,0.05213720000000066
8.1105813,7.60372870967274,0.059777400000001535
8.120460399999999,7.727242302704185,0.06977860000000291
8.1304752,8.007826142431599,0.07979300000000222
8.144953100000002,8.260285077108826,0.09418310000000218
8.1505121,8.466483135678205,0.0997992000000032
8.1605001,8.579011088888649,0.10975250000000258
8.170426299999999,8.707775895113674,0.1197232000000028
8.1804657,8.957413669740566,0.12978470000000186
8.190440299999999,9.002355241650097,0.13976350000000082
8.2039233,9.246651300076511,0.15323620000000204
8.210783200000002,9.293333514473604,0.16008390000000006
8.220455600000001,9.450979388677672,0.16975680000000182
8.2306128,9.54709146043023,0.17985560000000334
8.240800199999999,10.376713222184142,0
8.2572099,9.842445630505686,2.2999999984563146e-06
8.271194099999999,9.825756633804376,0.014018100000001255
8.271853799999999,10.011184305278535,0
8.288174399999999,10.23565091837597,0
8.290607000000001,10.25316052398179,0
8.3006444,10.09682765136841,0
8.3107441,10.0282445284255,0
8.320676899999999,10.14862625769989,0
8.3306267,10.200736589911823,0
8.340899,10.25316052398179,0
8.350755200000002,10.23565091837597,0
8.360843899999999,10.341235771500035,0
8.370604799999999,10.305899947177094,0
8.381147000000002,10.466030194963013,0
8.390631500000001,10.466030194963013,0
8.400613400000001,10.412332866869404,0
8.410727399999999,10.538129649812095,0
8.4206456,10.376713222184142,0
8.430531000000002,10.57439625326279,0
8.440604700000002,10.394505234710364,0
8.450613400000002,10.520050675513097,0
8.4606441,10.647366113557899,0
8.4706862,10.610808213647339,0
8.4807557,10.57439625326279,0
8.490497600000001,10.776476503078216,0
8.5006341,10.25316052398179,0
8.5107955,10.757921311448747,0
8.5205452,10.684070537921636,0
8.5306787,10.57439625326279,0
8.5406087,10.57439625326279,0
8.550571300000001,10.556244818241767,0
8.5607279,10.832365260703382,0
8.570866500000001,10.665699973533705,0
8.5806057,10.79506884222607,0
8.590578100000002,10.888590358886962,0
8.6005766,10.629068884658762,0
8.6107741,10.720922074010135,0
8.620619999999999,10.776476503078216,0
8.630989800000002,10.70247788020399,0
8.640783899999999,10.629068884658762,0
8.650717400000001,10.964083853103384,0
8.660783900000002,10.57439625326279,0
8.670865800000001,10.57439625326279,0
8.681066900000001,10.50200782302884,0
8.6906954,10.466030194963013,0
8.7009406,10.165961639818944,0
8.7107144,10.520050675513097,0
8.7206288,10.23565091837597,0
8.730659200000002,10.09682765136841,0
8.7405623,10.011184305278535,0
8.750537699999999,9.926393124720537,2.3000000020090283e-06
8.763315300000002,9.792478607692077,0.012732700000000818
8.770461000000001,9.75933342781462,0.01988839999999925
8.7805909,9.660689672932362,0.02999070000000259
8.790458300000001,9.482888682273867,0.03987290000000243
8.8004441,9.403354130994348,0.049889900000000154
8.810544799999999,9.06269833412371,0.059986699999999615
8.8206296,9.30895659937976,0.06996720000000067
8.830633599999999,9.231152701241395,0.08000129999999928
8.8405476,9.27774164451191,0.08995360000000119
8.8504045,8.987344746665283,0.09984719999999925
8.8641614,9.200248340363991,0.1135616000000006
8.878846500000002,9.215685068627405,0.12820999999999927
8.880658700000001,9.138809237726493,0.13004890000000202
8.890390100000001,9.693439487586987,0.1398501000000003
8.900447100000001,9.498891256878826,0.1498991000000025
8.9104168,9.09305139310744,0.15983170000000158
8.9203434,8.897909494439109,0.16978930000000148
8.933354600000001,9.047567273559713,0.18272070000000085
8.946751500000001,9.200248340363991,0.19616260000000096
8.9508494,8.987344746665283,0.20030470000000022
8.965135400000001,9.032466444874892,0.21453770000000105
8.979942999999999,9.200248340363991,0.2293838000000008
8.9805727,9.108273512939446,0.23000990000000243
8.990402500000002,9.017395787665905,0.23987010000000097
9.000415700000001,8.957413669740566,0.2498787
9.015104000000001,9.032466444874892,0.2643583000000014
9.029187199999999,8.987344746665283,0.27852060000000023
9.0439571,8.794915799605649,0.2933313999999996
9.0447329,8.780319768902485,0.29408600000000007
9.050522100000002,8.67896086002344,0.2998946999999994
9.0606422,8.550710084276984,0.3100096000000008
9.0704168,8.314667798570671,0.3198861000000015
9.0805033,8.073335404255426,0.32992370000000193
9.0904384,7.82784727308025,0.33989250000000126
9.102675399999999,7.677540237620285,0.3520852000000012
9.110514000000002,7.714779485070684,0.3599359
9.120468299999999,7.423028897842612,0.36988739999999964
9.130464100000001,7.328849479972434,0.37988479999999925
9.140421800000002,7.35225325423583,0.3898748000000012
9.150448400000002,7.45873648687406,0.39990200000000087
9.160461699999999,7.591512672362713,0.40988760000000113
9.170419299999999,7.878756617124858,0.4198611999999997
9.1806135,8.02087563986406,0.42993020000000115
9.194082000000002,8.08651605131745,0.4435217000000016
9.2004247,8.08651605131745,0.44990410000000125
9.2104787,8.397061988565584,0.45989830000000254
9.220388800000002,8.466483135678205,0.4698531999999993
9.230596000000002,8.508470269933717,0.4799901999999996
9.240436599999999,8.593204099345877,0.4898959000000005
9.2504299,8.67896086002344,0.4998830000000005
9.260555,8.66459650744409,0.5099511000000021
9.270444900000001,8.838879453474007,0.5199138000000012
9.280521,8.838879453474007,0.529895100000001
9.2905181,8.987344746665283,0.5399039000000023
9.300513200000001,9.047567273559713,0.5499641000000004
9.3137087,9.017395787665905,0.5631337999999992
9.320485099999999,9.184842454704212,0.5698723000000001
9.3305525,9.340296664120023,0.5799558000000005
9.3404177,8.301031304013586,0.5898670999999993
9.3537046,9.466918080834294,0.6031304000000013
9.366861,9.498891256878826,0.6162796999999998
9.370444899999999,9.32461096172274,0.6198727999999996
9.380693400000002,9.466918080834294,0.6300574999999995
9.3906299,9.138809237726493,0.6400278999999998
9.400563000000002,9.94328359581091,0.6499714000000019
9.410670200000002,9.466918080834294,0.6600895000000016
9.420574300000002,9.530992581754338,0.6699920000000006
9.430817000000001,9.482888682273867,0.6801364000000021
9.440607400000001,9.825756633804376,0.6900025999999997
9.450580800000001,9.482888682273867,0.7000434999999996
9.4605939,9.138809237726493,0.7099943999999994
9.470626200000002,9.482888682273867,0.7200453000000024
9.48048,9.371762340174383,0.7298809000000013
9.490405299999999,9.660689672932362,0.739862500000001
9.500439499999999,9.387542439694219,0.7498573999999998
9.510487000000001,9.482888682273867,0.7599046000000023
9.5204117,9.595581734544421,0.7698803000000005
9.5305049,9.482888682273867,0.7799380000000014
9.540474200000002,9.482888682273867,0.7898485000000015
9.5504477,9.403354130994348,0.7998943000000018
9.5605713,9.595581734544421,0.8099895000000004
9.5704138,9.563222569082706,0.8198518999999997
9.580604000000001,9.74281048940505,0.8299192000000026
9.590500299999999,9.660689672932362,0.8398684000000003
9.6003951,9.677048205357805,0.8498419000000013
9.610618800000001,9.70986358518506,0.8600178000000014
9.620416500000001,9.792478607692077,0.8698696000000012
9.630441900000001,9.926393124720537,0.8798492000000024
9.6404474,9.825756633804376,0.8898809000000014
9.6506018,10.011184305278535,0
9.664850600000001,10.011184305278535,0
9.6706355,10.011184305278535,0
9.6805534,9.909536400813906,2.2000000008404186e-06
9.693933000000001,10.288284968133446,0
9.710502000000002,10.18333172739613,0
9.7113513,10.305899947177094,0
9.7205045,10.200736589911823,0
9.7305818,10.341235771500035,0
9.7404954,10.376713222184142,0
9.750435200000002,10.466030194963013,0
9.760674600000002,10.23565091837597,0
9.770537000000001,10.394505234710364,0
9.780595600000002,10.484001020187893,0
9.790525599999999,10.23565091837597,0
9.800597400000001,10.358956758122659,0
9.8106984,10.412332866869404,0
9.820674100000002,10.341235771500035,0
9.8306589,10.062467506865458,0
9.8405558,10.23565091837597,0
9.8505881,10.520050675513097,0
9.860697900000002,10.2707051838414,0
9.870777400000001,10.218176296985487,0
9.880572100000002,10.2707051838414,0
9.8904994,10.358956758122659,0
9.900722300000002,10.011184305278535,0
9.9108193,10.394505234710364,0
9.920594300000001,10.2707051838414,0
9.9306926,10.165961639818944,0
9.940711,10.23565091837597,0
9.950531900000001,10.218176296985487,0
9.960630300000002,10.079630399050409,0
9.970457200000002,9.994158168480158,2.2999999984563146e-06
9.9836922,10.011184305278535,0
9.9981981,10.0282445284255,0
10.0005181,10.011184305278535,0
10.010634800000002,9.960207881646939,2.2999999984563146e-06
10.0252659,9.74281048940505,0.014682999999998003
10.030584400000002,9.77588944516893,0.019964499999996832
10.040516700000001,9.842445630505686,0.029932699999999812
10.0503952,9.72632056384844,0.03982389999999825
10.0605483,9.660689672932362,0.049952399999998676
10.070420600000002,9.660689672932362,0.05987299999999962
10.080490099999999,9.595581734544421,0.06989899999999949
10.0905087,9.51492586865949,0.07987529999999765
10.1005297,9.74281048940505,0.08992789999999928
10.110414900000002,9.482888682273867,0.0998223999999972
10.120857400000002,9.563222569082706,0.11029149999999888
10.130463899999999,9.482888682273867,0.11990399999999823
10.140407500000002,9.403354130994348,0.1298351999999987
10.150379100000002,9.184842454704212,0.13984889999999695
10.160470400000001,9.482888682273867,0.149883599999999
10.170448700000001,9.002355241650097,0.15987319999999983
10.180588700000001,9.482888682273867,0.1699265999999966
10.190536300000002,9.595581734544421,0.1799377999999976
10.200410699999999,9.62807059588681,0.18978040000000007
10.210422099999999,9.70986358518506,0.199849099999998
10.2203983,9.435072542049229,0.2098565999999984
10.230470799999999,9.387542439694219,0.21990739999999676
10.240645100000002,10.412332866869404,0
10.254642100000002,9.30895659937976,1.900000000887303e-06
10.268366499999999,9.246651300076511,0.013755700000000814
10.2703493,9.138809237726493,0.015738999999999947
10.2805201,9.077859687091145,0.025843299999998237
10.2904682,9.184842454704212,0.035833900000000085
10.3004502,8.824195583331818,0.04581280000000021
10.3145652,8.972364242669451,0.05987220000000093
10.320434899999999,8.751215137895052,0.06581569999999815
10.330599500000002,8.780319768902485,0.07595260000000081
10.3404332,8.635953844929547,0.08577550000000045
10.350420200000002,8.794915799605649,0.09580739999999821
10.3604141,8.794915799605649,0.10577089999999956
10.3704428,8.794915799605649,0.11581569999999886
10.3805753,8.722226692884746,0.12595289999999792
10.3904836,8.593204099345877,0.13580939999999941
10.4006856,8.67896086002344,0.1459696000000008
10.4107639,8.693353970055812,0.1560309999999987
10.420537800000002,8.67896086002344,0.16589429999999794
10.4306844,8.66459650744409,0.17601439999999968
10.440628700000001,8.494446557780574,0.18595759999999828
10.4505132,9.215685068627405,0.19587729999999937
10.4666484,8.67896086002344,0.21196399999999826
10.4820886,8.621675420423669,0.22745809999999977
10.482793100000002,8.452543313875262,0.22816869999999767
10.4910074,8.722226692884746,0.23612710000000092
10.500481100000002,8.607425524228983,0.2458443999999993
10.510524,8.536601976918485,0.25584019999999796
10.520438500000001,8.722226692884746,0.26579200000000114
10.5305462,8.494446557780574,0.2758849999999988
10.540492100000002,8.751215137895052,0.2858748999999996
10.5503855,8.853592720743801,0.2957649999999994
10.5606006,8.522522057577296,0.3059297000000001
10.570420000000002,8.494446557780574,0.3157773999999982
10.5804589,8.522522057577296,0.32580540000000013
10.590466,8.424747169969082,0.335840300000001
10.6005598,8.369487326701252,0.3458602000000006
10.610484500000002,8.508470269933717,0.35579870000000113
10.620409500000001,8.08651605131745,0.3657925999999989
10.6304735,8.301031304013586,0.37585909999999956
10.640451299999999,8.342022743180927,0.3858080000000008
10.6503868,8.260285077108826,0.39577759999999884
10.6606223,8.383260870307085,0.40589470000000105
10.6704309,8.20633568180298,0.41582209999999975
10.680816400000001,8.03395126240779,0.4261595000000007
10.6904075,8.060181092143798,0.43578339999999827
10.7003721,7.904364425065508,0.4457768999999985
10.7126181,7.840536452576179,0.4579287000000001
10.7204497,7.802544922425701,0.4658046999999996
10.7305208,7.689928502230714,0.4758484999999979
10.740432000000002,7.689928502230714,0.4857729000000006
10.7504363,7.815183446581865,0.4958197999999996
10.7604395,7.815183446581865,0.5057836000000009
10.770430099999999,7.677540237620285,0.5158167999999996
10.780990899999999,7.677540237620285,0.5263418000000009
10.790432500000001,7.727242302704185,0.5358225999999995
10.8003502,7.35225325423583,0.5457409999999996
10.810681599999999,7.591512672362713,0.5559709999999995
10.8203839,7.579321042711515,0.5657634999999992
10.830426899999999,7.494658965463705,0.5757992999999999
10.8408597,7.518727305915347,0.5862487999999999
10.850399500000002,7.45873648687406,0.595756999999999
10.8605615,7.47068670608361,0.6058288000000012
10.8705675,7.518727305915347,0.6158988999999977
10.880472900000001,7.446810144218417,0.6258504000000009
10.8904156,7.077492898532053,0.6357891999999978
10.9003756,7.494658965463705,0.6457650999999984
10.910481400000002,7.518727305915347,0.6557896999999997
10.920423800000002,7.375750831076357,0.6658046999999989
10.930564,7.45873648687406,0.6759330999999982
10.940610200000002,7.35225325423583,0.6859684000000001
10.9507014,7.652837914252965,0.696090599999998
10.961241000000001,7.423028897842612,0.7064655999999978
10.970432899999999,7.482660849647961,0.7157701999999979
10.980457399999999,7.399342586455758,0.7258132999999987
10.9905197,6.658202150477414,0.7358796000000005
11.006699399999999,7.446810144218417,0.751984499999999
11.0229709,7.423028897842612,0.7682611999999978
11.0236621,7.3055391338252935,0.769048699999999
11.030693500000002,7.328849479972434,0.7760052999999978
11.040561199999999,7.3055391338252935,0.7859045999999985
11.050477,7.055185970536476,0.7958040000000004
11.0607656,7.328849479972434,0.8060286999999988
11.070435100000001,7.282321842828364,0.8158042999999999
11.0805155,7.270747976866626,0.8258516999999976
11.0904137,7.35225325423583,0.8358114999999984
11.1004346,7.328849479972434,0.8458205999999997
11.110491200000002,7.293918879685199,0.8558178999999981
11.1204025,7.213224593376143,0.8657730000000008
11.1305123,7.055185970536476,0.8758672999999995
11.140482900000002,7.111121039461668,0.8858670999999987
11.150315599999999,6.934080128015318,0.8957136999999982
11.162999800000001,6.658202150477414,0.9083334000000001
11.1703924,6.5965495799240745,0.9157526000000011
11.180550799999999,6.586345887857524,0.9258871999999982
11.190436300000002,6.565999623962232,0.9358012999999978
11.2004284,6.858388484023861,0.9457944999999981
11.2106687,6.396303222674444,0.9559858999999982
11.2204284,6.485423557459608,0.965796000000001
11.2304347,6.308772702657734,0.9757646999999992
11.240527799999999,6.241774367469408,0.9858896000000001
11.250498700000001,6.27994423832014,0.995818700000001
11.2603762,6.185089067084062,1.0057307000000009
11.270545300000002,5.991962571435397,1.0057307000000009
11.282423300000001,5.982966845017518,1.0057307000000009
11.298605900000002,5.5880230381356535,1.0057307000000009
11.300738800000001,5.729765387115033,1.0057307000000009
11.3106169,5.679187476864623,1.0057307000000009
11.320496300000002,5.662462599012697,1.0057307000000009
11.33069,5.44310400232517,1.0057307000000009
11.340571,5.850167785342203,1.0057307000000009
11.3505626,5.596228086525299,1.0057307000000009
11.360637400000002,5.44310400232517,1.0057307000000009
11.3705618,5.403765980228704,1.0057307000000009
11.380603,5.44310400232517,1.0057307000000009
11.390752500000001,5.411602145742623,1.0057307000000009
11.400656300000001,5.451018922611801,1.0057307000000009
11.410748900000002,5.403765980228704,1.0057307000000009
11.4206161,5.388140587926246,1.0057307000000009
11.430598,5.357076684510473,1.0057307000000009
11.4406459,5.4908318446744335,1.0057307000000009
11.4506394,5.44310400232517,1.0057307000000009
11.460642,5.539135871323494,1.0057307000000009
11.470560500000001,5.555366454334036,1.0057307000000009
11.480592300000001,5.555366454334036,1.0057307000000009
11.4906419,5.612687495743965,1.0057307000000009
11.5005257,5.596228086525299,1.0057307000000009
11.5108533,5.662462599012697,1.0057307000000009
11.520598200000002,5.679187476864623,1.0057307000000009
11.5306316,5.604449561432766,1.0057307000000009
11.540519200000002,5.780953888508232,1.0057307000000009
11.550515400000002,5.571662089694587,1.0057307000000009
11.5607948,5.612687495743965,1.0057307000000009
11.5706736,5.579834383443626,1.0057307000000009
11.580733900000002,5.604449561432766,1.0057307000000009
11.5905701,5.547243047539965,1.0057307000000009
11.6006489,5.198006519845759,1.0057307000000009
11.6107169,5.326260300922612,1.0057307000000009
11.620639400000002,5.220323843985317,1.0057307000000009
11.630545999999999,5.212869852773224,1.0057307000000009
11.640526099999999,5.235276624986227,1.0057307000000009
11.650556600000002,5.265362219909473,1.0057307000000009
11.6606652,5.161107258447625,1.0057307000000009
11.670578599999999,5.117312465639354,1.0057307000000009
11.680670200000002,5.031283839314333,1.0057307000000009
11.690561500000001,5.175822698741421,1.0057307000000009
11.700647799999999,5.0030634008624695,1.0057307000000009
11.710814899999999,5.124575150834932,1.0057307000000009
11.720501200000001,5.168457620876828,1.0057307000000009
11.7307077,5.131852375935964,1.0057307000000009
11.740554500000002,5.212869852773224,1.0057307000000009
11.750484100000001,5.198006519845759,1.0057307000000009
11.7609764,5.303309261089653,1.0057307000000009
11.7705284,5.364819377992077,1.0057307000000009
11.780559100000001,5.474858884513335,1.0057307000000009
11.7905522,5.458949688579403,1.0057307000000009
11.8005854,5.539135871323494,1.0057307000000009
11.8106182,5.498842316165114,1.0057307000000009
11.8205609,5.44310400232517,1.0057307000000009
11.8305814,5.466896331951051,1.0057307000000009
11.8406704,5.242775474586181,1.0057307000000009
11.850553699999999,5.235276624986227,1.0057307000000009
11.8607345,5.310944312117843,1.0057307000000009
11.8705882,5.435204896059818,1.0057307000000009
11.8806075,5.364819377992077,1.0057307000000009
11.8905384,5.5229700809732805,1.0057307000000009
11.900631700000002,5.458949688579403,1.0057307000000009
11.910669200000001,5.704400565352053,1.0057307000000009
11.9205714,5.729765387115033,1.0057307000000009
11.930626400000001,5.712838601706433,1.0057307000000009
11.940530299999999,5.876409839490586,1.0057307000000009
11.9505485,5.712838601706433,1.0057307000000009
11.960667400000002,5.867644987585125,1.0057307000000009
11.971121799999999,5.547243047539965,1.0057307000000009
11.9806615,5.4908318446744335,1.0057307000000009
11.9905562,5.4908318446744335,1.0057307000000009
12.000509400000002,5.117312465639354,1.0057307000000009
12.010712900000001,5.205430754645505,1.0057307000000009
12.0206001,5.131852375935964,1.0057307000000009
12.030581600000001,5.0030634008624695,1.0057307000000009
12.040654700000001,4.926611263103525,1.0057307000000009
12.0504493,4.906050938180612,1.0057307000000009
12.0606452,4.75245400772832,1.0057307000000009
12.070685000000001,4.593322740001258,1.0057307000000009
12.080646300000002,4.389285476925941,1.0057307000000009
12.0904713,3.901952168090908,1.0057307000000009
12.100588000000002,3.199786236602602,1.0057307000000009
12.1105747,2.7821309524856006,1.0057307000000009
12.1206378,2.2846122742635204,1.0057307000000009
12.130776100000002,1.7505574987071584,1.0057307000000009
12.140659500000002,1.5043664476118404,1.0057307000000009
12.150410100000002,1.4929614,1.0057307000000009
12.160258200000001,1.4929614,1.0057307000000009
12.1704848,1.4929614,1.0057307000000009
12.1805287,1.4929614,1.0057307000000009
12.1903902,1.4929614,1.0057307000000009
12.2004235,1.4929614,1.0057307000000009
12.2105393,1.4929614,1.0057307000000009
12.220508800000001,1.4929614,1.0057307000000009
12.230381600000001,1.4929614,1.0057307000000009
12.240385,1.4929614,1.0057307000000009
12.250589399999999,1.4929614,1.0057307000000009
12.2604227,1.4929614,1.0057307000000009
12.2702542,1.4929614,1.0057307000000009
