0.00048350000000141335,1.4929614,0
0.01016919999999999,1.4929614,0
0.025185200000002794,1.4929614,0
0.030118900000001503,1.4929614,0
0.04019940000000233,1.4929614,0
0.05024390000000167,1.4929614,0
0.06018979999999985,1.4929614,0
0.07014090000000195,1.4929614,0
0.0801109000000011,1.4929614,0
0.09031920000000326,1.4929614,0
0.10021890000000155,1.4929614,0
0.11011150000000214,1.4929614,0
0.12021860000000117,1.4929614,0
0.13012070000000264,1.4929614,0
0.14020520000000047,1.4929614,0
0.1503633000000022,1.4929614,0
0.16016779999999997,1.4929614,0
0.17021320000000273,1.4929614,0
0.18018200000000206,1.4929614,0
0.19020490000000123,1.4929614,0
0.20015300000000025,1.4929614,0
0.21019569999999987,1.4929614,0
0.22022109999999984,1.4929614,0
0.2302067000000001,1.4929614,0
0.24025840000000187,1.4929614,0
0.2502594000000009,1.4929614,0
0.2601612000000024,1.4929614,0
0.2701544000000027,1.4929614,0
0.2802113000000013,1.4929614,0
0.2904415,1.4929614,0
0.3004680999999998,1.4929614,0
0.31034320000000193,1.4929614,0
0.3204402000000002,1.4929614,0
0.3304860000000005,1.4929614,0
0.340351100000003,1.4929614,0
0.350313400000001,1.4929614,0
0.3603396000000032,1.4929614,0
0.370249900000001,1.4929614,0
0.38017240000000285,1.4929614,0
0.39017750000000007,1.4929614,0
0.4002642000000023,1.4929614,0
0.4101616000000021,1.4929614,0
0.42011710000000235,1.4929614,0
0.4301696000000028,1.4929614,0
0.44031790000000015,1.4929614,0
0.45052629999999994,1.4929614,0
0.4601506000000022,1.4929614,0
0.47008140000000154,1.4929614,0
0.4801788000000009,1.4929614,0
0.4901479000000002,1.4929614,0
0.5002276999999999,1.4929614,0
0.5100843000000026,1.4929614,0
0.5202061000000029,1.4929614,0
0.5301225000000009,1.4929614,0
0.5402617000000021,1.4929614,0
0.550187900000001,1.4929614,0
0.5601410000000016,1.4929614,0
0.5700862999999998,1.4929614,0
0.5801681000000016,1.4929614,0
0.5902392000000027,1.4929614,0
0.6001059000000026,1.4929614,0
0.6101798000000009,1.4929614,0
0.6202482000000025,1.4929614,0
0.6301123000000004,1.4929614,0
0.6403205000000014,1.4929614,0
0.650266300000002,1.4929614,0
0.6602072000000021,1.4929614,0
0.6701819000000029,1.4929614,0
0.6801300000000019,1.4929614,0
0.6902082000000007,1.4929614,0
0.7002924999999998,1.4929614,0
0.7101114000000024,1.4929614,0
0.7200944000000007,1.4929614,0
0.7301450000000003,1.4929614,0
0.7402633999999999,1.4929614,0
0.7501837000000009,1.4929614,0
0.7601600000000026,1.4929614,0
0.7700803,1.4929614,0
0.780176100000002,1.4929614,0
0.7902343000000016,1.4929614,0
0.8003044000000017,1.4929614,0
0.8100931000000031,1.4929614,0
0.820161800000001,1.4929614,0
0.830126700000001,1.4929614,0
0.8402797,1.4929614,0
0.8502897000000011,1.4929614,0
0.8601594000000006,1.4929614,0
0.8701141000000021,1.4929614,0
0.8801343000000017,1.4929614,0
0.8902159000000012,1.4929614,0
0.9003378000000026,1.4929614,0
0.910063000000001,1.4929614,0
0.920233900000003,1.4929614,0
0.9302121000000021,1.4929614,0
0.9402611000000007,1.4929614,0
0.9501531000000014,1.4929614,0
0.9601372000000019,1.4929614,0
0.9702485000000003,1.4929614,0
0.9802142000000025,1.4929614,0
0.9901533000000029,1.4929614,0
1.0001519000000023,1.4929614,0
1.0101279000000005,1.4929614,0
1.0225267000000002,1.4929614,0
1.0301760000000009,1.4929614,0
1.0404649,1.4929614,0
1.0503771000000022,1.4929614,0
1.0603527000000028,1.4929614,0
1.0704157000000016,1.4929614,0
1.0801662000000007,1.4929614,0
1.0903099000000012,1.4929614,0
1.100321600000001,1.4929614,0
1.1100948000000024,1.4929614,0
1.120244300000003,1.4929614,0
1.1301821000000025,1.4929614,0
1.1402581000000005,1.4929614,0
1.1502152000000017,1.4929614,0
1.1601425000000027,1.4929614,0
1.1701971000000029,1.4929614,0
1.180287100000001,1.4929614,0
1.1901734000000026,1.4929614,0
1.2002202000000004,1.4929614,0
1.2101181000000025,1.4929614,0
1.2201881000000014,1.4929614,0
1.230164600000002,1.4929614,0
1.2403512000000028,1.4929614,0
1.2502546000000017,1.4929614,0
1.260186000000001,1.4929614,0
1.2701626000000026,1.4929614,0
1.2801689000000032,1.4929614,0
1.2902601000000011,1.4929614,0
1.3002244000000012,1.4929614,0
1.3102008000000005,1.4929614,0
1.3201625000000021,1.4929614,0
1.3302370000000003,1.4929614,0
1.3402273000000022,1.4929614,0
1.3502862000000029,1.4929614,0
1.3601864,1.4929614,0
1.370116000000003,1.4929614,0
1.3802498000000014,1.4929614,0
1.390264000000002,1.4929614,0
1.4002824000000018,1.4929614,0
1.410268900000002,1.4929614,0
1.4202694999999999,1.4929614,0
1.4301423,1.4929614,0
1.4401997000000009,1.4929614,0
1.4502587000000027,1.4929614,0
1.4601800000000011,1.4929614,0
1.4701691000000032,1.4929614,0
1.480134200000002,1.4929614,0
1.4901651999999999,1.4929614,0
1.5003524000000006,1.4929614,0
1.510148400000002,1.4929614,0
1.5201081000000016,1.4929614,0
1.530169400000002,1.4929614,0
1.5402722000000004,1.4929614,0
1.5502696,1.4929614,0
1.5602085000000017,1.4929614,0
1.570125400000002,1.4929614,0
1.5801764000000027,1.4929614,0
1.5902700000000003,1.4929614,0
1.600330600000003,1.4929614,0
1.6102249999999998,1.4929614,0
1.6201426000000012,1.4929614,0
1.630171500000003,1.4929614,0
1.6402689000000024,1.4929614,0
1.650234000000001,1.4929614,0
1.6601554000000007,1.4929614,0
1.6701954000000008,1.4929614,0
1.6801167000000028,1.4929614,0
1.6902359000000011,1.4929614,0
1.7001962000000006,1.4929614,0
1.7101351999999999,1.4929614,0
1.720123300000001,1.4929614,0
1.7301812000000005,1.4929614,0
1.7404001000000022,1.4929614,0
1.7502809,1.4929614,0
1.7601143000000015,1.4929614,0
1.7701716000000012,1.4929614,0
1.7802712000000014,1.4929614,0
1.7903416000000014,1.4929614,0
1.8001910000000017,1.4929614,0
1.8101365999999999,1.4929614,0
1.8201971000000015,1.4929614,0
1.8301827000000017,1.4929614,0
1.8401891,1.4929614,0
1.8502603999999998,1.4929614,0
1.8602035000000008,1.4929614,0
1.8702565,1.4929614,0
1.8802109000000016,1.4929614,0
1.8901270000000032,1.4929614,0
1.9003063000000004,1.4929614,0
1.9101154999999999,1.4929614,0
1.920140700000001,1.4929614,0
1.9301630000000003,1.4929614,0
1.9401882000000015,1.4929614,0
1.9502193000000005,1.4929614,0
1.9601014000000028,1.4929614,0
1.970080000000003,1.4929614,0
1.9801932999999998,1.4929614,0
1.9902480000000011,1.4929614,0
2.000313600000002,1.4929614,0
2.010123700000001,1.4929614,0
2.0201410000000024,1.4929614,0
2.0301735,1.4929614,0
2.040191700000001,1.4929614,0
2.050262,1.4929614,0
2.060145600000002,1.4929614,0
2.0703589000000022,1.4929614,0
2.0803024000000008,1.4929614,0
2.0903595000000017,1.4929614,0
2.100406500000002,1.4929614,0
2.1103099000000007,1.4929614,0
2.120388100000003,1.4929614,0
2.1304165000000026,1.4929614,0
2.140271700000003,1.4929614,0
2.150344200000003,1.4929614,0
2.1603204,1.4929614,0
2.1701829000000004,1.4929614,0
2.1803082000000025,1.4929614,0
2.1902875,1.4929614,0
2.2001746000000004,1.4929614,0
2.210105200000001,1.4929614,0
2.220200100000003,1.4929614,0
2.2302642000000006,1.4929614,0
2.2406386000000005,1.4929614,0
2.2502785000000003,1.4929614,0
2.2601657000000017,1.4929614,0
2.270213100000003,1.4929614,0
2.2801577,1.4929614,0
2.2902648000000028,1.4929614,0
2.300286200000002,1.4929614,0
2.310177200000002,1.4929614,0
2.3200818000000005,1.4929614,0
2.3301912000000016,1.4929614,0
2.3402699000000027,1.4929614,0
2.3502259000000016,1.4929614,0
2.3602120000000006,1.4929614,0
2.3701513,1.4929614,0
2.3802047,1.4929614,0
2.390278200000001,1.4929614,0
2.4002731000000033,1.4929614,0
2.4102976,1.4929614,0
2.4203787000000005,1.4929614,0
2.4301183,1.4929614,0
2.4401966,1.4929614,0
2.4502111000000006,1.4929614,0
2.4601787,1.4929614,0
2.4702556000000016,1.4929614,0
2.4802234,1.4929614,0
2.490210300000001,1.4929614,0
2.5002407000000026,1.4929614,0
2.510140400000001,1.4929614,0
2.520144700000003,1.4929614,0
2.530235300000001,1.4929614,0
2.540238900000002,1.4929614,0
2.5503817000000026,1.4929614,0
2.5602686000000006,1.4929614,0
2.5702967,1.4929614,0
2.580322800000001,1.4929614,0
2.5904551,1.4929614,0
2.6003096000000028,1.4929614,0
2.6104055000000024,1.4929614,0
2.620326800000001,1.4929614,0
2.6301209000000014,1.4929614,0
2.640170600000001,1.4929614,0
2.650272700000002,1.4929614,0
2.660141600000003,1.4929614,0
2.6703002,1.4929614,0
2.680115800000003,1.4929614,0
2.6902112000000002,1.4929614,0
2.7002063000000014,1.4929614,0
2.710085000000003,1.4929614,0
2.720139900000003,1.4929614,0
2.7302124000000028,1.4929614,0
2.740265400000002,1.4929614,0
2.7502645,1.4929614,0
2.7601799000000007,1.4929614,0
2.7701578,1.4929614,0
2.7802390000000017,1.4929614,0
2.7902631000000007,1.4929614,0
2.8001944000000023,1.4929614,0
2.8101737,1.4929614,0
2.8201880000000017,1.4929614,0
2.8302523000000015,1.4929614,0
2.8402726000000023,1.4929614,0
2.850221900000001,1.4929614,0
2.8602063000000015,1.4929614,0
2.8701648000000013,1.4929614,0
2.8801818000000026,1.4929614,0
2.890226400000003,1.4929614,0
2.9002865,1.4929614,0
2.9101567000000017,1.4929614,0
2.9201755000000027,1.4929614,0
2.930220500000001,1.4929614,0
2.9404379000000027,1.4929614,0
2.950202300000001,1.4929614,0
2.9601361000000033,1.4929614,0
2.9701895,1.4929614,0
2.980323700000003,1.4929614,0
2.9903072,1.4929614,0
3.000275300000002,1.4929614,0
3.0101532000000013,1.4929614,0
3.0201479000000013,1.4929614,0
3.0301956000000025,1.4929614,0
3.0403266,1.4929614,0
3.0503446000000025,1.4929614,0
3.060184300000003,1.4929614,0
3.070209000000002,1.4929614,0
3.080136000000003,1.4929614,0
3.0901943000000003,1.4929614,0
3.1004322,1.4929614,0
3.1101404000000024,1.4929614,0
3.1200572000000015,1.4929614,0
3.1301739000000026,1.4929614,0
3.140270700000002,1.4929614,0
3.1502298000000017,1.4929614,0
3.160206800000001,1.4929614,0
3.1700845000000015,1.4929614,0
3.1801418000000012,1.4929614,0
3.1904322,1.4929614,0
3.2002688,1.4929614,0
3.2103094,1.4929614,0
3.2202204000000023,1.4929614,0
3.2301862999999997,1.4929614,0
3.240232500000001,1.4929614,0
3.250237900000002,1.4929614,0
3.2602220000000024,1.4929614,0
3.2702145000000016,1.4929614,0
3.2802395000000004,1.4929614,0
3.2903123,1.4929614,0
3.300355200000002,1.4929614,0
3.310115600000003,1.4929614,0
3.3201744000000026,1.4929614,0
3.330257900000003,1.4929614,0
3.340312800000003,1.4929614,0
3.3503171000000016,1.4929614,0
3.3601913000000003,1.4929614,0
3.3701023000000028,1.4929614,0
3.380141700000003,1.4929614,0
3.3902590000000004,1.4929614,0
3.4003323000000023,1.4929614,0
3.4103286000000033,1.4929614,0
3.4201538000000014,1.4929614,0
3.4301859000000015,1.4929614,0
3.440252900000001,1.4929614,0
3.4502304000000024,1.4929614,0
3.4602311000000014,1.4929614,0
3.470170900000003,1.4929614,0
3.480118300000001,1.4929614,0
3.490369600000001,1.4929614,0
3.5004749000000004,1.4929614,0
3.510188900000003,1.4929614,0
3.520098100000002,1.4929614,0
3.5301392000000007,1.4929614,0
3.540338600000002,1.4929614,0
3.550172500000002,1.4929614,0
3.560196600000001,1.4929614,0
3.570109000000002,1.4929614,0
3.5803721000000017,1.4929614,0
3.590275300000002,1.4929614,0
3.6003124,1.4929614,0
3.6101097000000024,1.4929614,0
3.620212500000001,1.4929614,0
3.6301444000000025,1.4929614,0
3.6402378000000013,1.4929614,0
3.6503045000000007,1.4929614,0
3.6601909,1.4929614,0
3.6700715000000024,1.4929614,0
3.6801342000000012,1.4929614,0
3.6902420000000014,1.4929614,0
3.700347400000002,1.4929614,0
3.710204300000001,1.4929614,0
3.7200821000000026,1.4929614,0
3.730361900000002,1.4929614,0
3.740554600000003,1.4929614,0
3.750418800000002,1.4929614,0
3.7603180000000016,1.4929614,0
3.770257000000001,1.4929614,0
3.7803383000000004,1.4929614,0
3.7902594,1.4929614,0
3.8001914000000028,1.4929614,0
3.8104435000000016,1.4929614,0
3.8202187000000016,1.4929614,0
3.830309400000001,1.4929614,0
3.840158200000001,1.4929614,0
3.850277400000003,1.4929614,0
3.8601170000000025,1.4929614,0
3.8701684000000007,1.4929614,0
3.880168900000001,1.4929614,0
3.8902661000000016,1.4929614,0
3.900432300000002,1.4929614,0
3.9101668000000025,1.4929614,0
3.9201087,1.4929614,0
3.930181400000002,1.4929614,0
3.940252800000003,1.4929614,0
3.9502019000000033,1.4929614,0
3.9601477000000003,1.4929614,0
3.970078200000003,1.4929614,0
3.9801839,1.4929614,0
3.990295300000003,1.4929614,0
4.000274300000001,1.4929614,0
4.010120700000002,1.4929614,0
4.020131200000002,1.4929614,0
4.0301753,1.4929614,0
4.040323600000001,1.4929614,0
4.050203700000001,1.4929614,0
4.0601479000000005,1.4929614,0
4.0701517,1.4929614,0
4.0801555,1.4929614,0
4.09018,1.4929614,0
4.100306600000003,1.4929614,0
4.110159900000003,1.4929614,0
4.120169100000002,1.4929614,0
4.130162300000002,1.4929614,0
4.1402441,1.4929614,0
4.1502239,1.4929614,0
4.160141300000003,1.4929614,0
4.1701409,1.4929614,0
4.1801642,1.4929614,0
4.190232100000003,1.4929614,0
4.200239400000001,1.4929614,0
4.2101434,1.4929614,0
4.220307000000002,1.4929614,0
4.230180700000002,1.4929614,0
4.240381300000003,1.4929614,0
4.250136100000002,1.4929614,0
4.260201800000001,1.4929614,0
4.2701724,1.4929614,0
4.2802209,1.4929614,0
4.290213000000001,1.4929614,0
4.300253900000001,1.4929614,0
4.310129400000001,1.4929614,0
4.320380100000001,1.4929614,0
4.330448800000003,1.4929614,0
4.340399400000003,1.4929614,0
4.3503185,1.4929614,0
4.360197000000003,1.4929614,0
4.3704221000000025,1.4929614,0
4.380389300000001,1.4929614,0
4.390300700000001,1.4929614,0
4.4002012000000015,1.4929614,0
4.4102557000000004,1.4929614,0
4.420144200000003,1.4929614,0
4.430191200000003,1.4929614,0
4.4402411000000015,1.4929614,0
4.4503193,1.4929614,0
4.4601197,1.4929614,0
4.470124400000003,1.4929614,0
4.480107400000001,1.4929614,0
4.490281000000003,1.4929614,0
4.500366000000003,1.4929614,0
4.5101662000000005,1.4929614,0
4.520071700000003,1.4929614,0
4.530229700000003,1.4929614,0
4.540267100000001,1.4929614,0
4.550183800000003,1.4929614,0
4.560100300000002,1.4929614,0
4.5701322,1.4929614,0
4.580198800000002,1.4929614,0
4.590206600000002,1.4929614,0
4.6002224,1.4929614,0
4.610182900000002,1.4929614,0
4.620119600000002,1.4929614,0
4.6301441000000025,1.4929614,0
4.640246600000001,1.4929614,0
4.650300000000001,1.4929614,0
4.660231800000002,1.4929614,0
4.6701102,1.4929614,0
4.680138100000001,1.4929614,0
4.690377000000002,1.4929614,0
4.7002515,1.4929614,0
4.710123200000002,1.4929614,0
4.7201187000000004,1.4929614,0
4.730201000000001,1.4929614,0
4.7402228000000015,1.4929614,0
4.750231000000003,1.4929614,0
4.760151800000003,1.4929614,0
4.770113000000002,1.4929614,0
4.780161400000001,1.4929614,0
4.7902977,1.4929614,0
4.8002514000000005,1.4929614,0
4.810164200000003,1.4929614,0
4.8201538,1.4929614,0
4.830197000000002,1.4929614,0
4.840265000000002,1.4929614,0
4.8502568,1.4929614,0
4.860206400000003,1.4929614,0
4.870121300000001,1.4929614,0
4.880189600000001,1.4929614,0
4.890262100000001,1.4929614,0
4.900186300000001,1.4929614,0
4.9102189,1.4929614,0
4.920126100000001,1.4929614,0
4.9302539,1.4929614,0
4.940197700000002,1.4929614,0
4.950271600000001,1.4929614,0
4.9601869,1.4929614,0
4.970158100000003,1.4929614,0
4.980151000000003,1.4929614,0
4.9902238000000025,1.4929614,0
5.000250000000001,1.4929614,0
5.010179100000002,1.4929614,0
5.020264100000002,1.4929614,0
5.030135700000002,1.4929614,0
5.040318800000001,1.4929614,0
5.050503800000001,1.5013324388172122,0
5.060432200000001,1.5471329342765623,0
5.070541300000002,1.6441252562513367,0
5.080408300000002,1.7285746678035934,0
5.090546200000002,1.8121820601222303,0
5.100436600000002,1.8734905760822589,0
5.1103494000000005,1.9825252569165193,0
5.1204778,2.111237766335195,0
5.134589600000002,2.345674627379986,0
5.140527300000002,2.586625333955378,0
5.1503982000000015,2.9266641890353133,0
5.160501700000001,3.4885104855047704,0
5.173764800000001,3.7120324069624946,0
5.180435900000003,4.0924377050572724,0
5.193627800000002,4.314865308997826,0
5.2005994000000015,4.483576014805055,0
5.2106539000000005,4.758986245804439,0
5.2205847,4.851822705892051,0
5.230346300000001,4.94038684094419,0
5.240546100000003,5.038374295085245,0
5.253819,5.161107258447625,0
5.260466500000003,5.44310400232517,0
5.270540500000003,5.563506124199345,0
5.280701200000003,5.867644987585125,0
5.290610600000001,5.956087363031768,0
5.300505700000002,6.055438945274984,1.0000000010279564e-06
5.3139517000000005,6.185089067084062,0.013514900000000551
5.3204414,6.232279516750141,0.019968800000000897
5.330341400000002,6.396303222674444,0.0298821000000018
5.3406497,6.576162582781321,0.040092700000002424
5.350491000000002,6.637569035616036,0.04998720000000034
5.3604033000000015,6.804968146042268,0.059927600000001746
5.370421,6.923202049463866,0.0699877000000022
5.380372600000001,7.1336521558107355,0.07991300000000123
5.392500100000003,7.45873648687406,0.09203740000000238
5.400483900000001,7.640523756686739,0.10000259999999983
5.410618700000001,7.815183446581865,0.11008260000000192
5.420376600000001,7.878756617124858,0.11993580000000037
5.430387000000003,7.878756617124858,0.12994330000000076
5.440552200000003,7.994802717912391,0.14003590000000088
5.450519,7.878756617124858,0.150020099999999
5.460454900000002,8.047053062365295,0.15996630000000067
5.474125100000002,8.073335404255426,0.1736670999999994
5.480406500000001,8.08651605131745,0.17994589999999988
5.490557200000001,8.166155927514222,0.18999390000000105
5.500631500000001,8.260285077108826,0.20015000000000072
5.5105006,8.452543313875262,0.2100161000000007
5.520611200000001,8.522522057577296,0.22004169999999945
5.530598900000001,8.522522057577296,0.23003560000000078
5.546131200000001,8.707775895113674,0.24557950000000162
5.550510600000003,8.794915799605649,0.2500064000000002
5.560703,8.868335443994296,0.26016579999999934
5.5703867,8.883107682196407,0.2699096999999995
5.580585200000002,8.838879453474007,0.2800323999999996
5.590708000000003,8.912740939929662,0.29015500000000216
5.600596000000003,8.650260854860331,0.3001062999999995
5.610408700000001,8.853592720743801,0.3099577999999994
5.6204499000000006,8.987344746665283,0.32000710000000154
5.630383200000001,8.987344746665283,0.3299094999999994
5.640473100000001,9.09305139310744,0.33995060000000166
5.653378100000001,9.825756633804376,0.35291780000000017
5.660404100000001,9.154122964824467,0.3598967000000002
5.6703951,9.30895659937976,0.3699454000000024
5.6804523000000025,9.215685068627405,0.38000120000000237
5.690524,9.27774164451191,0.38998379999999955
5.700489000000001,9.30895659937976,0.3999573000000005
5.710401800000003,9.27774164451191,0.40996760000000165
5.7203236,9.482888682273867,0.41988369999999975
5.7303504000000025,9.482888682273867,0.42989610000000056
5.740531800000003,9.530992581754338,0.44004449999999906
5.750467400000002,9.530992581754338,0.44997419999999977
5.7605547,9.57938597223622,0.46001539999999963
5.770454900000001,9.77588944516893,0.4700102000000008
5.780577300000001,9.693439487586987,0.48007940000000104
5.790640800000002,9.792478607692077,0.4901075000000006
5.8004727,9.926393124720537,0.4999849000000012
5.810553000000002,9.859168038600663,0.5100602000000016
5.820487100000001,9.75933342781462,0.5199536000000009
5.830370200000001,9.792478607692077,0.5299054000000005
5.840452000000003,9.75933342781462,0.5399738999999997
5.850486800000002,9.482888682273867,0.5500196000000024
5.860379900000002,9.926393124720537,0.5599215000000015
5.870470500000003,9.926393124720537,0.5699466000000015
5.880414700000003,9.926393124720537,0.579942599999999
5.890543100000002,9.926393124720537,0.5900789999999994
5.900619900000002,10.2707051838414,0
5.914340600000003,9.75933342781462,1.900000000887303e-06
5.928538600000003,9.960207881646939,0.014190200000001596
5.9303816000000005,9.62807059588681,0.01602990000000304
5.940639300000001,9.994158168480158,0.02613730000000203
5.950704700000003,10.0282445284255,0
5.9646738,9.960207881646939,1.7999999997186933e-06
5.978763500000003,9.909536400813906,0.014062200000001468
5.9803587,9.994158168480158,0.015721700000000283
5.990902100000003,10.011184305278535,0
6.005791100000003,10.011184305278535,0
6.010557700000003,9.75933342781462,2.500000000793534e-06
6.024000900000001,10.0282445284255,0
6.038835800000001,10.045338906161959,0
6.040718200000001,10.011184305278535,0
6.0507224000000015,10.23565091837597,0
6.0605902,10.079630399050409,0
6.0704013,9.926393124720537,2.2999999984563146e-06
6.084585800000003,10.011184305278535,0
6.100432900000001,10.305899947177094,0
6.101274200000002,10.131325511697408,0
6.110840500000002,10.011184305278535,0
6.1207460000000005,10.062467506865458,0
6.130699800000002,10.011184305278535,0
6.1408141,10.0282445284255,0
6.150722100000003,10.448095275470884,0
6.160718200000002,10.484001020187893,0
6.170535700000002,10.869811163624185,0
6.1805948000000015,10.062467506865458,0
6.190639500000003,10.14862625769989,0
6.200666900000002,10.0282445284255,0
6.210456200000003,10.045338906161959,0
6.220501800000001,10.165961639818944,0
6.230454300000002,10.376713222184142,0
6.2406164,10.045338906161959,0
6.250697300000002,10.011184305278535,0
6.260439400000003,9.960207881646939,1.7999999997186933e-06
6.273903200000003,10.114059332608491,0
6.288567400000002,10.045338906161959,0
6.290889700000001,10.011184305278535,0
6.3005697000000005,10.0282445284255,0
6.3104175,9.77588944516893,1.8999999973345894e-06
6.323490500000002,10.114059332608491,0
6.337538000000002,10.0282445284255,0
6.340744600000001,10.114059332608491,0
6.350502200000001,9.94328359581091,2.59999999840943e-06
6.363951700000001,9.977166049925785,0.013468299999999545
6.370503800000002,10.0282445284255,0
6.386310600000002,9.926393124720537,1.6999999985500835e-06
6.400087600000003,9.875923924978945,0.013706299999999061
6.4008163000000025,9.74281048940505,0.014470400000000438
6.4104987000000015,9.57938597223622,0.024122800000000666
6.4204732,9.70986358518506,0.03415820000000025
6.430426300000001,9.563222569082706,0.04407099999999886
6.440493,9.371762340174383,0.054115700000000544
6.450559100000003,9.74281048940505,0.06416779999999989
6.460416700000003,9.75933342781462,0.07404969999999977
6.470373400000003,9.57938597223622,0.08403149999999826
6.480395900000001,9.563222569082706,0.09407429999999906
6.490491500000001,9.74281048940505,0.10413309999999854
6.500592600000001,9.926393124720537,0.11418729999999755
6.510421900000001,9.859168038600663,0.12408569999999841
6.5203281,9.909536400813906,0.13402460000000005
6.530555500000002,10.011184305278535,0
6.545800900000003,10.0282445284255,0
6.5505289,9.89271335666411,2.3999999996249244e-06
6.565472800000002,10.0282445284255,0
6.582148700000001,10.011184305278535,0
6.582750800000003,9.875923924978945,1.800000003271407e-06
6.599123300000002,9.960207881646939,0.0163404000000007
6.6005635,10.011184305278535,0
6.616055900000003,10.09682765136841,0
6.620377700000002,9.926393124720537,2.099999999671809e-06
6.635224500000003,9.960207881646939,0.014896600000000149
6.640701500000002,9.825756633804376,0.020251800000000486
6.6506947000000025,10.011184305278535,0
6.6650259,9.977166049925785,2.0000000020559128e-06
6.679693500000003,9.89271335666411,0.014641100000002183
6.680443500000003,10.011184305278535,0
6.694822800000001,9.926393124720537,1.900000000887303e-06
6.708774600000002,10.045338906161959,0
6.723199600000001,9.89271335666411,1.900000000887303e-06
6.7239343,9.677048205357805,0.0007368999999997072
6.7373394,9.809100981740718,0.014161100000002591
6.740581000000002,9.89271335666411,0.01735790000000037
6.750463400000001,9.77588944516893,0.027267900000001788
6.7605146000000005,9.54709146043023,0.03732690000000005
6.770436500000002,9.89271335666411,0.04720060000000004
6.780470700000002,9.72632056384844,0.057232000000002614
6.7908322000000005,9.72632056384844,0.06751360000000162
6.8004596,9.677048205357805,0.07725420000000227
6.8104902,9.660689672932362,0.08730020000000138
6.820391700000002,9.70986358518506,0.09723650000000106
6.830376100000002,9.72632056384844,0.10719420000000213
6.840532500000002,9.74281048940505,0.1173207000000005
6.8506055,9.792478607692077,0.12735490000000027
6.8604257,9.89271335666411,0.13722350000000105
6.870318800000003,9.875923924978945,0.14717110000000133
6.880404600000002,9.859168038600663,0.1572281000000011
6.890526400000002,9.74281048940505,0.1672569000000017
6.9004519,9.77588944516893,0.17726340000000107
6.910562800000001,9.77588944516893,0.1873162000000015
6.920498500000001,9.875923924978945,0.19729810000000114
6.930344300000002,9.693439487586987,0.20718630000000005
6.940538200000002,9.72632056384844,0.21733500000000205
6.950681400000001,10.011184305278535,0
6.965105400000002,9.74281048940505,1.7999999997186933e-06
6.978571300000002,9.77588944516893,0.013454799999998102
6.980371000000002,9.70986358518506,0.015261299999998812
6.990795300000002,9.74281048940505,0.02550679999999872
7.0004452000000015,9.74281048940505,0.03529190000000071
7.010378800000002,9.72632056384844,0.04525609999999958
7.0203539,9.77588944516893,0.0552457000000004
7.030410100000001,9.660689672932362,0.06526290000000046
7.040498600000003,9.57938597223622,0.07533659999999998
7.050491400000002,9.660689672932362,0.08532440000000108
7.0604023,9.62807059588681,0.09526659999999865
7.070388900000001,9.77588944516893,0.10526769999999885
7.080468700000001,9.70986358518506,0.115324600000001
7.090675500000003,9.792478607692077,0.12542159999999924
7.100578900000002,9.51492586865949,0.13538799999999895
7.110372400000003,9.825756633804376,0.14525899999999936
7.120437800000001,9.644363824876494,0.1552542999999993
7.130420300000001,9.74281048940505,0.16531249999999886
7.140598500000003,9.842445630505686,0.17543059999999855
7.150526500000002,9.693439487586987,0.18534509999999926
7.1603125,9.693439487586987,0.19520550000000014
7.170409200000002,9.693439487586987,0.20529909999999774
7.180351100000003,9.77588944516893,0.21521549999999934
7.190632500000003,9.960207881646939,0.2254638
7.200449900000002,8.794915799605649,0.23528340000000014
7.214186700000003,9.54709146043023,0.2490844999999986
7.2279242,9.909536400813906,0.2628224999999986
7.2303134,9.74281048940505,0.26520160000000104
7.2405653,9.89271335666411,0.2753262999999997
7.250670100000001,10.0282445284255,0
7.265020900000003,9.74281048940505,1.900000000887303e-06
7.2784449,9.909536400813906,0.01344450000000208
7.280358900000003,9.74281048940505,0.01537970000000044
7.290634500000003,9.792478607692077,0.02549250000000214
7.300470600000001,9.660689672932362,0.03545379999999909
7.3106341000000015,9.74281048940505,0.04556739999999948
7.3203558000000015,9.660689672932362,0.055360100000001466
7.3304905,10.011184305278535,0
7.3444383,10.011184305278535,0
7.350546700000002,9.74281048940505,2.69999999957804e-06
7.365307000000001,9.825756633804376,0.01484389999999891
7.3703530000000015,9.693439487586987,0.01991159999999681
7.380352600000002,9.909536400813906,0.02989809999999693
7.390589000000002,9.977166049925785,0.04003569999999712
7.400544100000001,9.792478607692077,0.05000609999999739
7.410572800000001,9.859168038600663,0.060036099999997816
7.420574600000002,9.960207881646939,0.07006749999999684
7.4305657000000025,9.94328359581091,0.08006389999999897
7.440707300000003,9.842445630505686,0.09019649999999757
7.450498700000001,9.994158168480158,0.10001159999999842
7.460662300000003,9.909536400813906,0.11006989999999917
7.470549100000003,9.994158168480158,0.12005019999999789
7.480709000000001,10.011184305278535,0
7.495207000000001,9.926393124720537,1.7999999997186933e-06
7.513228100000003,10.200736589911823,0
7.514029000000001,10.011184305278535,0
7.5304632,10.011184305278535,0
7.531297300000002,10.062467506865458,0
7.5407667000000025,10.011184305278535,0
7.5506556000000025,10.011184305278535,0
7.560484600000002,9.926393124720537,2.099999999671809e-06
7.574458,9.960207881646939,0.013919099999998963
7.580510200000003,10.011184305278535,0
7.595476900000001,10.011184305278535,0
7.600468600000003,9.926393124720537,2.2999999984563146e-06
7.615153200000002,9.875923924978945,0.014705400000000424
7.6204125000000005,9.74281048940505,0.019977499999999537
7.630467600000003,10.011184305278535,0
7.645374200000003,10.011184305278535,0
7.650763700000002,10.0282445284255,0
7.6605545,10.011184305278535,0
7.670556900000001,10.045338906161959,0
7.680570800000002,10.09682765136841,0
7.690640500000001,10.062467506865458,0
7.7005853,10.18333172739613,0
7.710680100000001,10.538129649812095,0
7.720653900000002,10.341235771500035,0
7.730502300000001,10.18333172739613,0
7.740688500000001,10.323550191432286,0
7.7505922,10.25316052398179,0
7.760473600000001,10.57439625326279,0
7.770613500000003,10.412332866869404,0
7.7811807,10.57439625326279,0
7.790820500000002,10.50200782302884,0
7.800765100000003,10.538129649812095,0
7.8106794000000015,10.739403193116889,0
7.820564600000001,10.739403193116889,0
7.830583400000002,10.647366113557899,0
7.8407005000000005,10.629068884658762,0
7.850654300000002,10.684070537921636,0
7.860577000000003,10.665699973533705,0
7.870495200000001,10.684070537921636,0
7.880534900000001,10.79506884222607,0
7.890791700000001,10.869811163624185,0
7.9007400000000025,11.002057685548928,0
7.913572900000002,10.684070537921636,0
7.9283155,10.907407150123706,0
7.930533800000003,11.021101638525018,0
7.944375700000002,10.869811163624185,0
7.9593427000000005,11.078462559035042,0
7.9729989,10.907407150123706,0
7.974055100000001,10.964083853103384,0
7.9882317,10.983051782416258,0
7.990755800000002,10.907407150123706,0
8.0007111,12.453436598560057,0
8.018282600000003,10.92626161260162,0
8.036345500000003,10.79506884222607,0
8.037140400000002,11.097659474669772,0
8.053921800000001,10.92626161260162,0
8.054689800000002,11.136168679632782,0
8.0697717,10.964083853103384,0
8.0707786,10.665699973533705,0
8.087166100000001,10.70247788020399,0
8.090712700000001,11.155481122997937,0
8.1039554,11.059303998863323,0
8.110669400000003,11.174832229900465,0
8.1205067,11.002057685548928,0
8.130533800000002,11.002057685548928,0
8.140684200000003,11.194222077744826,0
8.1506702,11.021101638525018,0
8.1604597,11.155481122997937,0
8.1705246,11.174832229900465,0
8.1805755,11.136168679632782,0
8.190713900000002,11.078462559035042,0
8.200684900000002,11.059303998863323,0
8.210517300000003,11.116894822555212,0
8.2206021,11.002057685548928,0
8.230523400000003,11.174832229900465,0
8.240641400000001,11.097659474669772,0
8.250621900000002,11.097659474669772,0
8.2605824,11.078462559035042,0
8.270471100000002,11.174832229900465,0
8.280569900000003,11.194222077744826,0
8.2906279,11.31137907880348,0
8.300603900000002,11.174832229900465,0
8.310525400000003,11.059303998863323,0
8.320512800000003,11.136168679632782,0
8.3306009,11.078462559035042,0
8.340744800000003,11.116894822555212,0
8.350733600000002,10.832365260703382,0
8.365193000000001,11.174832229900465,0
8.379204100000003,11.174832229900465,0
8.380433700000001,11.174832229900465,0
8.3907819,11.174832229900465,0
8.400750400000003,11.078462559035042,0
8.410790900000002,10.92626161260162,0
8.4258825,11.097659474669772,0
8.4402729,11.04018371752037,0
8.441242600000002,11.155481122997937,0
8.450695300000003,11.155481122997937,0
8.460566700000001,11.174832229900465,0
8.4704558,11.136168679632782,0
8.480556800000002,11.174832229900465,0
8.490601900000001,11.194222077744826,0
8.500627900000001,11.174832229900465,0
8.510629100000003,11.116894822555212,0
8.5204789,11.116894822555212,0
8.5305405,11.136168679632782,0
8.540714900000001,11.174832229900465,0
8.5506408,10.964083853103384,0
8.5645795,11.174832229900465,0
8.5778833,11.194222077744826,0
8.580484100000003,11.272170432059934,0
8.590671400000002,11.31137907880348,0
8.6007429,11.272170432059934,0
8.610609400000001,11.25262484329977,0
8.6206505,11.291755151114865,0
8.630499100000002,11.370486899414773,0
8.640717900000002,11.25262484329977,0
8.650762500000003,11.194222077744826,0
8.660621500000001,11.25262484329977,0
8.670534,11.174832229900465,0
8.6804837,11.291755151114865,0
8.690861600000002,11.155481122997937,0
8.700601200000001,11.291755151114865,0
8.7106353,11.233118306652,0
8.720513500000003,11.31137907880348,0
8.730549400000001,11.429950433021594,0
8.7406355,11.059303998863323,0
8.750648400000003,11.194222077744826,0
8.7605386,11.233118306652,0
8.770495,11.44985102784893,0
8.780594700000002,11.370486899414773,0
8.790873300000001,11.291755151114865,0
8.800784400000001,11.291755151114865,0
8.8105303,11.350744874221816,0
8.820612800000003,11.291755151114865,0
8.830515100000003,11.291755151114865,0
8.840727300000001,11.350744874221816,0
8.850739200000003,11.489771820317557,0
8.8605601,11.390268448168516,0
8.870563700000002,11.3310422936215,0
8.880632400000003,11.174832229900465,0
8.890714800000001,11.194222077744826,0
8.900537400000001,11.174832229900465,0
8.910536400000002,11.078462559035042,0
8.9206356,11.002057685548928,0
8.930568000000001,11.097659474669772,0
8.9407575,11.097659474669772,0
8.9506081,10.592584027480942,0
8.964659600000001,11.04018371752037,0
8.9782282,10.869811163624185,0
8.992819700000002,10.907407150123706,0
8.993766500000003,10.832365260703382,0
9.000658000000001,10.983051782416258,0
9.0105602,10.684070537921636,0
9.020510900000001,10.57439625326279,0
9.0306393,10.556244818241767,0
9.040879200000003,10.520050675513097,0
9.050748800000001,10.57439625326279,0
9.060733900000002,10.412332866869404,0
9.070796400000003,10.2707051838414,0
9.080531200000003,10.200736589911823,0
9.090627600000001,10.079630399050409,0
9.1005334,9.644363824876494,1.999999998503199e-06
9.114454400000003,10.0282445284255,0
9.1292744,9.94328359581091,2.3999999996249244e-06
9.142877200000001,9.450979388677672,0.013607199999999153
9.1435618,9.387542439694219,0.014368300000001
9.150485900000003,9.530992581754338,0.02119689999999963
9.160388900000001,9.340296664120023,0.031161400000002004
9.170345600000001,9.215685068627405,0.04114600000000124
9.180350100000002,8.94249296807631,0.051141300000001166
9.1935991,8.707775895113674,0.06441639999999893
9.200594200000001,8.972364242669451,0.07133650000000102
9.210599000000002,8.522522057577296,0.08130140000000097
9.2205601,8.522522057577296,0.09124720000000153
9.230675900000001,8.508470269933717,0.10140610000000194
9.240638700000002,8.466483135678205,0.11130209999999963
9.250625200000002,8.424747169969082,0.12130630000000053
9.2603525,8.522522057577296,0.13111410000000134
9.270539300000003,8.314667798570671,0.1412733000000017
9.2804289,8.273839997665297,0.1512007000000004
9.290494200000001,8.287422055190799,0.16121530000000206
9.300488700000002,8.260285077108826,0.17119130000000027
9.3103914,8.20633568180298,0.18118820000000113
9.320363800000003,8.273839997665297,0.19117029999999957
9.3303379,8.328331593408056,0.2011314000000013
9.3405503,8.410890736681248,0.21126350000000116
9.350538700000001,8.707775895113674,0.2212645000000002
9.360426800000003,8.166155927514222,0.2312074000000024
9.370388000000002,8.383260870307085,0.2412080000000003
9.380382100000002,8.179522401387631,0.25120079999999945
9.390432100000002,8.383260870307085,0.2612039999999993
9.400558800000002,8.987344746665283,0.271265200000002
9.410478600000001,8.397061988565584,0.2812044
9.420307000000001,8.424747169969082,0.2911059999999992
9.430398,8.466483135678205,0.3011814000000008
9.440559200000003,8.410890736681248,0.3112741999999997
9.450651200000003,8.383260870307085,0.3212557000000018
9.4603909,8.20633568180298,0.33116899999999916
9.470456700000003,8.233256430132531,0.3412071000000019
9.4803441,8.369487326701252,0.351152299999999
9.490532100000003,8.166155927514222,0.36129610000000056
9.500691900000003,10.18333172739613,0
9.514589400000002,7.904364425065508,1.7999999997186933e-06
9.527836700000002,7.764780658974222,0.01314700000000002
9.530521700000001,7.802544922425701,0.015929200000002197
9.540639600000002,7.865991073689227,0.025887700000001956
9.5505572,8.233256430132531,0.035862900000001474
9.565039200000001,7.802544922425701,0.05042450000000187
9.578934100000001,7.7773435790245795,0.0643382999999993
9.5803522,7.628234202823747,0.06575680000000261
9.590575700000002,7.904364425065508,0.07584650000000082
9.6006073,7.60372870967274,0.08593139999999977
9.610621700000003,7.739730070915215,0.09590670000000046
9.620728000000003,7.789931650057636,0.10587450000000231
9.6306787,7.714779485070684,0.11595100000000258
9.640705800000003,7.840536452576179,0.1258833000000017
9.650671300000003,7.689928502230714,0.13595310000000183
9.660500000000003,7.714779485070684,0.14581210000000056
9.6707295,7.789931650057636,0.1559808000000018
9.680389600000002,7.802544922425701,0.16577760000000197
9.690540700000003,7.789931650057636,0.17578119999999942
9.700472100000002,7.689928502230714,0.1858144000000017
9.710433100000003,7.665176724779058,0.19577870000000175
9.720397600000002,7.689928502230714,0.20578360000000018
9.730331500000002,7.7023415681634235,0.21575110000000208
9.7404346,7.815183446581865,0.2258218999999997
9.7505156,10.011184305278535,0
9.764785,7.840536452576179,1.6999999985500835e-06
9.7792697,8.02087563986406,0.014419999999997657
9.7953127,8.007826142431599,0.03049739999999801
9.796215400000001,7.9300748693738,0.03136819999999929
9.810953400000002,8.273839997665297,0.046017399999996655
9.811693000000002,8.152816159873417,0.0468800999999992
9.8254819,8.11295656128866,0.06058099999999911
9.830328900000001,8.301031304013586,0.06553609999999921
9.8405366,8.246757239301694,0.07566599999999823
9.850589200000002,8.08651605131745,0.08568049999999872
9.8603774,8.494446557780574,0.0955592999999979
9.870438200000002,8.410890736681248,0.10557439999999829
9.880515000000003,8.342022743180927,0.11557449999999747
9.890597300000003,8.342022743180927,0.12575109999999867
9.900917200000002,8.21978259559808,0.1361384000000001
9.910344100000003,8.522522057577296,0.14556479999999894
9.9203401,8.67896086002344,0.1555542999999986
9.930382000000002,8.536601976918485,0.1655672999999993
9.940509900000002,8.536601976918485,0.17562399999999911
9.950565000000001,8.522522057577296,0.18568639999999803
9.960359400000002,8.593204099345877,0.19555839999999947
9.970400400000003,8.494446557780574,0.20562359999999913
9.9804086,8.438631343854855,0.2156080999999972
9.9905492,8.383260870307085,0.22568509999999975
10.000488700000002,8.494446557780574,0.2356291999999982
10.010383500000003,8.480450865022997,0.24558349999999862
10.020353100000001,8.508470269933717,0.25554640000000006
10.030377600000001,8.522522057577296,0.26557069999999783
10.0405239,8.607425524228983,0.27561269999999993
10.050771800000003,8.550710084276984,0.28586039999999713
10.060400100000003,8.838879453474007,0.29554299999999856
10.070379200000001,8.707775895113674,0.3055749999999975
10.080420400000001,8.809541051581752,0.31561619999999735
10.0904795,8.736706421172222,0.32557499999999706
10.100353700000003,8.579011088888649,0.3355567999999991
10.1104078,8.722226692884746,0.3456060000000001
10.1203003,8.897909494439109,0.35551229999999734
10.1304394,8.987344746665283,0.3656254999999966
10.140563,8.809541051581752,0.37570719999999724
10.150565400000001,8.957413669740566,0.3856478999999986
10.160289300000002,9.017395787665905,0.39549619999999663
10.173053300000003,8.912740939929662,0.40818729999999803
10.186579600000002,8.987344746665283,0.421796699999998
10.190545100000001,9.002355241650097,0.4256270999999998
10.2047041,9.16946735002452,0.4398830999999994
10.210405900000001,9.231152701241395,0.4455670999999981
10.2204102,9.06269833412371,0.45559949999999816
10.2304013,9.138809237726493,0.46559809999999757
10.2404349,8.972364242669451,0.47555019999999715
10.254474700000003,9.231152701241395,0.48964059999999776
10.2688029,9.123526107475662,0.5039927999999989
10.270335800000002,8.94249296807631,0.5055723999999984
10.284333500000002,9.032466444874892,0.519531599999997
10.298795600000002,9.017395787665905,0.5339991999999967
10.300385000000002,9.138809237726493,0.5355998999999976
10.310370200000001,9.077859687091145,0.5455494999999999
10.320389000000002,9.246651300076511,0.5555645999999967
10.330375400000001,9.09305139310744,0.565521099999998
10.3404977,9.047567273559713,0.5756484999999998
10.350479700000001,9.16946735002452,0.5856062999999985
10.360277200000002,9.154122964824467,0.5954976999999992
10.370358800000002,9.138809237726493,0.6055731999999949
10.380360499999998,9.16946735002452,0.6155474999999981
10.390716000000001,9.215685068627405,0.6258589999999984
10.400559600000005,9.047567273559713,0.6356538
10.4108288,9.27774164451191,0.6458292000000014
10.420325700000003,9.215685068627405,0.6555365999999978
10.430347900000005,9.246651300076511,0.6655513999999982
10.4404759,9.231152701241395,0.6756187999999952
10.4505612,9.017395787665905,0.6856997000000007
10.460444900000002,9.32461096172274,0.6955652999999984
10.470313100000002,9.32461096172274,0.7055275999999964
10.4803861,9.563222569082706,0.7155905999999987
10.490426600000003,9.184842454704212,0.7255676999999991
10.500417100000004,9.30895659937976,0.7355980999999971
10.5103647,9.466918080834294,0.7455782999999983
10.520297000000003,9.403354130994348,0.7555112999999949
10.530320499999998,9.32461096172274,0.7655378999999982
10.5404826,9.387542439694219,0.7756238999999994
10.550487,9.498891256878826,0.7856100999999995
10.5603248,9.154122964824467,0.7955441000000008
10.5704228,9.530992581754338,0.8056428000000011
10.580326600000003,9.482888682273867,0.8155350999999982
10.590565999999999,9.466918080834294,0.8256573999999972
10.600570000000001,9.54709146043023,0.8356483999999966
10.610349000000003,9.435072542049229,0.845521699999999
10.620294500000004,9.530992581754338,0.8555063999999959
10.6303613,9.498891256878826,0.8655729999999977
10.640933399999998,9.51492586865949,0.8761042000000003
10.650437300000004,9.450979388677672,0.8855639999999951
10.6604383,9.693439487586987,0.8955947999999978
10.6703364,9.70986358518506,0.9055613999999963
10.6804497,9.693439487586987,0.9155793999999986
10.6904182,9.660689672932362,0.9255822000000009
10.7005205,9.51492586865949,0.935680099999999
10.710342300000004,9.77588944516893,0.9455310999999966
10.720366700000003,9.62807059588681,0.9555840999999958
10.7303179,9.74281048940505,0.9655310999999998
10.7405383,9.54709146043023,0.975662100000001
10.750478099999999,9.809100981740718,0.9855743999999973
10.760311500000004,9.89271335666411,0.9955250000000007
10.770393800000004,9.74281048940505,1.005620399999998
10.780490000000004,9.977166049925785,1.005620399999998
10.792138000000005,9.926393124720537,1.005620399999998
10.807565100000001,9.825756633804376,1.005620399999998
10.810463700000003,9.960207881646939,1.005620399999998
10.820496600000002,9.94328359581091,1.005620399999998
10.830533300000003,10.0282445284255,1.005620399999998
10.840624700000003,10.0282445284255,1.005620399999998
10.850658,9.994158168480158,1.005620399999998
10.8604959,10.114059332608491,1.005620399999998
10.870514500000002,10.062467506865458,1.005620399999998
10.8805929,10.484001020187893,1.005620399999998
10.8907506,9.977166049925785,1.005620399999998
10.900650600000002,10.114059332608491,1.005620399999998
10.910652600000002,10.011184305278535,1.005620399999998
10.920444100000001,10.09682765136841,1.005620399999998
10.930458900000001,10.09682765136841,1.005620399999998
10.940620800000001,10.2707051838414,1.005620399999998
10.950584700000004,11.04018371752037,1.005620399999998
10.9604326,10.011184305278535,1.005620399999998
10.970479000000001,10.131325511697408,1.005620399999998
10.980532499999999,9.89271335666411,1.005620399999998
10.990814000000004,10.466030194963013,1.005620399999998
11.000790300000002,10.323550191432286,1.005620399999998
11.0105781,10.448095275470884,1.005620399999998
11.020428599999999,10.25316052398179,1.005620399999998
11.030515000000005,10.218176296985487,1.005620399999998
11.0405926,10.23565091837597,1.005620399999998
11.050626300000001,10.165961639818944,1.005620399999998
11.060559100000003,10.323550191432286,1.005620399999998
11.070429200000003,10.305899947177094,1.005620399999998
11.0805677,10.2707051838414,1.005620399999998
11.090707300000002,10.538129649812095,1.005620399999998
11.100621400000005,10.011184305278535,1.005620399999998
11.1105129,10.218176296985487,1.005620399999998
11.120414700000001,10.114059332608491,1.005620399999998
11.130767000000002,10.011184305278535,1.005620399999998
11.1409773,10.288284968133446,1.005620399999998
11.150766399999998,10.200736589911823,1.005620399999998
11.160852700000003,10.305899947177094,1.005620399999998
11.170874700000002,10.305899947177094,1.005620399999998
11.1808175,10.288284968133446,1.005620399999998
11.1906396,10.23565091837597,1.005620399999998
11.200738099999999,10.23565091837597,1.005620399999998
11.2107591,10.305899947177094,1.005620399999998
11.220687100000003,10.288284968133446,1.005620399999998
11.230544599999998,10.538129649812095,1.005620399999998
11.240593700000002,10.50200782302884,1.005620399999998
11.2505859,10.341235771500035,1.005620399999998
11.260494099999999,10.520050675513097,1.005620399999998
11.2705801,10.484001020187893,1.005620399999998
11.280791500000003,10.394505234710364,1.005620399999998
11.290595900000003,10.466030194963013,1.005620399999998
11.300628400000004,10.70247788020399,1.005620399999998
11.310507699999999,10.484001020187893,1.005620399999998
11.320491399999998,10.341235771500035,1.005620399999998
11.330621600000004,10.394505234710364,1.005620399999998
11.340733100000005,10.376713222184142,1.005620399999998
11.350664400000003,10.57439625326279,1.005620399999998
11.360671700000001,10.131325511697408,1.005620399999998
11.370527800000001,10.218176296985487,1.005620399999998
11.380446500000001,10.062467506865458,1.005620399999998
11.390728900000003,10.23565091837597,1.005620399999998
11.400687700000002,10.114059332608491,1.005620399999998
11.410615199999999,10.341235771500035,1.005620399999998
11.420426299999999,10.23565091837597,1.005620399999998
11.430490700000004,10.011184305278535,1.005620399999998
11.4408316,10.114059332608491,1.005620399999998
11.450727699999998,11.291755151114865,1.005620399999998
11.460890200000005,9.994158168480158,1.005620399999998
11.470797800000003,9.859168038600663,1.005620399999998
11.480838600000002,9.74281048940505,1.005620399999998
11.490928,9.563222569082706,1.005620399999998
11.500800100000003,9.62807059588681,1.005620399999998
11.5106942,8.912740939929662,1.005620399999998
11.520649000000002,8.824195583331818,1.005620399999998
11.530563400000002,8.564846436085226,1.005620399999998
11.540692500000002,7.9300748693738,1.005620399999998
11.5505156,7.270747976866626,1.005620399999998
11.560535300000002,6.49542520288607,1.005620399999998
11.570487700000005,5.458949688579403,1.005620399999998
11.580625399999999,4.745934821072582,1.005620399999998
11.590670300000003,4.366180536100056,1.005620399999998
11.600529400000003,3.5994192385366217,1.005620399999998
11.610557199999999,2.535211911072854,1.005620399999998
11.620528000000004,1.7418340821718181,1.005620399999998
11.6306458,1.4943796033116277,1.005620399999998
11.6402946,1.4929614,1.005620399999998
11.6502102,1.4929614,1.005620399999998
11.660290800000002,1.4929614,1.005620399999998
11.670300999999998,1.4929614,1.005620399999998
11.680418900000003,1.4929614,1.005620399999998
11.6902851,1.4929614,1.005620399999998
11.700438800000004,1.4929614,1.005620399999998
11.710247800000001,1.4929614,1.005620399999998
11.720265600000001,1.4929614,1.005620399999998
11.730212400000003,1.4929614,1.005620399999998
11.7404914,1.4929614,1.005620399999998
11.750212800000003,1.4929614,1.005620399999998
11.760206400000005,1.4929614,1.005620399999998
11.7702353,1.4929614,1.005620399999998
11.780412000000002,1.4929614,1.005620399999998
