0.0004898999999980447,1.4929614,0
0.010294200000000586,1.4929614,0
0.02485550000000103,1.4929614,0
0.0301758999999997,1.4929614,0
0.04013619999999918,1.4929614,0
0.05026469999999961,1.4929614,0
0.060561899999999724,1.4929614,0
0.07019950000000108,1.4929614,0
0.08021769999999862,1.4929614,0
0.09030579999999944,1.4929614,0
0.1002869000000004,1.4929614,0
0.11028489999999991,1.4929614,0
0.12053249999999949,1.4929614,0
0.13019660000000144,1.4929614,0
0.14011100000000098,1.4929614,0
0.15012019999999993,1.4929614,0
0.1601645000000005,1.4929614,0
0.17007290000000097,1.4929614,0
0.18016259999999917,1.4929614,0
0.19014939999999925,1.4929614,0
0.20027400000000029,1.4929614,0
0.21021809999999874,1.4929614,0
0.22019900000000092,1.4929614,0
0.23022489999999962,1.4929614,0
0.24012129999999843,1.4929614,0
0.25026610000000105,1.4929614,0
0.26022449999999964,1.4929614,0
0.2701732999999997,1.4929614,0
0.28015549999999934,1.4929614,0
0.29013339999999843,1.4929614,0
0.3002730000000007,1.4929614,0
0.3102531000000006,1.4929614,0
0.3203338000000002,1.4929614,0
0.3302806999999994,1.4929614,0
0.3402491000000012,1.4929614,0
0.35010369999999824,1.4929614,0
0.36027509999999907,1.4929614,0
0.3702301999999982,1.4929614,0
0.38035500000000155,1.4929614,0
0.39029779999999903,1.4929614,0
0.4002313999999991,1.4929614,0
0.41033099999999934,1.4929614,0
0.42019559999999956,1.4929614,0
0.43021870000000106,1.4929614,0
0.44013089999999977,1.4929614,0
0.45033480000000026,1.4929614,0
0.46006810000000087,1.4929614,0
0.4701120000000003,1.4929614,0
0.4806355999999994,1.4929614,0
0.49019810000000064,1.4929614,0
0.5002025000000003,1.4929614,0
0.5106052000000005,1.4929614,0
0.5200652999999988,1.4929614,0
0.530195299999999,1.4929614,0
0.5405678999999992,1.4929614,0
0.5501563999999988,1.4929614,0
0.5602580999999986,1.4929614,0
0.5700657999999983,1.4929614,0
0.5801777000000001,1.4929614,0
0.5901977999999986,1.4929614,0
0.6001171999999997,1.4929614,0
0.6101627000000001,1.4929614,0
0.6200748999999988,1.4929614,0
0.6303385000000006,1.4929614,0
0.6407333000000008,1.4929614,0
0.6501674999999985,1.4929614,0
0.6601496000000004,1.4929614,0
0.6701586999999982,1.4929614,0
0.6801905999999995,1.4929614,0
0.6901373,1.4929614,0
0.7004005000000006,1.4929614,0
0.7103698999999999,1.4929614,0
0.7202266000000002,1.4929614,0
0.7303910999999985,1.4929614,0
0.7401635000000013,1.4929614,0
0.7502823999999997,1.4929614,0
0.7601389999999988,1.4929614,0
0.7701673999999983,1.4929614,0
0.7801566000000015,1.4929614,0
0.790099099999999,1.4929614,0
0.8000928999999992,1.4929614,0
0.8101674999999986,1.4929614,0
0.8201223999999989,1.4929614,0
0.8302100999999986,1.4929614,0
0.8401931999999981,1.4929614,0
0.8501666000000014,1.4929614,0
0.8636711999999989,1.4929614,0
0.8703426999999984,1.4929614,0
0.8803374999999996,1.4929614,0
0.8903834999999987,1.4929614,0
0.9003212999999981,1.4929614,0
0.9103694000000004,1.4929614,0
0.920185,1.4929614,0
0.9305480999999993,1.4929614,0
0.9402797000000014,1.4929614,0
0.9500646999999987,1.4929614,0
0.9602164000000002,1.4929614,0
0.9701060999999989,1.4929614,0
0.980181899999998,1.4929614,0
0.9901762999999981,1.4929614,0
1.0001601999999998,1.4929614,0
1.0103726000000002,1.4929614,0
1.023238899999999,1.4929614,0
1.030470300000001,1.4929614,0
1.0401877000000006,1.4929614,0
1.0502700000000011,1.4929614,0
1.0602747000000008,1.4929614,0
1.0702014999999996,1.4929614,0
1.0802602000000014,1.4929614,0
1.0900682999999987,1.4929614,0
1.1000866999999985,1.4929614,0
1.1101555999999988,1.4929614,0
1.120542499999999,1.4929614,0
1.1302386999999996,1.4929614,0
1.1402238000000011,1.4929614,0
1.150136100000001,1.4929614,0
1.1601490999999982,1.4929614,0
1.1700757999999993,1.4929614,0
1.1802235000000003,1.4929614,0
1.1901633999999994,1.4929614,0
1.2000983000000005,1.4929614,0
1.2101810999999998,1.4929614,0
1.2201513000000013,1.4929614,0
1.230193700000001,1.4929614,0
1.2401951999999987,1.4929614,0
1.2500965000000015,1.4929614,0
1.260120999999998,1.4929614,0
1.2701697000000003,1.4929614,0
1.280785299999998,1.4929614,0
1.2901217000000003,1.4929614,0
1.3000612999999994,1.4929614,0
1.3101628999999981,1.4929614,0
1.3201842,1.4929614,0
1.330253599999999,1.4929614,0
1.3401274,1.4929614,0
1.3501311999999999,1.4929614,0
1.360207299999999,1.4929614,0
1.3701851000000005,1.4929614,0
1.3802836999999997,1.4929614,0
1.3902144000000014,1.4929614,0
1.4001486000000014,1.4929614,0
1.4102224999999997,1.4929614,0
1.4203690000000009,1.4929614,0
1.4302931,1.4929614,0
1.440560699999999,1.4929614,0
1.4501251999999987,1.4929614,0
1.4602009000000002,1.4929614,0
1.470164399999998,1.4929614,0
1.4802345999999993,1.4929614,0
1.4901082999999993,1.4929614,0
1.5001002999999997,1.4929614,0
1.5101510000000005,1.4929614,0
1.5201563,1.4929614,0
1.5301629000000005,1.4929614,0
1.5401574999999994,1.4929614,0
1.5500469999999993,1.4929614,0
1.5601121000000013,1.4929614,0
1.5701161,1.4929614,0
1.5802574999999983,1.4929614,0
1.5903960999999995,1.4929614,0
1.6002554999999994,1.4929614,0
1.6101610000000015,1.4929614,0
1.6201505999999988,1.4929614,0
1.6302503000000002,1.4929614,0
1.6402001000000013,1.4929614,0
1.6500746,1.4929614,0
1.6601552999999996,1.4929614,0
1.6701525000000004,1.4929614,0
1.6802120999999985,1.4929614,0
1.6901109999999981,1.4929614,0
1.7001024999999998,1.4929614,0
1.7101004999999994,1.4929614,0
1.7200990000000012,1.4929614,0
1.7302312999999998,1.4929614,0
1.740155399999999,1.4929614,0
1.7501080000000009,1.4929614,0
1.7601604000000002,1.4929614,0
1.7700980000000008,1.4929614,0
1.7802623000000004,1.4929614,0
1.7901655000000005,1.4929614,0
1.8005117999999989,1.4929614,0
1.8101672999999998,1.4929614,0
1.8201700999999986,1.4929614,0
1.830319499999998,1.4929614,0
1.8401424000000013,1.4929614,0
1.850132200000001,1.4929614,0
1.860224500000001,1.4929614,0
1.8701308999999995,1.4929614,0
1.8802616999999984,1.4929614,0
1.8900943000000012,1.4929614,0
1.9005638000000005,1.4929614,0
1.9103475000000003,1.4929614,0
1.920167199999998,1.4929614,0
1.9302636,1.4929614,0
1.9400984000000001,1.4929614,0
1.9500931000000001,1.4929614,0
1.960238799999999,1.4929614,0
1.970145500000001,1.4929614,0
1.9802028999999983,1.4929614,0
1.9901802999999987,1.4929614,0
2.000127599999999,1.4929614,0
2.0101969000000004,1.4929614,0
2.0201065000000007,1.4929614,0
2.0302504,1.4929614,0
2.0401945999999995,1.4929614,0
2.0501129999999996,1.4929614,0
2.060225899999999,1.4929614,0
2.0701660000000004,1.4929614,0
2.080193900000001,1.4929614,0
2.0902306999999993,1.4929614,0
2.1001088999999986,1.4929614,0
2.1101911000000015,1.4929614,0
2.1200930000000007,1.4929614,0
2.1308159999999994,1.4929614,0
2.1402034000000008,1.4929614,0
2.150129100000001,1.4929614,0
2.1601435,1.4929614,0
2.1701359999999994,1.4929614,0
2.1803007,1.4929614,0
2.190147100000001,1.4929614,0
2.200083499999998,1.4929614,0
2.2101374000000007,1.4929614,0
2.220120399999999,1.4929614,0
2.2301725999999995,1.4929614,0
2.240200099999999,1.4929614,0
2.2501602,1.4929614,0
2.2601817000000004,1.4929614,0
2.270207299999999,1.4929614,0
2.280350500000001,1.4929614,0
2.2901942999999996,1.4929614,0
2.3000817,1.4929614,0
2.3100734000000003,1.4929614,0
2.3201722999999994,1.4929614,0
2.330367899999999,1.4929614,0
2.3401986999999984,1.4929614,0
2.3501320999999997,1.4929614,0
2.360118700000001,1.4929614,0
2.3701496000000013,1.4929614,0
2.3801984999999988,1.4929614,0
2.3901632,1.4929614,0
2.4002401000000013,1.4929614,0
2.4102739,1.4929614,0
2.420183099999999,1.4929614,0
2.4302181999999988,1.4929614,0
2.4402100000000004,1.4929614,0
2.4500616000000015,1.4929614,0
2.460179799999999,1.4929614,0
2.4702488000000002,1.4929614,0
2.480238700000001,1.4929614,0
2.4903399999999998,1.4929614,0
2.5002849000000005,1.4929614,0
2.5102411999999994,1.4929614,0
2.5203211000000003,1.4929614,0
2.5303886999999996,1.4929614,0
2.5402452999999987,1.4929614,0
2.5502329999999986,1.4929614,0
2.5603464000000002,1.4929614,0
2.5700986000000015,1.4929614,0
2.5802501999999983,1.4929614,0
2.5901214999999986,1.4929614,0
2.6004672999999983,1.4929614,0
2.610281699999998,1.4929614,0
2.6203229000000015,1.4929614,0
2.6304511999999995,1.4929614,0
2.640320299999999,1.4929614,0
2.6504711999999984,1.4929614,0
2.660206200000001,1.4929614,0
2.670546699999999,1.4929614,0
2.680353799999999,1.4929614,0
2.690199100000001,1.4929614,0
2.700152599999999,1.4929614,0
2.710286,1.4929614,0
2.7200710999999984,1.4929614,0
2.730226299999998,1.4929614,0
2.7400561000000003,1.4929614,0
2.7501214999999988,1.4929614,0
2.760151499999999,1.4929614,0
2.7701463000000004,1.4929614,0
2.7802325000000003,1.4929614,0
2.7900774000000013,1.4929614,0
2.8000884,1.4929614,0
2.8102206999999986,1.4929614,0
2.8201417000000006,1.4929614,0
2.8301447999999993,1.4929614,0
2.8400894,1.4929614,0
2.8501399999999997,1.4929614,0
2.860202600000001,1.4929614,0
2.870239999999999,1.4929614,0
2.880343700000001,1.4929614,0
2.8901274999999984,1.4929614,0
2.9001914000000006,1.4929614,0
2.910175299999999,1.4929614,0
2.920047499999999,1.4929614,0
2.9302588000000007,1.4929614,0
2.940183000000001,1.4929614,0
2.950116600000001,1.4929614,0
2.9601533999999994,1.4929614,0
2.9701850000000007,1.4929614,0
2.980236399999999,1.4929614,0
2.9901762000000005,1.4929614,0
3.0001762999999997,1.4929614,0
3.0101899000000003,1.4929614,0
3.020125799999999,1.4929614,0
3.0301848999999983,1.4929614,0
3.0400691,1.4929614,0
3.0500605000000007,1.4929614,0
3.060212100000001,1.4929614,0
3.070510500000001,1.4929614,0
3.080298599999999,1.4929614,0
3.090054200000001,1.4929614,0
3.1001040999999994,1.4929614,0
3.1101740000000007,1.4929614,0
3.1202651999999986,1.4929614,0
3.1303078999999983,1.4929614,0
3.1401977999999993,1.4929614,0
3.150074199999999,1.4929614,0
3.1601821,1.4929614,0
3.1700717999999988,1.4929614,0
3.1804094999999997,1.4929614,0
3.190121099999999,1.4929614,0
3.200128799999998,1.4929614,0
3.2101489,1.4929614,0
3.2201394999999984,1.4929614,0
3.2301034999999985,1.4929614,0
3.2401218999999983,1.4929614,0
3.2501464999999996,1.4929614,0
3.260098899999999,1.4929614,0
3.2702479999999987,1.4929614,0
3.2802025000000015,1.4929614,0
3.2900308000000003,1.4929614,0
3.300072,1.4929614,0
3.3101427,1.4929614,0
3.3201034999999983,1.4929614,0
3.330253299999999,1.4929614,0
3.340105000000001,1.4929614,0
3.3501265999999994,1.4929614,0
3.3602317,1.4929614,0
3.3701319000000005,1.4929614,0
3.3801421000000005,1.4929614,0
3.3901190999999997,1.4929614,0
3.400173500000001,1.4929614,0
3.410051599999999,1.4929614,0
3.420196999999998,1.4929614,0
3.4302472,1.4929614,0
3.440126899999999,1.4929614,0
3.4501115999999996,1.4929614,0
3.4601305999999994,1.4929614,0
3.4701190000000004,1.4929614,0
3.4802813000000015,1.4929614,0
3.490187200000001,1.4929614,0
3.5003022,1.4929614,0
3.5101575999999994,1.4929614,0
3.5200964,1.4929614,0
3.530203499999999,1.4929614,0
3.5400847000000013,1.4929614,0
3.550156000000001,1.4929614,0
3.560149599999999,1.4929614,0
3.570144299999999,1.4929614,0
3.5803143000000013,1.4929614,0
3.590100100000001,1.4929614,0
3.600146200000001,1.4929614,0
3.6102649000000007,1.4929614,0
3.6201358,1.4929614,0
3.630380800000001,1.4929614,0
3.6401484999999987,1.4929614,0
3.6501193,1.4929614,0
3.660176100000001,1.4929614,0
3.6701687000000014,1.4929614,0
3.6803492999999996,1.4929614,0
3.6900662000000004,1.4929614,0
3.7002767,1.4929614,0
3.7101736999999986,1.4929614,0
3.7201002999999986,1.4929614,0
3.7301903000000003,1.4929614,0
3.7405234000000007,1.4929614,0
3.7500417000000006,1.4929614,0
3.760186000000001,1.4929614,0
3.770161599999998,1.4929614,0
3.7802715000000013,1.4929614,0
3.7900919,1.4929614,0
3.8000842000000006,1.4929614,0
3.8101820999999987,1.4929614,0
3.820139900000001,1.4929614,0
3.8302809999999994,1.4929614,0
3.8405865000000006,1.4929614,0
3.8502624999999995,1.4929614,0
3.860099999999999,1.4929614,0
3.870027499999999,1.4929614,0
3.8802659000000013,1.4929614,0
3.890142600000001,1.4929614,0
3.900203600000001,1.4929614,0
3.9101149,1.4929614,0
3.9200930000000014,1.4929614,0
3.9303023999999986,1.4929614,0
3.9401353000000015,1.4929614,0
3.950095000000001,1.4929614,0
3.9601834999999994,1.4929614,0
3.9701698000000007,1.4929614,0
3.980219299999998,1.4929614,0
3.990085099999998,1.4929614,0
4.0001906,1.4929614,0
4.0101447000000014,1.4929614,0
4.020132100000001,1.4929614,0
4.030398999999999,1.4929614,0
4.040147300000001,1.4929614,0
4.050100199999999,1.4929614,0
4.060100200000001,1.4929614,0
4.070083499999999,1.4929614,0
4.080433599999999,1.4929614,0
4.090310500000001,1.4929614,0
4.100335300000001,1.4929614,0
4.110286800000001,1.4929614,0
4.120115899999998,1.4929614,0
4.1303433,1.4929614,0
4.14029,1.4929614,0
4.1501380999999995,1.4929614,0
4.160253399999998,1.4929614,0
4.170192100000001,1.4929614,0
4.180242199999999,1.4929614,0
4.190118399999999,1.4929614,0
4.200159599999999,1.4929614,0
4.2100747,1.4929614,0
4.220602899999999,1.4929614,0
4.2301888000000005,1.4929614,0
4.240084100000001,1.4929614,0
4.2500994,1.4929614,0
4.260093399999999,1.4929614,0
4.270070199999999,1.4929614,0
4.280216599999999,1.4929614,0
4.290166199999998,1.4929614,0
4.3001518999999995,1.4929614,0
4.310155099999999,1.4929614,0
4.3200863,1.4929614,0
4.330220699999998,1.4929614,0
4.340241200000001,1.4929614,0
4.350072099999998,1.4929614,0
4.360098000000001,1.4929614,0
4.370046200000001,1.4929614,0
4.380331099999999,1.4929614,0
4.3901979,1.4929614,0
4.400271700000001,1.4929614,0
4.4101922999999985,1.4929614,0
4.420393999999998,1.4929614,0
4.430366799999998,1.4929614,0
4.440367299999998,1.4929614,0
4.450370700000001,1.4929614,0
4.4602827000000005,1.4929614,0
4.470364,1.4929614,0
4.480665200000001,1.4929614,0
4.490348300000001,1.4929614,0
4.500275899999998,1.4929614,0
4.510317399999998,1.4929614,0
4.520176499999998,1.4929614,0
4.530262399999998,1.4929614,0
4.540149700000001,1.4929614,0
4.550168799999998,1.4929614,0
4.560246499999998,1.4929614,0
4.5701271000000006,1.4929614,0
4.580716200000001,1.4929614,0
4.590133699999999,1.4929614,0
4.6001233,1.4929614,0
4.610278900000001,1.4929614,0
4.6202048,1.4929614,0
4.630252299999999,1.4929614,0
4.6402316,1.4929614,0
4.650113099999999,1.4929614,0
4.660095800000001,1.4929614,0
4.670529999999999,1.4929614,0
4.680275999999999,1.4929614,0
4.6901191,1.4929614,0
4.700135899999999,1.4929614,0
4.710123499999998,1.4929614,0
4.7201577000000015,1.4929614,0
4.730301099999998,1.4929614,0
4.7401216999999995,1.4929614,0
4.7500845,1.4929614,0
4.760136899999999,1.4929614,0
4.7705062,1.4929614,0
4.780146299999998,1.4929614,0
4.790075699999999,1.4929614,0
4.800175499999998,1.4929614,0
4.810144699999999,1.4929614,0
4.820198000000001,1.4929614,0
4.830286600000001,1.4929614,0
4.8400725000000016,1.4929614,0
4.8501021999999985,1.4929614,0
4.860088600000001,1.4929614,0
4.870051,1.4929614,0
4.880284100000001,1.4929614,0
4.890094699999999,1.4929614,0
4.900225500000001,1.4929614,0
4.910175200000001,1.4929614,0
4.920180899999998,1.4929614,0
4.9302487,1.4929614,0
4.940134799999999,1.4929614,0
4.950099999999999,1.4929614,0
4.960189100000001,1.4929614,0
4.970301599999999,1.4929614,0
4.9801791999999985,1.4929614,0
4.9901084,1.4929614,0
5.0001405000000005,1.4929614,0
5.0100836000000015,1.4929614,0
5.020128499999998,1.4929614,0
5.030291699999999,1.4929614,0
5.040102300000001,1.4929614,0
5.050227100000001,1.4929614,0
5.060185699999998,1.4929614,0
5.070131100000001,1.4929614,0
5.080235899999998,1.4929614,0
5.0901307,1.4929614,0
5.100115200000001,1.4929614,0
5.110146400000001,1.4929614,0
5.120080600000001,1.4929614,0
5.130237600000001,1.4929614,0
5.1400945,1.4929614,0
5.150397699999999,1.4929614,0
5.160142099999998,1.4929614,0
5.1701245,1.4929614,0
5.180137800000001,1.4929614,0
5.1900894000000015,1.4929614,0
5.200139700000001,1.4929614,0
5.210210400000001,1.4929614,0
5.220161000000001,1.4929614,0
5.230231499999999,1.4929614,0
5.240072999999999,1.4929614,0
5.250143300000001,1.4929614,0
5.2601669000000015,1.4929614,0
5.2703217,1.4929614,0
5.280159099999999,1.4929614,0
5.290172299999998,1.4929614,0
5.300148199999999,1.4929614,0
5.3101965,1.4929614,0
5.320087900000001,1.4929614,0
5.3303084,1.4929614,0
5.3401684,1.4929614,0
5.3500972,1.4929614,0
5.360158800000001,1.4929614,0
5.370100399999998,1.4929614,0
5.380212700000001,1.4929614,0
5.390198099999999,1.4929614,0
5.400165399999999,1.4929614,0
5.410135199999999,1.4929614,0
5.420109400000001,1.4929614,0
5.430275399999999,1.4929614,0
5.4401969,1.4929614,0
5.4500794,1.4929614,0
5.460129599999998,1.4929614,0
5.4700743,1.4929614,0
5.4803888,1.4929614,0
5.4900643,1.4929614,0
5.500079400000001,1.4929614,0
5.510135599999998,1.4929614,0
5.5202168,1.4929614,0
5.530388200000001,1.4929614,0
5.540073799999998,1.4929614,0
5.550187399999999,1.4929614,0
5.5601862,1.4929614,0
5.5700909,1.4929614,0
5.5801637,1.4929614,0
5.5900465,1.4929614,0
5.6000644999999984,1.4929614,0
5.610270799999999,1.4929614,0
5.620121000000001,1.4929614,0
5.630195499999999,1.4929614,0
5.6400884,1.4929614,0
5.650045200000001,1.4929614,0
5.6600988,1.4929614,0
5.670644599999999,1.4929614,0
5.6802423,1.4929614,0
5.690065799999999,1.4929614,0
5.7000579999999985,1.4929614,0
5.7101299999999995,1.4929614,0
5.720122,1.4929614,0
5.730371299999998,1.4929614,0
5.7401935,1.4929614,0
5.7502301,1.4929614,0
5.7602656,1.4929614,0
5.770106500000001,1.4929614,0
5.780199100000001,1.4929614,0
5.7900919,1.4929614,0
5.800120400000001,1.4929614,0
5.810101199999998,1.4929614,0
5.820160399999999,1.4929614,0
5.8303099,1.4929614,0
5.8400435,1.4929614,0
5.8500616,1.4929614,0
5.8601451,1.4929614,0
5.8700589,1.4929614,0
5.880333499999999,1.4929614,0
5.8901185,1.4929614,0
5.900113900000001,1.4929614,0
5.910134899999999,1.4929614,0
5.920149800000001,1.4929614,0
5.930198000000001,1.4929614,0
5.9401452,1.4929614,0
5.9501338,1.4929614,0
5.960211900000001,1.4929614,0
5.970067100000001,1.4929614,0
5.9802128,1.4929614,0
5.990092300000001,1.4929614,0
6.000196800000001,1.4929614,0
6.010224000000001,1.4929614,0
6.0201685000000005,1.4929614,0
6.030256000000001,1.4929614,0
6.0401396,1.4929614,0
6.050062799999999,1.4929614,0
6.0602032,1.4929614,0
6.070036399999999,1.4929614,0
6.0802078,1.4929614,0
6.0901134,1.4929614,0
6.100445099999998,1.4929614,0
6.1101296000000005,1.4929614,0
6.120097900000001,1.4929614,0
6.1301931,1.4929614,0
6.140115399999999,1.4929614,0
6.150185799999999,1.4929614,0
6.160389899999998,1.4929614,0
6.170119100000001,1.4929614,0
6.180249100000001,1.4929614,0
6.190087500000001,1.4929614,0
6.2000934,1.4929614,0
6.210198599999998,1.4929614,0
6.220260499999998,1.4929614,0
6.2301447,1.4929614,0
6.240213000000001,1.4929614,0
6.250809799999999,1.4929614,0
6.260228999999999,1.4929614,0
6.270139799999999,1.4929614,0
6.280401300000001,1.4929614,0
6.290374700000001,1.4929614,0
6.300215300000001,1.4929614,0
6.310330799999999,1.4929614,0
6.3202736,1.4929614,0
6.330296399999998,1.4929614,0
6.3401700000000005,1.4929614,0
6.350276699999998,1.4929614,0
6.360690999999999,1.4929614,0
6.370136299999999,1.4929614,0
6.380254000000001,1.4929614,0
6.3901045,1.4929614,0
6.400105199999999,1.4929614,0
6.410254599999998,1.4929614,0
6.4201893000000005,1.4929614,0
6.430308499999999,1.4929614,0
6.440160899999999,1.4929614,0
6.4501627,1.4929614,0
6.460113700000001,1.4929614,0
6.4700959000000005,1.4929614,0
6.480221400000001,1.4929614,0
6.490104899999999,1.4929614,0
6.5002092000000005,1.4929614,0
6.5100984,1.4929614,0
6.5200815,1.4929614,0
6.5302407,1.4929614,0
6.540134899999998,1.4929614,0
6.550082400000001,1.4929614,0
6.560274400000001,1.4929614,0
6.570058499999998,1.4929614,0
6.5802675000000015,1.4929614,0
6.590221,1.4929614,0
6.600188599999999,1.4929614,0
6.6101931,1.4929614,0
6.620098500000001,1.4929614,0
6.630206399999999,1.4929614,0
6.640076699999998,1.4929614,0
6.650236100000001,1.4929614,0
6.660155100000001,1.4929614,0
6.6700769000000015,1.4929614,0
6.680280700000001,1.4929614,0
6.690110699999998,1.4929614,0
6.7005276999999985,1.4929614,0
6.710134199999999,1.4929614,0
6.7200859999999984,1.4929614,0
6.730252400000001,1.4929614,0
6.740138599999998,1.4929614,0
6.7501017999999995,1.4929614,0
6.760491099999999,1.4929614,0
6.7701242000000015,1.4929614,0
6.780271299999999,1.4929614,0
6.790104400000001,1.4929614,0
6.800151499999998,1.4929614,0
6.810110299999998,1.4929614,0
6.8200912,1.4929614,0
6.830305599999999,1.4929614,0
6.8402235000000005,1.4929614,0
6.8501379,1.4929614,0
6.860526199999999,1.4929614,0
6.8700802,1.4929614,0
6.880197200000001,1.4929614,0
6.8901419,1.4929614,0
6.900114800000001,1.4929614,0
6.910070600000001,1.4929614,0
6.920063299999999,1.4929614,0
6.930361600000001,1.4929614,0
6.940126799999998,1.4929614,0
6.950136699999998,1.4929614,0
6.960250500000001,1.4929614,0
6.970098199999999,1.4929614,0
6.9802493000000005,1.4929614,0
6.990084899999999,1.4929614,0
7.000177300000001,1.4929614,0
7.010093999999999,1.4929614,0
7.0201347,1.4929614,0
7.0302538000000006,1.4929614,0
7.040115499999999,1.4929614,0
7.0504231,1.4955438528666896,0
7.0606393999999995,1.501379462557263,0
7.070423599999998,1.5083343278305095,0
7.0805221,1.5149900547953286,0
7.09037,1.5267274858521,0
7.1004039,1.5353118495333444,0
7.1105999,1.5493612557522112,0
7.1204082,1.5850266179664472,0
7.1305087,1.6143557160797326,0
7.1404107,1.6569952117262319,0
7.150369699999999,1.7002836151407825,0
7.1604077,1.767804805771517,0
7.170458400000001,1.859176425480568,0
7.1806391000000005,1.9528920134429375,0
7.1904428,2.061153192337736,0
7.2030341,2.107519106871547,0
7.210595699999999,2.1418041026803367,0
7.220379000000001,2.148358862885254,0
7.230616300000001,2.120001900858488,0
7.240463899999998,2.08447872060917,0
7.2504439000000005,2.0692112115510746,0
7.2603966,2.0622974425912486,0
7.2703703,2.06689739741822,0
7.2805076,2.0750364010710194,0
7.290361699999998,2.111237766335195,0
7.3005247,2.173873405814437,0
7.310443799999998,2.148358862885254,0
7.320513099999999,2.165711196148938,0
7.3305970999999985,2.302296355943591,0
7.340362200000001,2.219098676613419,0
7.350362499999999,2.2383143636655363,0
7.360443499999999,2.230864531272679,0
7.370397699999998,2.2782775487566065,0
7.3805955999999995,2.276701769963146,0
7.390419099999999,2.302296355943591,0
7.400322800000001,2.333773087765148,0
7.410406399999999,2.352550691985141,0
7.4203817,2.32203700877801,0
7.430536,2.3154040797992836,0
7.440564500000001,2.3439641891336183,0
7.450446599999999,2.323703548780055,0
7.460345199999999,2.2611161106752746,0
7.470348000000001,2.2626606869580486,0
7.480599099999999,2.229383483751337,0
7.490378400000001,2.258036210140177,0
7.500585900000001,2.2798564822613128,0
7.510380999999999,2.2688699764956883,0
7.5203545,2.281438576793002,0
7.5306263000000015,2.2398132908203805,0
7.540454099999998,2.258036210140177,0
7.550363699999998,2.2398132908203805,0
7.5604674,2.2611161106752746,0
7.570339499999999,2.2595746204579714,0
7.580577299999998,2.2958207221678215,0
7.5904463,2.2688699764956883,0
7.600389499999999,2.292602280453833,0
7.610486399999999,2.258036210140177,0
7.6204915,2.281438576793002,0
7.630599,2.3422571683451454,0
7.640550600000001,2.2611161106752746,0
7.6503771,2.2846122742635204,0
7.660405999999998,2.283023838680055,0
7.670355399999998,2.2990520634305645,0
7.6805348,2.3682244450292225,0
7.690421399999998,2.3088240025635414,0
7.700551699999998,2.3422571683451454,0
7.710434199999998,2.378831453134413,0
7.7203775000000014,2.4509682727857376,0
7.730533699999999,2.520675337760939,0
7.740448499999999,2.6222978610721217,0
7.750368699999999,2.6313957871427607,0
7.7603595,2.699578117674015,0
7.7703314,2.68753863424329,0
7.780681399999999,2.3823955022932037,0
7.790497800000001,2.6405667885335107,0
7.8004201,2.526880386318042,0
7.810403600000001,2.4548214470879213,0
7.8204204,2.3967951200816673,0
7.830491500000001,2.3405535581864845,0
7.841040199999998,2.198956026735793,0
7.8505365000000005,2.149677699007535,0
7.8604077,2.0520811114443793,0
7.870377300000001,1.9473657332778151,0
7.882834200000001,1.9013257835546165,0
7.890377000000001,1.7995334366254383,0
7.900365699999998,1.6189287424572167,0
7.910443300000001,1.5231943384365807,0
7.920526299999999,1.5029078961408358,0
7.930699199999999,1.50130899738882,0
7.9405015,1.5141904351886275,0
7.950384799999998,1.530223940237997,0
7.9603988,1.5482951766446202,0
7.9703897999999995,1.5499618663576804,0
7.980467399999998,1.5492418526835763,0
7.990420199999999,1.5521744816647933,0
8.0004037,1.5457685815746485,0
8.010418900000001,1.540627135194188,0
8.0203716,1.5386263326047738,0
8.0306228,1.5348570090308546,0
8.040402499999999,1.5513045427031742,0
8.050385599999998,1.547711149878884,0
8.060774200000001,1.553951326898981,0
8.070706099999999,1.562738693814577,0
8.0807237,1.563621645253594,0
8.0905254,1.5825775023673982,0
8.1006186,1.5907250180489612,0
8.1104239,1.5917413413767427,0
8.1205417,1.6009142802139484,0
8.130869699999998,1.6066214854028256,0
8.1403645,1.6151065004770515,0
8.1503884,1.630543281961619,0
8.160427299999998,1.6126213052589793,0
8.170330100000001,1.6184124607391994,0
8.1805862,1.6068557625727087,0
8.1905429,1.596335899443333,0
8.200381199999999,1.5925617493642017,0
8.210421799999999,1.5929744211550112,0
8.2203737,1.5915372628405513,0
8.230511499999999,1.6059214586706843,0
8.2405835,1.6118853873887882,0
8.2506968,1.6401593793964613,0
8.260594699999999,1.6634786346543462,0
8.2705485,1.6932407788890957,0
8.280594399999998,1.713759433160966,0
8.2906486,1.7423390551408067,0
8.300429600000001,1.7826541938503582,0
8.3104604,1.7850080301927498,0
8.320333300000001,1.8240065785987962,0
8.330490099999999,1.836264534809469,0
8.340447699999999,1.8711941288567788,0
8.3503528,1.836958557670608,0
8.360360799999999,1.859176425480568,0
8.370512399999999,1.860657691739988,0
8.3805039,1.8482537914124402,0
8.390353000000001,1.9062962561473,0
8.400392100000001,1.8980451174474753,0
8.410435,1.8765740180136363,0
8.4204869,1.9062962561473,0
8.430643199999999,1.902150059122535,0
8.4404204,1.9207075322912335,0
8.450384199999998,1.9501205839649967,0
8.4605575,1.9374048585200798,0
8.470521900000001,1.967957113947887,0
8.480563,1.9660475072516295,0
8.490457800000001,1.9737319792086092,0
8.500600899999998,1.9510425467884294,0
8.5103659,1.9501205839649967,0
8.520404599999999,1.936510143815982,0
8.5306572,1.93206331358583,0
8.540333,1.913864700409419,0
8.5504262,1.8851817846659908,0
8.560379600000001,1.899682169839313,0
8.570357099999999,1.912171031204416,0
8.580541700000001,1.89156199882325,0
8.5903499,1.9130170189725977,0
8.600427100000001,1.933836711271014,0
8.6103698,1.967957113947887,0
8.6204456,1.9805574940382926,0
8.630538900000001,1.986484474727289,0
8.6403559,1.9965222069552708,0
8.6504419,2.013006052509221,0
8.6634821,2.0532071993798406,0
8.6704896,2.0634439836352945,0
8.6805327,2.056599007826039,0
8.690311999999999,2.071534299475678,0
8.700396600000001,2.0856696686013985,0
8.7105776,2.0952834887663854,0
8.720687299999998,2.130169454796839,0
8.730536,2.1353145634291932,0
8.740419499999998,2.149677699007535,0
8.7503232,2.176615980931163,0
8.7603978,2.191897816338742,0
8.7704037,2.2003761584475994,0
8.780600499999998,2.230864531272679,0
8.790325,2.2413152188293877,0
8.800435700000001,2.2958207221678215,0
8.810458699999998,2.283023838680055,0
8.8206609,2.3137541221473232,0
8.8304917,2.3841828800797837,0
8.840353799999999,2.3577439603623875,0
8.8505435,2.443308008515233,0
8.860436199999999,2.575709749501147,0
8.8703355,2.68753863424329,0
8.880443499999998,2.8814061259510058,0
8.890369,3.113129162084253,0
8.9036023,3.1726409978231525,0
8.910476599999999,3.2695802609315208,0
8.9205823,3.3721030010580653,0
8.9303998,3.4489294059507394,0
8.9403827,3.5742527088499334,0
8.9503625,3.48053081354623,0
8.9605468,3.4489294059507394,0
8.970364799999999,3.524816649458305,0
8.9804994,3.532973819520039,0
8.9903245,3.570087569959503,0
9.000804899999999,3.624889585839443,0
9.0103918,3.6463496029502154,0
9.0205911,3.7120324069624946,0
9.0305557,3.8027315940808872,0
9.0403524,3.685522595067296,0
9.050366499999999,3.8259789530890673,0
9.060304599999998,3.8589182958239516,0
9.070351599999999,3.849459951939548,0
9.080548700000001,3.9261967104460784,0
9.090609999999998,3.9556120097847174,0
9.1007337,3.9213283869714335,0
9.1108455,3.8589182958239516,0
9.1203374,3.935962616077921,0
9.130635299999998,3.9261967104460784,0
9.140367999999999,3.7934975481085673,0
9.150386099999999,3.9605489691179665,0
9.1603971,3.9067817003495064,0
9.1705422,3.9853824191140568,0
9.1804503,4.025636108594009,0
9.1929986,3.990378978846497,0
9.2068762,4.015512225424479,0
9.221975399999998,3.9953855416981865,0
9.2227031,3.9408602372987573,0
9.237483300000001,3.8447449486106637,0
9.2404169,3.9164697904135815,0
9.250415199999999,3.8589182958239516,0
9.260343200000001,3.830656386869883,0
9.2704268,3.7797155501597306,0
9.280505300000002,3.863661674212862,0
9.290386900000001,3.887521390706823,0
9.3003352,3.950684914502795,0
9.310386999999999,4.015512225424479,0
9.3237287,3.9704525589693596,0
9.337554999999998,4.030713256266487,0
9.351298,4.129133705565583,0
9.351902500000001,4.11859665888607,0
9.360523999999998,4.11859665888607,0
9.370389499999998,4.076867436343846,0
9.380564,4.015512225424479,0
9.390678399999999,3.990378978846497,0
9.403637100000001,3.950684914502795,0
9.4104621,3.9067817003495064,0
9.420371,3.9605489691179665,0
9.430509699999998,3.8589182958239516,0
9.440336899999998,3.6291644384387713,0
9.4504041,3.892322032529845,0
9.460369199999999,3.8447449486106637,0
9.4703668,3.935962616077921,0
9.4804742,4.010465449431882,0
9.493156899999999,4.155661460330809,0
9.500376,4.1878469244146395,0
9.510449399999999,4.275587183093811,0
9.520382999999999,4.3950906511189265,0
9.530574699999999,4.48956995878066,0
9.5403923,4.550173371988041,0
9.5506326,4.562440182741756,0
9.5603434,4.681455071457933,0
9.570440999999999,4.726455309120502,0
9.580606799999998,4.745934821072582,0
9.590341299999999,4.818368030996101,0
9.600419299999999,4.798455220978574,0
9.610391499999999,4.765531561429901,0
9.620626099999999,4.8317097688067285,0
9.6306193,4.845104980444953,0
9.640482200000001,4.899224864653134,0
9.650459999999999,4.765531561429901,0
9.6604241,4.906050938180612,0
9.6703568,4.94729532080311,0
9.6803998,4.926611263103525,0
9.690379100000001,5.031283839314333,0
9.7035959,5.010097359277957,0
9.7103921,5.066878353658739,0
9.7206522,5.175822698741421,0
9.730875000000001,5.168457620876828,0
9.740424699999998,5.198006519845759,0
9.7503383,5.250289336893039,0
9.7603184,5.198006519845759,0
9.770388,5.395945471383927,0
9.7807098,5.357076684510473,0
9.7904381,4.968103855907675,0
9.803589599999999,5.388140587926246,0
9.8220885,5.435204896059818,0
9.8228495,5.3185946485283795,0
9.837776299999998,5.3185946485283795,0
9.8404648,5.2729213009106,0
9.8506499,5.341637676374042,0
9.860558399999999,5.395945471383927,0
9.870546699999998,5.372577572356361,0
9.8807467,5.44310400232517,0
9.8906892,5.44310400232517,0
9.900495199999998,5.547243047539965,0
9.910464000000001,5.547243047539965,0
9.920429299999999,5.563506124199345,0
9.930433399999998,5.571662089694587,0
9.940636900000001,5.514911402176358,0
9.9503931,5.704400565352053,0
9.9604462,5.679187476864623,0
9.970371700000001,5.654125213978834,0
9.9805961,5.780953888508232,0
9.9903364,5.89399222016673,0
10.0003575,5.498842316165114,0
10.010438699999998,5.704400565352053,0
10.0204311,5.956087363031768,0
10.0305416,5.956087363031768,0
10.040366500000001,6.185089067084062,1.0000000010279564e-06
10.053427,6.15700048270041,0.013075300000000567
10.060503,6.129079925238219,0.020156199999998847
10.0703396,6.092112154082174,0.030006700000001274
10.0804771,6.147675010315886,0.04006740000000164
10.0906631,6.232279516750141,0.05031530000000117
10.1004063,6.110559071938329,0.06003779999999992
10.1103767,6.376715611123658,0.06999330000000015
10.1204714,6.147675010315886,0.08006230000000158
10.130513,6.328087998305943,0.09012419999999821
10.1405834,6.337774657733094,0.10013469999999813
10.1508283,6.49542520288607,0.11018569999999883
10.160537300000001,6.5965495799240745,0.1201049999999988
10.1705681,6.773171422726079,0.13015000000000043
10.1806205,6.699716804887621,0.140146399999999
10.190593199999999,6.15700048270041,0.15016960000000168
10.200472999999999,6.555856970748401,0.16004729999999867
10.2107192,6.5965495799240745,0.1703255999999982
10.220616799999998,6.617018288369059,0.18008880000000005
10.2304976,6.425831939575096,0.19005260000000135
10.240293999999999,6.617018288369059,0.19992819999999867
10.250556,6.555856970748401,0.2102119999999985
10.2603559,6.6893069845681055,0.2200123000000005
10.2702937,6.376715611123658,0.22995459999999923
10.280517799999998,6.505446871620019,0.24008369999999957
10.290357700000001,6.586345887857524,0.24998919999999814
10.300361899999999,6.435714282503059,0.26000780000000034
10.3103752,6.505446871620019,0.2700028000000003
10.3203067,6.435714282503059,0.27993749999999906
10.330641499999999,6.606773699795757,0.29017550000000014
10.340371399999999,6.386499623096539,0.29998600000000053
10.350457200000001,6.4061264490717855,0.31006789999999995
10.3604834,6.376715611123658,0.3201104000000008
10.370410799999998,6.337774657733094,0.33007010000000037
10.3805035,6.15700048270041,0.3400463999999985
10.3903575,6.49542520288607,0.3500028999999998
10.400436299999999,6.308772702657734,0.3600266000000012
10.410356400000001,6.27994423832014,0.36997889999999956
10.4203345,6.308772702657734,0.3799834000000004
10.4306162,6.415969341581473,0.390138799999999
10.440590499999999,6.251288226892488,0.4001470000000005
10.4504415,6.5965495799240745,0.41010550000000023
10.4603268,6.337774657733094,0.4199888999999999
10.4704279,6.425831939575096,0.4300627999999982
10.4805456,6.289534513875581,0.440069900000001
10.490362999999999,6.376715611123658,0.4500095000000002
10.500343,6.318420692837231,0.4599897999999989
10.5103386,6.347480709865341,0.4699996999999989
10.520359599999999,6.545734582569215,0.47999799999999837
10.530558599999999,6.535632418935098,0.49013869999999926
10.540405100000001,6.435714282503059,0.5000411999999983
10.55038,6.318420692837231,0.5100046999999996
10.560356899999999,6.27994423832014,0.5200013000000006
10.5703891,6.27994423832014,0.5300155000000011
10.580502800000001,6.299143989175471,0.5401203000000017
10.5904345,6.289534513875581,0.5500731999999999
10.6003899,6.435714282503059,0.5600488000000006
10.610339499999998,6.27994423832014,0.5699605000000005
10.620341499999999,6.445616409894751,0.5799586999999988
10.6304828,6.337774657733094,0.5900697000000008
10.640568899999998,6.289534513875581,0.6001927000000009
10.650361499999999,6.299143989175471,0.6100168000000004
10.660364600000001,6.289534513875581,0.6200046000000015
10.670383300000001,6.308772702657734,0.6299914999999991
10.6805503,6.337774657733094,0.6400980999999994
10.690334100000001,6.337774657733094,0.6499699999999997
10.7003223,6.934080128015318,0.6599775000000001
10.710561299999998,6.465480176582687,0.6701779999999999
10.720345299999998,6.545734582569215,0.6799920999999998
10.7305889,6.565999623962232,0.6901402999999995
10.7403784,6.5965495799240745,0.7000229000000004
10.750423099999999,6.710147465681302,0.7100168999999994
10.7603145,6.752079349304772,0.7199679000000003
10.7704372,6.678917963083457,0.7300983999999993
10.7804924,6.658202150477414,0.7401012000000016
10.7903093,6.731071475665324,0.7499551000000011
10.8004851,6.658202150477414,0.7601103999999985
10.8103819,6.617018288369059,0.7700181999999991
10.8203511,6.710147465681302,0.7800055000000015
10.830490699999999,6.617018288369059,0.7900807999999984
10.8403575,6.710147465681302,0.7999854000000006
10.850568599999999,6.79434803340286,0.8101863999999992
10.860384100000001,6.858388484023861,0.8200368000000005
10.870414199999999,6.74156490855173,0.8299999000000007
10.880494500000001,6.934080128015318,0.8400579999999991
10.890327,6.783749139762662,0.8499857000000013
10.900451700000001,7.122375332081784,0.8600397000000015
10.914158700000002,6.762614839982228,0.873766100000001
10.927263700000001,6.79434803340286,0.8869064000000009
10.930530699999998,6.783749139762662,0.8900642999999988
10.9404258,6.783749139762662,0.9000315000000008
10.950438599999998,6.934080128015318,0.9100266999999995
10.960311399999998,6.74156490855173,0.9199294999999985
10.970426199999999,6.901511052181899,0.9300475999999982
10.9805056,6.79434803340286,0.9400548999999998
10.9903634,6.2228036367552635,0.9500078000000016
11.0005229,6.710147465681302,0.9601360999999997
11.0105416,6.752079349304772,0.9700525000000013
11.020386599999998,6.435714282503059,0.9800331
11.030486400000001,6.783749139762662,0.9900964999999999
11.040421599999998,6.901511052181899,1.0000639000000007
11.0506056,6.617018288369059,1.0000639000000007
11.0625121,6.923202049463866,1.0000639000000007
11.0777331,6.79434803340286,1.0000639000000007
11.080746000000001,6.647875276492737,1.0000639000000007
11.0905445,6.762614839982228,1.0000639000000007
11.1005103,6.762614839982228,1.0000639000000007
11.110494,6.6893069845681055,1.0000639000000007
11.120376499999999,6.804968146042268,1.0000639000000007
11.1306163,6.879906645592216,1.0000639000000007
11.1405526,6.955901662500982,1.0000639000000007
11.1504829,8.08651605131745,1.0000639000000007
11.160495999999998,6.658202150477414,1.0000639000000007
11.1705534,6.912345705327855,1.0000639000000007
11.1806762,6.934080128015318,1.0000639000000007
11.1905055,6.86913680573084,1.0000639000000007
11.200515,6.988798062988308,1.0000639000000007
11.210974199999999,6.934080128015318,1.0000639000000007
11.220448300000001,6.879906645592216,1.0000639000000007
11.2307323,6.923202049463866,1.0000639000000007
11.2406978,6.934080128015318,1.0000639000000007
11.250670199999998,6.9778106579298536,1.0000639000000007
11.2604973,6.9998074648463415,1.0000639000000007
11.270474499999999,6.9449799844945455,1.0000639000000007
11.280638100000001,6.9778106579298536,1.0000639000000007
11.2905828,7.111121039461668,1.0000639000000007
11.300549400000001,7.077492898532053,1.0000639000000007
11.310531600000001,6.783749139762662,1.0000639000000007
11.3205128,6.955901662500982,1.0000639000000007
11.3305684,6.934080128015318,1.0000639000000007
11.3404986,6.912345705327855,1.0000639000000007
11.3506727,6.901511052181899,1.0000639000000007
11.3605059,6.9449799844945455,1.0000639000000007
11.370522099999999,6.912345705327855,1.0000639000000007
11.3807255,6.879906645592216,1.0000639000000007
11.390456400000001,7.144951555755833,1.0000639000000007
11.4004737,6.699716804887621,1.0000639000000007
11.410526399999998,6.762614839982228,1.0000639000000007
11.4203787,6.565999623962232,1.0000639000000007
11.4306239,6.535632418935098,1.0000639000000007
11.440559799999999,6.647875276492737,1.0000639000000007
11.450440799999999,6.815609520161351,1.0000639000000007
11.460452199999999,6.5965495799240745,1.0000639000000007
11.4705114,6.555856970748401,1.0000639000000007
11.480795399999998,6.435714282503059,1.0000639000000007
11.4906064,6.565999623962232,1.0000639000000007
11.5006412,6.465480176582687,1.0000639000000007
11.5104617,6.425831939575096,1.0000639000000007
11.520580899999999,6.328087998305943,1.0000639000000007
11.5307232,6.213346689581242,1.0000639000000007
11.5416746,5.97398909207301,1.0000639000000007
11.550804499999998,5.547243047539965,1.0000639000000007
11.5607462,5.44310400232517,1.0000639000000007
11.5707998,5.153771582052348,1.0000639000000007
11.580768500000001,4.694248060664865,1.0000639000000007
11.5904965,4.264465492571399,1.0000639000000007
11.6011277,3.707591984051622,1.0000639000000007
11.610634300000001,3.360841800437161,1.0000639000000007
11.620512999999999,3.000344045569876,1.0000639000000007
11.6306467,2.569212601938261,1.0000639000000007
11.6405171,2.106284503672537,1.0000639000000007
11.650492199999999,1.78678580636911,1.0000639000000007
11.660545800000001,1.6491500320912642,1.0000639000000007
11.670473900000001,1.5220713302499476,1.0000639000000007
11.6803888,1.4929614,1.0000639000000007
11.690150200000001,1.4929614,1.0000639000000007
11.7002007,1.4929614,1.0000639000000007
11.710211300000001,1.4929614,1.0000639000000007
11.720180800000001,1.4929614,1.0000639000000007
11.7305518,1.4929614,1.0000639000000007
11.740118899999999,1.4929614,1.0000639000000007
11.750188699999999,1.4929614,1.0000639000000007
11.760254199999999,1.4929614,1.0000639000000007
11.77027,1.4929614,1.0000639000000007
11.780336899999998,1.4929614,1.0000639000000007
11.790237099999999,1.4929614,1.0000639000000007
11.800209299999999,1.4929614,1.0000639000000007
11.8102463,1.4929614,1.0000639000000007
11.820210499999998,1.4929614,1.0000639000000007
11.8303373,1.4929614,1.0000639000000007
11.840246399999998,1.4929614,1.0000639000000007
11.8503361,1.4929614,1.0000639000000007
11.8603922,1.4929614,1.0000639000000007
11.8703714,1.4929614,1.0000639000000007
11.8804178,1.4929614,1.0000639000000007
11.8903644,1.4929614,1.0000639000000007
11.900802599999999,1.4929614,1.0000639000000007
11.910248,1.4929614,1.0000639000000007
11.920156500000001,1.4929614,1.0000639000000007
11.930434299999998,1.4929614,1.0000639000000007
11.940319800000001,1.4929614,1.0000639000000007
11.950195399999998,1.4929614,1.0000639000000007
11.9601996,1.4929614,1.0000639000000007
11.9702485,1.4929614,1.0000639000000007
11.980462800000002,1.4929614,1.0000639000000007
11.990238900000001,1.4929614,1.0000639000000007
12.0003465,1.4929614,1.0000639000000007
12.0102956,1.4929614,1.0000639000000007
12.0202913,1.4929614,1.0000639000000007
12.0304896,1.4929614,1.0000639000000007
12.0403779,1.4929614,1.0000639000000007
12.050421400000001,1.4929614,1.0000639000000007
0.000263799999999037,1.4929614,0
0.010147799999998597,1.4929614,0
0.024859599999999205,1.4929614,0
0.030411900000004266,1.4929614,0
0.04019120000000953,1.4929614,0
0.05019640000000436,1.4929614,0
0.06023210000000745,1.4929614,0
0.07020570000000248,1.4929614,0
0.08019520000000568,1.4929614,0
0.09014349999999638,1.4929614,0
0.10012050000000272,1.4929614,0
0.11018190000000061,1.4929614,0
0.12018170000000339,1.4929614,0
0.1303837000000101,1.4929614,0
0.14022400000000346,1.4929614,0
0.1502059000000031,1.4929614,0
0.16014700000000914,1.4929614,0
0.17014380000000529,1.4929614,0
0.1802299000000005,1.4929614,0
0.1902848000000006,1.4929614,0
0.2001671000000016,1.4929614,0
0.2101126000000022,1.4929614,0
0.2200571999999994,1.4929614,0
0.23030110000000548,1.4929614,0
0.24018159999999966,1.4929614,0
0.25014910000000157,1.4929614,0
0.26021450000000357,1.4929614,0
0.27019070000000056,1.4929614,0
0.28016440000000387,1.4929614,0
0.2902243999999996,1.4929614,0
0.30013689999999826,1.4929614,0
0.3101991000000055,1.4929614,0
0.32025690000000395,1.4929614,0
0.3301830000000052,1.4929614,0
0.34021020000000135,1.4929614,0
0.35024219999999673,1.4929614,0
0.36016970000000015,1.4929614,0
0.3700857000000042,1.4929614,0
0.3801454999999976,1.4929614,0
0.39024080000000083,1.4929614,0
0.4002552000000037,1.4929614,0
0.4101856000000055,1.4929614,0
0.4200983000000065,1.4929614,0
0.43026749999999936,1.4929614,0
0.44017619999999624,1.4929614,0
0.45023659999999666,1.4929614,0
0.46014710000000036,1.4929614,0
0.47021689999999694,1.4929614,0
0.48029440000000534,1.4929614,0
0.4902251999999976,1.4929614,0
0.5001663999999977,1.4929614,0
0.5103129999999965,1.4929614,0
0.5201749000000007,1.4929614,0
0.5301174000000088,1.4929614,0
0.5402824000000095,1.4929614,0
0.5502291000000099,1.4929614,0
0.5601259999999968,1.4929614,0
0.5702015000000102,1.4929614,0
0.58022050000001,1.4929614,0
0.590298599999997,1.4929614,0
0.6002043000000015,1.4929614,0
0.6101217000000076,1.4929614,0
0.620137200000002,1.4929614,0
0.630324200000004,1.4929614,0
0.6401564000000093,1.4929614,0
0.6502105,1.4929614,0
0.660150900000005,1.4929614,0
0.6702271999999994,1.4929614,0
0.6801798999999988,1.4929614,0
0.6901861000000054,1.4929614,0
0.7000974000000042,1.4929614,0
0.710288300000002,1.4929614,0
0.72011040000001,1.4929614,0
0.730208300000001,1.4929614,0
0.7404575000000051,1.4929614,0
0.7503056999999984,1.4929614,0
0.7601979000000085,1.4929614,0
0.7701391000000086,1.4929614,0
0.7802501999999976,1.4929614,0
0.7902634000000006,1.4929614,0
0.8001500000000021,1.4929614,0
0.8100984000000011,1.4929614,0
0.820094300000008,1.4929614,0
0.8303609000000023,1.4929614,0
0.840659500000001,1.4929614,0
0.8500494999999972,1.4929614,0
0.8601509000000078,1.4929614,0
0.8702015000000074,1.4929614,0
0.8802207000000095,1.4929614,0
0.8901213000000041,1.4929614,0
0.9001091000000088,1.4929614,0
0.9103579000000082,1.4929614,0
0.9202383000000083,1.4929614,0
0.9302291000000054,1.4929614,0
0.9404210000000006,1.4929614,0
0.9504560000000026,1.4929614,0
0.9607555000000048,1.4929614,0
0.9703889999999973,1.4929614,0
0.9803769000000102,1.4929614,0
0.9903292999999991,1.4929614,0
1.000400600000006,1.4929614,0
1.0169429000000036,1.4929614,0
1.0201607999999993,1.4929614,0
1.0304056000000088,1.4929614,0
1.040211400000004,1.4929614,0
1.050113600000003,1.4929614,0
1.0601964000000095,1.4929614,0
1.070274800000007,1.4929614,0
1.0802072999999979,1.4929614,0
1.0902260000000012,1.4929614,0
1.100130500000006,1.4929614,0
1.1101776,1.4929614,0
1.1201037000000014,1.4929614,0
1.1302299999999974,1.4929614,0
1.1401254999999964,1.4929614,0
1.1502782999999965,1.4929614,0
1.1602069999999998,1.4929614,0
1.1702046999999993,1.4929614,0
1.1801922000000076,1.4929614,0
1.1903118999999975,1.4929614,0
1.2001307999999966,1.4929614,0
1.2101592000000068,1.4929614,0
1.2201219000000094,1.4929614,0
1.2303363000000047,1.4929614,0
1.2402045999999984,1.4929614,0
1.2501426000000038,1.4929614,0
1.260179800000003,1.4929614,0
1.2704013000000032,1.4929614,0
1.2803374000000076,1.4929614,0
1.2903352000000012,1.4929614,0
1.300399800000008,1.4929614,0
1.3102554999999967,1.4929614,0
1.3202177000000006,1.4929614,0
1.3302343000000008,1.4929614,0
1.3402738000000056,1.4929614,0
1.3502549000000101,1.4929614,0
1.3601608999999968,1.4929614,0
1.370261400000004,1.4929614,0
1.3802332000000064,1.4929614,0
1.3903389999999973,1.4929614,0
1.4001077000000066,1.4929614,0
1.4101550999999972,1.4929614,0
1.4201419000000044,1.4929614,0
1.4303100999999998,1.4929614,0
1.4402869000000038,1.4929614,0
1.4500772000000097,1.4929614,0
1.460168699999997,1.4929614,0
1.4701808000000085,1.4929614,0
1.4801772,1.4929614,0
1.4901700000000062,1.4929614,0
1.5001934000000006,1.4929614,0
1.5102171999999996,1.4929614,0
1.5201245000000085,1.4929614,0
1.5302915000000041,1.4929614,0
1.5400802999999996,1.4929614,0
1.5502571000000103,1.4929614,0
1.5601745999999963,1.4929614,0
1.5702471000000031,1.4929614,0
1.5802549,1.4929614,0
1.5902884000000057,1.4929614,0
1.6001336000000066,1.4929614,0
1.6101606000000004,1.4929614,0
1.6201267000000001,1.4929614,0
1.6303019000000063,1.4929614,0
1.6401680999999968,1.4929614,0
1.6501235000000065,1.4929614,0
1.660110000000003,1.4929614,0
1.6702125000000052,1.4929614,0
1.680224899999999,1.4929614,0
1.6901933000000042,1.4929614,0
1.7001910999999978,1.4929614,0
1.7102518000000089,1.4929614,0
1.7201665999999989,1.4929614,0
1.7301653000000101,1.4929614,0
1.7401334000000048,1.4929614,0
1.75026960000001,1.4929614,0
1.7601733000000053,1.4929614,0
1.7702031000000034,1.4929614,0
1.7801740000000024,1.4929614,0
1.7902255000000054,1.4929614,0
1.8002919000000048,1.4929614,0
1.81016240000001,1.4929614,0
1.820237700000007,1.4929614,0
1.8302984999999978,1.4929614,0
1.8402063999999996,1.4929614,0
1.8500958999999995,1.4929614,0
1.860157000000001,1.4929614,0
1.87022970000001,1.4929614,0
1.8802411000000063,1.4929614,0
1.8902168000000046,1.4929614,0
1.9001647999999989,1.4929614,0
1.9102086999999983,1.4929614,0
1.920184599999999,1.4929614,0
1.9303017000000011,1.4929614,0
1.9402426000000048,1.4929614,0
1.9503126999999978,1.4929614,0
1.9601142000000067,1.4929614,0
1.9702385000000078,1.4929614,0
1.980195100000003,1.4929614,0
1.9903012999999987,1.4929614,0
2.0001754000000034,1.4929614,0
2.01018950000001,1.4929614,0
2.0201014000000015,1.4929614,0
2.0303076000000004,1.4929614,0
2.040178499999996,1.4929614,0
2.0501621000000085,1.4929614,0
2.060149199999998,1.4929614,0
2.0701940000000008,1.4929614,0
2.0802605000000085,1.4929614,0
2.090158900000006,1.4929614,0
2.100201800000008,1.4929614,0
2.110284100000001,1.4929614,0
2.1201750999999973,1.4929614,0
2.1302842000000055,1.4929614,0
2.1401763000000074,1.4929614,0
2.1501961000000023,1.4929614,0
2.160172799999998,1.4929614,0
2.1704208000000023,1.4929614,0
2.1802722000000045,1.4929614,0
2.1902510000000035,1.4929614,0
2.2001795000000044,1.4929614,0
2.2102088000000037,1.4929614,0
2.220125100000004,1.4929614,0
2.230304200000006,1.4929614,0
2.240141500000007,1.4929614,0
2.250200200000009,1.4929614,0
2.260177900000002,1.4929614,0
2.270213499999997,1.4929614,0
2.2801792000000063,1.4929614,0
2.2901872000000054,1.4929614,0
2.300132000000005,1.4929614,0
2.3102386000000052,1.4929614,0
2.3202810000000085,1.4929614,0
2.330251700000005,1.4929614,0
2.340294600000007,1.4929614,0
2.350234400000005,1.4929614,0
2.360181600000004,1.4929614,0
2.3701350000000048,1.4929614,0
2.3802807,1.4929614,0
2.390284500000007,1.4929614,0
2.400086299999998,1.4929614,0
2.4102900999999974,1.4929614,0
2.420214900000005,1.4929614,0
2.4303251000000046,1.4929614,0
2.440247900000003,1.4929614,0
2.4504677999999984,1.4929614,0
2.460176099999998,1.4929614,0
2.4703248,1.4929614,0
2.4801815000000005,1.4929614,0
2.4902165000000025,1.4929614,0
2.500176500000009,1.4929614,0
2.510224800000003,1.4929614,0
2.5203050000000076,1.4929614,0
2.5302295999999984,1.4929614,0
2.540119400000009,1.4929614,0
2.5502927,1.4929614,0
2.5601522000000045,1.4929614,0
2.570121400000005,1.4929614,0
2.5801771000000002,1.4929614,0
2.5903372000000076,1.4929614,0
2.600205299999999,1.4929614,0
2.6102751000000097,1.4929614,0
2.6202855000000085,1.4929614,0
2.6304323000000096,1.4929614,0
2.648786000000001,1.4929614,0
2.650245300000009,1.4929614,0
2.6604956999999985,1.4929614,0
2.670391699999996,1.4929614,0
2.6802655000000044,1.4929614,0
2.690488700000003,1.4929614,0
2.700291000000007,1.4929614,0
2.7104336000000018,1.4929614,0
2.7201816000000036,1.4929614,0
2.730117000000007,1.4929614,0
2.740253100000004,1.4929614,0
2.75027750000001,1.4929614,0
2.760200400000002,1.4929614,0
2.7701054999999997,1.4929614,0
2.780187699999999,1.4929614,0
2.790316599999997,1.4929614,0
2.800274700000003,1.4929614,0
2.8101249999999993,1.4929614,0
2.8201374000000072,1.4929614,0
2.8302249999999987,1.4929614,0
2.840182800000008,1.4929614,0
2.85019530000001,1.4929614,0
2.8601421000000045,1.4929614,0
2.8701949000000013,1.4929614,0
2.8802334000000087,1.4929614,0
2.8902063000000027,1.4929614,0
2.900183900000002,1.4929614,0
2.910306200000008,1.4929614,0
2.920211199999997,1.4929614,0
2.930321399999997,1.4929614,0
2.9403390000000087,1.4929614,0
2.9506441999999993,1.4929614,0
2.960298899999998,1.4929614,0
2.9703585000000032,1.4929614,0
2.9802595999999966,1.4929614,0
2.990577299999998,1.4929614,0
3.0004016000000036,1.4929614,0
3.010154600000007,1.4929614,0
3.0201078999999993,1.4929614,0
3.0303686000000027,1.4929614,0
3.040187700000004,1.4929614,0
3.0501476000000025,1.4929614,0
3.060177600000003,1.4929614,0
3.07018930000001,1.4929614,0
3.08018220000001,1.4929614,0
3.090148400000004,1.4929614,0
3.100123400000001,1.4929614,0
3.1101989000000003,1.4929614,0
3.1201129000000094,1.4929614,0
3.1302167000000054,1.4929614,0
3.140185299999999,1.4929614,0
3.1503497000000067,1.4929614,0
3.160226399999999,1.4929614,0
3.1700864999999965,1.4929614,0
3.180198500000003,1.4929614,0
3.1903044000000023,1.4929614,0
3.2002180000000067,1.4929614,0
3.2102602000000076,1.4929614,0
3.2202507000000082,1.4929614,0
3.230286399999997,1.4929614,0
3.240127700000002,1.4929614,0
3.2501543000000055,1.4929614,0
3.2605144999999993,1.4929614,0
3.2701840000000004,1.4929614,0
3.2803817000000066,1.4929614,0
3.2901937999999973,1.4929614,0
3.300171800000001,1.4929614,0
3.3102532999999994,1.4929614,0
3.3205073000000027,1.4929614,0
3.3301873000000057,1.4929614,0
3.3402296000000007,1.4929614,0
3.35059720000001,1.4929614,0
3.3605488000000037,1.4929614,0
3.370175400000008,1.4929614,0
3.3801753000000048,1.4929614,0
3.3902535,1.4929614,0
3.400191399999997,1.4929614,0
3.4101586999999967,1.4929614,0
3.420211199999997,1.4929614,0
3.430274600000004,1.4929614,0
3.4401325000000043,1.4929614,0
3.4506212000000005,1.4929614,0
3.4601604000000066,1.4929614,0
3.4702120999999977,1.4929614,0
3.480218000000008,1.4929614,0
3.490158700000009,1.4929614,0
3.50014010000001,1.4929614,0
3.5102516999999978,1.4929614,0
3.5202605000000062,1.4929614,0
3.5301613999999972,1.4929614,0
3.5402136000000013,1.4929614,0
3.5503120999999993,1.4929614,0
3.560146000000003,1.4929614,0
3.570063900000008,1.4929614,0
3.5803113000000053,1.4929614,0
3.590262899999999,1.4929614,0
3.6003476000000063,1.4929614,0
3.6101845999999966,1.4929614,0
3.6201346,1.4929614,0
3.6302570000000003,1.4929614,0
3.6401260000000093,1.4929614,0
3.650233700000001,1.4929614,0
3.660236800000007,1.4929614,0
3.6702841999999976,1.4929614,0
3.6803064000000063,1.4929614,0
3.690186600000004,1.4929614,0
3.7002091000000092,1.4929614,0
3.7102311000000014,1.4929614,0
3.7201789000000076,1.4929614,0
3.730267699999999,1.4929614,0
3.740274999999997,1.4929614,0
3.750259800000009,1.4929614,0
3.76021200000001,1.4929614,0
3.770124199999998,1.4929614,0
3.7801819000000023,1.4929614,0
3.7902221000000083,1.4929614,0
3.800220600000003,1.4929614,0
3.810183600000002,1.4929614,0
3.820161200000001,1.4929614,0
3.8303597999999965,1.4929614,0
3.840202599999998,1.4929614,0
3.8502387000000056,1.4929614,0
3.860164900000001,1.4929614,0
3.8702207999999985,1.4929614,0
3.880289300000001,1.4929614,0
3.8902525999999966,1.4929614,0
3.9001779000000028,1.4929614,0
3.9101897000000037,1.4929614,0
3.9201196000000067,1.4929614,0
3.9301956000000047,1.4929614,0
3.9401698000000067,1.4929614,0
3.950216300000008,1.4929614,0
3.96014670000001,1.4929614,0
3.970063400000001,1.4929614,0
3.980172699999997,1.4929614,0
3.990240700000001,1.4929614,0
4.0001100000000065,1.4929614,0
4.010221400000006,1.4929614,0
4.020146699999998,1.4929614,0
4.030355400000005,1.4929614,0
4.040168899999998,1.4929614,0
4.050129699999999,1.4929614,0
4.06020070000001,1.4929614,0
4.07025800000001,1.4929614,0
4.0801826000000005,1.4929614,0
4.090137800000008,1.4929614,0
4.1001251,1.4929614,0
4.110224400000007,1.4929614,0
4.1201054,1.4929614,0
4.130349800000005,1.4929614,0
4.1401407000000034,1.4929614,0
4.150166600000006,1.4929614,0
4.160125000000008,1.4929614,0
4.1700408000000095,1.4929614,0
4.180235300000007,1.4929614,0
4.190347299999999,1.4929614,0
4.200144899999998,1.4929614,0
4.210286400000001,1.4929614,0
4.220331999999999,1.4929614,0
4.230390499999999,1.4929614,0
4.240194200000005,1.4929614,0
4.250064000000009,1.4929614,0
4.260169700000006,1.4929614,0
4.270196600000006,1.4929614,0
4.280207700000005,1.4929614,0
4.290151399999999,1.4929614,0
4.300083100000009,1.4929614,0
4.310217600000001,1.4929614,0
4.320125200000007,1.4929614,0
4.330212099999997,1.4929614,0
4.340416200000007,1.4929614,0
4.350482999999997,1.4929614,0
4.360425500000005,1.4929614,0
4.370209700000004,1.4929614,0
4.38030040000001,1.4929614,0
4.39037110000001,1.4929614,0
4.40030800000001,1.4929614,0
4.4101754,1.4929614,0
4.42012050000001,1.4929614,0
4.4303855,1.4929614,0
4.440168999999997,1.4929614,0
4.450084400000009,1.4929614,0
4.460146300000005,1.4929614,0
4.470157999999998,1.4929614,0
4.480300299999996,1.4929614,0
4.490169300000005,1.4929614,0
4.500212599999998,1.4929614,0
4.510243200000005,1.4929614,0
4.5201985000000064,1.4929614,0
4.530342500000003,1.4929614,0
4.540354000000008,1.4929614,0
4.550195600000009,1.4929614,0
4.560191400000008,1.4929614,0
4.570064700000003,1.4929614,0
4.580228300000002,1.4929614,0
4.590324600000002,1.4929614,0
4.600270000000009,1.4929614,0
4.610180700000001,1.4929614,0
4.620133899999999,1.4929614,0
4.630358000000001,1.4929614,0
4.640112700000003,1.4929614,0
4.650148700000003,1.4929614,0
4.660202600000005,1.4929614,0
4.670279300000004,1.4929614,0
4.680188799999996,1.4929614,0
4.690155500000003,1.4929614,0
4.700122300000004,1.4929614,0
4.71034920000001,1.4929614,0
4.720122900000007,1.4929614,0
4.730267699999999,1.4929614,0
4.740176000000005,1.4929614,0
4.750280799999999,1.4929614,0
4.760226400000008,1.4929614,0
4.7700537999999995,1.4929614,0
4.780182300000007,1.4929614,0
4.7902749,1.4929614,0
4.800120399999997,1.4929614,0
4.810267800000005,1.4929614,0
4.8201065000000085,1.4929614,0
4.830446500000008,1.4929614,0
4.840303399999996,1.4929614,0
4.850137700000005,1.4929614,0
4.860155000000006,1.4929614,0
4.870187900000005,1.4929614,0
4.880240999999998,1.4929614,0
4.8901737999999995,1.4929614,0
4.900265200000007,1.4929614,0
4.910350500000007,1.4929614,0
4.920326099999997,1.4929614,0
4.930375100000006,1.4929614,0
4.9403792000000095,1.4929614,0
4.950495099999998,1.4929614,0
4.960271800000001,1.4929614,0
4.970272500000007,1.4929614,0
4.980265700000004,1.4929614,0
4.990273700000003,1.4929614,0
5.000111900000007,1.4929614,0
5.010209200000006,1.4929614,0
5.0201351000000045,1.4929614,0
5.030368100000004,1.4929614,0
5.040211800000009,1.4929614,0
5.050104500000003,1.4929614,0
5.060265700000002,1.4929614,0
5.070324600000006,1.4929614,0
5.080248400000002,1.4929614,0
5.090178199999997,1.4929614,0
5.100123300000007,1.4929614,0
5.110264100000009,1.4929614,0
5.120355900000007,1.4929614,0
5.1301229999999975,1.4929614,0
5.140134099999997,1.4929614,0
5.150346400000004,1.4929614,0
5.1602204,1.4929614,0
5.170174900000006,1.4929614,0
5.180239,1.4929614,0
5.1903396000000015,1.4929614,0
5.2001221000000015,1.4929614,0
5.210179600000004,1.4929614,0
5.220122900000007,1.4929614,0
5.230271299999998,1.4929614,0
5.240264800000006,1.4929614,0
5.250174999999999,1.4929614,0
5.260146700000007,1.4929614,0
5.270228700000004,1.4929614,0
5.280228199999996,1.4929614,0
5.290156400000001,1.4929614,0
5.300075300000003,1.4929614,0
5.310248200000004,1.4929614,0
5.320101000000008,1.4929614,0
5.330241999999998,1.4929614,0
5.340285800000004,1.4929614,0
5.350180800000004,1.4929614,0
5.360141800000008,1.4929614,0
5.370100399999998,1.4929614,0
5.3802156,1.4929614,0
5.390287299999997,1.4929614,0
5.400139899999999,1.4929614,0
5.410268600000009,1.4929614,0
5.4201175999999975,1.4929614,0
5.4303356000000065,1.4929614,0
5.440115399999996,1.4929614,0
5.450115800000006,1.4929614,0
5.460214100000002,1.4929614,0
5.470183300000002,1.4929614,0
5.480202900000009,1.4929614,0
5.490163800000005,1.4929614,0
5.500056100000009,1.4929614,0
5.5102442000000025,1.4929614,0
5.520213900000002,1.4929614,0
5.530263300000001,1.4929614,0
5.540132499999999,1.4929614,0
5.550217200000006,1.4929614,0
5.560110800000004,1.4929614,0
5.570156800000007,1.4929614,0
5.5801807,1.4929614,0
5.590292700000006,1.4929614,0
5.6001745000000085,1.4929614,0
5.6106482,1.4929614,0
5.620145100000002,1.4929614,0
5.630305300000003,1.4929614,0
5.640567400000009,1.4929614,0
5.6501043000000095,1.4929614,0
5.660173700000001,1.4929614,0
5.670515500000008,1.4929614,0
5.680182000000002,1.4929614,0
5.690130400000001,1.4929614,0
5.700189199999997,1.4929614,0
5.710227900000007,1.4929614,0
5.720141699999999,1.4929614,0
5.730173100000002,1.4929614,0
5.740096800000003,1.4929614,0
5.750267199999996,1.4929614,0
5.760178500000009,1.4929614,0
5.770060999999998,1.4929614,0
5.780180799999997,1.4929614,0
5.790263699999997,1.4929614,0
5.800128700000002,1.4929614,0
5.810248600000008,1.4929614,0
5.8201976,1.4929614,0
5.830570899999998,1.4929614,0
5.840122500000007,1.4929614,0
5.850133999999997,1.4929614,0
5.860347400000009,1.4929614,0
5.870187299999998,1.4929614,0
5.880308499999998,1.4929614,0
5.890244600000003,1.4929614,0
5.900218600000002,1.4929614,0
5.910272700000007,1.4929614,0
5.920284300000006,1.4929614,0
5.930245400000004,1.4929614,0
5.940139799999997,1.4929614,0
5.9502028,1.4929614,0
5.960125500000004,1.4929614,0
5.97012740000001,1.4929614,0
5.9802538,1.4929614,0
5.990248800000003,1.4929614,0
6.000275200000004,1.4929614,0
6.010224300000004,1.4929614,0
6.020151499999997,1.4929614,0
6.030250899999999,1.4929614,0
6.040151199999997,1.4929614,0
6.050145900000004,1.4929614,0
6.060234300000005,1.4929614,0
6.0702797,1.4929614,0
6.0804370999999975,1.4929614,0
6.096215000000001,1.4929614,0
6.105296500000009,1.4929614,0
6.11038640000001,1.4929614,0
6.120269700000009,1.4929614,0
6.130285000000001,1.4929614,0
6.140448300000003,1.4929614,0
6.1502511000000055,1.4929614,0
6.160181100000003,1.4929614,0
6.17013,1.4929614,0
6.180167699999998,1.4929614,0
6.190216700000008,1.4929614,0
6.200104300000007,1.4929614,0
6.210219300000006,1.4929614,0
6.220107200000001,1.4929614,0
6.230298900000008,1.4929614,0
6.240152300000005,1.4929614,0
6.250103699999997,1.4929614,0
6.260375199999999,1.4929614,0
6.270258400000003,1.4929614,0
6.280300800000006,1.4929614,0
6.2905152000000015,1.4929614,0
6.300173400000006,1.4929614,0
6.3103511999999995,1.4929614,0
6.320110499999998,1.4929614,0
6.330192699999998,1.4929614,0
6.340332599999996,1.4929614,0
6.350254800000002,1.4929614,0
6.360202400000006,1.4929614,0
6.3700601999999975,1.4929614,0
6.380189799999997,1.4929614,0
6.390316499999997,1.4929614,0
6.400083000000009,1.4929614,0
6.410240200000004,1.4929614,0
6.420116000000007,1.4929614,0
6.430250200000003,1.4929614,0
6.440125800000004,1.4929614,0
6.4501716000000044,1.4929614,0
6.460159300000001,1.4929614,0
6.470248699999999,1.4929614,0
6.480271700000003,1.4929614,0
6.4901973000000055,1.4929614,0
6.500448200000008,1.4929614,0
6.510457600000009,1.4929614,0
6.520336999999998,1.4929614,0
6.530359599999997,1.4929614,0
6.540311900000006,1.4929614,0
6.550480899999997,1.4929614,0
6.5601336,1.4929614,0
6.570225300000004,1.4929614,0
6.580196900000004,1.4929614,0
6.590322400000005,1.4929614,0
6.600384700000006,1.4929614,0
6.610180200000002,1.4929614,0
6.620095399999997,1.4929614,0
6.630278700000005,1.4929614,0
6.6401129999999995,1.4929614,0
6.6501205,1.4929614,0
6.66019,1.4929614,0
6.670250899999999,1.4929614,0
6.680141599999999,1.4929614,0
6.690130800000006,1.4929614,0
6.700113600000009,1.4929614,0
6.710266400000009,1.4929614,0
6.7201742999999965,1.4929614,0
6.730323100000007,1.4929614,0
6.740168400000002,1.4929614,0
6.750199600000002,1.4929614,0
6.7601331999999985,1.4929614,0
6.77013310000001,1.4929614,0
6.780260200000001,1.4929614,0
6.79025080000001,1.4929614,0
6.800113199999998,1.4929614,0
6.810336000000007,1.4929614,0
6.820245999999997,1.4929614,0
6.830301800000001,1.4929614,0
6.840231099999997,1.4929614,0
6.850101699999996,1.4929614,0
6.860131300000006,1.4929614,0
6.870224800000003,1.4929614,0
6.880254700000009,1.4929614,0
6.890193800000006,1.4929614,0
6.9002650000000045,1.4929614,0
6.91020180000001,1.4929614,0
6.920076300000005,1.4929614,0
6.930194400000005,1.4929614,0
6.9403488000000095,1.4929614,0
6.950376500000004,1.4929614,0
6.960320699999997,1.4929614,0
6.970074100000005,1.4929614,0
6.9802040000000005,1.4929614,0
6.990250500000002,1.4929614,0
7.00025500000001,1.4929614,0
7.010207000000008,1.4929614,0
7.020086700000007,1.4929614,0
7.030201300000002,1.4929614,0
7.040155600000006,1.4929614,0
7.0501833000000005,1.4929614,0
7.0602123999999975,1.4929614,0
7.070207500000009,1.4929614,0
7.080212400000008,1.4929614,0
7.090214000000003,1.4929614,0
7.1002155999999985,1.4929614,0
7.110282699999999,1.4929614,0
7.120513799999998,1.5221363378964248,0
7.130443400000004,1.5577940661087049,0
7.140446300000008,1.6143557160797326,0
7.150545899999997,1.6836969067859766,0
7.160409900000005,1.7036816648896072,0
7.170305400000004,1.74082716102798,0
7.180507399999996,1.7768513320191017,0
7.190940499999996,1.766694209222324,0
7.200347000000008,1.7418340821718181,0
7.210944600000005,1.751603419148309,0
7.220511600000009,1.7585048377119603,0
7.230384000000001,1.807061818326003,0
7.240468300000003,1.8599163179773952,0
7.25046660000001,1.9845009066093722,0
7.260385499999998,2.21473478930731,0
7.2730155,2.3986113259222694,0
7.280443599999998,2.588821580137389,0
7.290509999999998,2.6451798757112184,0
7.3005032000000085,2.3699834523402563,0
7.3109012000000035,2.0821039584174654,0
7.320477199999999,1.7940045440783965,0
7.333658299999996,1.6580026021456786,0
7.340618399999997,1.6362952864156888,0
7.3503738,1.5961226409740015,0
7.360412600000004,1.602936078857321,0
7.37038050000001,1.6441252562513367,0
7.380489900000001,1.7088817765843292,0
7.390463100000005,1.8843914117330494,0
7.400517000000008,2.147042661799303,0
7.414623800000001,2.4206914999950966,0
7.420410099999998,2.6521341970666,0
7.4306351000000035,2.875850021065112,0
7.440481599999998,3.074628320318088,0
7.453631799999997,3.119636284300863,0
7.460445500000006,3.0873594033135787,0
7.470869399999998,3.0778015491297945,0
7.48046140000001,3.0778015491297945,0
7.490506300000007,3.0873594033135787,0
7.500438099999997,3.1492425948471263,0
7.5104722000000095,3.1793866441128307,0
7.520415800000009,3.2308483088401645,0
7.530488500000004,3.387223426124615,0
7.540453600000006,3.9164697904135815,0
7.550410499999998,3.8589182958239516,0
7.5603934000000095,4.225888047884412,0
7.572949500000007,4.264465492571399,0
7.580561200000005,4.4955759026401,0
7.590502299999997,4.389285476925941,0
7.600379900000007,4.550173371988041,0
7.610445300000009,4.707092324309132,0
7.620536000000001,4.739428659760467,0
7.630885200000009,4.872056683357902,0
7.640618500000002,5.017145399687578,0
7.653596899999997,4.954217631447924,0
7.668058799999997,5.198006519845759,0
7.683000899999996,5.205430754645505,0
7.683577,5.357076684510473,0
7.690558600000003,6.988798062988308,8.000000093488779e-07
7.704050300000006,5.357076684510473,0
7.7216616999999985,5.411602145742623,0
7.722307700000002,5.3185946485283795,0
7.730469100000008,5.435204896059818,0
7.740429900000009,5.326260300922612,0
7.750338900000003,5.310944312117843,0
7.760380699999999,5.326260300922612,0
7.770403299999998,5.212869852773224,0
7.780609900000002,5.2729213009106,0
7.7908094000000006,5.704400565352053,0
7.800690200000005,5.333941299963164,0
7.810654100000008,5.333941299963164,0
7.820571400000006,5.357076684510473,0
7.831149400000001,5.3185946485283795,0
7.840832300000002,5.2729213009106,0
7.850739400000009,5.295689464903592,0
7.860450299999997,5.2729213009106,0
7.870383400000009,5.161107258447625,0
7.880526200000006,5.333941299963164,0
7.890539500000003,5.341637676374042,0
7.900395900000007,5.235276624986227,0
7.910436700000005,5.212869852773224,0
7.920484200000004,5.131852375935964,0
7.930543,5.146450562348289,0
7.940427100000008,6.270373124148044,5.999999928008037e-07
7.953291500000006,4.94729532080311,0
7.9661219000000045,4.858553880234452,0
7.970334500000007,4.745934821072582,0
7.980510100000004,4.77208998078598,0
7.990901199999996,4.739428659760467,0
8.0003375,4.643381707662481,0
8.010447999999997,4.447863009215968,0
8.020528900000002,4.281164733150875,0
8.03039600000001,3.9556120097847174,0
8.043145500000008,3.7209399397792713,0
8.050384300000005,3.504565905439734,0
8.060368699999998,3.2100781990336418,0
8.070566400000004,2.909522474752665,0
8.084057900000005,2.6614717711390807,0
8.090480200000002,2.5499534276667126,0
8.100430099999997,2.418831177937271,0
8.110453000000007,2.4004311678093875,0
8.120658000000006,2.3491057836271256,0
8.130536700000007,2.3304031398032743,0
8.14055350000001,2.292602280453833,0
8.150401299999999,2.3187139113685125,0
8.16047540000001,2.3967951200816673,0
8.170506500000002,2.3405535581864845,0
8.180492600000008,2.4004311678093875,0
8.190463199999996,2.3320864288107916,0
8.200394000000003,2.2673129940441425,0
8.210420200000002,2.216186510122834,0
8.220392000000004,2.1697800577039192,0
8.230386199999998,2.1001483903366833,0
8.2409653,2.0036690288750396,0
8.2505412,2.00059384946555,0
8.260401600000009,1.988475993007401,0
8.272471199999998,1.9215706101459782,0
8.280478099999996,1.9259119869533952,0
8.290446400000008,1.9329491257298745,0
8.300539999999998,1.9104841231449277,0
8.3105731,1.848971816781292,0
8.320682099999999,1.8307620396002546,0
8.330571200000009,1.8154240637248136,0
8.340386199999998,1.8200176809084105,0
8.35120640000001,1.795224600741294,0
8.360393799999997,1.836958557670608,0
8.370386600000003,1.8475372006592325,0
8.3806103,1.8899573622406374,0
8.390429800000007,1.924170224852133,0
8.400370100000004,1.8418557780328608,0
8.410473800000005,1.8141233705904403,0
8.420449700000006,1.7689198536035367,0
8.430483600000002,1.7173748301392278,0
8.441138300000006,1.6848649889689973,0
8.450321900000006,1.6809984831306692,0
8.460504600000007,1.682535812112563,0
8.470418899999999,1.6645250425467277,0
8.480544100000003,1.6590160550769892,0
8.490408900000006,1.655329601539963,0
8.500453399999998,1.6634786346543462,0
8.510399000000007,1.6840854890522874,0
8.52044020000001,1.701128037319808,0
8.530486400000001,1.7045397064883079,0
8.540534100000002,1.7071345207138244,0
8.550359700000001,1.6876179243981013,0
8.56040010000001,1.7062661205890854,0
8.570409600000005,1.716012272917726,0
8.580604600000001,1.7219761869324066,0
8.5905372,1.613361651909446,0
8.600296200000003,1.7304941327687473,0
8.610414200000008,1.7219761869324066,0
8.620428500000003,1.716012272917726,0
8.630582099999998,1.717830835653018,0
8.640500900000006,1.7334022763256747,0
8.650570799999997,1.7398242595240772,0
8.660431799999998,1.7585048377119603,0
8.67038620000001,1.7622959815248043,0
8.6804707,1.7903735192704961,0
8.690365700000001,2.213285969031911,0
8.704741600000006,1.8789028416060285,0
8.718674399999998,2.0046981957566152,0
8.7336174,2.1418041026803367,0
8.734266300000002,2.222022515098392,0
8.740609599999999,2.2782775487566065,0
8.750475500000007,2.385973836199078,0
8.76091670000001,2.3770547675060008,0
8.770402700000005,2.347388489926004,0
8.780477900000008,2.4132724836286465,0
8.7904092,2.4244233246686595,0
8.800647800000007,2.4684295820262423,0
8.810513200000003,2.526880386318042,0
8.820459600000007,2.520675337760939,0
8.830841200000009,2.6451798757112184,0
8.840454000000008,2.702000495479709,0
8.850332899999998,2.751479498331471,0
8.8603794,2.7667132721495102,0
8.870402600000006,2.7951211045195397,0
8.880616500000002,2.6971605797824045,0
8.89107030000001,2.7667132721495102,0
8.900422200000008,2.7540057827704776,0
8.910588400000009,2.792512671612885,0
8.920590500000003,2.756537124834303,0
8.930474099999998,2.7667132721495102,0
8.9404538,2.764161598129788,0
8.951057800000001,2.8648042628401384,0
8.960458799999998,2.829509768664681,0
8.9704093,2.805607161658674,0
8.9806143,2.862056602890294,0
8.990377500000008,2.848400431519484,0
9.000459200000009,2.8897820653972475,0
9.010880499999999,2.8897820653972475,0
9.020345599999999,2.9180676193997024,0
9.030519100000006,3.003368557164441,0
9.043605900000003,3.0873594033135787,0
9.05035310000001,3.216973894025502,0
9.0604151,3.301910000385119,0
9.070486500000001,3.312816547308579,0
9.080531500000006,3.383431971990317,0
9.090347600000001,3.48053081354623,0
9.100453600000009,3.4333173023818726,0
9.110375700000006,3.4062948586199986,0
9.1205875,3.413976992078553,0
9.130490600000002,3.445014663186515,0
9.1403957,3.6163654870591087,0
9.1504884,3.734368223985737,0
9.160383600000003,3.9213283869714335,0
9.170464199999998,3.892322032529845,0
9.180579800000004,3.8684145488516366,0
9.190368000000007,4.015512225424479,0
9.203333100000009,4.129133705565583,0
9.210484800000003,4.264465492571399,0
9.22063940000001,4.785246235677236,0
9.230448500000008,4.858553880234452,0
9.240454800000009,5.081216123496028,0
9.253475100000003,5.310944312117843,0
9.261010200000001,5.2729213009106,0
9.270449200000002,5.3185946485283795,0
9.280477000000005,5.419453999270351,0
9.290363900000003,5.198006519845759,0
9.300513199999997,5.44310400232517,0
9.310510700000009,5.458949688579403,0
9.320833300000004,5.5880230381356535,0
9.330643100000003,5.867644987585125,0
9.340427300000002,5.885192238641251,0
9.350451300000003,6.073738876518667,7.000000010748408e-07
9.364163300000001,6.366951147619736,0.013716399999992746
9.370363499999996,6.465480176582687,0.01994460000000231
9.380486900000008,6.485423557459608,0.03005910000000256
9.390345199999999,6.505446871620019,0.03992920000000311
9.400479000000004,6.576162582781321,0.050027599999992844
9.410363200000006,6.606773699795757,0.059912999999994554
9.420355400000005,6.647875276492737,0.06991730000000018
9.430506199999996,6.710147465681302,0.08002899999999613
9.440417300000007,7.066328281073982,0.08996399999999483
9.453232900000003,6.565999623962232,0.10277990000000159
9.46621780000001,6.658202150477414,0.11579799999999807
9.4708361,6.923202049463866,0.12044190000000299
9.480431600000003,6.617018288369059,0.12998799999999733
9.490335299999998,7.088679867569163,0.13990439999999182
9.502730400000004,6.783749139762662,0.15229100000000528
9.516259900000009,6.658202150477414,0.16584199999999782
9.520410100000007,6.606773699795757,0.16995550000000037
9.530480300000008,6.762614839982228,0.1800278999999989
9.540452299999998,6.731071475665324,0.18996020000000158
9.550612600000008,6.74156490855173,0.2001197000000019
9.560614200000003,6.923202049463866,0.21006020000000092
9.570582299999998,6.647875276492737,0.22003940000000455
9.580697400000005,6.668549698877585,0.23016049999999666
9.5906303,7.111121039461668,0.24010859999999923
9.605489500000004,6.5965495799240745,0.255027400000003
9.621227099999999,6.545734582569215,0.27075609999999983
9.621952899999997,6.586345887857524,0.27153040000000317
9.630883100000005,6.545734582569215,0.28013470000000495
9.640681700000002,6.586345887857524,0.2901667999999944
9.650497299999998,6.545734582569215,0.2999760000000009
9.660448799999998,6.525550439437387,0.30998990000000504
9.670446900000002,6.576162582781321,0.32002049999999826
9.6803977,6.376715611123658,0.3299611999999996
9.69042060000001,6.386499623096539,0.3399655999999993
9.700423299999997,6.270373124148044,0.3499687999999992
9.71035830000001,6.110559071938329,0.3599272999999954
9.720342099999996,5.982966845017518,0
9.73296830000001,6.185089067084062,5.999999928008037e-07
9.7471939,5.956087363031768,0
9.760752699999998,6.138368170237612,9.000000034120603e-07
9.76140860000001,5.97398909207301,0
9.774296000000007,5.982966845017518,0
9.780435300000008,5.9293686750734675,0
9.791126900000009,5.763822758056602,0
9.800447500000004,5.712838601706433,0
9.810442000000009,5.704400565352053,0
9.8203982,5.721293531020849,0
9.830441700000009,5.695979388205552,0
9.840392500000007,5.729765387115033,0
9.850357500000001,5.5310448932559035,0
9.860393200000004,5.451018922611801,0
9.87035370000001,5.4908318446744335,0
9.880559200000008,5.388140587926246,0
9.890564100000006,5.514911402176358,0
9.900569000000004,5.220323843985317,0
9.9110242,5.102830598819589,0
9.920358700000008,4.968103855907675,0
9.936005300000005,4.845104980444953,0
9.940650599999998,4.9750678252675264,0
9.950438599999998,4.865298530396866,0
9.960425400000005,4.878828366150185,0
9.97036150000001,4.785246235677236,0
9.980435999999997,4.739428659760467,0
9.990374099999997,4.568592012886777,0
10.0003751,4.643381707662481,0
10.010439900000009,4.593322740001258,0
10.020362200000008,4.593322740001258,0
10.030514400000001,4.605762493882691,0
10.040384500000002,4.286753449470591,0
10.050375099999997,4.568592012886777,0
10.060316999999998,4.544058342312084,0
10.070484899999997,4.4537854557067424,0
10.080496699999998,4.389285476925941,0
10.090398300000004,4.366180536100056,0
10.100531000000004,4.366180536100056,0
10.1103873,4.3604331243554055,0
10.120411200000007,4.3261890025226135,0
10.1305337,4.3604331243554055,0
10.140412800000007,4.354697195947081,0
10.150506100000001,4.348972727931358,0
10.160432200000002,4.1878469244146395,0
10.170401600000005,4.281164733150875,0
10.180460600000004,4.182455823463794,0
10.190359400000006,4.134418055565263,0
10.2004254,4.182455823463794,0
10.210373599999997,4.171705914321434,0
10.220348900000005,4.102869906370529,0
10.230583800000005,4.102869906370529,0
10.240372000000008,4.177075493939835,0
10.250377999999998,4.030713256266487,0
10.26049900000001,4.097648589614982,0
10.270362200000008,3.9605489691179665,0
10.2832468,4.010465449431882,0
10.296673900000002,3.9704525589693596,0
10.3104941,4.015512225424479,0
10.311157000000009,3.990378978846497,0
10.325898899999999,3.9408602372987573,0
10.330586800000006,3.863661674212862,0
10.340542200000002,3.8684145488516366,0
10.350439500000007,3.8073624866179543,0
10.360405200000002,3.8447449486106637,0
10.370333000000002,3.784300364546165,0
10.380584100000007,3.901952168090908,0
10.390436000000008,3.8166521034118626,0
10.400360200000009,3.8447449486106637,0
10.410456100000005,3.8259789530890673,0
10.420370599999998,3.863661674212862,0
10.430433800000003,3.738862252964679,0
10.440637600000002,3.8447449486106637,0
10.450478799999999,3.7569285197020266,0
10.460922199999999,3.7981099540732797,0
10.47038520000001,3.734368223985737,0
10.480432000000008,3.7981099540732797,0
10.4905385,3.784300364546165,0
10.500404799999998,3.8731769387517763,0
10.510442600000005,4.010465449431882,0
10.523215899999997,4.177075493939835,0
10.530524900000003,4.41257599861211,0
10.540510800000007,4.811717148034032,0
10.5505328,4.9750678252675264,0
10.560446200000001,5.341637676374042,0
10.573015499999997,5.451018922611801,0
10.58048620000001,5.850167785342203,0
10.590386800000005,6.073738876518667,7.000000010748408e-07
10.603733599999998,6.232279516750141,0.013385999999997011
10.610391300000003,6.308772702657734,0.020072099999993043
10.620318900000001,6.565999623962232,0.030010700000005386
10.630899200000002,6.5965495799240745,0.04054490000000044
10.640367600000005,6.647875276492737,0.05001679999999453
10.65041500000001,6.8262721983256105,0.06003210000000081
10.660417300000006,6.836956223185779,0.07004680000000008
10.670415900000009,7.01083890754158,0.08007840000000499
10.682539599999998,7.190375823008391,0.09220399999999529
10.690429000000009,7.259197235504502,0.10007389999999816
10.700393000000005,7.494658965463705,0.11001240000000223
10.710442100000009,7.494658965463705,0.12007210000000157
10.720355100000006,7.518727305915347,0.13002910000000156
10.7305037,7.689928502230714,0.1401051999999936
10.740399800000006,7.714779485070684,0.15001660000000072
10.750578700000005,7.739730070915215,0.16015529999999956
10.760498800000008,7.891547717195478,0.17007119999999532
10.770403299999998,8.03395126240779,0.180036599999994
10.783468400000004,7.994802717912391,0.19312460000000442
10.796381600000004,8.047053062365295,0.20605179999999734
10.812235200000003,8.08651605131745,0.22187069999999665
10.812828600000003,8.328331593408056,0.22251970000000654
10.820342100000005,8.342022743180927,0.23001809999999523
10.830414700000006,8.328331593408056,0.24005060000000356
10.84042980000001,8.536601976918485,0.25008649999999477
10.850371600000003,8.508470269933717,0.25999989999999684
10.860328699999997,8.508470269933717,0.26999960000000556
10.870392899999999,8.621675420423669,0.280071300000003
10.88051800000001,8.67896086002344,0.29015110000000277
10.8904074,8.522522057577296,0.3000504000000035
10.9003309,8.607425524228983,0.3100086000000033
10.910339899999997,8.751215137895052,0.3200051999999971
10.920296300000004,8.424747169969082,0.329964700000005
10.93053590000001,8.564846436085226,0.34014229999999657
10.940394699999999,8.314667798570671,0.3500547999999952
10.950981800000008,8.522522057577296,0.3605833999999959
10.960517100000004,8.579011088888649,0.3701475999999957
10.970507699999999,8.522522057577296,0.38013069999999516
10.980514900000003,8.536601976918485,0.3901247999999953
10.990422300000006,8.650260854860331,0.4000536000000068
11.0004074,8.508470269933717,0.41003050000000485
11.010465699999997,8.452543313875262,0.420027300000001
11.020420200000004,8.693353970055812,0.43004329999999413
11.030500200000006,8.550710084276984,0.44011539999999627
11.040361000000004,8.67896086002344,0.4500072999999958
11.05096970000001,8.751215137895052,0.4605698000000018
11.060401200000001,8.650260854860331,0.47002080000000035
11.070474900000008,8.722226692884746,0.48003049999999803
11.08054460000001,8.722226692884746,0.49013669999999365
11.090355799999998,8.736706421172222,0.500019199999997
11.100365699999998,8.751215137895052,0.5100218000000041
11.110425300000003,8.780319768902485,0.5200234999999935
11.120351,8.66459650744409,0.5300033999999982
11.130505900000003,8.794915799605649,0.5401410000000055
11.14043430000001,6.934080128015318,0.5500257000000062
11.153320399999998,8.853592720743801,0.562984599999993
11.166947000000008,8.780319768902485,0.576557600000001
11.17088170000001,8.693353970055812,0.5805605999999983
11.180681899999996,8.912740939929662,0.5901575999999977
11.190348,8.047053062365295,0.6000271000000055
11.200324100000003,8.751215137895052,0.6100016000000039
11.210441000000003,9.017395787665905,0.6200697000000019
11.223308099999997,8.897909494439109,0.6329742000000067
11.237323200000006,8.853592720743801,0.6469998999999973
11.240293600000001,8.301031304013586,0.6499800999999934
11.250454500000004,8.94249296807631,0.6600291999999968
11.2603443,9.017395787665905,0.6700024999999954
11.27327720000001,8.927602077993871,0.6828461000000061
11.29382360000001,8.897909494439109,0.7033837000000034
11.296035400000008,8.972364242669451,0.705655500000006
11.302197800000002,8.722226692884746,0.7117692000000062
11.31052290000001,8.94249296807631,0.7201299000000034
11.320587099999997,8.957413669740566,0.7301384000000013
11.33056160000001,8.751215137895052,0.7401978999999983
11.340343200000007,7.213224593376143,0.7500253999999984
11.354988399999996,8.912740939929662,0.7644736000000023
11.371377300000006,8.927602077993871,0.7809476000000046
11.372225299999997,8.94249296807631,0.7817818999999986
11.38057280000001,8.972364242669451,0.7901664000000039
11.390414399999997,8.853592720743801,0.8000303999999971
11.400348500000007,8.868335443994296,0.8100259999999935
11.410362200000009,8.897909494439109,0.8200115000000068
11.420278600000003,8.912740939929662,0.8299583000000013
11.430921699999999,8.883107682196407,0.8405489999999958
11.440444999999997,8.94249296807631,0.8500238000000024
11.45038120000001,8.853592720743801,0.859995799999993
11.460300500000002,8.897909494439109,0.8699648999999994
11.470296300000001,8.912740939929662,0.8799846999999943
11.480487400000001,8.987344746665283,0.8901422999999937
11.490376800000007,8.987344746665283,0.9000295000000023
11.50033950000001,8.593204099345877,0.9100064000000003
11.510353800000004,8.809541051581752,0.9199861999999968
11.520395800000003,8.972364242669451,0.930064999999999
11.530537699999996,8.987344746665283,0.9401617000000044
11.540372599999998,9.184842454704212,0.9500168000000002
11.553562999999997,8.987344746665283,0.9632392999999979
11.5731088,8.957413669740566,0.9826891000000018
11.573740100000009,8.94249296807631,0.9834017999999958
11.580498200000008,8.897909494439109,0.9900901000000033
11.590398100000002,9.06269833412371,1.0000208000000015
11.604423400000002,9.032466444874892,1.0000208000000015
11.620715900000008,8.94249296807631,1.0000208000000015
11.621467600000003,8.912740939929662,1.0000208000000015
11.638681200000008,8.66459650744409,1.0000208000000015
11.640483799999998,8.809541051581752,1.0000208000000015
11.650598799999997,8.883107682196407,1.0000208000000015
11.66057140000001,8.765752901088112,1.0000208000000015
11.670632100000006,8.66459650744409,1.0000208000000015
11.680566900000002,8.621675420423669,1.0000208000000015
11.690515300000001,8.736706421172222,1.0000208000000015
11.700598200000002,8.607425524228983,1.0000208000000015
11.711093900000009,8.635953844929547,1.0000208000000015
11.721046600000008,8.751215137895052,1.0000208000000015
11.730687099999997,8.564846436085226,1.0000208000000015
11.740687100000002,7.9818053142127345,1.0000208000000015
11.751105899999999,8.438631343854855,1.0000208000000015
11.760485400000007,8.522522057577296,1.0000208000000015
11.770523600000004,8.621675420423669,1.0000208000000015
11.780528700000005,8.397061988565584,1.0000208000000015
11.790667800000008,8.342022743180927,1.0000208000000015
11.800560599999997,8.287422055190799,1.0000208000000015
11.810585500000002,8.480450865022997,1.0000208000000015
11.820448800000008,8.355741302653907,1.0000208000000015
11.830623900000006,8.328331593408056,1.0000208000000015
11.840595899999997,7.994802717912391,1.0000208000000015
11.850544499999998,7.94296870865388,1.0000208000000015
11.8605254,8.424747169969082,1.0000208000000015
11.87108090000001,8.166155927514222,1.0000208000000015
11.8805816,8.593204099345877,1.0000208000000015
11.890623700000006,8.342022743180927,1.0000208000000015
11.900515400000003,8.08651605131745,1.0000208000000015
11.910600700000003,8.08651605131745,1.0000208000000015
11.920411999999999,8.047053062365295,1.0000208000000015
11.930633499999999,7.94296870865388,1.0000208000000015
11.940511,7.652837914252965,1.0000208000000015
11.950495200000006,7.789931650057636,1.0000208000000015
11.960515900000004,7.60372870967274,1.0000208000000015
11.97063940000001,7.542892112532513,1.0000208000000015
11.980692700000006,7.482660849647961,1.0000208000000015
11.990737300000006,7.677540237620285,1.0000208000000015
12.000456299999996,7.6159692035057525,1.0000208000000015
12.011168600000005,7.714779485070684,1.0000208000000015
12.020701900000006,7.375750831076357,1.0000208000000015
12.030644800000005,7.259197235504502,1.0000208000000015
12.0414064,7.446810144218417,1.0000208000000015
12.050799100000006,7.09988923293321,1.0000208000000015
12.06044,7.122375332081784,1.0000208000000015
12.070716099999999,7.111121039461668,1.0000208000000015
12.080585999999997,6.934080128015318,1.0000208000000015
12.090516399999998,7.088679867569163,1.0000208000000015
12.100524300000004,6.955901662500982,1.0000208000000015
12.110520399999999,6.9449799844945455,1.0000208000000015
12.120491900000005,6.966845205721355,1.0000208000000015
12.130685800000009,6.923202049463866,1.0000208000000015
12.140662399999997,6.879906645592216,1.0000208000000015
12.150559400000006,6.5965495799240745,1.0000208000000015
12.160605200000006,6.485423557459608,1.0000208000000015
12.170591700000003,6.415969341581473,1.0000208000000015
12.18059310000001,6.073738876518667,1.0000208000000015
12.190605099999999,5.6458044870513815,1.0000208000000015
12.20044440000001,5.435204896059818,1.0000208000000015
12.210542400000008,5.341637676374042,1.0000208000000015
12.220430500000006,4.968103855907675,1.0000208000000015
12.2306418,4.656022098420796,1.0000208000000015
12.24057590000001,4.2533881999560625,1.0000208000000015
12.250439299999996,4.000402127695384,1.0000208000000015
12.260577100000006,3.5952038168863396,1.0000208000000015
12.270409200000003,2.982323456802191,1.0000208000000015
12.280679500000005,2.5227395519625913,1.0000208000000015
12.290421600000002,1.8719580808117968,1.0000208000000015
12.300477100000009,1.5671061706019704,1.0000208000000015
12.310323100000005,1.4929614,1.0000208000000015
12.320196500000009,1.4929614,1.0000208000000015
12.330389199999999,1.4929614,1.0000208000000015
12.340325899999996,1.4929614,1.0000208000000015
12.350291600000006,1.4929614,1.0000208000000015
12.360273000000007,1.4929614,1.0000208000000015
12.3701552,1.4929614,1.0000208000000015
12.380281300000007,1.4929614,1.0000208000000015
12.390332999999998,1.4929614,1.0000208000000015
12.400237400000009,1.4929614,1.0000208000000015
12.410415100000009,1.4929614,1.0000208000000015
12.420258099999998,1.4929614,1.0000208000000015
12.430398699999998,1.4929614,1.0000208000000015
12.44026000000001,1.4929614,1.0000208000000015
12.450249800000009,1.4929614,1.0000208000000015
12.460264600000002,1.4929614,1.0000208000000015
12.470481800000002,1.4929614,1.0000208000000015
12.48021510000001,1.4929614,1.0000208000000015
12.490192700000009,1.4929614,1.0000208000000015
12.5002602,1.4929614,1.0000208000000015
12.5102507,1.4929614,1.0000208000000015
12.5201742,1.4929614,1.0000208000000015
12.530424300000007,1.4929614,1.0000208000000015
12.540728299999998,1.4929614,1.0000208000000015
12.55024920000001,1.4929614,1.0000208000000015
12.560447100000005,1.4929614,1.0000208000000015
12.570222299999998,1.4929614,1.0000208000000015
12.5802901,1.4929614,1.0000208000000015
12.5903062,1.4929614,1.0000208000000015
12.600219600000003,1.4929614,1.0000208000000015
