0.0004553999999998837,1.4929614,0
0.010139600000002247,1.4929614,0
0.02619510000000247,1.4929614,0
0.03017210000000148,1.4929614,0
0.040194300000003125,1.4929614,0
0.05018900000000315,1.4929614,0
0.06017640000000313,1.4929614,0
0.07029940000000323,1.4929614,0
0.08014500000000169,1.4929614,0
0.09009510000000276,1.4929614,0
0.10018070000000279,1.4929614,0
0.11030039999999985,1.4929614,0
0.12043090000000234,1.4929614,0
0.13040140000000022,1.4929614,0
0.1404071000000009,1.4929614,0
0.1503153000000026,1.4929614,0
0.1602283,1.4929614,0
0.17019740000000283,1.4929614,0
0.1803354000000006,1.4929614,0
0.19017380000000017,1.4929614,0
0.2002081000000011,1.4929614,0
0.210107500000003,1.4929614,0
0.22031420000000068,1.4929614,0
0.23011320000000168,1.4929614,0
0.24016810000000177,1.4929614,0
0.2502397000000016,1.4929614,0
0.2601616,1.4929614,0
0.27032310000000237,1.4929614,0
0.280152600000001,1.4929614,0
0.2902786000000006,1.4929614,0
0.30016120000000157,1.4929614,0
0.3101130000000012,1.4929614,0
0.3203849000000005,1.4929614,0
0.330165700000002,1.4929614,0
0.3401393000000006,1.4929614,0
0.35020130000000194,1.4929614,0
0.3601089000000002,1.4929614,0
0.3704255000000032,1.4929614,0
0.38015040000000155,1.4929614,0
0.39017510000000044,1.4929614,0
0.40013310000000146,1.4929614,0
0.41026820000000086,1.4929614,0
0.4202274000000017,1.4929614,0
0.43020850000000266,1.4929614,0
0.44012580000000057,1.4929614,0
0.4501925,1.4929614,0
0.46029620000000193,1.4929614,0
0.47033520000000095,1.4929614,0
0.4801459000000001,1.4929614,0
0.49009960000000063,1.4929614,0
0.5002057999999998,1.4929614,0
0.5100918000000014,1.4929614,0
0.5203085999999999,1.4929614,0
0.5301855000000018,1.4929614,0
0.5400948999999997,1.4929614,0
0.5502819000000017,1.4929614,0
0.5602271999999999,1.4929614,0
0.5703126000000012,1.4929614,0
0.5801943999999999,1.4929614,0
0.5903088000000025,1.4929614,0
0.6001363000000026,1.4929614,0
0.6101303000000016,1.4929614,0
0.6202538000000004,1.4929614,0
0.6302517999999999,1.4929614,0
0.640105700000003,1.4929614,0
0.6501199,1.4929614,0
0.6601528999999999,1.4929614,0
0.6703339000000028,1.4929614,0
0.6801394000000016,1.4929614,0
0.6903374000000007,1.4929614,0
0.7002823000000014,1.4929614,0
0.7100968000000023,1.4929614,0
0.7202305000000031,1.4929614,0
0.730216200000001,1.4929614,0
0.740258800000003,1.4929614,0
0.7504692000000013,1.4929614,0
0.7604451000000019,1.4929614,0
0.7703495000000018,1.4929614,0
0.7804172999999999,1.4929614,0
0.7902076999999998,1.4929614,0
0.8002290000000016,1.4929614,0
0.8101857000000017,1.4929614,0
0.8202613000000021,1.4929614,0
0.8302513000000005,1.4929614,0
0.8401725000000013,1.4929614,0
0.8502144000000023,1.4929614,0
0.8601595000000017,1.4929614,0
0.870320300000003,1.4929614,0
0.8801424000000004,1.4929614,0
0.8901313000000002,1.4929614,0
0.9002236000000003,1.4929614,0
0.910132400000002,1.4929614,0
0.9201970000000017,1.4929614,0
0.9302098000000001,1.4929614,0
0.9401648000000016,1.4929614,0
0.9501988000000026,1.4929614,0
0.9602250000000012,1.4929614,0
0.9702082000000019,1.4929614,0
0.9801628999999998,1.4929614,0
0.9903741000000004,1.4929614,0
1.0001849000000007,1.4929614,0
1.0100990000000003,1.4929614,0
1.0231879,1.4929614,0
1.0303182,1.4929614,0
1.0401227000000013,1.4929614,0
1.0502364000000028,1.4929614,0
1.0601398000000017,1.4929614,0
1.0704413000000024,1.4929614,0
1.0801855000000025,1.4929614,0
1.0901642000000002,1.4929614,0
1.1002337000000004,1.4929614,0
1.110187100000001,1.4929614,0
1.1203933,1.4929614,0
1.1301674000000013,1.4929614,0
1.140174400000003,1.4929614,0
1.1503524000000027,1.4929614,0
1.1601854000000031,1.4929614,0
1.1702690000000011,1.4929614,0
1.180097,1.4929614,0
1.190208400000003,1.4929614,0
1.2001440000000017,1.4929614,0
1.2104145000000024,1.4929614,0
1.220223500000003,1.4929614,0
1.2301274000000006,1.4929614,0
1.2401730999999998,1.4929614,0
1.2501950000000015,1.4929614,0
1.2602297,1.4929614,0
1.2702743000000005,1.4929614,0
1.280175800000002,1.4929614,0
1.2901667000000003,1.4929614,0
1.3002591000000017,1.4929614,0
1.310169400000003,1.4929614,0
1.3202624000000007,1.4929614,0
1.3301811000000008,1.4929614,0
1.340214200000002,1.4929614,0
1.3503188000000002,1.4929614,0
1.3602371000000026,1.4929614,0
1.3703984000000027,1.4929614,0
1.3803877,1.4929614,0
1.390333700000003,1.4929614,0
1.4002311000000027,1.4929614,0
1.4101804000000016,1.4929614,0
1.4204116000000013,1.4929614,0
1.4301659999999998,1.4929614,0
1.4403149000000006,1.4929614,0
1.4502303000000012,1.4929614,0
1.460128000000001,1.4929614,0
1.470243,1.4929614,0
1.4801803000000007,1.4929614,0
1.4904282000000002,1.4929614,0
1.5001303000000021,1.4929614,0
1.5101105000000032,1.4929614,0
1.5203731000000005,1.4929614,0
1.5301822000000023,1.4929614,0
1.540131500000001,1.4929614,0
1.5501707000000025,1.4929614,0
1.560121800000001,1.4929614,0
1.5702463000000009,1.4929614,0
1.580174300000003,1.4929614,0
1.5903439000000006,1.4929614,0
1.600214300000001,1.4929614,0
1.6102032000000008,1.4929614,0
1.6203128000000007,1.4929614,0
1.6301367000000013,1.4929614,0
1.6401616000000026,1.4929614,0
1.650219700000001,1.4929614,0
1.6601575000000004,1.4929614,0
1.6702642000000019,1.4929614,0
1.6801466000000005,1.4929614,0
1.6901665000000001,1.4929614,0
1.700308500000002,1.4929614,0
1.710203100000001,1.4929614,0
1.7202650000000013,1.4929614,0
1.7301453000000002,1.4929614,0
1.7401698000000003,1.4929614,0
1.750130500000001,1.4929614,0
1.760164200000002,1.4929614,0
1.7702005000000014,1.4929614,0
1.780130800000002,1.4929614,0
1.7901809000000029,1.4929614,0
1.800188200000001,1.4929614,0
1.8102709000000026,1.4929614,0
1.8202119000000003,1.4929614,0
1.8301199000000032,1.4929614,0
1.8401863000000027,1.4929614,0
1.8502061000000012,1.4929614,0
1.8601869999999998,1.4929614,0
1.8703039000000032,1.4929614,0
1.8801668000000014,1.4929614,0
1.8901462000000002,1.4929614,0
1.9003246000000011,1.4929614,0
1.910168500000001,1.4929614,0
1.9201960000000007,1.4929614,0
1.9301716000000013,1.4929614,0
1.9401606999999998,1.4929614,0
1.950239700000001,1.4929614,0
1.9601436999999997,1.4929614,0
1.9703401000000014,1.4929614,0
1.9801424000000019,1.4929614,0
1.9901809999999998,1.4929614,0
2.000185100000003,1.4929614,0
2.010276400000002,1.4929614,0
2.020297300000003,1.4929614,0
2.0303399000000013,1.4929614,0
2.0403257000000004,1.4929614,0
2.050166200000003,1.4929614,0
2.060282800000003,1.4929614,0
2.0701608,1.4929614,0
2.0801998000000026,1.4929614,0
2.090123700000003,1.4929614,0
2.1002871000000027,1.4929614,0
2.1101094000000025,1.4929614,0
2.120476100000001,1.4929614,0
2.130201600000003,1.4929614,0
2.140112900000002,1.4929614,0
2.150287900000002,1.4929614,0
2.160191300000001,1.4929614,0
2.170292400000001,1.4929614,0
2.180159400000001,1.4929614,0
2.190185200000002,1.4929614,0
2.200149200000002,1.4929614,0
2.2101259000000013,1.4929614,0
2.220252700000003,1.4929614,0
2.2302424000000016,1.4929614,0
2.2404435000000014,1.4929614,0
2.250321200000002,1.4929614,0
2.260176600000001,1.4929614,0
2.270392300000001,1.4929614,0
2.2802162000000017,1.4929614,0
2.290337900000001,1.4929614,0
2.300218300000001,1.4929614,0
2.3101190000000003,1.4929614,0
2.320397500000002,1.4929614,0
2.3301896000000006,1.4929614,0
2.340116400000003,1.4929614,0
2.35022,1.4929614,0
2.360111500000002,1.4929614,0
2.3703590000000005,1.4929614,0
2.3802497000000002,1.4929614,0
2.3901394000000025,1.4929614,0
2.400273600000002,1.4929614,0
2.4101510000000026,1.4929614,0
2.4203483000000006,1.4929614,0
2.430120900000002,1.4929614,0
2.4402719000000026,1.4929614,0
2.4503582,1.4929614,0
2.4601685000000018,1.4929614,0
2.470523700000001,1.4929614,0
2.480150100000003,1.4929614,0
2.490188500000002,1.4929614,0
2.5003378000000005,1.4929614,0
2.5101169,1.4929614,0
2.5203151000000013,1.4929614,0
2.530205200000001,1.4929614,0
2.540179100000003,1.4929614,0
2.5501427999999997,1.4929614,0
2.5602591000000032,1.4929614,0
2.570254700000003,1.4929614,0
2.5801347999999997,1.4929614,0
2.590236700000002,1.4929614,0
2.600176300000001,1.4929614,0
2.6100682000000006,1.4929614,0
2.620312100000003,1.4929614,0
2.630314200000001,1.4929614,0
2.6407735000000017,1.4929614,0
2.6504146000000013,1.4929614,0
2.6602183000000004,1.4929614,0
2.670247200000002,1.4929614,0
2.680153100000002,1.4929614,0
2.690141200000003,1.4929614,0
2.7002991000000023,1.4929614,0
2.7102306000000027,1.4929614,0
2.720367500000002,1.4929614,0
2.7302592000000026,1.4929614,0
2.740172600000001,1.4929614,0
2.7502166000000017,1.4929614,0
2.7601726000000006,1.4929614,0
2.770355200000001,1.4929614,0
2.780298400000003,1.4929614,0
2.7901168,1.4929614,0
2.800210400000001,1.4929614,0
2.810178200000003,1.4929614,0
2.8203252000000028,1.4929614,0
2.830127800000003,1.4929614,0
2.8401212000000022,1.4929614,0
2.8501879000000017,1.4929614,0
2.8601533000000003,1.4929614,0
2.8703907000000015,1.4929614,0
2.8801989,1.4929614,0
2.8901068000000016,1.4929614,0
2.9001711000000014,1.4929614,0
2.9101132000000014,1.4929614,0
2.920299,1.4929614,0
2.930174800000003,1.4929614,0
2.9401235999999997,1.4929614,0
2.950087500000002,1.4929614,0
2.960157800000001,1.4929614,0
2.9701944000000005,1.4929614,0
2.9801297000000027,1.4929614,0
2.9901243000000015,1.4929614,0
3.0001137,1.4929614,0
3.0101267000000007,1.4929614,0
3.020309300000001,1.4929614,0
3.030273700000002,1.4929614,0
3.040131900000002,1.4929614,0
3.050129100000003,1.4929614,0
3.0601901,1.4929614,0
3.0703010000000006,1.4929614,0
3.080285,1.4929614,0
3.0903243000000025,1.4929614,0
3.100209900000003,1.4929614,0
3.110258400000003,1.4929614,0
3.1202950000000023,1.4929614,0
3.1301679,1.4929614,0
3.140152500000003,1.4929614,0
3.150167900000003,1.4929614,0
3.1601430000000015,1.4929614,0
3.1704041000000025,1.4929614,0
3.180183600000003,1.4929614,0
3.1900847,1.4929614,0
3.200192600000001,1.4929614,0
3.210219500000001,1.4929614,0
3.2202181000000003,1.4929614,0
3.230121200000003,1.4929614,0
3.2405646000000026,1.4929614,0
3.2503492000000023,1.4929614,0
3.260315400000003,1.4929614,0
3.2704518,1.4929614,0
3.2802044000000024,1.4929614,0
3.2901141000000003,1.4929614,0
3.300167100000003,1.4929614,0
3.310272900000001,1.4929614,0
3.320305900000001,1.4929614,0
3.330159000000002,1.4929614,0
3.340131000000003,1.4929614,0
3.3502936000000005,1.4929614,0
3.3601460000000003,1.4929614,0
3.370282600000003,1.4929614,0
3.3801902000000013,1.4929614,0
3.3901086000000014,1.4929614,0
3.4001467000000005,1.4929614,0
3.410124600000003,1.4929614,0
3.4202661000000028,1.4929614,0
3.4301600000000008,1.4929614,0
3.440093900000001,1.4929614,0
3.4501849,1.4929614,0
3.4601284999999997,1.4929614,0
3.470465400000002,1.4929614,0
3.480170900000001,1.4929614,0
3.4901321000000003,1.4929614,0
3.500154900000002,1.4929614,0
3.510111000000002,1.4929614,0
3.520407200000001,1.4929614,0
3.5301788000000016,1.4929614,0
3.5402966000000013,1.4929614,0
3.5501760000000004,1.4929614,0
3.560115400000001,1.4929614,0
3.5703029000000015,1.4929614,0
3.5801870000000022,1.4929614,0
3.5902416000000024,1.4929614,0
3.6002056000000024,1.4929614,0
3.6104736000000024,1.4929614,0
3.6203078000000026,1.4929614,0
3.630110300000002,1.4929614,0
3.640281100000003,1.4929614,0
3.6501934000000027,1.4929614,0
3.6601868000000017,1.4929614,0
3.670356700000003,1.4929614,0
3.680136400000002,1.4929614,0
3.690146000000002,1.4929614,0
3.7001554,1.4929614,0
3.7100957,1.4929614,0
3.7202508000000023,1.4929614,0
3.7302749000000013,1.4929614,0
3.7401178,1.4929614,0
3.750214500000002,1.4929614,0
3.760165100000002,1.4929614,0
3.7702915000000026,1.4929614,0
3.7801373,1.4929614,0
3.790406500000003,1.4929614,0
3.8001669000000007,1.4929614,0
3.8100734000000003,1.4929614,0
3.820306300000002,1.4929614,0
3.8301295000000017,1.4929614,0
3.840218,1.4929614,0
3.8502518000000023,1.4929614,0
3.860163,1.4929614,0
3.8703080000000014,1.4929614,0
3.8803707000000003,1.4929614,0
3.8903797000000004,1.4929614,0
3.9001853000000004,1.4929614,0
3.910366700000001,1.4929614,0
3.920316300000003,1.4929614,0
3.930241900000002,1.4929614,0
3.940140900000003,1.4929614,0
3.950096600000002,1.4929614,0
3.9602324000000024,1.4929614,0
3.9704167000000012,1.4929614,0
3.980241200000002,1.4929614,0
3.990183400000003,1.4929614,0
4.000109700000003,1.4929614,0
4.010200900000001,1.4929614,0
4.020304000000003,1.4929614,0
4.0301185,1.4929614,0
4.0402590000000025,1.4929614,0
4.050192600000003,1.4929614,0
4.060099600000001,1.4929614,0
4.0703029000000015,1.4929614,0
4.0801908000000005,1.4929614,0
4.090180500000002,1.4929614,0
4.1002039,1.4929614,0
4.110157100000002,1.4929614,0
4.1202082,1.4929614,0
4.130141600000002,1.4929614,0
4.1401540000000026,1.4929614,0
4.1501874,1.4929614,0
4.160188400000003,1.4929614,0
4.1702501000000005,1.4929614,0
4.180137700000003,1.4929614,0
4.190178100000001,1.4929614,0
4.2002092,1.4929614,0
4.210215700000003,1.4929614,0
4.220405500000002,1.4929614,0
4.2301514000000005,1.4929614,0
4.240154,1.4929614,0
4.250258000000002,1.4929614,0
4.2601669000000015,1.4929614,0
4.2702670000000005,1.4929614,0
4.280176800000003,1.4929614,0
4.290286300000002,1.4929614,0
4.300249400000002,1.4929614,0
4.310195400000001,1.4929614,0
4.320345900000003,1.4929614,0
4.330186400000002,1.4929614,0
4.340139200000003,1.4929614,0
4.350223800000002,1.4929614,0
4.3601153,1.4929614,0
4.370309600000002,1.4929614,0
4.3801822,1.4929614,0
4.3901039,1.4929614,0
4.4001208,1.4929614,0
4.410111200000003,1.4929614,0
4.4203800000000015,1.4929614,0
4.430155600000003,1.4929614,0
4.440262700000002,1.4929614,0
4.4502583000000016,1.4929614,0
4.4602166000000025,1.4929614,0
4.4704096,1.4929614,0
4.480170900000001,1.4929614,0
4.490126800000002,1.4929614,0
4.5004755,1.4929614,0
4.510108200000001,1.4929614,0
4.520396300000002,1.4929614,0
4.530374800000001,1.4929614,0
4.540323400000002,1.4929614,0
4.550276700000001,1.4929614,0
4.560287300000002,1.4929614,0
4.570493200000001,1.4929614,0
4.580140500000002,1.4929614,0
4.590397900000003,1.4929614,0
4.600183600000001,1.4929614,0
4.610171600000001,1.4929614,0
4.620387300000001,1.4929614,0
4.630094800000002,1.4929614,0
4.640145500000003,1.4929614,0
4.6501777,1.4929614,0
4.6600733000000005,1.4929614,0
4.670441200000003,1.4929614,0
4.6802001,1.4929614,0
4.6901282,1.4929614,0
4.700126500000003,1.4929614,0
4.710220300000003,1.4929614,0
4.7203701,1.4929614,0
4.730198300000001,1.4929614,0
4.740124100000003,1.4929614,0
4.750198000000001,1.4929614,0
4.760137400000001,1.4929614,0
4.770266300000003,1.4929614,0
4.780194400000003,1.4929614,0
4.790164900000001,1.4929614,0
4.800280300000001,1.4929614,0
4.8100749,1.4929614,0
4.820284700000002,1.4929614,0
4.8300917000000005,1.4929614,0
4.840093800000002,1.4929614,0
4.850172800000003,1.4929614,0
4.860153500000003,1.4929614,0
4.8702656,1.4929614,0
4.8801077,1.4929614,0
4.8901158,1.4929614,0
4.900266700000003,1.4929614,0
4.910094700000002,1.4929614,0
4.920324400000002,1.4929614,0
4.930114200000002,1.4929614,0
4.9401361,1.4929614,0
4.950240500000003,1.4929614,0
4.960152600000001,1.4929614,0
4.9703081000000005,1.4929614,0
4.9801453,1.4929614,0
4.9902248,1.4929614,0
5.000154700000003,1.4929614,0
5.010117700000002,1.4929614,0
5.020288800000003,1.4929614,0
5.030162400000002,1.4929614,0
5.040213600000001,1.4929614,0
5.050147500000001,1.4929614,0
5.060200000000002,1.4929614,0
5.0703478,1.4929614,0
5.080176400000003,1.4929614,0
5.090159100000001,1.4929614,0
5.100185600000003,1.4929614,0
5.110242300000003,1.4929614,0
5.120251100000001,1.4929614,0
5.130156500000002,1.4929614,0
5.140140600000002,1.4929614,0
5.150338000000001,1.4929614,0
5.1603134,1.4929614,0
5.170581800000001,1.4929614,0
5.180148200000001,1.4929614,0
5.190202600000003,1.4929614,0
5.2001667000000005,1.4929614,0
5.210381700000003,1.4929614,0
5.220443100000001,1.4929614,0
5.230196200000002,1.4929614,0
5.240122900000003,1.4929614,0
5.250268000000002,1.4929614,0
5.2602163,1.4929614,0
5.270477100000001,1.4929614,0
5.280136300000002,1.4929614,0
5.290147600000001,1.4929614,0
5.300221400000002,1.4929614,0
5.310158000000001,1.4929614,0
5.320262100000001,1.4929614,0
5.330134400000002,1.4929614,0
5.3400903,1.4929614,0
5.350133300000003,1.4929614,0
5.3601533,1.4929614,0
5.370215600000002,1.4929614,0
5.380117600000002,1.4929614,0
5.3901827,1.4929614,0
5.4001920000000005,1.4929614,0
5.410142400000002,1.4929614,0
5.4202628,1.4929614,0
5.430062900000003,1.4929614,0
5.440154300000003,1.4929614,0
5.450252500000001,1.4929614,0
5.460124200000003,1.4929614,0
5.470187600000003,1.4929614,0
5.4801258,1.4929614,0
5.4901573,1.4929614,0
5.5002119,1.4929614,0
5.5101917,1.4929614,0
5.520234900000002,1.4929614,0
5.5300966,1.4929614,0
5.540134400000003,1.4929614,0
5.550315700000002,1.4929614,0
5.560191100000001,1.4929614,0
5.570250100000003,1.4929614,0
5.580207300000001,1.4929614,0
5.590206200000001,1.4929614,0
5.600230400000001,1.4929614,0
5.610250100000002,1.4929614,0
5.6202775,1.4929614,0
5.630168600000001,1.4929614,0
5.640263400000002,1.4929614,0
5.6501543000000005,1.4929614,0
5.6601204,1.4929614,0
5.670263700000003,1.4929614,0
5.6801058,1.4929614,0
5.690212800000001,1.4929614,0
5.7002013,1.4929614,0
5.710157300000002,1.4929614,0
5.720448300000001,1.4929614,0
5.7301462,1.4929614,0
5.740198400000001,1.4929614,0
5.750242,1.4929614,0
5.7601841,1.4929614,0
5.7702376000000015,1.4929614,0
5.780542100000002,1.4929614,0
5.790489000000001,1.4929614,0
5.800384400000002,1.4929614,0
5.810153000000003,1.4929614,0
5.8203721,1.4929614,0
5.830145600000002,1.4929614,0
5.8400731000000015,1.4929614,0
5.8501508000000015,1.4929614,0
5.860072200000001,1.4929614,0
5.870210400000001,1.4929614,0
5.880174,1.4929614,0
5.890074100000003,1.4929614,0
5.900199700000002,1.4929614,0
5.910124100000001,1.4929614,0
5.920282100000001,1.4929614,0
5.930142700000001,1.4929614,0
5.9400996,1.4929614,0
5.950214000000003,1.4929614,0
5.960095800000001,1.4929614,0
5.970333100000001,1.4929614,0
5.980136700000003,1.4929614,0
5.9901851000000015,1.4929614,0
6.000100100000001,1.4929614,0
6.010096300000001,1.4929614,0
6.020240300000001,1.4929614,0
6.0301665,1.4929614,0
6.040095700000002,1.4929614,0
6.050111700000002,1.4929614,0
6.0600965,1.4929614,0
6.070437300000002,1.4929614,0
6.080132900000002,1.4929614,0
6.090145700000001,1.4929614,0
6.100155400000002,1.4929614,0
6.110089000000002,1.4929614,0
6.120345200000003,1.4929614,0
6.130172400000003,1.4929614,0
6.1401608,1.4929614,0
6.1501242000000005,1.4929614,0
6.160084600000001,1.4929614,0
6.1703118,1.4929614,0
6.180071000000002,1.4929614,0
6.1902045,1.4929614,0
6.2002235,1.4929614,0
6.210085200000002,1.4929614,0
6.2203087,1.4929614,0
6.230205900000001,1.4929614,0
6.240160300000003,1.4929614,0
6.2503550000000025,1.4929614,0
6.260093100000002,1.4929614,0
6.2704284,1.4929614,0
6.280146700000003,1.4929614,0
6.290148200000001,1.4929614,0
6.300110400000001,1.4929614,0
6.3101138,1.4929614,0
6.320156800000003,1.4929614,0
6.330143800000002,1.4929614,0
6.340144600000002,1.4929614,0
6.350134700000002,1.4929614,0
6.360142300000003,1.4929614,0
6.370384600000001,1.4929614,0
6.380117800000001,1.4929614,0
6.390280800000003,1.4929614,0
6.400176900000002,1.4929614,0
6.410193400000001,1.4929614,0
6.420377600000002,1.4929614,0
6.4303028,1.4929614,0
6.440521800000003,1.4929614,0
6.450376900000002,1.4929614,0
6.460156300000001,1.4929614,0
6.470303600000001,1.4929614,0
6.4801483,1.4929614,0
6.4900871,1.4929614,0
6.500240100000003,1.4929614,0
6.510095400000001,1.4929614,0
6.520284400000001,1.4929614,0
6.530118100000003,1.4929614,0
6.540059800000002,1.4929614,0
6.550150700000003,1.4929614,0
6.560241900000001,1.4929614,0
6.570173700000002,1.4929614,0
6.580102,1.4929614,0
6.590372000000002,1.4929614,0
6.600233600000003,1.4929614,0
6.6101316000000025,1.4929614,0
6.620294300000001,1.4929614,0
6.630206100000002,1.4929614,0
6.640193800000002,1.4929614,0
6.650223200000003,1.4929614,0
6.660141200000002,1.4929614,0
6.670357900000003,1.4929614,0
6.6801855,1.4929614,0
6.690169200000003,1.4929614,0
6.7001393,1.4929614,0
6.710107300000001,1.4929614,0
6.720183200000001,1.4929614,0
6.730214400000001,1.4929614,0
6.740136500000002,1.4929614,0
6.750234900000002,1.4929614,0
6.7600902000000005,1.4929614,0
6.7703968,1.4929614,0
6.780082700000001,1.4929614,0
6.790347800000003,1.4929614,0
6.800150000000002,1.4929614,0
6.810132900000003,1.4929614,0
6.820244900000002,1.4929614,0
6.83015,1.4929614,0
6.8402381000000005,1.4929614,0
6.850218700000003,1.4929614,0
6.860166900000003,1.4929614,0
6.870237700000001,1.4929614,0
6.8801269000000005,1.4929614,0
6.890228800000003,1.4929614,0
6.900190500000001,1.4929614,0
6.910137800000001,1.4929614,0
6.920364500000002,1.4929614,0
6.930108800000003,1.4929614,0
6.940081500000002,1.4929614,0
6.950159500000002,1.4929614,0
6.960068600000003,1.4929614,0
6.970314000000002,1.4929614,0
6.980179100000001,1.4929614,0
6.9902522000000005,1.4929614,0
7.000192900000002,1.4929614,0
7.010057100000001,1.4929614,0
7.0203144,1.4929614,0
7.0300826,1.4929614,0
7.040310000000002,1.4929614,0
7.0503319,1.4929614,0
7.060297900000002,1.4929614,0
7.0701604000000025,1.4929614,0
7.080233900000003,1.4929614,0
7.090124100000001,1.4929614,0
7.100081200000002,1.4929614,0
7.110181800000003,1.4929614,0
7.120214000000001,1.4929614,0
7.130058300000002,1.4929614,0
7.140108400000003,1.4929614,0
7.150180300000002,1.4929614,0
7.160098300000001,1.4929614,0
7.1703297,1.4929614,0
7.1801410000000025,1.4929614,0
7.1902197,1.4929614,0
7.200279500000001,1.4929614,0
7.210176000000001,1.4929614,0
7.2203093,1.4929614,0
7.230103900000003,1.4929614,0
7.240158400000002,1.4929614,0
7.250170200000003,1.4929614,0
7.260156600000002,1.4929614,0
7.270206700000003,1.4929614,0
7.280144400000001,1.4929614,0
7.2901668000000015,1.4929614,0
7.300262200000002,1.4929614,0
7.3101442,1.4929614,0
7.3201526,1.4929614,0
7.3301169,1.4929614,0
7.3401633,1.4929614,0
7.350175100000001,1.4929614,0
7.360116100000003,1.4929614,0
7.370109500000002,1.4929614,0
7.380072200000001,1.4929614,0
7.3901447000000005,1.4929614,0
7.400114400000003,1.4929614,0
7.4100988,1.4929614,0
7.420325000000002,1.4929614,0
7.4300808000000025,1.4929614,0
7.440084000000002,1.4929614,0
7.450162900000002,1.4929614,0
7.4601106,1.4929614,0
7.4701889,1.4929614,0
7.480136600000002,1.4929614,0
7.4901534000000005,1.4929614,0
7.5001279000000025,1.4929614,0
7.510097200000001,1.4929614,0
7.520335200000002,1.4929614,0
7.530168200000002,1.4929614,0
7.540105700000002,1.4929614,0
7.5501453000000005,1.4929614,0
7.5601147,1.4929614,0
7.570294500000003,1.4929614,0
7.580311100000003,1.4929614,0
7.590295600000001,1.4929614,0
7.6002218,1.4929614,0
7.6100943,1.4929614,0
7.6202471,1.4929614,0
7.630110400000003,1.4929614,0
7.6401526,1.4929614,0
7.650365600000001,1.4929614,0
7.660289500000001,1.4929614,0
7.670604700000002,1.4929614,0
7.680297600000003,1.4929614,0
7.6901069,1.4929614,0
7.700156200000002,1.4929614,0
7.7100981,1.4929614,0
7.720120600000001,1.4929614,0
7.730092200000001,1.4929614,0
7.740067400000001,1.4929614,0
7.750113800000001,1.4929614,0
7.760174900000003,1.4929614,0
7.770336800000003,1.4929614,0
7.7801571,1.4929614,0
7.790095800000003,1.4929614,0
7.800177900000001,1.4929614,0
7.810109800000003,1.4929614,0
7.820245200000002,1.4929614,0
7.8300704,1.4929614,0
7.8401028,1.4929614,0
7.8501467,1.4929614,0
7.860093800000001,1.4929614,0
7.870364600000002,1.4929614,0
7.880167400000001,1.4929614,0
7.890104200000003,1.4929614,0
7.9006966,1.4929614,0
7.9101503000000015,1.4929614,0
7.9201222000000016,1.4929614,0
7.930106800000001,1.4929614,0
7.940158200000003,1.4929614,0
7.950268300000001,1.4929614,0
7.960168600000003,1.4929614,0
7.970194200000002,1.4929614,0
7.980105700000003,1.4929614,0
7.990097800000001,1.4929614,0
8.0001888,1.4929614,0
8.010122500000001,1.4929614,0
8.020343400000002,1.4929614,0
8.030562900000003,1.4955319770407407,0
8.040554700000001,1.5064164496612398,0
8.050455600000003,1.5222014756882967,0
8.0604528,1.549720901143964,0
8.070561100000003,1.5709171998021596,0
8.080415700000003,1.5919458284784356,0
8.0904247,1.6533527312655165,0
8.100400500000003,1.6677022019644876,0
8.1104892,1.6961118000484665,0
8.1205341,1.708443651302484,0
8.1304285,1.741330118139495,0
8.1403517,1.7838287581883499,0
8.150411600000002,1.8154240637248136,0
8.16046,1.8007756531486983,0
8.170501300000002,1.8390489739943576,0
8.180400900000002,1.8727235621996479,0
8.1903924,1.9046328002524415,0
8.200393700000003,2.126337545292293,0
8.213676900000003,2.0278685256005367,0
8.2206747,2.094073332348656,0
8.230500900000003,2.056599007826039,0
8.2404021,2.070371593969801,0
8.250717700000003,2.116230814027085,0
8.2606021,2.165711196148938,0
8.270673600000002,2.1392004969525447,0
8.2806639,2.149677699007535,0
8.2906002,2.0880587221975926,0
8.300420500000001,2.128889596172489,0
8.3104665,2.242820153700272,0
8.320676300000002,2.2642083554846026,0
8.330419200000001,2.276701769963146,0
8.3406087,2.2704300760281795,0
8.350383200000003,2.2909978808273515,0
8.3603506,2.3154040797992836,0
8.370694200000003,2.362968482015966,0
8.380379900000001,2.2909978808273515,0
8.390426000000001,2.3699834523402563,0
8.400446000000002,2.4206914999950966,0
8.410345200000002,2.3699834523402563,0
8.420535100000002,2.3877683778149117,0
8.430428800000001,2.4095851732313394,0
8.440339000000002,2.526880386318042,0
8.450426200000003,2.4822295706962203,0
8.4603894,2.514507408027352,0
8.470616500000002,2.5649027769269614,0
8.4803973,2.4703892001552177,0
8.490365800000003,2.335463123412981,0
8.500444400000003,2.2704300760281795,0
8.510400700000002,2.2877986919473856,0
8.520456800000002,2.2958207221678215,0
8.530406200000002,2.371745981186274,0
8.540478,2.415121677173051,0
8.550420600000002,2.40774704162919,0
8.560438600000001,2.3913682462632435,0
8.570423900000002,2.3088240025635414,0
8.5803866,2.134024424870939,0
8.5907032,2.0773828364174163,0
8.600554300000002,2.0520811114443793,0
8.610468400000002,2.216186510122834,0
8.6205833,2.3491057836271256,0
8.630444700000002,2.504309408925771,0
8.640375300000002,2.6132724280512196,0
8.650472100000002,2.611027329042492,0
8.6604174,2.547834840105137,0
8.6707332,2.5310378171818013,0
8.680479900000002,2.4606301845566527,0
8.690540200000001,2.4902024562821223,0
8.7004783,2.4567538217125966,0
8.710623900000002,2.418831177937271,0
8.720542400000003,2.4684295820262423,0
8.730521800000002,2.508376375071145,0
8.740475100000001,2.520675337760939,0
8.750467700000002,2.5499534276667126,0
8.760516300000003,2.569212601938261,0
8.7707209,2.604318910449261,0
8.7805745,2.5248078987238296,0
8.790868500000002,2.4942128816106766,0
8.8006113,2.385973836199078,0
8.8104124,2.447130480396429,0
8.8204788,2.520675337760939,0
8.8304121,2.7044277228890015,0
8.8404746,2.8161774437053526,0
8.8504325,2.5248078987238296,0
8.860355900000002,2.8841925236718295,0
8.870728900000003,2.973393931426066,0
8.8804075,2.982323456802191,0
8.890511,2.9883063083553716,0
8.900770600000001,3.2100781990336418,0
8.916458900000002,3.109885348654785,0
8.9207678,3.113129162084253,0
8.930496600000001,3.2204320988656576,0
8.9405678,3.234334290277288,0
8.9503737,3.162572986075473,0
8.9603876,3.266023857998057,0
8.970538600000001,3.2448341641409413,0
8.9803955,3.3201240186972973,0
8.9904115,3.3274607785093675,0
9.000379200000001,3.391022470755146,0
9.010396400000001,3.5005400008753873,0
9.020541600000001,3.5742527088499334,0
9.030420000000003,3.659328999820357,0
9.040489700000002,3.672386507168827,0
9.050376200000002,3.7797155501597306,0
9.060400000000001,3.738862252964679,0
9.0705621,3.9213283869714335,0
9.080375100000001,3.7934975481085673,0
9.090490000000003,3.9164697904135815,0
9.100384300000002,4.1878469244146395,0
9.1133816,4.015512225424479,0
9.120612600000001,4.0924377050572724,0
9.1304254,4.177075493939835,0
9.1405098,4.236855119596617,0
9.150432600000002,4.270020776989198,0
9.1603633,4.343259697410357,0
9.170621100000002,4.377709901602981,0
9.180403300000002,4.292353354407833,0
9.1904614,4.314865308997826,0
9.200422800000002,4.281164733150875,0
9.210355700000001,4.389285476925941,0
9.220490300000002,4.3261890025226135,0
9.2304001,4.371939454170687,0
9.240588500000001,4.47162403065012,0
9.250552200000001,4.556300643961566,0
9.260605600000002,4.765531561429901,0
9.270728100000003,5.045478945958075,0
9.2842619,5.326260300922612,0
9.2904424,5.6458044870513815,0
9.300429400000002,5.991962571435397,0
9.3103777,5.858897647865455,0
9.320460700000002,6.138368170237612,1.900000000887303e-06
9.3345135,6.15700048270041,0.01407999999999987
9.340519100000002,6.213346689581242,0.020013700000003354
9.3503887,6.27994423832014,0.029958400000001717
9.360458700000002,6.337774657733094,0.04000070000000022
9.370631800000002,6.376715611123658,0.050098800000000665
9.380619600000003,6.260821133074819,0.060083600000002235
9.3905873,6.455538361358687,0.070042100000002
9.400438700000002,6.455538361358687,0.0800059000000033
9.4104518,6.376715611123658,0.08999670000000037
9.4207335,6.435714282503059,0.10016760000000247
9.430480800000002,6.4061264490717855,0.11001320000000092
9.4405167,6.27994423832014,0.1200220000000023
9.4505117,6.27994423832014,0.1300699000000023
9.4604548,6.175707473670507,0.13999180000000067
9.4706361,6.129079925238219,0.15007880000000284
9.480601200000002,6.0009763073095606,0.16003000000000256
9.4904729,5.982966845017518,0
9.5065314,5.555366454334036,0
9.510426800000001,5.117312465639354,0
9.520630700000002,4.681455071457933,0
9.534205800000002,4.331867857489674,0
9.540516000000004,4.309220425145312,0
9.550626900000005,4.320521493915344,0
9.5605726,4.694248060664865,0
9.570844000000001,4.885613605860449,0
9.580641400000005,4.968103855907675,0
9.590584300000003,4.961153800567885,0
9.600374500000001,5.074040069694855,0
9.614850699999998,4.75245400772832,0
9.628763300000003,4.656022098420796,0
9.630386600000001,4.630791777478766,0
9.6404815,4.48956995878066,0
9.650369699999999,4.765531561429901,0
9.660381900000004,4.618252106430505,0
9.670521399999998,4.574756159003951,0
9.680430200000004,4.556300643961566,0
9.690460700000003,4.587121497830505,0
9.700404300000002,4.612001055352405,0
9.710392400000003,4.562440182741756,0
9.720478499999999,4.707092324309132,0
9.730381300000005,4.713533748234534,0
9.7403458,4.681455071457933,0
9.7504518,4.858553880234452,0
9.760432000000002,4.662361279685841,0
9.770811700000003,4.713533748234534,0
9.7805648,4.507623886153713,0
9.790358699999999,4.550173371988041,0
9.800374000000005,4.556300643961566,0
9.810380800000004,4.544058342312084,0
9.8209199,4.3950906511189265,0
9.830421100000002,4.231366100206485,0
9.840455400000003,4.155661460330809,0
9.850449699999999,3.4294337526213847,0
9.863340700000002,3.537064656632578,0
9.870460900000005,3.353371783229847,0
9.880684800000004,3.3422226334273053,0
9.8904724,3.4845166596908506,0
9.900425900000002,3.7120324069624946,0
9.9104441,3.8166521034118626,0
9.920519200000001,3.863661674212862,0
9.930667900000003,3.901952168090908,0
9.9404422,3.9213283869714335,0
9.950408000000003,3.9116209013381265,0
9.960436999999999,3.8827303405725577,0
9.970578000000003,3.863661674212862,0
9.9804624,3.9605489691179665,0
9.990359699999999,3.9213283869714335,0
10.0004201,3.9457676635638124,0
10.010327500000002,3.8447449486106637,0
10.020497800000001,3.8827303405725577,0
10.030391999999999,3.849459951939548,0
10.040421200000004,3.812002650208061,0
10.050496000000003,3.8589182958239516,0
10.0604844,3.7934975481085673,0
10.070540900000005,3.8400393658647163,0
10.080470300000002,3.9754192291018735,0
10.090463499999998,3.9213283869714335,0
10.100514000000004,3.901952168090908,0
10.110443600000004,3.8259789530890673,0
10.120711900000003,3.812002650208061,0
10.130442800000004,3.7209399397792713,0
10.140534100000004,3.734368223985737,0
10.150626600000002,3.703160433111642,0
10.160662800000004,3.738862252964679,0
10.170738100000001,3.668025296818577,0
10.180534700000003,3.6377398355528943,0
10.190987300000003,3.5909968176541303,0
10.200564100000001,3.516692042906382,0
10.210355900000003,2.973393931426066,0
10.223753600000002,3.0588570250186478,0
10.237268700000001,2.9883063083553716,0
10.250526300000004,3.0714614316217785,0
10.251192700000004,3.192959154922324,0
10.265399200000004,3.357103056826146,0
10.270846599999999,3.6078754165719364,0
10.280514199999999,3.8027315940808872,0
10.290424200000004,3.990378978846497,0
10.300403199999998,4.0924377050572724,0
10.313077499999999,4.309220425145312,0
10.320476,4.292353354407833,0
10.330410700000002,4.331867857489674,0
10.3404551,4.519720158113891,0
10.350455199999999,4.270020776989198,0
10.360590600000002,4.424291317624163,0
10.370650699999999,4.41257599861211,0
10.380382400000002,4.29796447036223,0
10.3905223,4.264465492571399,0
10.400547500000002,4.236855119596617,0
10.410502999999999,4.354697195947081,0
10.420475700000004,4.242355128010889,0
10.4304299,4.331867857489674,0
10.4404246,4.550173371988041,0
10.450461400000002,4.41257599861211,0
10.460432000000004,4.354697195947081,0
10.470607000000001,4.424291317624163,0
10.4804319,4.4656659426628345,0
10.4904249,4.838400677022255,0
10.5004013,4.537955530473567,0
10.510383000000004,4.605762493882691,0
10.520510100000003,4.531864912061239,0
10.530343700000003,4.707092324309132,0
10.540392500000003,4.785246235677236,0
10.550373300000004,4.77208998078598,0
10.560450700000004,4.805079553544985,0
10.570523900000005,4.791844123837453,0
10.5804385,4.872056683357902,0
10.5904946,4.919744110019454,0
10.6004243,4.982045736503327,0
10.610405200000002,4.919744110019454,0
10.6206934,4.906050938180612,0
10.630405199999998,5.017145399687578,0
10.643610600000002,4.94038684094419,0
10.657510100000003,5.303309261089653,0
10.671169599999999,4.94038684094419,0
10.671858400000005,4.838400677022255,0
10.685597399999999,4.605762493882691,0
10.6904404,4.687845169568926,0
10.7004175,4.681455071457933,0
10.710458800000005,5.017145399687578,0
10.7233314,5.045478945958075,0
10.730403600000002,5.059730946740808,0
10.7403872,5.074040069694855,0
10.750344599999998,4.851822705892051,0
10.764609100000001,4.845104980444953,0
10.770794100000003,4.707092324309132,0
10.780574300000005,4.649695582848366,0
10.790644900000004,4.75245400772832,0
10.800477,4.872056683357902,0
10.810592100000001,4.968103855907675,0
10.820436300000004,5.031283839314333,0
10.833646100000003,5.038374295085245,0
10.840446,5.074040069694855,0
10.8504589,5.117312465639354,0
10.8605035,5.117312465639354,0
10.870496700000004,5.102830598819589,0
10.880377000000003,5.131852375935964,0
10.890333900000002,5.074040069694855,0
10.900454199999999,5.153771582052348,0
10.910392899999998,5.310944312117843,0
10.920449699999999,5.175822698741421,0
10.930499699999999,5.212869852773224,0
10.940373999999998,5.227792758097766,0
10.950384400000004,5.310944312117843,0
10.960391000000001,5.295689464903592,0
10.970480200000004,5.44310400232517,0
10.980358800000005,5.458949688579403,0
10.990575100000001,5.44310400232517,0
11.0004013,5.451018922611801,0
11.010386699999998,5.596228086525299,0
11.020599000000004,5.654125213978834,0
11.03049,5.596228086525299,0
11.040382100000002,5.729765387115033,0
11.0503645,5.89399222016673,0
11.060422100000004,6.101326389554399,1.1999999998124622e-06
11.075044300000002,6.175707473670507,0.014527999999998542
11.080342100000003,6.213346689581242,0.01989849999999649
11.090440200000003,5.9293686750734675,0
11.103980499999999,5.763822758056602,0
11.110464400000005,5.604449561432766,0
11.120653000000004,5.435204896059818,0
11.130420300000004,5.44310400232517,0
11.140427200000005,5.44310400232517,0
11.150393800000003,5.466896331951051,0
11.1604028,5.547243047539965,0
11.170580600000001,5.604449561432766,0
11.180367600000004,5.555366454334036,0
11.190361000000003,5.563506124199345,0
11.200445800000004,5.620941922410643,0
11.210351000000003,5.662462599012697,0
11.220709900000003,5.6458044870513815,0
11.230421200000002,5.704400565352053,0
11.240383100000003,5.555366454334036,0
11.2504591,5.596228086525299,0
11.260424200000003,5.4908318446744335,0
11.270609100000001,5.965029276690851,0
11.280362100000005,5.388140587926246,0
11.290465900000001,5.388140587926246,0
11.300394099999998,5.326260300922612,0
11.310430000000004,5.326260300922612,0
11.320679599999998,5.235276624986227,0
11.3303705,5.161107258447625,0
11.340415499999999,5.295689464903592,0
11.350380600000001,5.411602145742623,0
11.360449800000005,5.539135871323494,0
11.370663,6.762614839982228,1.7999999997186933e-06
11.3853394,5.695979388205552,0
11.401627000000005,5.679187476864623,0
11.4028,5.466896331951051,0
11.4105962,5.629212874450519,0
11.420799100000004,5.458949688579403,0
11.430512200000003,5.539135871323494,0
11.440562300000003,5.604449561432766,0
11.450434900000005,5.458949688579403,0
11.460343700000003,5.498842316165114,0
11.470458900000004,5.514911402176358,0
11.4803669,5.547243047539965,0
11.4903482,5.498842316165114,0
11.5004293,5.547243047539965,0
11.510482000000003,5.482837378116464,0
11.520552899999998,5.5229700809732805,0
11.530364500000005,5.596228086525299,0
11.540394900000003,5.596228086525299,0
11.550392000000002,5.547243047539965,0
11.560310700000002,5.596228086525299,0
11.570852000000002,5.579834383443626,0
11.580419800000001,5.571662089694587,0
11.5904356,5.596228086525299,0
11.600370300000002,5.604449561432766,0
11.610408400000004,5.704400565352053,0
11.6206733,5.704400565352053,0
11.6304388,5.662462599012697,0
11.640459400000005,5.662462599012697,0
11.6503515,5.704400565352053,0
11.6603852,5.7723797577200475,0
11.670518100000002,5.687575036582215,0
11.680331600000002,5.755282855289889,0
11.6903985,5.721293531020849,0
11.700405400000001,5.704400565352053,0
11.710435000000004,5.982966845017518,0
11.720555500000003,5.721293531020849,0
11.7303852,5.7467600152602865,0
11.740451700000001,5.763822758056602,0
11.750418600000003,5.7981536807136225,0
11.7603273,5.920498011343938,0
11.770644000000004,5.7467600152602865,0
11.780375300000003,5.738254203876421,0
11.790343200000002,5.78954518471769,0
11.800436300000001,5.78954518471769,0
11.810404500000004,5.563506124199345,0
11.820574300000004,5.780953888508232,0
11.830386699999998,5.982966845017518,0
11.840506699999999,6.010008088694971,2.2999999984563146e-06
11.853670900000004,6.092112154082174,0.013140700000001004
11.8604056,6.175707473670507,0.01994669999999843
11.870671800000004,6.138368170237612,0.030110199999995757
11.880299700000002,6.27994423832014,0.03984299999999763
11.8904328,6.27994423832014,0.04992550000000051
11.900497000000001,6.27994423832014,0.059976999999996394
11.9104156,6.213346689581242,0.06996519999999862
11.920451499999999,6.138368170237612,0.07992929999999632
11.930321499999998,6.27994423832014,0.08986610000000184
11.9404197,6.101326389554399,0.09997489999999942
11.950408700000004,6.0645797609342535,0.10994409999999988
11.9603441,5.982966845017518,0
11.973349599999999,6.289534513875581,1.3999999950442543e-06
11.987792500000005,6.028125932580405,0.013420199999998772
11.990702800000001,5.991962571435397,0
12.006274600000005,6.0645797609342535,1.6999999985500835e-06
12.027549200000003,6.129079925238219,0.02131090000000313
12.0312494,6.0009763073095606,0.024049699999999063
12.0327604,6.232279516750141,0.02638979999999691
12.0405637,6.27994423832014,0.03427769999999697
12.050566199999999,6.337774657733094,0.04433079999999734
12.060484800000005,6.435714282503059,0.054255900000001134
12.0704657,6.465480176582687,0.06420190000000048
12.080331200000003,6.465480176582687,0.07410529999999937
12.090400600000002,6.485423557459608,0.08416449999999998
12.100494699999999,6.415969341581473,0.09416670000000238
12.110284700000001,6.5965495799240745,0.1040984999999992
12.120637800000004,6.425831939575096,0.11439459999999713
12.130418200000001,6.565999623962232,0.12419479999999794
12.1403952,6.586345887857524,0.13415049999999695
12.150432200000004,6.525550439437387,0.14417840000000126
12.160407,6.7205990086718055,0.15420100000000048
12.1705021,8.007826142431599,0.16424109999999814
12.183774400000004,6.912345705327855,0.17753880000000066
12.197453000000003,6.86913680573084,0.1912540000000007
12.200368300000001,6.804968146042268,0.19418629999999837
12.210435400000001,6.934080128015318,0.20421180000000305
12.2205461,7.032968092035166,0.21426459999999992
12.233316800000004,6.9449799844945455,0.22684420000000216
12.248578000000002,6.988798062988308,0.24235130000000282
12.250438700000004,6.879906645592216,0.24414960000000008
12.260393200000003,6.9778106579298536,0.2541549000000032
12.270457,6.934080128015318,0.2641978999999992
12.280391999999999,6.988798062988308,0.27417340000000223
12.290347600000004,7.088679867569163,0.2841541000000021
12.302852700000003,7.1336521558107355,0.2965980999999971
12.310348600000005,7.09988923293321,0.3041361000000009
12.3207071,6.879906645592216,0.31431349999999725
12.333663399999999,7.032968092035166,0.3274655000000024
12.346783700000003,6.879906645592216,0.34057760000000314
12.362777600000001,6.762614839982228,0.3565542999999991
12.363383500000005,6.6272833866223495,0.35720680000000016
12.3706685,6.606773699795757,0.36438239999999666
12.380329500000002,6.815609520161351,0.3741217999999975
12.390346200000003,6.79434803340286,0.38412240000000253
12.400422200000001,6.7205990086718055,0.39420969999999755
12.4103675,6.858388484023861,0.40415279999999854
12.420491900000002,6.752079349304772,0.41422810000000254
12.4304044,6.86913680573084,0.4241997999999967
12.440463399999999,6.783749139762662,0.43419469999999905
12.450428700000003,6.762614839982228,0.4441693999999998
12.460492299999999,6.6893069845681055,0.4542396000000011
12.4706944,6.8262721983256105,0.4644243999999986
12.480419699999999,6.8262721983256105,0.4741878999999969
12.4904017,6.731071475665324,0.48419859999999915
12.5004821,6.710147465681302,0.4942504999999997
12.5103412,6.934080128015318,0.5041119999999992
12.520555000000002,6.934080128015318,0.5142742999999967
12.530533400000003,6.752079349304772,0.5242164000000002
12.540504400000003,6.773171422726079,0.5342435999999964
12.5503796,6.6272833866223495,0.5441793999999973
12.560322900000003,6.752079349304772,0.554144100000002
12.570639700000001,6.647875276492737,0.5643673000000007
12.580368700000001,6.5965495799240745,0.5741756999999978
12.5904478,6.5965495799240745,0.5841994999999969
12.6004158,6.5965495799240745,0.5941904000000022
12.6104202,6.647875276492737,0.6041728000000006
12.620502100000003,6.6272833866223495,0.6142275999999995
12.630577899999999,6.565999623962232,0.6242884999999987
12.640583,6.27994423832014,0.6343305999999984
12.650631099999998,5.956087363031768,0
12.6668661,5.212869852773224,0
12.6706893,4.525786462712617,0
12.686095200000004,3.9803958425146178,0
12.700608500000001,4.2533881999560625,0
12.701267700000002,4.531864912061239,0
12.714755000000004,4.778661530106355,0
12.720498599999999,4.919744110019454,0
12.730435100000001,4.906050938180612,0
12.740639999999999,4.580932645749876,0
12.7504183,4.568592012886777,0
12.7604543,4.630791777478766,0
12.7705853,4.447863009215968,0
12.780477099999999,4.459719758943291,0
12.7904513,4.531864912061239,0
12.800385300000002,4.713533748234534,0
12.810395100000001,4.872056683357902,0
12.820680500000002,4.989037617526732,0
12.830399800000002,5.045478945958075,0
12.8436558,5.124575150834932,0
12.850467899999998,5.095611359267912,0
12.860427100000003,4.968103855907675,0
12.874280800000001,5.045478945958075,0
12.8881357,4.8317097688067285,0
12.901316399999999,4.845104980444953,0
12.901845800000004,4.656022098420796,0
12.910403600000002,4.556300643961566,0
12.9205884,4.47162403065012,0
12.930352500000005,4.707092324309132,0
12.940407399999998,4.75245400772832,0
12.950357099999998,4.805079553544985,0
12.960359099999998,4.8317097688067285,0
12.9705711,4.778661530106355,0
12.980361000000002,5.010097359277957,0
12.993278000000004,5.045478945958075,0
13.0004038,5.031283839314333,0
13.010386600000004,4.968103855907675,0
13.023184399999998,5.038374295085245,0
13.037048500000004,4.968103855907675,0
13.052128500000002,5.038374295085245,0
13.052700999999999,4.982045736503327,0
13.067308600000004,5.250289336893039,0
13.082087999999999,5.3185946485283795,0
13.082737100000003,5.3185946485283795,0
13.0903658,5.326260300922612,0
13.100338999999998,5.333941299963164,0
13.1103953,5.498842316165114,0
13.120515000000005,5.242775474586181,0
13.1303834,5.303309261089653,0
13.140404500000002,5.326260300922612,0
13.150376600000001,5.280495515201974,0
13.1603231,5.341637676374042,0
13.170512899999999,5.403765980228704,0
13.180363300000003,5.5310448932559035,0
13.190367299999998,5.704400565352053,0
13.200365000000005,5.755282855289889,0
13.2103246,5.867644987585125,0
13.220567800000005,6.1198102381647095,1.6999999985500835e-06
13.236116800000005,6.27994423832014,0.015468300000001989
13.240733800000001,6.435714282503059,0.020150200000003338
13.250500800000005,6.505446871620019,0.029923400000001266
13.260425099999999,6.5965495799240745,0.03990000000000293
13.270576900000002,6.815609520161351,0.04997070000000292
13.280723100000003,6.5965495799240745,0.0600342999999981
13.290541300000001,6.6893069845681055,0.06992970000000298
13.3005475,6.637569035616036,0.07996469999999789
13.3104133,6.710147465681302,0.08990849999999995
13.320673800000002,6.752079349304772,0.10010919999999857
13.330382900000004,6.79434803340286,0.10981459999999998
13.3404217,6.762614839982228,0.11987969999999848
13.35049,6.668549698877585,0.1299506000000008
13.360415100000004,6.7205990086718055,0.13979379999999964
13.3705273,6.762614839982228,0.14988680000000443
13.3803901,6.8262721983256105,0.15987930000000006
13.390396000000003,6.934080128015318,0.16983760000000103
13.400376300000005,6.773171422726079,0.1798526000000038
13.410445700000004,6.879906645592216,0.18988339999999937
13.420479300000004,6.912345705327855,0.1999165000000005
13.430387000000003,6.934080128015318,0.20988380000000006
13.440327600000003,6.955901662500982,0.21980549999999965
13.450426200000003,7.077492898532053,0.22987710000000305
13.463195599999999,6.762614839982228,0.24262590000000017
13.476874800000004,6.988798062988308,0.25635679999999894
13.480376300000003,7.111121039461668,0.25986759999999975
13.4930691,7.1336521558107355,0.2725377000000009
13.500433300000005,7.1789856653167865,0.2799162000000024
13.5104142,7.317182651729675,0.28990890000000036
13.520433400000002,7.423028897842612,0.29986099999999993
13.530495000000002,6.606773699795757,0.30995949999999794
13.543985300000003,7.640523756686739,0.3234743000000009
13.557212400000004,7.224683297447398,0.3366655000000023
13.560330399999998,7.293918879685199,0.33980499999999836
13.570683299999999,7.506681101523312,0.3500164000000012
13.580345100000002,7.328849479972434,0.35982930000000124
13.590575999999999,7.293918879685199,0.3699301999999989
13.6004553,7.375750831076357,0.3799171000000001
13.610419900000004,7.167618265175428,0.3898648999999992
13.620437200000005,7.3405396652208985,0.3998798000000008
13.630415200000002,7.567153771952609,0.4099061000000006
13.640343600000001,7.652837914252965,0.419842899999999
13.650368300000004,7.482660849647961,0.42982049999999816
13.660350800000003,7.542892112532513,0.4398434000000009
13.670687100000002,7.567153771952609,0.45004240000000095
13.680326200000003,7.494658965463705,0.4598032000000032
13.690370999999999,7.542892112532513,0.4698648000000034
13.700364300000004,7.714779485070684,0.47985419999999834
13.710368100000004,7.665176724779058,0.48984839999999963
13.720499199999999,7.891547717195478,0.4999122999999983
13.730444900000002,7.789931650057636,0.5098362000000023
13.7402893,7.739730070915215,0.5197879000000043
13.750381600000004,7.727242302704185,0.5298538999999991
13.760390900000004,7.6159692035057525,0.5398402000000004
13.770527300000005,7.714779485070684,0.549899400000001
13.780399199999998,7.878756617124858,0.5598883999999984
13.790479000000005,7.82784727308025,0.5699651000000046
13.800433300000002,7.9300748693738,0.5799215000000046
13.810321299999998,8.08651605131745,0.5898189999999985
13.824646100000002,7.994802717912391,0.6040601999999993
13.841023499999999,8.08651605131745,0.6201727999999989
13.8419411,8.126216529959919,0.6213857999999988
13.8612952,8.02087563986406,0.6407530000000037
13.861948599999998,7.9818053142127345,0.6414191000000002
13.877623300000003,7.727242302704185,0.6570401000000032
13.880330700000002,7.665176724779058,0.659831000000004
13.890381600000005,7.555010811416895,0.6698674000000011
13.900423400000001,7.530797626824645,0.6798987000000025
13.910266400000005,7.518727305915347,0.6897573000000037
13.920628100000002,7.482660849647961,0.7000016000000002
13.9303295,7.35225325423583,0.709787900000002
13.9404958,7.293918879685199,0.7199314000000001
13.950519200000002,7.111121039461668,0.7299271999999988
13.960562799999998,7.190375823008391,0.7399758000000034
13.970617000000004,7.055185970536476,0.7500514999999979
13.9805335,6.966845205721355,0.7599617999999992
13.9942816,6.923202049463866,0.7736957000000046
14.000376199999998,6.966845205721355,0.7798543000000038
14.010334800000003,6.966845205721355,0.7898107000000039
14.020470199999998,6.966845205721355,0.7998705999999984
14.0303689,7.044065922350272,0.8098584000000031
14.043310599999998,6.955901662500982,0.8227845000000045
14.057037399999999,7.01083890754158,0.8364497000000028
14.070241799999998,6.934080128015318,0.8495965999999981
14.071040199999999,6.836956223185779,0.8505019999999988
14.0843457,6.9998074648463415,0.8637913000000026
14.090390800000002,6.934080128015318,0.8698426999999995
14.1004626,7.111121039461668,0.8799279999999996
14.1135314,7.236164941859489,0.8929661000000024
14.1206325,7.156273577114696,0.8999981000000048
14.130374100000004,7.144951555755833,0.9098120000000023
14.1403824,7.236164941859489,0.9198476000000042
14.1504245,7.293918879685199,0.9298909000000037
14.160378999999999,7.282321842828364,0.939830900000004
14.170573099999999,7.167618265175428,0.9499878000000024
14.180385300000005,6.934080128015318,0.9598504000000005
14.1934745,6.966845205721355,0.9729512000000042
14.200469300000002,7.032968092035166,0.9799635000000038
14.214362800000004,7.652837914252965,0.9938399000000047
14.2205054,7.066328281073982,0.9999032999999997
14.230375000000002,7.293918879685199,1.0098452000000009
14.2406017,7.111121039461668,1.0098452000000009
14.252381100000001,7.1336521558107355,1.0098452000000009
14.267854700000001,6.934080128015318,1.0098452000000009
14.270654300000004,7.09988923293321,1.0098452000000009
14.2804668,7.111121039461668,1.0098452000000009
14.290542299999998,7.044065922350272,1.0098452000000009
14.300492900000002,7.055185970536476,1.0098452000000009
14.310536800000001,7.021892435199812,1.0098452000000009
14.320689299999998,7.09988923293321,1.0098452000000009
14.330475200000002,7.167618265175428,1.0098452000000009
14.340449,7.077492898532053,1.0098452000000009
14.350577100000002,6.9998074648463415,1.0098452000000009
14.360469200000004,7.055185970536476,1.0098452000000009
14.370738799999998,6.955901662500982,1.0098452000000009
14.380503600000004,7.01083890754158,1.0098452000000009
14.3905794,7.032968092035166,1.0098452000000009
14.400641400000005,6.934080128015318,1.0098452000000009
14.410593800000001,6.988798062988308,1.0098452000000009
14.420723500000001,6.9998074648463415,1.0098452000000009
14.430763900000002,6.5965495799240745,1.0098452000000009
14.440531800000002,6.565999623962232,1.0098452000000009
14.450486600000005,6.475441895334031,1.0098452000000009
14.460862400000003,6.415969341581473,1.0098452000000009
14.470787999999999,6.525550439437387,1.0098452000000009
14.480678699999999,6.762614839982228,1.0098452000000009
14.490648200000003,6.879906645592216,1.0098452000000009
14.500598799999999,6.934080128015318,1.0098452000000009
14.5104969,7.01083890754158,1.0098452000000009
14.520700600000005,7.09988923293321,1.0098452000000009
14.530480099999998,7.055185970536476,1.0098452000000009
14.5404251,7.077492898532053,1.0098452000000009
14.550513299999999,6.988798062988308,1.0098452000000009
14.560490200000004,7.24766957253901,1.0098452000000009
14.570695700000002,7.259197235504502,1.0098452000000009
14.5805389,7.259197235504502,1.0098452000000009
14.590582500000004,7.293918879685199,1.0098452000000009
14.6005951,7.282321842828364,1.0098452000000009
14.6104481,7.293918879685199,1.0098452000000009
14.620663200000003,7.293918879685199,1.0098452000000009
14.630726100000004,7.111121039461668,1.0098452000000009
14.640491000000004,7.35225325423583,1.0098452000000009
14.650554200000002,7.446810144218417,1.0098452000000009
14.660509000000005,7.555010811416895,1.0098452000000009
14.670638100000005,7.494658965463705,1.0098452000000009
14.680755699999999,7.665176724779058,1.0098452000000009
14.690529300000001,7.591512672362713,1.0098452000000009
14.700503099999999,7.714779485070684,1.0098452000000009
14.710541499999998,7.628234202823747,1.0098452000000009
14.720617400000002,7.6159692035057525,1.0098452000000009
14.7305517,7.506681101523312,1.0098452000000009
14.740530900000003,7.677540237620285,1.0098452000000009
14.7505278,7.567153771952609,1.0098452000000009
14.7604398,7.494658965463705,1.0098452000000009
14.770739500000005,7.482660849647961,1.0098452000000009
14.780616000000002,7.270747976866626,1.0098452000000009
14.7906203,7.122375332081784,1.0098452000000009
14.800744299999998,7.066328281073982,1.0098452000000009
14.810518600000002,7.055185970536476,1.0098452000000009
14.820681300000004,7.293918879685199,1.0098452000000009
14.830569099999998,7.45873648687406,1.0098452000000009
14.840507600000002,7.45873648687406,1.0098452000000009
14.850680600000004,7.665176724779058,1.0098452000000009
14.860525200000005,7.530797626824645,1.0098452000000009
14.870768400000003,7.482660849647961,1.0098452000000009
14.8804595,7.555010811416895,1.0098452000000009
14.890560999999998,7.494658965463705,1.0098452000000009
14.900560300000002,7.689928502230714,1.0098452000000009
14.9104314,7.317182651729675,1.0098452000000009
14.920865900000003,7.35225325423583,1.0098452000000009
14.9305849,7.555010811416895,1.0098452000000009
14.940505600000002,7.41117389899744,1.0098452000000009
14.950526000000004,7.328849479972434,1.0098452000000009
14.960462900000003,7.399342586455758,1.0098452000000009
14.970690000000005,7.41117389899744,1.0098452000000009
14.980544800000004,7.45873648687406,1.0098452000000009
14.990580600000001,7.122375332081784,1.0098452000000009
15.000736000000003,7.122375332081784,1.0098452000000009
15.010530799999998,7.09988923293321,1.0098452000000009
15.0206072,6.988798062988308,1.0098452000000009
15.030434900000003,7.066328281073982,1.0098452000000009
15.040565399999998,7.088679867569163,1.0098452000000009
15.050488100000003,7.09988923293321,1.0098452000000009
15.060549299999998,6.988798062988308,1.0098452000000009
15.070694500000002,7.055185970536476,1.0098452000000009
15.080922700000002,6.988798062988308,1.0098452000000009
15.090697599999999,6.901511052181899,1.0098452000000009
15.100618000000004,6.9449799844945455,1.0098452000000009
15.110646200000005,6.752079349304772,1.0098452000000009
15.120630400000003,6.435714282503059,1.0098452000000009
15.1304752,5.9293686750734675,1.0098452000000009
15.140507499999998,5.704400565352053,1.0098452000000009
15.150613,5.466896331951051,1.0098452000000009
15.160549500000002,5.280495515201974,1.0098452000000009
15.1706468,4.926611263103525,1.0098452000000009
15.180464,4.483576014805055,1.0098452000000009
15.190524600000003,4.231366100206485,1.0098452000000009
15.200712600000003,3.2066406812991475,1.0098452000000009
15.210534899999999,2.1099957332496215,1.0098452000000009
15.220694800000004,1.713759433160966,1.0098452000000009
15.230498000000004,1.5871492670892358,1.0098452000000009
15.240422500000001,1.5604353063640928,1.0098452000000009
